   0.000000000000000E+00   4.926449888500000E-01   9.999999955900000E-01   1.684245098700000E+00   1.822925340600000E+00   0.000000000000000E+00   0.000000000000000E+00   0.000000000000000E+00   0.000000000000000E+00
   2.995849163300000E-04   6.007415873300000E-01   8.999105345500000E-01   1.604682570500000E+00   1.693146166600000E+00   0.000000000000000E+00   0.000000000000000E+00   0.000000000000000E+00   0.000000000000000E+00
   5.991698326500000E-04   7.205970663500000E-01   8.141604469300000E-01   1.563455575600000E+00   1.513326967400000E+00   0.000000000000000E+00   0.000000000000000E+00   0.000000000000000E+00   0.000000000000000E+00
   8.987547489800000E-04   8.534198211100000E-01   7.404220972000000E-01   1.506630061200000E+00   1.411511919500000E+00   0.000000000000000E+00   0.000000000000000E+00   0.000000000000000E+00   0.000000000000000E+00
   1.198339665300000E-03   9.975211844300000E-01   6.768683337000000E-01   1.485406289000000E+00   1.247818194500000E+00   0.000000000000000E+00   0.000000000000000E+00   0.000000000000000E+00   0.000000000000000E+00
   1.485386658000000E-03   1.146842060800000E+00   6.241984554300000E-01   1.428098381300000E+00   1.208217825200000E+00   0.000000000000000E+00   0.000000000000000E+00   0.000000000000000E+00   0.000000000000000E+00
   1.772433650700000E-03   1.304458374400000E+00   5.785142938400000E-01   1.404721323500000E+00   1.099661309800000E+00   0.000000000000000E+00   0.000000000000000E+00   0.000000000000000E+00   0.000000000000000E+00
   2.059480643400000E-03   1.469784649500000E+00   5.389522844000000E-01   1.362467536400000E+00   1.054709407800000E+00   0.000000000000000E+00   0.000000000000000E+00   0.000000000000000E+00   0.000000000000000E+00
   2.346527636100000E-03   1.639792708900000E+00   5.047733947000000E-01   1.353535182600000E+00   9.379834604400000E-01   0.000000000000000E+00   0.000000000000000E+00   0.000000000000000E+00   0.000000000000000E+00
   2.874784165400000E-03   1.959005020800000E+00   4.538863625000000E-01   1.283700592100000E+00   8.904044997800000E-01   0.000000000000000E+00   0.000000000000000E+00   0.000000000000000E+00   0.000000000000000E+00
   3.403040694700000E-03   2.269632505300000E+00   4.158230649400000E-01   1.251588901600000E+00   7.829024331800000E-01   0.000000000000000E+00   0.000000000000000E+00   0.000000000000000E+00   0.000000000000000E+00
   3.931297224000000E-03   2.555901886800000E+00   3.878547796600000E-01   1.204881495200000E+00   7.464411519300000E-01   0.000000000000000E+00   0.000000000000000E+00   0.000000000000000E+00   0.000000000000000E+00
   4.459553753300000E-03   2.803027422700000E+00   3.676833963000000E-01   1.196206241900000E+00   6.451973996000000E-01   0.000000000000000E+00   0.000000000000000E+00   0.000000000000000E+00   0.000000000000000E+00
   4.992680811000000E-03   3.008479566400000E+00   3.533034724000000E-01   1.152349006300000E+00   6.606578267500000E-01   0.000000000000000E+00   0.000000000000000E+00   0.000000000000000E+00   0.000000000000000E+00
   5.525807868700000E-03   3.166988053400000E+00   3.433203136600000E-01   1.145677223700000E+00   6.070291509100000E-01   0.000000000000000E+00   0.000000000000000E+00   0.000000000000000E+00   0.000000000000000E+00
   6.058934926400000E-03   3.285488653100000E+00   3.364881335300000E-01   1.122375554800000E+00   6.149817979400000E-01   0.000000000000000E+00   0.000000000000000E+00   0.000000000000000E+00   0.000000000000000E+00
   6.592061984100000E-03   3.369825020300000E+00   3.318544932600000E-01   1.134265830100000E+00   5.497541857100000E-01   0.000000000000000E+00   0.000000000000000E+00   0.000000000000000E+00   0.000000000000000E+00
   7.409895551800000E-03   3.453779543300000E+00   3.275241441100000E-01   1.104860523000000E+00   5.893165775200000E-01   0.000000000000000E+00   0.000000000000000E+00   0.000000000000000E+00   0.000000000000000E+00
   8.227729119400000E-03   3.499891263600000E+00   3.252013265900000E-01   1.110841368300000E+00   5.556961027200000E-01   0.000000000000000E+00   0.000000000000000E+00   0.000000000000000E+00   0.000000000000000E+00
   9.045562687000000E-03   3.525396310800000E+00   3.239602970700000E-01   1.097556445200000E+00   5.788238943500000E-01   0.000000000000000E+00   0.000000000000000E+00   0.000000000000000E+00   0.000000000000000E+00
   9.863396254700001E-03   3.538745585300000E+00   3.232948532700000E-01   1.116962347400000E+00   5.248399257400000E-01   0.000000000000000E+00   0.000000000000000E+00   0.000000000000000E+00   0.000000000000000E+00
   1.245871324600000E-02   3.552928025800000E+00   3.226272684300000E-01   1.094773698200000E+00   5.748570133799999E-01   0.000000000000000E+00   0.000000000000000E+00   0.000000000000000E+00   0.000000000000000E+00
   1.505403023600000E-02   3.553835633200000E+00   3.225760405300000E-01   1.105374409300000E+00   5.479155978800000E-01   0.000000000000000E+00   0.000000000000000E+00   0.000000000000000E+00   0.000000000000000E+00
   1.764934722700000E-02   3.554492453200000E+00   3.225520789200000E-01   1.094616538400000E+00   5.746308557699999E-01   0.000000000000000E+00   0.000000000000000E+00   0.000000000000000E+00   0.000000000000000E+00
   2.024466421800000E-02   3.554129084600000E+00   3.225549856200000E-01   1.115405570400000E+00   5.226465683500000E-01   0.000000000000000E+00   0.000000000000000E+00   0.000000000000000E+00   0.000000000000000E+00
   3.076627724900000E-02   3.554599477900000E+00   3.225469267200000E-01   1.094606129600000E+00   5.746145210900000E-01   0.000000000000000E+00   0.000000000000000E+00   0.000000000000000E+00   0.000000000000000E+00
   4.128789028000000E-02   3.554392981200000E+00   3.225493597500000E-01   1.105317128200000E+00   5.478386724099999E-01   0.000000000000000E+00   0.000000000000000E+00   0.000000000000000E+00   0.000000000000000E+00
   5.180950331200000E-02   3.554584942700000E+00   3.225476238800000E-01   1.094607774400000E+00   5.746161394400000E-01   0.000000000000000E+00   0.000000000000000E+00   0.000000000000000E+00   0.000000000000000E+00
   6.233111634300000E-02   3.554239660400000E+00   3.225496818600000E-01   1.115393273400000E+00   5.226336979200000E-01   0.000000000000000E+00   0.000000000000000E+00   0.000000000000000E+00   0.000000000000000E+00
   7.700706520000000E-02   3.554579379900000E+00   3.225478906500000E-01   1.094608466000000E+00   5.746165982000000E-01   0.000000000000000E+00   0.000000000000000E+00   0.000000000000000E+00   0.000000000000000E+00
   9.168301405700000E-02   3.554412356700000E+00   3.225484305100000E-01   1.105314805500000E+00   5.478368517700000E-01   0.000000000000000E+00   0.000000000000000E+00   0.000000000000000E+00   0.000000000000000E+00
   1.063589629100000E-01   3.554575497500000E+00   3.225480768200000E-01   1.094608985800000E+00   5.746168222700000E-01   0.000000000000000E+00   0.000000000000000E+00   0.000000000000000E+00   0.000000000000000E+00
   1.210349117700000E-01   3.554266759300000E+00   3.225483823600000E-01   1.115389719600000E+00   5.226319414600000E-01   0.000000000000000E+00   0.000000000000000E+00   0.000000000000000E+00   0.000000000000000E+00
   1.361271762000000E-01   3.554573378100000E+00   3.225481784300000E-01   1.094609307000000E+00   5.746168475800000E-01   0.000000000000000E+00   0.000000000000000E+00   0.000000000000000E+00   0.000000000000000E+00
   1.512194406300000E-01   3.554418671300000E+00   3.225481277600000E-01   1.105313865100000E+00   5.478367330000000E-01   0.000000000000000E+00   0.000000000000000E+00   0.000000000000000E+00   0.000000000000000E+00
   1.663117050600000E-01   3.554571779400000E+00   3.225482550600000E-01   1.094609593000000E+00   5.746167538400000E-01   0.000000000000000E+00   0.000000000000000E+00   0.000000000000000E+00   0.000000000000000E+00
   1.814039694900000E-01   3.554277864300000E+00   3.225478500900000E-01   1.115387801400000E+00   5.226324164300000E-01   0.000000000000000E+00   0.000000000000000E+00   0.000000000000000E+00   0.000000000000000E+00
   1.993506814700000E-01   3.554570971600000E+00   3.225482937500000E-01   1.094609772000000E+00   5.746166170600000E-01   0.000000000000000E+00   0.000000000000000E+00   0.000000000000000E+00   0.000000000000000E+00
   2.172973934600000E-01   3.554421166300000E+00   3.225480082300000E-01   1.105313338000000E+00   5.478370885500000E-01   0.000000000000000E+00   0.000000000000000E+00   0.000000000000000E+00   0.000000000000000E+00
   2.352441054400000E-01   3.554570346700000E+00   3.225483236700000E-01   1.094609939900000E+00   5.746164351900001E-01   0.000000000000000E+00   0.000000000000000E+00   0.000000000000000E+00   0.000000000000000E+00
   2.531908174300000E-01   3.554282099800000E+00   3.225476472900000E-01   1.115386703100000E+00   5.226335465000000E-01   0.000000000000000E+00   0.000000000000000E+00   0.000000000000000E+00   0.000000000000000E+00
   2.692409044400000E-01   3.554569944500000E+00   3.225483429100000E-01   1.094610074900000E+00   5.746162485300000E-01   0.000000000000000E+00   0.000000000000000E+00   0.000000000000000E+00   0.000000000000000E+00
   2.852909914500000E-01   3.554422304100000E+00   3.225479537900000E-01   1.105312956700000E+00   5.478376152900000E-01   0.000000000000000E+00   0.000000000000000E+00   0.000000000000000E+00   0.000000000000000E+00
   3.013410784700000E-01   3.554569619700000E+00   3.225483584300000E-01   1.094610224900000E+00   5.746159916600000E-01   0.000000000000000E+00   0.000000000000000E+00   0.000000000000000E+00   0.000000000000000E+00
   3.173911654800000E-01   3.554284333700000E+00   3.225475405400000E-01   1.115385727500000E+00   5.226351682800000E-01   0.000000000000000E+00   0.000000000000000E+00   0.000000000000000E+00   0.000000000000000E+00
   3.313948542800000E-01   3.554569414900000E+00   3.225483681900000E-01   1.094610352500000E+00   5.746157442700000E-01   0.000000000000000E+00   0.000000000000000E+00   0.000000000000000E+00   0.000000000000000E+00
   3.453985430800000E-01   3.554422881800000E+00   3.225479262500000E-01   1.105312596500000E+00   5.478383138800000E-01   0.000000000000000E+00   0.000000000000000E+00   0.000000000000000E+00   0.000000000000000E+00
   3.594022318800000E-01   3.554569258700000E+00   3.225483756100000E-01   1.094610502600000E+00   5.746154189200000E-01   0.000000000000000E+00   0.000000000000000E+00   0.000000000000000E+00   0.000000000000000E+00
   3.734059206700000E-01   3.554285432400000E+00   3.225474883100000E-01   1.115384756700000E+00   5.226372362800000E-01   0.000000000000000E+00   0.000000000000000E+00   0.000000000000000E+00   0.000000000000000E+00
   3.873101210400000E-01   3.554569172800000E+00   3.225483796700000E-01   1.094610625900000E+00   5.746151346300000E-01   0.000000000000000E+00   0.000000000000000E+00   0.000000000000000E+00   0.000000000000000E+00
   4.012143214100000E-01   3.554423136200000E+00   3.225479142200000E-01   1.105312247200000E+00   5.478391149100000E-01   0.000000000000000E+00   0.000000000000000E+00   0.000000000000000E+00   0.000000000000000E+00
   4.151185217800000E-01   3.554569109300000E+00   3.225483826400000E-01   1.094610767600000E+00   5.746147935400000E-01   0.000000000000000E+00   0.000000000000000E+00   0.000000000000000E+00   0.000000000000000E+00
   4.290227221400000E-01   3.554285879200000E+00   3.225474673500000E-01   1.115383845600000E+00   5.226394134500000E-01   0.000000000000000E+00   0.000000000000000E+00   0.000000000000000E+00   0.000000000000000E+00
   4.428800523700000E-01   3.554569074200000E+00   3.225483842600000E-01   1.094610886400000E+00   5.746145004100000E-01   0.000000000000000E+00   0.000000000000000E+00   0.000000000000000E+00   0.000000000000000E+00
   4.567373825900000E-01   3.554423240000000E+00   3.225479094200000E-01   1.105311911400000E+00   5.478399418800000E-01   0.000000000000000E+00   0.000000000000000E+00   0.000000000000000E+00   0.000000000000000E+00
   4.705947128100000E-01   3.554569048100000E+00   3.225483854400000E-01   1.094611024800000E+00   5.746141528099999E-01   0.000000000000000E+00   0.000000000000000E+00   0.000000000000000E+00   0.000000000000000E+00
   4.844520430400000E-01   3.554286062700000E+00   3.225474590300000E-01   1.115382958100000E+00   5.226416357900000E-01   0.000000000000000E+00   0.000000000000000E+00   0.000000000000000E+00   0.000000000000000E+00
   4.979824693700000E-01   3.554569033200000E+00   3.225483860900000E-01   1.094611143000000E+00   5.746138526900000E-01   0.000000000000000E+00   0.000000000000000E+00   0.000000000000000E+00   0.000000000000000E+00
   5.115128957100000E-01   3.554423283700000E+00   3.225479075100000E-01   1.105311577200000E+00   5.478407890300000E-01   0.000000000000000E+00   0.000000000000000E+00   0.000000000000000E+00   0.000000000000000E+00
   5.250433220400000E-01   3.554569021900000E+00   3.225483865600000E-01   1.094611283200000E+00   5.746134944900000E-01   0.000000000000000E+00   0.000000000000000E+00   0.000000000000000E+00   0.000000000000000E+00
   5.385737483800001E-01   3.554286142200000E+00   3.225474557000000E-01   1.115382060300000E+00   5.226439272500000E-01   0.000000000000000E+00   0.000000000000000E+00   0.000000000000000E+00   0.000000000000000E+00
   5.510722002500000E-01   3.554569015000000E+00   3.225483868200000E-01   1.094611407000000E+00   5.746131770200000E-01   0.000000000000000E+00   0.000000000000000E+00   0.000000000000000E+00   0.000000000000000E+00
   5.635706521300000E-01   3.554423303700000E+00   3.225479067400000E-01   1.105311227800000E+00   5.478416853700000E-01   0.000000000000000E+00   0.000000000000000E+00   0.000000000000000E+00   0.000000000000000E+00
   5.760691040000000E-01   3.554569009400000E+00   3.225483870000000E-01   1.094611558000000E+00   5.746127883000000E-01   0.000000000000000E+00   0.000000000000000E+00   0.000000000000000E+00   0.000000000000000E+00
   5.885675558800000E-01   3.554286181000000E+00   3.225474543700000E-01   1.115381093200000E+00   5.226464145700001E-01   0.000000000000000E+00   0.000000000000000E+00   0.000000000000000E+00   0.000000000000000E+00
   6.001190875600000E-01   3.554569005800000E+00   3.225483871000000E-01   1.094611691600000E+00   5.746124441700000E-01   0.000000000000000E+00   0.000000000000000E+00   0.000000000000000E+00   0.000000000000000E+00
   6.116706192400000E-01   3.554423314000000E+00   3.225479064500000E-01   1.105310850700000E+00   5.478426570100000E-01   0.000000000000000E+00   0.000000000000000E+00   0.000000000000000E+00   0.000000000000000E+00
   6.232221509200000E-01   3.554569002600000E+00   3.225483871700000E-01   1.094611854700000E+00   5.746120232000000E-01   0.000000000000000E+00   0.000000000000000E+00   0.000000000000000E+00   0.000000000000000E+00
   6.347736826000000E-01   3.554286202900000E+00   3.225474538900000E-01   1.115380048900000E+00   5.226491085300000E-01   0.000000000000000E+00   0.000000000000000E+00   0.000000000000000E+00   0.000000000000000E+00
   6.454667091500000E-01   3.554569000300000E+00   3.225483872000000E-01   1.094611998900000E+00   5.746116509600000E-01   0.000000000000000E+00   0.000000000000000E+00   0.000000000000000E+00   0.000000000000000E+00
   6.561597357000000E-01   3.554423320700000E+00   3.225479063600000E-01   1.105310443600000E+00   5.478437080400000E-01   0.000000000000000E+00   0.000000000000000E+00   0.000000000000000E+00   0.000000000000000E+00
   6.668527622500000E-01   3.554568997900000E+00   3.225483872200000E-01   1.094612175000000E+00   5.746111960700000E-01   0.000000000000000E+00   0.000000000000000E+00   0.000000000000000E+00   0.000000000000000E+00
   6.775457888000000E-01   3.554286218800000E+00   3.225474537500000E-01   1.115378921700000E+00   5.226520197500000E-01   0.000000000000000E+00   0.000000000000000E+00   0.000000000000000E+00   0.000000000000000E+00
   6.848325538100000E-01   3.554568995600000E+00   3.225483872200000E-01   1.094612359700000E+00   5.746107190200000E-01   0.000000000000000E+00   0.000000000000000E+00   0.000000000000000E+00   0.000000000000000E+00
   6.921193188200000E-01   3.554423327100000E+00   3.225479063300000E-01   1.105309922300000E+00   5.478450549900000E-01   0.000000000000000E+00   0.000000000000000E+00   0.000000000000000E+00   0.000000000000000E+00
   6.994060838300000E-01   3.554568992700000E+00   3.225483872200000E-01   1.094612618000000E+00   5.746100514500000E-01   0.000000000000000E+00   0.000000000000000E+00   0.000000000000000E+00   0.000000000000000E+00
   7.066928488500001E-01   3.554286237900000E+00   3.225474537400000E-01   1.115377268300000E+00   5.226562921200000E-01   0.000000000000000E+00   0.000000000000000E+00   0.000000000000000E+00   0.000000000000000E+00
   7.153874120700000E-01   3.554568990500000E+00   3.225483872200000E-01   1.094612819800000E+00   5.746095299700000E-01   0.000000000000000E+00   0.000000000000000E+00   0.000000000000000E+00   0.000000000000000E+00
   7.240819752900000E-01   3.554423333400000E+00   3.225479063400000E-01   1.105309352500000E+00   5.478465274100000E-01   0.000000000000000E+00   0.000000000000000E+00   0.000000000000000E+00   0.000000000000000E+00
   7.327765385100000E-01   3.554568988100000E+00   3.225483872100000E-01   1.094613036300000E+00   5.746089705200000E-01   0.000000000000000E+00   0.000000000000000E+00   0.000000000000000E+00   0.000000000000000E+00
   7.414711017300000E-01   3.554286253100000E+00   3.225474537700000E-01   1.115375882800000E+00   5.226598725900000E-01   0.000000000000000E+00   0.000000000000000E+00   0.000000000000000E+00   0.000000000000000E+00
   7.492799936600000E-01   3.554568986000000E+00   3.225483872100000E-01   1.094613230700000E+00   5.746084680400000E-01   0.000000000000000E+00   0.000000000000000E+00   0.000000000000000E+00   0.000000000000000E+00
   7.570888855900000E-01   3.554423339400000E+00   3.225479063600000E-01   1.105308803500000E+00   5.478479461900000E-01   0.000000000000000E+00   0.000000000000000E+00   0.000000000000000E+00   0.000000000000000E+00
   7.648977775100000E-01   3.554568983400000E+00   3.225483872000000E-01   1.094613471700000E+00   5.746078451800000E-01   0.000000000000000E+00   0.000000000000000E+00   0.000000000000000E+00   0.000000000000000E+00
   7.727066694400000E-01   3.554286269800000E+00   3.225474538200000E-01   1.115374340500000E+00   5.226638588900000E-01   0.000000000000000E+00   0.000000000000000E+00   0.000000000000000E+00   0.000000000000000E+00
   7.777718858400000E-01   3.554568980600000E+00   3.225483871900000E-01   1.094613732000000E+00   5.746071723800000E-01   0.000000000000000E+00   0.000000000000000E+00   0.000000000000000E+00   0.000000000000000E+00
   7.828371022400000E-01   3.554423347300000E+00   3.225479063800000E-01   1.105308068600000E+00   5.478498458300000E-01   0.000000000000000E+00   0.000000000000000E+00   0.000000000000000E+00   0.000000000000000E+00
   7.879023186400000E-01   3.554568976600000E+00   3.225483871800000E-01   1.094614103400000E+00   5.746062122300000E-01   0.000000000000000E+00   0.000000000000000E+00   0.000000000000000E+00   0.000000000000000E+00
   7.929675350399999E-01   3.554286295400000E+00   3.225474538900000E-01   1.115371963300000E+00   5.226700038700000E-01   0.000000000000000E+00   0.000000000000000E+00   0.000000000000000E+00   0.000000000000000E+00
   7.979644554400001E-01   3.554568973100000E+00   3.225483871700000E-01   1.094614421300000E+00   5.746053905700000E-01   0.000000000000000E+00   0.000000000000000E+00   0.000000000000000E+00   0.000000000000000E+00
   8.029613758300000E-01   3.554423357000000E+00   3.225479064100000E-01   1.105307171100000E+00   5.478521658100000E-01   0.000000000000000E+00   0.000000000000000E+00   0.000000000000000E+00   0.000000000000000E+00
   8.079582962200000E-01   3.554568969100000E+00   3.225483871600000E-01   1.094614797700000E+00   5.746044174000000E-01   0.000000000000000E+00   0.000000000000000E+00   0.000000000000000E+00   0.000000000000000E+00
   8.129552166100000E-01   3.554286321400000E+00   3.225474539700000E-01   1.115369554100000E+00   5.226762321200000E-01   0.000000000000000E+00   0.000000000000000E+00   0.000000000000000E+00   0.000000000000000E+00
   8.185154225800000E-01   3.554568965800000E+00   3.225483871500000E-01   1.094615101400000E+00   5.746036321600000E-01   0.000000000000000E+00   0.000000000000000E+00   0.000000000000000E+00   0.000000000000000E+00
   8.240756285600001E-01   3.554423366200000E+00   3.225479064300000E-01   1.105306313600000E+00   5.478543829700000E-01   0.000000000000000E+00   0.000000000000000E+00   0.000000000000000E+00   0.000000000000000E+00
   8.296358345300000E-01   3.554568962200000E+00   3.225483871400000E-01   1.094615439600000E+00   5.746027576800000E-01   0.000000000000000E+00   0.000000000000000E+00   0.000000000000000E+00   0.000000000000000E+00
   8.351960405000000E-01   3.554286344700000E+00   3.225474540300000E-01   1.115367389500000E+00   5.226818287800000E-01   0.000000000000000E+00   0.000000000000000E+00   0.000000000000000E+00   0.000000000000000E+00
   8.394733123500000E-01   3.554568958600000E+00   3.225483871300000E-01   1.094615770200000E+00   5.746019029400000E-01   0.000000000000000E+00   0.000000000000000E+00   0.000000000000000E+00   0.000000000000000E+00
   8.437505841900000E-01   3.554423376300000E+00   3.225479064600000E-01   1.105305380200000E+00   5.478567963300000E-01   0.000000000000000E+00   0.000000000000000E+00   0.000000000000000E+00   0.000000000000000E+00
   8.480278560400000E-01   3.554568953900000E+00   3.225483871200000E-01   1.094616209800000E+00   5.746007663100000E-01   0.000000000000000E+00   0.000000000000000E+00   0.000000000000000E+00   0.000000000000000E+00
   8.523051278800000E-01   3.554286374900000E+00   3.225474541200000E-01   1.115364576400000E+00   5.226891032400000E-01   0.000000000000000E+00   0.000000000000000E+00   0.000000000000000E+00   0.000000000000000E+00
   8.555977939300000E-01   3.554568949300000E+00   3.225483871000000E-01   1.094616639200000E+00   5.745996557800001E-01   0.000000000000000E+00   0.000000000000000E+00   0.000000000000000E+00   0.000000000000000E+00
   8.588904599700000E-01   3.554423389300000E+00   3.225479065000000E-01   1.105304167800000E+00   5.478599318800000E-01   0.000000000000000E+00   0.000000000000000E+00   0.000000000000000E+00   0.000000000000000E+00
   8.621831260100000E-01   3.554568943200000E+00   3.225483870900000E-01   1.094617210000000E+00   5.745981794900000E-01   0.000000000000000E+00   0.000000000000000E+00   0.000000000000000E+00   0.000000000000000E+00
   8.654757920600000E-01   3.554286414100000E+00   3.225474542300000E-01   1.115360923300000E+00   5.226985515000000E-01   0.000000000000000E+00   0.000000000000000E+00   0.000000000000000E+00   0.000000000000000E+00
   8.691543935600000E-01   3.554568938200000E+00   3.225483870700000E-01   1.094617669600000E+00   5.745969905800000E-01   0.000000000000000E+00   0.000000000000000E+00   0.000000000000000E+00   0.000000000000000E+00
   8.728329950700000E-01   3.554423403200000E+00   3.225479065400000E-01   1.105302870000000E+00   5.478632888300000E-01   0.000000000000000E+00   0.000000000000000E+00   0.000000000000000E+00   0.000000000000000E+00
   8.765115965800000E-01   3.554568932800000E+00   3.225483870600000E-01   1.094618180300000E+00   5.745956693900000E-01   0.000000000000000E+00   0.000000000000000E+00   0.000000000000000E+00   0.000000000000000E+00
   8.801901980900000E-01   3.554286449100000E+00   3.225474543300000E-01   1.115357654700000E+00   5.227070070900000E-01   0.000000000000000E+00   0.000000000000000E+00   0.000000000000000E+00   0.000000000000000E+00
   8.848390092600000E-01   3.554568928600000E+00   3.225483870500000E-01   1.094618569100000E+00   5.745946636600000E-01   0.000000000000000E+00   0.000000000000000E+00   0.000000000000000E+00   0.000000000000000E+00
   8.894878204300000E-01   3.554423414900000E+00   3.225479065700000E-01   1.105301772300000E+00   5.478661285899999E-01   0.000000000000000E+00   0.000000000000000E+00   0.000000000000000E+00   0.000000000000000E+00
   8.941366316000000E-01   3.554568924300000E+00   3.225483870300000E-01   1.094618973100000E+00   5.745936183500000E-01   0.000000000000000E+00   0.000000000000000E+00   0.000000000000000E+00   0.000000000000000E+00
   8.987854427600001E-01   3.554286476800000E+00   3.225474544100000E-01   1.115355069000000E+00   5.227136970400000E-01   0.000000000000000E+00   0.000000000000000E+00   0.000000000000000E+00   0.000000000000000E+00
   9.015474975300000E-01   3.554568919300000E+00   3.225483870200000E-01   1.094619433700000E+00   5.745924264300000E-01   0.000000000000000E+00   0.000000000000000E+00   0.000000000000000E+00   0.000000000000000E+00
   9.043095522900000E-01   3.554423428800000E+00   3.225479066100000E-01   1.105300471700000E+00   5.478694939200000E-01   0.000000000000000E+00   0.000000000000000E+00   0.000000000000000E+00   0.000000000000000E+00
   9.070716070600000E-01   3.554568912100000E+00   3.225483870000000E-01   1.094620113500000E+00   5.745906673700000E-01   0.000000000000000E+00   0.000000000000000E+00   0.000000000000000E+00   0.000000000000000E+00
   9.098336618200000E-01   3.554286523200000E+00   3.225474545400000E-01   1.115350718600000E+00   5.227249550200000E-01   0.000000000000000E+00   0.000000000000000E+00   0.000000000000000E+00   0.000000000000000E+00
   9.116219426400000E-01   3.554568904200000E+00   3.225483869800000E-01   1.094620848500000E+00   5.745887652300000E-01   0.000000000000000E+00   0.000000000000000E+00   0.000000000000000E+00   0.000000000000000E+00
   9.134102234600000E-01   3.554423451000000E+00   3.225479066700000E-01   1.105298396700000E+00   5.478748644200000E-01   0.000000000000000E+00   0.000000000000000E+00   0.000000000000000E+00   0.000000000000000E+00
   9.151985042800000E-01   3.554568893100000E+00   3.225483869500000E-01   1.094621897800000E+00   5.745860490400000E-01   0.000000000000000E+00   0.000000000000000E+00   0.000000000000000E+00   0.000000000000000E+00
   9.169867851000000E-01   3.554286594800000E+00   3.225474547400000E-01   1.115344003200000E+00   5.227423386800000E-01   0.000000000000000E+00   0.000000000000000E+00   0.000000000000000E+00   0.000000000000000E+00
   9.190046321400001E-01   3.554568884100000E+00   3.225483869200000E-01   1.094622738600000E+00   5.745838719700000E-01   0.000000000000000E+00   0.000000000000000E+00   0.000000000000000E+00   0.000000000000000E+00
   9.210224791900000E-01   3.554423476200000E+00   3.225479067500000E-01   1.105296022500000E+00   5.478810115200000E-01   0.000000000000000E+00   0.000000000000000E+00   0.000000000000000E+00   0.000000000000000E+00
   9.230403262400000E-01   3.554568874200000E+00   3.225483868900000E-01   1.094623667900000E+00   5.745814655200000E-01   0.000000000000000E+00   0.000000000000000E+00   0.000000000000000E+00   0.000000000000000E+00
   9.250581732800000E-01   3.554286658000000E+00   3.225474549200000E-01   1.115338055700000E+00   5.227577399400000E-01   0.000000000000000E+00   0.000000000000000E+00   0.000000000000000E+00   0.000000000000000E+00
   9.274462589900000E-01   3.554568866500000E+00   3.225483868700000E-01   1.094624396300000E+00   5.745795788900000E-01   0.000000000000000E+00   0.000000000000000E+00   0.000000000000000E+00   0.000000000000000E+00
   9.298343446900000E-01   3.554423498100000E+00   3.225479068100000E-01   1.105293965700000E+00   5.478863385800000E-01   0.000000000000000E+00   0.000000000000000E+00   0.000000000000000E+00   0.000000000000000E+00
   9.322224304000000E-01   3.554568858200000E+00   3.225483868500000E-01   1.094625181100000E+00   5.745775460600000E-01   0.000000000000000E+00   0.000000000000000E+00   0.000000000000000E+00   0.000000000000000E+00
   9.346105161100000E-01   3.554286711200000E+00   3.225474550700000E-01   1.115333033200000E+00   5.227707500500000E-01   0.000000000000000E+00   0.000000000000000E+00   0.000000000000000E+00   0.000000000000000E+00
   9.363574147300000E-01   3.554568849900000E+00   3.225483868200000E-01   1.094625970400000E+00   5.745755012600000E-01   0.000000000000000E+00   0.000000000000000E+00   0.000000000000000E+00   0.000000000000000E+00
   9.381043133500000E-01   3.554423521600000E+00   3.225479068700000E-01   1.105291737300000E+00   5.478921119500000E-01   0.000000000000000E+00   0.000000000000000E+00   0.000000000000000E+00   0.000000000000000E+00
   9.398512119700000E-01   3.554568838500000E+00   3.225483867900000E-01   1.094627042500000E+00   5.745727230800000E-01   0.000000000000000E+00   0.000000000000000E+00   0.000000000000000E+00   0.000000000000000E+00
   9.415981105900000E-01   3.554286783600000E+00   3.225474552700000E-01   1.115326171600000E+00   5.227885303699999E-01   0.000000000000000E+00   0.000000000000000E+00   0.000000000000000E+00   0.000000000000000E+00
   9.430407485200000E-01   3.554568827900000E+00   3.225483867600000E-01   1.094628049600000E+00   5.745701130000000E-01   0.000000000000000E+00   0.000000000000000E+00   0.000000000000000E+00   0.000000000000000E+00
   9.444833864400000E-01   3.554423551600000E+00   3.225479069600000E-01   1.105288893900000E+00   5.478994813900000E-01   0.000000000000000E+00   0.000000000000000E+00   0.000000000000000E+00   0.000000000000000E+00
   9.459260243600000E-01   3.554568814300000E+00   3.225483867200000E-01   1.094629346800000E+00   5.745667501100000E-01   0.000000000000000E+00   0.000000000000000E+00   0.000000000000000E+00   0.000000000000000E+00
   9.473686622900001E-01   3.554286871000000E+00   3.225474555200000E-01   1.115317869500000E+00   5.228100528900000E-01   0.000000000000000E+00   0.000000000000000E+00   0.000000000000000E+00   0.000000000000000E+00
   9.487502421600000E-01   3.554568802400000E+00   3.225483866900000E-01   1.094630473300000E+00   5.745638290500000E-01   0.000000000000000E+00   0.000000000000000E+00   0.000000000000000E+00   0.000000000000000E+00
   9.501318220300000E-01   3.554423585000000E+00   3.225479070500000E-01   1.105285713300000E+00   5.479077290300000E-01   0.000000000000000E+00   0.000000000000000E+00   0.000000000000000E+00   0.000000000000000E+00
   9.515134019000000E-01   3.554568788200000E+00   3.225483866500000E-01   1.094631826600000E+00   5.745603189500000E-01   0.000000000000000E+00   0.000000000000000E+00   0.000000000000000E+00   0.000000000000000E+00
   9.528949817700000E-01   3.554286961700000E+00   3.225474557700000E-01   1.115309208400000E+00   5.228325175500000E-01   0.000000000000000E+00   0.000000000000000E+00   0.000000000000000E+00   0.000000000000000E+00
   9.540677206000000E-01   3.554568775200000E+00   3.225483866200000E-01   1.094633078700000E+00   5.745570703200000E-01   0.000000000000000E+00   0.000000000000000E+00   0.000000000000000E+00   0.000000000000000E+00
   9.552404594300000E-01   3.554423622000000E+00   3.225479071500000E-01   1.105282178000000E+00   5.479169013800000E-01   0.000000000000000E+00   0.000000000000000E+00   0.000000000000000E+00   0.000000000000000E+00
   9.564131982500000E-01   3.554568758500000E+00   3.225483865700000E-01   1.094634671400000E+00   5.745529369900000E-01   0.000000000000000E+00   0.000000000000000E+00   0.000000000000000E+00   0.000000000000000E+00
   9.575859370799999E-01   3.554287068000000E+00   3.225474560600000E-01   1.115299015400000E+00   5.228589709200000E-01   0.000000000000000E+00   0.000000000000000E+00   0.000000000000000E+00   0.000000000000000E+00
   9.585445264000000E-01   3.554568742900000E+00   3.225483865300000E-01   1.094636175600000E+00   5.745490320600000E-01   0.000000000000000E+00   0.000000000000000E+00   0.000000000000000E+00   0.000000000000000E+00
   9.595031157100000E-01   3.554423666100000E+00   3.225479072800000E-01   1.105277931200000E+00   5.479279266100000E-01   0.000000000000000E+00   0.000000000000000E+00   0.000000000000000E+00   0.000000000000000E+00
   9.604617050299999E-01   3.554568722700000E+00   3.225483864700000E-01   1.094638121700000E+00   5.745439780200000E-01   0.000000000000000E+00   0.000000000000000E+00   0.000000000000000E+00   0.000000000000000E+00
   9.614202943400000E-01   3.554287197100000E+00   3.225474564200000E-01   1.115286560700000E+00   5.228913167900000E-01   0.000000000000000E+00   0.000000000000000E+00   0.000000000000000E+00   0.000000000000000E+00
   9.618841680500000E-01   3.554568696500000E+00   3.225483864000000E-01   1.094640656900000E+00   5.745373924100000E-01   0.000000000000000E+00   0.000000000000000E+00   0.000000000000000E+00   0.000000000000000E+00
   9.623480417700000E-01   3.554423739900000E+00   3.225479074800000E-01   1.105270776800000E+00   5.479465169500000E-01   0.000000000000000E+00   0.000000000000000E+00   0.000000000000000E+00   0.000000000000000E+00
   9.628119154800000E-01   3.554568655300000E+00   3.225483862800000E-01   1.094644669900000E+00   5.745269576100001E-01   0.000000000000000E+00   0.000000000000000E+00   0.000000000000000E+00   0.000000000000000E+00
   9.632757891900000E-01   3.554287460500000E+00   3.225474571400000E-01   1.115260877400000E+00   5.229580997200000E-01   0.000000000000000E+00   0.000000000000000E+00   0.000000000000000E+00   0.000000000000000E+00
   9.637409938600000E-01   3.554568620700000E+00   3.225483861900000E-01   1.094648071200000E+00   5.745181059600000E-01   0.000000000000000E+00   0.000000000000000E+00   0.000000000000000E+00   0.000000000000000E+00
   9.642061985300000E-01   3.554423837700000E+00   3.225479077400000E-01   1.105261173200000E+00   5.479715098900000E-01   0.000000000000000E+00   0.000000000000000E+00   0.000000000000000E+00   0.000000000000000E+00
   9.646714032100000E-01   3.554568580400000E+00   3.225483860800000E-01   1.094652061200000E+00   5.745077132800001E-01   0.000000000000000E+00   0.000000000000000E+00   0.000000000000000E+00   0.000000000000000E+00
   9.651366078800000E-01   3.554287718500000E+00   3.225474578400000E-01   1.115235341500000E+00   5.230246131000000E-01   0.000000000000000E+00   0.000000000000000E+00   0.000000000000000E+00   0.000000000000000E+00
   9.656719866800000E-01   3.554568548700000E+00   3.225483860000000E-01   1.094655225600000E+00   5.744994634600000E-01   0.000000000000000E+00   0.000000000000000E+00   0.000000000000000E+00   0.000000000000000E+00
   9.662073654900000E-01   3.554423927300000E+00   3.225479079900000E-01   1.105252237300000E+00   5.479948048200000E-01   0.000000000000000E+00   0.000000000000000E+00   0.000000000000000E+00   0.000000000000000E+00
   9.667427442900000E-01   3.554568514200000E+00   3.225483859000000E-01   1.094658683100000E+00   5.744904427400001E-01   0.000000000000000E+00   0.000000000000000E+00   0.000000000000000E+00   0.000000000000000E+00
   9.672781231000001E-01   3.554287938800000E+00   3.225474584300000E-01   1.115213213600000E+00   5.230823458500000E-01   0.000000000000000E+00   0.000000000000000E+00   0.000000000000000E+00   0.000000000000000E+00
   9.683533187900000E-01   3.554568492600000E+00   3.225483858500000E-01   1.094660880800000E+00   5.744847033600000E-01   0.000000000000000E+00   0.000000000000000E+00   0.000000000000000E+00   0.000000000000000E+00
   9.694285144900000E-01   3.554423988800000E+00   3.225479081500000E-01   1.105246029000000E+00   5.480110131700000E-01   0.000000000000000E+00   0.000000000000000E+00   0.000000000000000E+00   0.000000000000000E+00
   9.705037101900000E-01   3.554568475700000E+00   3.225483858000000E-01   1.094662599000000E+00   5.744802149400000E-01   0.000000000000000E+00   0.000000000000000E+00   0.000000000000000E+00   0.000000000000000E+00
   9.715789058900000E-01   3.554288047100000E+00   3.225474587100000E-01   1.115202216700000E+00   5.231110717400000E-01   0.000000000000000E+00   0.000000000000000E+00   0.000000000000000E+00   0.000000000000000E+00
   9.727278593499999E-01   3.554568461800000E+00   3.225483857700000E-01   1.094664011700000E+00   5.744765231700000E-01   0.000000000000000E+00   0.000000000000000E+00   0.000000000000000E+00   0.000000000000000E+00
   9.738768128100000E-01   3.554424027900000E+00   3.225479082500000E-01   1.105242040100000E+00   5.480214371200000E-01   0.000000000000000E+00   0.000000000000000E+00   0.000000000000000E+00   0.000000000000000E+00
   9.750257662800000E-01   3.554568446100000E+00   3.225483857200000E-01   1.094665617700000E+00   5.744723248700000E-01   0.000000000000000E+00   0.000000000000000E+00   0.000000000000000E+00   0.000000000000000E+00
   9.761747197400000E-01   3.554288147600000E+00   3.225474589800000E-01   1.115191938800000E+00   5.231379408700000E-01   0.000000000000000E+00   0.000000000000000E+00   0.000000000000000E+00   0.000000000000000E+00
   9.768078855900000E-01   3.554568427400000E+00   3.225483856800000E-01   1.094667537900000E+00   5.744673035800000E-01   0.000000000000000E+00   0.000000000000000E+00   0.000000000000000E+00   0.000000000000000E+00
   9.774410514400000E-01   3.554424080600000E+00   3.225479083900000E-01   1.105236620300000E+00   5.480356129200000E-01   0.000000000000000E+00   0.000000000000000E+00   0.000000000000000E+00   0.000000000000000E+00
   9.780742173000000E-01   3.554568399200000E+00   3.225483856000000E-01   1.094670447000000E+00   5.744596901300000E-01   0.000000000000000E+00   0.000000000000000E+00   0.000000000000000E+00   0.000000000000000E+00
   9.787073831500001E-01   3.554288327700000E+00   3.225474594500000E-01   1.115173320700000E+00   5.231866670400001E-01   0.000000000000000E+00   0.000000000000000E+00   0.000000000000000E+00   0.000000000000000E+00
   9.791896519600000E-01   3.554568371700000E+00   3.225483855300000E-01   1.094673303700000E+00   5.744522089300000E-01   0.000000000000000E+00   0.000000000000000E+00   0.000000000000000E+00   0.000000000000000E+00
   9.796719207800000E-01   3.554424158100000E+00   3.225479085900000E-01   1.105228556400000E+00   5.480567343100000E-01   0.000000000000000E+00   0.000000000000000E+00   0.000000000000000E+00   0.000000000000000E+00
   9.801541895900000E-01   3.554568335400000E+00   3.225483854400000E-01   1.094677113000000E+00   5.744422226600000E-01   0.000000000000000E+00   0.000000000000000E+00   0.000000000000000E+00   0.000000000000000E+00
   9.806364584000000E-01   3.554288559900000E+00   3.225474600400000E-01   1.115148941600000E+00   5.232505794000000E-01   0.000000000000000E+00   0.000000000000000E+00   0.000000000000000E+00   0.000000000000000E+00
   9.811090340400000E-01   3.554568304600000E+00   3.225483853600000E-01   1.094680379100000E+00   5.744336517000000E-01   0.000000000000000E+00   0.000000000000000E+00   0.000000000000000E+00   0.000000000000000E+00
   9.815816096700000E-01   3.554424245100000E+00   3.225479088100000E-01   1.105219334500000E+00   5.480809344799999E-01   0.000000000000000E+00   0.000000000000000E+00   0.000000000000000E+00   0.000000000000000E+00
   9.820541853000000E-01   3.554568268400000E+00   3.225483852700000E-01   1.094684254600000E+00   5.744234712900000E-01   0.000000000000000E+00   0.000000000000000E+00   0.000000000000000E+00   0.000000000000000E+00
   9.825267609400000E-01   3.554288791600000E+00   3.225474606300000E-01   1.115124138900000E+00   5.233157342300000E-01   0.000000000000000E+00   0.000000000000000E+00   0.000000000000000E+00   0.000000000000000E+00
   9.829064361299999E-01   3.554568234200000E+00   3.225483851800000E-01   1.094687946400000E+00   5.744137638400000E-01   0.000000000000000E+00   0.000000000000000E+00   0.000000000000000E+00   0.000000000000000E+00
   9.832861113200000E-01   3.554424341400000E+00   3.225479090500000E-01   1.105208913500000E+00   5.481083411900000E-01   0.000000000000000E+00   0.000000000000000E+00   0.000000000000000E+00   0.000000000000000E+00
   9.836657865200000E-01   3.554568190300000E+00   3.225483850700000E-01   1.094692752900000E+00   5.744011071700000E-01   0.000000000000000E+00   0.000000000000000E+00   0.000000000000000E+00   0.000000000000000E+00
   9.840454617100000E-01   3.554289072300000E+00   3.225474613100000E-01   1.115093377700000E+00   5.233967373300000E-01   0.000000000000000E+00   0.000000000000000E+00   0.000000000000000E+00   0.000000000000000E+00
   9.843837068100000E-01   3.554568151400000E+00   3.225483849800000E-01   1.094697080300000E+00   5.743896969700000E-01   0.000000000000000E+00   0.000000000000000E+00   0.000000000000000E+00   0.000000000000000E+00
   9.847219519100000E-01   3.554424451300000E+00   3.225479093200000E-01   1.105196697300000E+00   5.481405564500000E-01   0.000000000000000E+00   0.000000000000000E+00   0.000000000000000E+00   0.000000000000000E+00
   9.850601970100000E-01   3.554568103800000E+00   3.225483848700000E-01   1.094702452300000E+00   5.743755088800000E-01   0.000000000000000E+00   0.000000000000000E+00   0.000000000000000E+00   0.000000000000000E+00
   9.853984421000000E-01   3.554289376700000E+00   3.225474620400000E-01   1.115058997700000E+00   5.234875417600000E-01   0.000000000000000E+00   0.000000000000000E+00   0.000000000000000E+00   0.000000000000000E+00
   9.856995836100000E-01   3.554568061600000E+00   3.225483847700000E-01   1.094707289000000E+00   5.743627143100000E-01   0.000000000000000E+00   0.000000000000000E+00   0.000000000000000E+00   0.000000000000000E+00
   9.860007251100000E-01   3.554424570100000E+00   3.225479095900000E-01   1.105183043900000E+00   5.481766801000000E-01   0.000000000000000E+00   0.000000000000000E+00   0.000000000000000E+00   0.000000000000000E+00
   9.863018666100000E-01   3.554568010400000E+00   3.225483846500000E-01   1.094713292600000E+00   5.743468009300000E-01   0.000000000000000E+00   0.000000000000000E+00   0.000000000000000E+00   0.000000000000000E+00
   9.866030081200000E-01   3.554289704500000E+00   3.225474627800000E-01   1.115020575200000E+00   5.235893884000000E-01   0.000000000000000E+00   0.000000000000000E+00   0.000000000000000E+00   0.000000000000000E+00
   9.869192279700000E-01   3.554567969000000E+00   3.225483845600000E-01   1.094718260200000E+00   5.743336068200000E-01   0.000000000000000E+00   0.000000000000000E+00   0.000000000000000E+00   0.000000000000000E+00
   9.872354478199999E-01   3.554424687200000E+00   3.225479098500000E-01   1.105169016600000E+00   5.482139351000000E-01   0.000000000000000E+00   0.000000000000000E+00   0.000000000000000E+00   0.000000000000000E+00
   9.875516676800000E-01   3.554567922400000E+00   3.225483844600000E-01   1.094723946900000E+00   5.743184736000000E-01   0.000000000000000E+00   0.000000000000000E+00   0.000000000000000E+00   0.000000000000000E+00
   9.878678875300000E-01   3.554290001800000E+00   3.225474634300000E-01   1.114984180800000E+00   5.236862419300000E-01   0.000000000000000E+00   0.000000000000000E+00   0.000000000000000E+00   0.000000000000000E+00
   9.881985621600000E-01   3.554567884900000E+00   3.225483843800000E-01   1.094728662000000E+00   5.743058999200000E-01   0.000000000000000E+00   0.000000000000000E+00   0.000000000000000E+00   0.000000000000000E+00
   9.885292367800000E-01   3.554424793600000E+00   3.225479100800000E-01   1.105155702300000E+00   5.482494381000000E-01   0.000000000000000E+00   0.000000000000000E+00   0.000000000000000E+00   0.000000000000000E+00
   9.888599114000000E-01   3.554567842600000E+00   3.225483843000000E-01   1.094734071300000E+00   5.742914466900000E-01   0.000000000000000E+00   0.000000000000000E+00   0.000000000000000E+00   0.000000000000000E+00
   9.891905860200000E-01   3.554290271700000E+00   3.225474639700000E-01   1.114949562300000E+00   5.237787434000000E-01   0.000000000000000E+00   0.000000000000000E+00   0.000000000000000E+00   0.000000000000000E+00
   9.894365614300000E-01   3.554567801500000E+00   3.225483842100000E-01   1.094739448300000E+00   5.742770537400000E-01   0.000000000000000E+00   0.000000000000000E+00   0.000000000000000E+00   0.000000000000000E+00
   9.896825368400000E-01   3.554424908700000E+00   3.225479103000000E-01   1.105140530800000E+00   5.482900710200000E-01   0.000000000000000E+00   0.000000000000000E+00   0.000000000000000E+00   0.000000000000000E+00
   9.899285122500000E-01   3.554567748400000E+00   3.225483841200000E-01   1.094746674300000E+00   5.742576505500000E-01   0.000000000000000E+00   0.000000000000000E+00   0.000000000000000E+00   0.000000000000000E+00
   9.901744876600000E-01   3.554290611300000E+00   3.225474645900000E-01   1.114903318100000E+00   5.239029258400000E-01   0.000000000000000E+00   0.000000000000000E+00   0.000000000000000E+00   0.000000000000000E+00
   9.904144752600000E-01   3.554567704600000E+00   3.225483840400000E-01   1.094752869700000E+00   5.742409643300000E-01   0.000000000000000E+00   0.000000000000000E+00   0.000000000000000E+00   0.000000000000000E+00
   9.906544628500000E-01   3.554425032200000E+00   3.225479105100000E-01   1.105123039400000E+00   5.483371847000000E-01   0.000000000000000E+00   0.000000000000000E+00   0.000000000000000E+00   0.000000000000000E+00
   9.908944504400000E-01   3.554567654800000E+00   3.225483839600000E-01   1.094760218800000E+00   5.742211063600000E-01   0.000000000000000E+00   0.000000000000000E+00   0.000000000000000E+00   0.000000000000000E+00
   9.911344380300000E-01   3.554290929500000E+00   3.225474650900000E-01   1.114856285900000E+00   5.240300191700000E-01   0.000000000000000E+00   0.000000000000000E+00   0.000000000000000E+00   0.000000000000000E+00
   9.913806199000000E-01   3.554567615300000E+00   3.225483839100000E-01   1.094766361500000E+00   5.742044509799999E-01   0.000000000000000E+00   0.000000000000000E+00   0.000000000000000E+00   0.000000000000000E+00
   9.916268017700000E-01   3.554425144200000E+00   3.225479106700000E-01   1.105105694200000E+00   5.483842125600000E-01   0.000000000000000E+00   0.000000000000000E+00   0.000000000000000E+00   0.000000000000000E+00
   9.918729836300000E-01   3.554567571600000E+00   3.225483838600000E-01   1.094773467400000E+00   5.741851183900000E-01   0.000000000000000E+00   0.000000000000000E+00   0.000000000000000E+00   0.000000000000000E+00
   9.921191655000000E-01   3.554291208200000E+00   3.225474654300000E-01   1.114810810200000E+00   5.241537501200000E-01   0.000000000000000E+00   0.000000000000000E+00   0.000000000000000E+00   0.000000000000000E+00
   9.923659971500000E-01   3.554567536800000E+00   3.225483838200000E-01   1.094779474100000E+00   5.741687170500001E-01   0.000000000000000E+00   0.000000000000000E+00   0.000000000000000E+00   0.000000000000000E+00
   9.926128288000000E-01   3.554425242500000E+00   3.225479107600000E-01   1.105088734500000E+00   5.484305226200000E-01   0.000000000000000E+00   0.000000000000000E+00   0.000000000000000E+00   0.000000000000000E+00
   9.928596604500000E-01   3.554567498500000E+00   3.225483837900000E-01   1.094786501100000E+00   5.741494576400000E-01   0.000000000000000E+00   0.000000000000000E+00   0.000000000000000E+00   0.000000000000000E+00
   9.931064921000000E-01   3.554291452800000E+00   3.225474656000000E-01   1.114765839300000E+00   5.242770128599999E-01   0.000000000000000E+00   0.000000000000000E+00   0.000000000000000E+00   0.000000000000000E+00
   9.932912526300000E-01   3.554567462900000E+00   3.225483837800000E-01   1.094793450700000E+00   5.741303458300000E-01   0.000000000000000E+00   0.000000000000000E+00   0.000000000000000E+00   0.000000000000000E+00
   9.934760131600000E-01   3.554425341100000E+00   3.225479108000000E-01   1.105069135000000E+00   5.484844793000000E-01   0.000000000000000E+00   0.000000000000000E+00   0.000000000000000E+00   0.000000000000000E+00
   9.936607737000001E-01   3.554567420400000E+00   3.225483837800000E-01   1.094802740100000E+00   5.741046457300000E-01   0.000000000000000E+00   0.000000000000000E+00   0.000000000000000E+00   0.000000000000000E+00
   9.938455342300000E-01   3.554291722900000E+00   3.225474655700000E-01   1.114706393700000E+00   5.244414999900000E-01   0.000000000000000E+00   0.000000000000000E+00   0.000000000000000E+00   0.000000000000000E+00
   9.939733543000000E-01   3.554567381000000E+00   3.225483838100000E-01   1.094812344400000E+00   5.740779470600000E-01   0.000000000000000E+00   0.000000000000000E+00   0.000000000000000E+00   0.000000000000000E+00
   9.941011743600000E-01   3.554425446800000E+00   3.225479107000000E-01   1.105042078100000E+00   5.485598534000000E-01   0.000000000000000E+00   0.000000000000000E+00   0.000000000000000E+00   0.000000000000000E+00
   9.942289944300000E-01   3.554567339000000E+00   3.225483839100000E-01   1.094825558500000E+00   5.740408429900000E-01   0.000000000000000E+00   0.000000000000000E+00   0.000000000000000E+00   0.000000000000000E+00
   9.943568144900000E-01   3.554291986400000E+00   3.225474649100000E-01   1.114621844000000E+00   5.246789874400000E-01   0.000000000000000E+00   0.000000000000000E+00   0.000000000000000E+00   0.000000000000000E+00
   9.944657170000000E-01   3.554567312100000E+00   3.225483840500000E-01   1.094837649200000E+00   5.740065791400000E-01   0.000000000000000E+00   0.000000000000000E+00   0.000000000000000E+00   0.000000000000000E+00
   9.945746195100000E-01   3.554425518700000E+00   3.225479102600000E-01   1.105007992000000E+00   5.486565992400000E-01   0.000000000000000E+00   0.000000000000000E+00   0.000000000000000E+00   0.000000000000000E+00
   9.946835220200000E-01   3.554567297100000E+00   3.225483843300000E-01   1.094852802400000E+00   5.739630610599999E-01   0.000000000000000E+00   0.000000000000000E+00   0.000000000000000E+00   0.000000000000000E+00
   9.947924245300001E-01   3.554292074700000E+00   3.225474630900000E-01   1.114524901700000E+00   5.249575429100000E-01   0.000000000000000E+00   0.000000000000000E+00   0.000000000000000E+00   0.000000000000000E+00
   9.949274387200000E-01   3.554567304000000E+00   3.225483846300000E-01   1.094864260700000E+00   5.739296437300000E-01   0.000000000000000E+00   0.000000000000000E+00   0.000000000000000E+00   0.000000000000000E+00
   9.950624529100000E-01   3.554425506700000E+00   3.225479094400000E-01   1.104975575900000E+00   5.487509566100000E-01   0.000000000000000E+00   0.000000000000000E+00   0.000000000000000E+00   0.000000000000000E+00
   9.951974671000000E-01   3.554567323900000E+00   3.225483850100000E-01   1.094876166200000E+00   5.738945284800000E-01   0.000000000000000E+00   0.000000000000000E+00   0.000000000000000E+00   0.000000000000000E+00
   9.953324812900000E-01   3.554291942200000E+00   3.225474606500000E-01   1.114448730700000E+00   5.251823050400000E-01   0.000000000000000E+00   0.000000000000000E+00   0.000000000000000E+00   0.000000000000000E+00
   9.954664291500001E-01   3.554567355100000E+00   3.225483854000000E-01   1.094886194500000E+00   5.738645451400000E-01   0.000000000000000E+00   0.000000000000000E+00   0.000000000000000E+00   0.000000000000000E+00
   9.956003770100000E-01   3.554425418700000E+00   3.225479083400000E-01   1.104947267400000E+00   5.488356204800000E-01   0.000000000000000E+00   0.000000000000000E+00   0.000000000000000E+00   0.000000000000000E+00
   9.957343248700000E-01   3.554567408600000E+00   3.225483859400000E-01   1.094897874400000E+00   5.738291034200000E-01   0.000000000000000E+00   0.000000000000000E+00   0.000000000000000E+00   0.000000000000000E+00
   9.958682727300000E-01   3.554291594400000E+00   3.225474571500000E-01   1.114374007400000E+00   5.254091608600000E-01   0.000000000000000E+00   0.000000000000000E+00   0.000000000000000E+00   0.000000000000000E+00
   9.959866648100000E-01   3.554567473500000E+00   3.225483865100000E-01   1.094908304300000E+00   5.737969660100000E-01   0.000000000000000E+00   0.000000000000000E+00   0.000000000000000E+00   0.000000000000000E+00
   9.961050568900000E-01   3.554425230100000E+00   3.225479067100000E-01   1.104917870700000E+00   5.489263792800000E-01   0.000000000000000E+00   0.000000000000000E+00   0.000000000000000E+00   0.000000000000000E+00
   9.962234489700000E-01   3.554567580800000E+00   3.225483873500000E-01   1.094921083900000E+00   5.737567624800000E-01   0.000000000000000E+00   0.000000000000000E+00   0.000000000000000E+00   0.000000000000000E+00
   9.963418410500000E-01   3.554290899300000E+00   3.225474517600000E-01   1.114292265300000E+00   5.256665118600000E-01   0.000000000000000E+00   0.000000000000000E+00   0.000000000000000E+00   0.000000000000000E+00
   9.964291925300000E-01   3.554567712500000E+00   3.225483883000000E-01   1.094933660300000E+00   5.737164513100000E-01   0.000000000000000E+00   0.000000000000000E+00   0.000000000000000E+00   0.000000000000000E+00
   9.965165440200000E-01   3.554424834600000E+00   3.225479039000000E-01   1.104882577000000E+00   5.490402835700000E-01   0.000000000000000E+00   0.000000000000000E+00   0.000000000000000E+00   0.000000000000000E+00
   9.966038954999999E-01   3.554567951400000E+00   3.225483898900000E-01   1.094950136700000E+00   5.736616740100000E-01   0.000000000000000E+00   0.000000000000000E+00   0.000000000000000E+00   0.000000000000000E+00
   9.966912469900000E-01   3.554289347900000E+00   3.225474415100000E-01   1.114186959200000E+00   5.260172306599999E-01   0.000000000000000E+00   0.000000000000000E+00   0.000000000000000E+00   0.000000000000000E+00
   9.967726481900000E-01   3.554568217100000E+00   3.225483915500000E-01   1.094964176900000E+00   5.736132085300000E-01   0.000000000000000E+00   0.000000000000000E+00   0.000000000000000E+00   0.000000000000000E+00
   9.968540493800000E-01   3.554424072100000E+00   3.225478991400000E-01   1.104843048400000E+00   5.491771980800000E-01   0.000000000000000E+00   0.000000000000000E+00   0.000000000000000E+00   0.000000000000000E+00
   9.969354505800000E-01   3.554568622700000E+00   3.225483939700000E-01   1.094980558300000E+00   5.735538389800000E-01   0.000000000000000E+00   0.000000000000000E+00   0.000000000000000E+00   0.000000000000000E+00
   9.970168517800000E-01   3.554286720000000E+00   3.225474258800000E-01   1.114082340100000E+00   5.263974188500000E-01   0.000000000000000E+00   0.000000000000000E+00   0.000000000000000E+00   0.000000000000000E+00
   9.971132445699999E-01   3.554569019300000E+00   3.225483962400000E-01   1.094992738200000E+00   5.735069436000000E-01   0.000000000000000E+00   0.000000000000000E+00   0.000000000000000E+00   0.000000000000000E+00
   9.972096373600000E-01   3.554422973900000E+00   3.225478928300000E-01   1.104808482500000E+00   5.493095280000000E-01   0.000000000000000E+00   0.000000000000000E+00   0.000000000000000E+00   0.000000000000000E+00
   9.973060301400000E-01   3.554569513900000E+00   3.225483990200000E-01   1.095005286600000E+00   5.734560946600000E-01   0.000000000000000E+00   0.000000000000000E+00   0.000000000000000E+00   0.000000000000000E+00
   9.974024229300000E-01   3.554283530900000E+00   3.225474080000000E-01   1.114002197900000E+00   5.267230195300000E-01   0.000000000000000E+00   0.000000000000000E+00   0.000000000000000E+00   0.000000000000000E+00
   9.974872749800000E-01   3.554570033000000E+00   3.225484018800000E-01   1.095016098200000E+00   5.734095787000000E-01   0.000000000000000E+00   0.000000000000000E+00   0.000000000000000E+00   0.000000000000000E+00
   9.975721270300000E-01   3.554421480400000E+00   3.225478846300000E-01   1.104778187000000E+00   5.494410295500000E-01   0.000000000000000E+00   0.000000000000000E+00   0.000000000000000E+00   0.000000000000000E+00
   9.976569790800000E-01   3.554570803600000E+00   3.225484060400000E-01   1.095028629100000E+00   5.733507255700000E-01   0.000000000000000E+00   0.000000000000000E+00   0.000000000000000E+00   0.000000000000000E+00
   9.977418311200000E-01   3.554278561300000E+00   3.225473812000000E-01   1.113922304300000E+00   5.270999819700000E-01   0.000000000000000E+00   0.000000000000000E+00   0.000000000000000E+00   0.000000000000000E+00
   9.978127462300000E-01   3.554571640500000E+00   3.225484104900000E-01   1.095039409500000E+00   5.732951578900000E-01   0.000000000000000E+00   0.000000000000000E+00   0.000000000000000E+00   0.000000000000000E+00
   9.978836613299999E-01   3.554419087600000E+00   3.225478719500000E-01   1.104748266400000E+00   5.495983082300000E-01   0.000000000000000E+00   0.000000000000000E+00   0.000000000000000E+00   0.000000000000000E+00
   9.979545764300000E-01   3.554573001700000E+00   3.225484176900000E-01   1.095051388900000E+00   5.732226083800001E-01   0.000000000000000E+00   0.000000000000000E+00   0.000000000000000E+00   0.000000000000000E+00
   9.980254915400000E-01   3.554270560400000E+00   3.225473396900000E-01   1.113845961900000E+00   5.275645400500000E-01   0.000000000000000E+00   0.000000000000000E+00   0.000000000000000E+00   0.000000000000000E+00
   9.980711219600000E-01   3.554575398900000E+00   3.225484309600000E-01   1.095062503800000E+00   5.731423053500000E-01   0.000000000000000E+00   0.000000000000000E+00   0.000000000000000E+00   0.000000000000000E+00
   9.981167523900000E-01   3.554416368500000E+00   3.225478602500000E-01   1.104717998600000E+00   5.498250906500000E-01   0.000000000000000E+00   0.000000000000000E+00   0.000000000000000E+00   0.000000000000000E+00
   9.981623828200000E-01   3.554583047300000E+00   3.225484751400000E-01   1.095070735300000E+00   5.730206631500000E-01   0.000000000000000E+00   0.000000000000000E+00   0.000000000000000E+00   0.000000000000000E+00
   9.982080132400000E-01   3.554264051900000E+00   3.225473220400000E-01   1.113778122300000E+00   5.283235689000000E-01   0.000000000000000E+00   0.000000000000000E+00   0.000000000000000E+00   0.000000000000000E+00
   9.982482775200000E-01   3.554612922700000E+00   3.225486570700000E-01   1.095062631700000E+00   5.728936218800000E-01   0.000000000000000E+00   0.000000000000000E+00   0.000000000000000E+00   0.000000000000000E+00
   9.982885418000000E-01   3.554475476700000E+00   3.225482408800000E-01   1.104680962800000E+00   5.501091939000000E-01   0.000000000000000E+00   0.000000000000000E+00   0.000000000000000E+00   0.000000000000000E+00
   9.983288060800000E-01   3.554748124500000E+00   3.225494921600000E-01   1.094999097800000E+00   5.726734334300000E-01   0.000000000000000E+00   0.000000000000000E+00   0.000000000000000E+00   0.000000000000000E+00
   9.983690703500000E-01   3.554578581100000E+00   3.225493294000000E-01   1.113676074000000E+00   5.291061301700000E-01   0.000000000000000E+00   0.000000000000000E+00   0.000000000000000E+00   0.000000000000000E+00
   9.984104160300000E-01   3.555450955900000E+00   3.225538634900000E-01   1.094676637400000E+00   5.721623868700000E-01   0.000000000000000E+00   0.000000000000000E+00   0.000000000000000E+00   0.000000000000000E+00
   9.984517617000001E-01   3.556356496600000E+00   3.225599853600000E-01   1.103901477100000E+00   5.494772904000000E-01   0.000000000000000E+00   0.000000000000000E+00   0.000000000000000E+00   0.000000000000000E+00
   9.984931073700000E-01   3.559122856000000E+00   3.225767401300000E-01   1.093041481900000E+00   5.700284603600000E-01   0.000000000000000E+00   0.000000000000000E+00   0.000000000000000E+00   0.000000000000000E+00
   9.985344530400000E-01   3.564613947100000E+00   3.226120066700000E-01   1.109524390600000E+00   5.248382280800000E-01   0.000000000000000E+00   0.000000000000000E+00   0.000000000000000E+00   0.000000000000000E+00
   9.985732340800000E-01   3.577365276700000E+00   3.226908848800000E-01   1.085140612300000E+00   5.602829516200000E-01   0.000000000000000E+00   0.000000000000000E+00   0.000000000000000E+00   0.000000000000000E+00
   9.986120151300000E-01   3.603227768900000E+00   3.228537398200000E-01   1.084047237400000E+00   5.256516910900000E-01   0.000000000000000E+00   0.000000000000000E+00   0.000000000000000E+00   0.000000000000000E+00
   9.986507961800000E-01   3.656852936600000E+00   3.231930833000000E-01   1.052621518600000E+00   5.213037076300000E-01   0.000000000000000E+00   0.000000000000000E+00   0.000000000000000E+00   0.000000000000000E+00
   9.986895772200000E-01   3.758251339000000E+00   3.238492258200000E-01   1.034007614800000E+00   4.368288428200000E-01   0.000000000000000E+00   0.000000000000000E+00   0.000000000000000E+00   0.000000000000000E+00
   9.987250264800001E-01   3.915095212700000E+00   3.248916569300000E-01   9.633561346000000E-01   4.214040876100000E-01   0.000000000000000E+00   0.000000000000000E+00   0.000000000000000E+00   0.000000000000000E+00
   9.987604757400000E-01   4.142693017800000E+00   3.264790433700000E-01   9.103601791800000E-01   3.364903260600000E-01   0.000000000000000E+00   0.000000000000000E+00   0.000000000000000E+00   0.000000000000000E+00
   9.987959250000000E-01   4.437478251400000E+00   3.286676672400000E-01   8.333370885800000E-01   2.944648547400000E-01   0.000000000000000E+00   0.000000000000000E+00   0.000000000000000E+00   0.000000000000000E+00
   9.988313742600000E-01   4.779792001300000E+00   3.314237510100000E-01   7.913157381800000E-01   2.027930741600000E-01   0.000000000000000E+00   0.000000000000000E+00   0.000000000000000E+00   0.000000000000000E+00
   9.988650087499999E-01   5.128298908800000E+00   3.344971069500000E-01   7.191016327500001E-01   2.015801621500000E-01   0.000000000000000E+00   0.000000000000000E+00   0.000000000000000E+00   0.000000000000000E+00
   9.988986432500000E-01   5.480361230000000E+00   3.379325042400000E-01   6.860471996300000E-01   1.511403302400000E-01   0.000000000000000E+00   0.000000000000000E+00   0.000000000000000E+00   0.000000000000000E+00
   9.989322777500000E-01   5.824162519800000E+00   3.416658004100000E-01   6.387435806200000E-01   1.469744525100000E-01   0.000000000000000E+00   0.000000000000000E+00   0.000000000000000E+00   0.000000000000000E+00
   9.989659122400000E-01   6.150248631400000E+00   3.456362222700000E-01   6.290425978700001E-01   9.104908004300000E-02   0.000000000000000E+00   0.000000000000000E+00   0.000000000000000E+00   0.000000000000000E+00
   9.989973277400001E-01   6.436028815700000E+00   3.495247185000000E-01   5.839022339300000E-01   1.150112108600000E-01   0.000000000000000E+00   0.000000000000000E+00   0.000000000000000E+00   0.000000000000000E+00
   9.990287432400000E-01   6.700449511300000E+00   3.535527463600000E-01   5.738787174500000E-01   8.492273588400000E-02   0.000000000000000E+00   0.000000000000000E+00   0.000000000000000E+00   0.000000000000000E+00
   9.990601587300000E-01   6.944160663600000E+00   3.577023144700000E-01   5.448384493100000E-01   9.496666177300001E-02   0.000000000000000E+00   0.000000000000000E+00   0.000000000000000E+00   0.000000000000000E+00
   9.990915742299999E-01   7.166638812300000E+00   3.619522499100000E-01   5.499408195200000E-01   5.078949590400000E-02   0.000000000000000E+00   0.000000000000000E+00   0.000000000000000E+00   0.000000000000000E+00
   9.991205674400000E-01   7.355289912900000E+00   3.659564565600000E-01   5.156023052699999E-01   8.152820280600000E-02   0.000000000000000E+00   0.000000000000000E+00   0.000000000000000E+00   0.000000000000000E+00
   9.991495606500000E-01   7.527684925100000E+00   3.700254036000000E-01   5.145164487600000E-01   5.773801621400000E-02   0.000000000000000E+00   0.000000000000000E+00   0.000000000000000E+00   0.000000000000000E+00
   9.991785538600000E-01   7.685968231700000E+00   3.741557328000000E-01   4.926300420400000E-01   7.191736024600000E-02   0.000000000000000E+00   0.000000000000000E+00   0.000000000000000E+00   0.000000000000000E+00
   9.992075470700000E-01   7.830355299000000E+00   3.783379943400000E-01   5.036741382500000E-01   3.209460706000000E-02   0.000000000000000E+00   0.000000000000000E+00   0.000000000000000E+00   0.000000000000000E+00
   9.992372040700001E-01   7.966254842800000E+00   3.826696959000000E-01   4.728957539600000E-01   6.436620175900000E-02   0.000000000000000E+00   0.000000000000000E+00   0.000000000000000E+00   0.000000000000000E+00
   9.992668610600000E-01   8.090071880800000E+00   3.870463809600000E-01   4.748193803400000E-01   4.283916880400000E-02   0.000000000000000E+00   0.000000000000000E+00   0.000000000000000E+00   0.000000000000000E+00
   9.992965180500000E-01   8.203909812499999E+00   3.914679770400000E-01   4.554726057500000E-01   5.822080941100000E-02   0.000000000000000E+00   0.000000000000000E+00   0.000000000000000E+00   0.000000000000000E+00
   9.993261750400000E-01   8.307878442500000E+00   3.959279806600000E-01   4.685947831900000E-01   2.036620457100000E-02   0.000000000000000E+00   0.000000000000000E+00   0.000000000000000E+00   0.000000000000000E+00
   9.993522977200000E-01   8.393209987800001E+00   3.998903870200000E-01   4.407884422000000E-01   5.342499070500000E-02   0.000000000000000E+00   0.000000000000000E+00   0.000000000000000E+00   0.000000000000000E+00
   9.993784204100000E-01   8.472113951500001E+00   4.038785535300000E-01   4.451980722400000E-01   3.346231929400000E-02   0.000000000000000E+00   0.000000000000000E+00   0.000000000000000E+00   0.000000000000000E+00
   9.994045430900000E-01   8.546083653100000E+00   4.078945359300000E-01   4.281628158300000E-01   4.955177029400000E-02   0.000000000000000E+00   0.000000000000000E+00   0.000000000000000E+00   0.000000000000000E+00
   9.994306657699999E-01   8.614700452199999E+00   4.119338562700000E-01   4.431184005900000E-01   1.326531154100000E-02   0.000000000000000E+00   0.000000000000000E+00   0.000000000000000E+00   0.000000000000000E+00
   9.994502198800000E-01   8.663824504300001E+00   4.149756461800000E-01   4.178340916400000E-01   4.655347222500000E-02   0.000000000000000E+00   0.000000000000000E+00   0.000000000000000E+00   0.000000000000000E+00
   9.994697739900000E-01   8.710141481599999E+00   4.180286645900000E-01   4.243036431900000E-01   2.776892377500000E-02   0.000000000000000E+00   0.000000000000000E+00   0.000000000000000E+00   0.000000000000000E+00
   9.994893280900000E-01   8.754732173400001E+00   4.210958280200000E-01   4.094252655700000E-01   4.418978851200000E-02   0.000000000000000E+00   0.000000000000000E+00   0.000000000000000E+00   0.000000000000000E+00
   9.995088822000000E-01   8.796839659900000E+00   4.241735856800000E-01   4.260007101300000E-01   9.365420900400000E-03   0.000000000000000E+00   0.000000000000000E+00   0.000000000000000E+00   0.000000000000000E+00
   9.995281106100000E-01   8.837189621800000E+00   4.272144769200000E-01   4.014114100100000E-01   4.204537026500000E-02   0.000000000000000E+00   0.000000000000000E+00   0.000000000000000E+00   0.000000000000000E+00
   9.995473390100000E-01   8.875377448900000E+00   4.302649742000000E-01   4.081153164400000E-01   2.386986959400000E-02   0.000000000000000E+00   0.000000000000000E+00   0.000000000000000E+00   0.000000000000000E+00
   9.995665674200001E-01   8.912420673500000E+00   4.333280489900000E-01   3.937460301800000E-01   4.006102232900000E-02   0.000000000000000E+00   0.000000000000000E+00   0.000000000000000E+00   0.000000000000000E+00
   9.995857958200000E-01   8.947529222300000E+00   4.364003092100000E-01   4.103609382400000E-01   6.190005558300000E-03   0.000000000000000E+00   0.000000000000000E+00   0.000000000000000E+00   0.000000000000000E+00
   9.996051610800000E-01   8.982269284999999E+00   4.395078851000000E-01   3.862916716700000E-01   3.822314530500000E-02   0.000000000000000E+00   0.000000000000000E+00   0.000000000000000E+00   0.000000000000000E+00
   9.996245263400000E-01   9.015243589800001E+00   4.426243785600000E-01   3.930481088300000E-01   2.056648181400000E-02   0.000000000000000E+00   0.000000000000000E+00   0.000000000000000E+00   0.000000000000000E+00
   9.996438916000000E-01   9.047425747000000E+00   4.457527560400000E-01   3.790288189300000E-01   3.648868610000000E-02   0.000000000000000E+00   0.000000000000000E+00   0.000000000000000E+00   0.000000000000000E+00
   9.996632568600000E-01   9.078013595400000E+00   4.488897507000000E-01   3.955134905200000E-01   3.463548817000000E-03   0.000000000000000E+00   0.000000000000000E+00   0.000000000000000E+00   0.000000000000000E+00
   9.996793906400000E-01   9.103359154200000E+00   4.515133464600000E-01   3.725436797000000E-01   3.499479282200000E-02   0.000000000000000E+00   0.000000000000000E+00   0.000000000000000E+00   0.000000000000000E+00
   9.996955244100000E-01   9.127527503400000E+00   4.541421591300000E-01   3.798779981900000E-01   1.795618010100000E-02   0.000000000000000E+00   0.000000000000000E+00   0.000000000000000E+00   0.000000000000000E+00
   9.997116581800000E-01   9.151425731400000E+00   4.567791726400000E-01   3.667851837300000E-01   3.368020371700000E-02   0.000000000000000E+00   0.000000000000000E+00   0.000000000000000E+00   0.000000000000000E+00
   9.997277919500001E-01   9.174225578100000E+00   4.594212929800000E-01   3.835887659600000E-01   1.677061546900000E-03   0.000000000000000E+00   0.000000000000000E+00   0.000000000000000E+00   0.000000000000000E+00
   9.997420198900000E-01   9.194501877600000E+00   4.617591779700000E-01   3.614672043300000E-01   3.250595042100000E-02   0.000000000000000E+00   0.000000000000000E+00   0.000000000000000E+00   0.000000000000000E+00
   9.997562478300001E-01   9.213856705500000E+00   4.641005313600000E-01   3.690149711100000E-01   1.603017021700000E-02   0.000000000000000E+00   0.000000000000000E+00   0.000000000000000E+00   0.000000000000000E+00
   9.997704757700000E-01   9.233160268400001E+00   4.664482889000000E-01   3.565749400800000E-01   3.142630916000000E-02   0.000000000000000E+00   0.000000000000000E+00   0.000000000000000E+00   0.000000000000000E+00
   9.997847037000001E-01   9.251589593700000E+00   4.687994776100000E-01   3.733264990200000E-01   4.229400235800000E-04   0.000000000000000E+00   0.000000000000000E+00   0.000000000000000E+00   0.000000000000000E+00
   9.997951496400000E-01   9.265457902100000E+00   4.705309206500000E-01   3.524038106500000E-01   3.051226517400000E-02   0.000000000000000E+00   0.000000000000000E+00   0.000000000000000E+00   0.000000000000000E+00
   9.998055955700000E-01   9.278644450500000E+00   4.722633843100000E-01   3.603771851800000E-01   1.470399438200000E-02   0.000000000000000E+00   0.000000000000000E+00   0.000000000000000E+00   0.000000000000000E+00
   9.998160415100000E-01   9.291981637099999E+00   4.739997323600000E-01   3.489376664900000E-01   2.971135900600000E-02   0.000000000000000E+00   0.000000000000000E+00   0.000000000000000E+00   0.000000000000000E+00
   9.998264874400000E-01   9.304661277199999E+00   4.757371229100000E-01   3.657326779700000E-01  -1.187015669700000E-05   0.000000000000000E+00   0.000000000000000E+00   0.000000000000000E+00   0.000000000000000E+00
   9.998351002400000E-01   9.315564224599999E+00   4.771736550100000E-01   3.458113446900000E-01   2.899819249100000E-02   0.000000000000000E+00   0.000000000000000E+00   0.000000000000000E+00   0.000000000000000E+00
   9.998437130400000E-01   9.325877809200000E+00   4.786103567500000E-01   3.537608689600000E-01   1.388812643600000E-02   0.000000000000000E+00   0.000000000000000E+00   0.000000000000000E+00   0.000000000000000E+00
   9.998523258499999E-01   9.336400925100000E+00   4.800499872800000E-01   3.430326450300000E-01   2.832294235100000E-02   0.000000000000000E+00   0.000000000000000E+00   0.000000000000000E+00   0.000000000000000E+00
   9.998609386500000E-01   9.346354414300000E+00   4.814898276800000E-01   3.593907524600000E-01  -2.552128800800000E-05   0.000000000000000E+00   0.000000000000000E+00   0.000000000000000E+00   0.000000000000000E+00
   9.998682196000001E-01   9.355246172699999E+00   4.827103614100000E-01   3.404909756500000E-01   2.771482764500000E-02   0.000000000000000E+00   0.000000000000000E+00   0.000000000000000E+00   0.000000000000000E+00
   9.998755005400000E-01   9.363608733400000E+00   4.839305971500000E-01   3.482586072400000E-01   1.336149121000000E-02   0.000000000000000E+00   0.000000000000000E+00   0.000000000000000E+00   0.000000000000000E+00
   9.998827814900000E-01   9.372204553200000E+00   4.851531715200000E-01   3.382022133200000E-01   2.712095090600000E-02   0.000000000000000E+00   0.000000000000000E+00   0.000000000000000E+00   0.000000000000000E+00
   9.998900624400000E-01   9.380289865300000E+00   4.863754987700000E-01   3.539206007600000E-01   2.736339132700000E-04   0.000000000000000E+00   0.000000000000000E+00   0.000000000000000E+00   0.000000000000000E+00
   9.998962974400000E-01   9.387693677200000E+00   4.874250955100000E-01   3.360918540600000E-01   2.658386784600000E-02   0.000000000000000E+00   0.000000000000000E+00   0.000000000000000E+00   0.000000000000000E+00
   9.999025324500000E-01   9.394615037700000E+00   4.884741222100000E-01   3.435691640500000E-01   1.304748665100000E-02   0.000000000000000E+00   0.000000000000000E+00   0.000000000000000E+00   0.000000000000000E+00
   9.999087674500000E-01   9.401776259100000E+00   4.895250774900000E-01   3.341811977200000E-01   2.604700745700000E-02   0.000000000000000E+00   0.000000000000000E+00   0.000000000000000E+00   0.000000000000000E+00
   9.999150024500000E-01   9.408473965600001E+00   4.905755213500000E-01   3.491085780400000E-01   8.228064698000000E-04   0.000000000000000E+00   0.000000000000000E+00   0.000000000000000E+00   0.000000000000000E+00
   9.999200360900000E-01   9.414337193100000E+00   4.914259346400000E-01   3.324702619800000E-01   2.556408688900000E-02   0.000000000000000E+00   0.000000000000000E+00   0.000000000000000E+00   0.000000000000000E+00
   9.999250697199999E-01   9.419763281700000E+00   4.922755397600000E-01   3.396129629700000E-01   1.293561081200000E-02   0.000000000000000E+00   0.000000000000000E+00   0.000000000000000E+00   0.000000000000000E+00
   9.999301033600000E-01   9.425429405099999E+00   4.931266791400000E-01   3.309839296100000E-01   2.507366545900000E-02   0.000000000000000E+00   0.000000000000000E+00   0.000000000000000E+00   0.000000000000000E+00
   9.999351369900000E-01   9.430679070500000E+00   4.939770791200000E-01   3.449830933400000E-01   1.702971151900000E-03   0.000000000000000E+00   0.000000000000000E+00   0.000000000000000E+00   0.000000000000000E+00
   9.999392401700000E-01   9.435394256300000E+00   4.946723090800000E-01   3.296455401500000E-01   2.463147651900000E-02   0.000000000000000E+00   0.000000000000000E+00   0.000000000000000E+00   0.000000000000000E+00
   9.999433433600000E-01   9.439713553000001E+00   4.953666315500000E-01   3.363249495600000E-01   1.301969074400000E-02   0.000000000000000E+00   0.000000000000000E+00   0.000000000000000E+00   0.000000000000000E+00
   9.999474465400000E-01   9.444262442899999E+00   4.960622096900000E-01   3.284862656500000E-01   2.416959827800000E-02   0.000000000000000E+00   0.000000000000000E+00   0.000000000000000E+00   0.000000000000000E+00
   9.999515497300000E-01   9.448438229400001E+00   4.967569580300000E-01   3.413600988700000E-01   2.864132213600000E-03   0.000000000000000E+00   0.000000000000000E+00   0.000000000000000E+00   0.000000000000000E+00
   9.999548748300000E-01   9.452225114199999E+00   4.973216923600000E-01   3.274451085600000E-01   2.375333493100000E-02   0.000000000000000E+00   0.000000000000000E+00   0.000000000000000E+00   0.000000000000000E+00
   9.999581999400000E-01   9.455657148900000E+00   4.978854998900000E-01   3.335567225800000E-01   1.326750777300000E-02   0.000000000000000E+00   0.000000000000000E+00   0.000000000000000E+00   0.000000000000000E+00
   9.999615250500000E-01   9.459301681099999E+00   4.984503422600000E-01   3.265586198900000E-01   2.330894201300000E-02   0.000000000000000E+00   0.000000000000000E+00   0.000000000000000E+00   0.000000000000000E+00
   9.999648501600000E-01   9.462616473300001E+00   4.990143442100000E-01   3.381321428800000E-01   4.284050861600000E-03   0.000000000000000E+00   0.000000000000000E+00   0.000000000000000E+00   0.000000000000000E+00
   9.999674526300000E-01   9.465569089700001E+00   4.994572185900000E-01   3.257791697200000E-01   2.290714101900000E-02   0.000000000000000E+00   0.000000000000000E+00   0.000000000000000E+00   0.000000000000000E+00
   9.999700551000000E-01   9.468209773300000E+00   4.998991971300000E-01   3.312281245500000E-01   1.367127399700000E-02   0.000000000000000E+00   0.000000000000000E+00   0.000000000000000E+00   0.000000000000000E+00
   9.999726575700000E-01   9.471040765100000E+00   5.003420158800000E-01   3.251481808400000E-01   2.246953001800000E-02   0.000000000000000E+00   0.000000000000000E+00   0.000000000000000E+00   0.000000000000000E+00
   9.999752600400000E-01   9.473587856000000E+00   5.007840353400000E-01   3.352345361400000E-01   5.990791012200000E-03   0.000000000000000E+00   0.000000000000000E+00   0.000000000000000E+00   0.000000000000000E+00
   9.999772205500000E-01   9.475813850900000E+00   5.011182020200000E-01   3.246126988600000E-01   2.207186557400000E-02   0.000000000000000E+00   0.000000000000000E+00   0.000000000000000E+00   0.000000000000000E+00
   9.999791810699999E-01   9.477773678000000E+00   5.014515507300000E-01   3.292922136600000E-01   1.423488632800000E-02   0.000000000000000E+00   0.000000000000000E+00   0.000000000000000E+00   0.000000000000000E+00
   9.999811415800000E-01   9.479895791400001E+00   5.017855605000000E-01   3.242357375800000E-01   2.163448071200000E-02   0.000000000000000E+00   0.000000000000000E+00   0.000000000000000E+00   0.000000000000000E+00
   9.999831020900000E-01   9.481781442500001E+00   5.021188480500000E-01   3.326704149300000E-01   8.007682407300000E-03   0.000000000000000E+00   0.000000000000000E+00   0.000000000000000E+00   0.000000000000000E+00
   9.999846138400000E-01   9.483489634800000E+00   5.023767804900000E-01   3.240296139600000E-01   2.125783810300000E-02   0.000000000000000E+00   0.000000000000000E+00   0.000000000000000E+00   0.000000000000000E+00
   9.999861255900000E-01   9.484974421600000E+00   5.026339762199999E-01   3.280158785600000E-01   1.495469414000000E-02   0.000000000000000E+00   0.000000000000000E+00   0.000000000000000E+00   0.000000000000000E+00
   9.999876373400000E-01   9.486576463100000E+00   5.028915822900000E-01   3.244095445700000E-01   2.089775537200000E-02   0.000000000000000E+00   0.000000000000000E+00   0.000000000000000E+00   0.000000000000000E+00
   9.999891490900000E-01   9.487962539300000E+00   5.031483792600000E-01   3.319196149100000E-01   1.033340094000000E-02   0.000000000000000E+00   0.000000000000000E+00   0.000000000000000E+00   0.000000000000000E+00
   9.999901749200000E-01   9.489057998800000E+00   5.033230656800000E-01   3.263798110800000E-01   2.073733597700000E-02   0.000000000000000E+00   0.000000000000000E+00   0.000000000000000E+00   0.000000000000000E+00
   9.999912007400000E-01   9.489935941200001E+00   5.034968273000000E-01   3.312660029000000E-01   1.626115477300000E-02   0.000000000000000E+00   0.000000000000000E+00   0.000000000000000E+00   0.000000000000000E+00
   9.999922265700000E-01   9.490821099500000E+00   5.036702972000000E-01   3.318646026500000E-01   2.092693326800000E-02   0.000000000000000E+00   0.000000000000000E+00   0.000000000000000E+00   0.000000000000000E+00
   9.999932523900000E-01   9.491418706499999E+00   5.038422025700000E-01   3.425475495800000E-01   1.416660941600000E-02   0.000000000000000E+00   0.000000000000000E+00   0.000000000000000E+00   0.000000000000000E+00
   9.999939441500000E-01   9.491806071299999E+00   5.039575382100000E-01   3.444644270400000E-01   2.198836596700000E-02   0.000000000000000E+00   0.000000000000000E+00   0.000000000000000E+00   0.000000000000000E+00
   9.999946359100000E-01   9.491895467000001E+00   5.040711700000000E-01   3.559872119100000E-01   2.009374576200000E-02   0.000000000000000E+00   0.000000000000000E+00   0.000000000000000E+00   0.000000000000000E+00
   9.999953276700000E-01   9.491757287000000E+00   5.041829946600001E-01   3.688655543800000E-01   2.453664979500000E-02   0.000000000000000E+00   0.000000000000000E+00   0.000000000000000E+00   0.000000000000000E+00
   9.999960194300000E-01   9.491075367500001E+00   5.042913478500000E-01   3.945435427100000E-01   2.307293944900000E-02   0.000000000000000E+00   0.000000000000000E+00   0.000000000000000E+00   0.000000000000000E+00
   9.999964542999999E-01   9.490346262699999E+00   5.043572038200000E-01   4.132485584700000E-01   3.001694195100000E-02   0.000000000000000E+00   0.000000000000000E+00   0.000000000000000E+00   0.000000000000000E+00
   9.999968891700000E-01   9.489116347300000E+00   5.044199554800000E-01   4.438986705000000E-01   3.269078282500000E-02   0.000000000000000E+00   0.000000000000000E+00   0.000000000000000E+00   0.000000000000000E+00
   9.999973240400000E-01   9.487243876499999E+00   5.044785191100000E-01   4.861030452500000E-01   4.060489132000000E-02   0.000000000000000E+00   0.000000000000000E+00   0.000000000000000E+00   0.000000000000000E+00
   9.999977589100000E-01   9.484227705700000E+00   5.045301484600000E-01   5.533860996000000E-01   4.989268709800000E-02   0.000000000000000E+00   0.000000000000000E+00   0.000000000000000E+00   0.000000000000000E+00
   9.999979789600000E-01   9.482060948499999E+00   5.045524073100000E-01   6.001684453100000E-01   6.062153719200000E-02   0.000000000000000E+00   0.000000000000000E+00   0.000000000000000E+00   0.000000000000000E+00
   9.999981990100000E-01   9.479183105500001E+00   5.045706382900000E-01   6.636378234600000E-01   7.302298052200000E-02   0.000000000000000E+00   0.000000000000000E+00   0.000000000000000E+00   0.000000000000000E+00
   9.999984190600000E-01   9.475291967800000E+00   5.045832297600000E-01   7.499802063100000E-01   9.298596093300000E-02   0.000000000000000E+00   0.000000000000000E+00   0.000000000000000E+00   0.000000000000000E+00
   9.999986391100000E-01   9.469767915600000E+00   5.045871128700000E-01   8.751005920100000E-01   1.245003311100000E-01   0.000000000000000E+00   0.000000000000000E+00   0.000000000000000E+00   0.000000000000000E+00
   9.999987554699999E-01   9.465846236899999E+00   5.045839802099999E-01   9.650385953000000E-01   1.508249468400000E-01   0.000000000000000E+00   0.000000000000000E+00   0.000000000000000E+00   0.000000000000000E+00
   9.999988718300000E-01   9.460881791600000E+00   5.045756125999999E-01   1.080559733500000E+00   1.871167630400000E-01   0.000000000000000E+00   0.000000000000000E+00   0.000000000000000E+00   0.000000000000000E+00
   9.999989881900000E-01   9.454419024700000E+00   5.045599080600000E-01   1.232882734300000E+00   2.408008223700000E-01   0.000000000000000E+00   0.000000000000000E+00   0.000000000000000E+00   0.000000000000000E+00
   9.999991045500000E-01   9.445669433100001E+00   5.045333210900000E-01   1.442004007000000E+00   3.241550839300000E-01   0.000000000000000E+00   0.000000000000000E+00   0.000000000000000E+00   0.000000000000000E+00
   9.999991715300000E-01   9.439101861099999E+00   5.045108986400000E-01   1.600352006400000E+00   3.951196742900000E-01   0.000000000000000E+00   0.000000000000000E+00   0.000000000000000E+00   0.000000000000000E+00
   9.999992385100001E-01   9.430917815400001E+00   5.044811144100000E-01   1.798897574100000E+00   4.926339650300000E-01   0.000000000000000E+00   0.000000000000000E+00   0.000000000000000E+00   0.000000000000000E+00
   9.999993055000000E-01   9.420462619200000E+00   5.044411736500000E-01   2.053524809300000E+00   6.321944313800000E-01   0.000000000000000E+00   0.000000000000000E+00   0.000000000000000E+00   0.000000000000000E+00
   9.999993724800000E-01   9.406678488200001E+00   5.043866273800000E-01   2.389857359100000E+00   8.401373175700000E-01   0.000000000000000E+00   0.000000000000000E+00   0.000000000000000E+00   0.000000000000000E+00
   9.999994142300000E-01   9.395684764900000E+00   5.043422539800000E-01   2.657652717900000E+00   1.024960039000000E+00   0.000000000000000E+00   0.000000000000000E+00   0.000000000000000E+00   0.000000000000000E+00
   9.999994559700000E-01   9.382105847100000E+00   5.042868689000000E-01   2.987333894800000E+00   1.274502677800000E+00   0.000000000000000E+00   0.000000000000000E+00   0.000000000000000E+00   0.000000000000000E+00
   9.999994977100000E-01   9.364984140800001E+00   5.042165766200000E-01   3.400273567700000E+00   1.621724402500000E+00   0.000000000000000E+00   0.000000000000000E+00   0.000000000000000E+00   0.000000000000000E+00
   9.999995394600000E-01   9.342852126900000E+00   5.041254631500000E-01   3.928686984700000E+00   2.120079392100000E+00   0.000000000000000E+00   0.000000000000000E+00   0.000000000000000E+00   0.000000000000000E+00
   9.999995675100000E-01   9.324078202600001E+00   5.040481912400000E-01   4.371457236100000E+00   2.583892882000000E+00   0.000000000000000E+00   0.000000000000000E+00   0.000000000000000E+00   0.000000000000000E+00
   9.999995955700000E-01   9.301031621300000E+00   5.039535087700000E-01   4.907993230500000E+00   3.200083426700000E+00   0.000000000000000E+00   0.000000000000000E+00   0.000000000000000E+00   0.000000000000000E+00
   9.999996236299999E-01   9.272258993099999E+00   5.038356832799999E-01   5.566450963600000E+00   4.037634600200000E+00   0.000000000000000E+00   0.000000000000000E+00   0.000000000000000E+00   0.000000000000000E+00
   9.999996516800000E-01   9.235633194400000E+00   5.036863759700000E-01   6.386720260000000E+00   5.203169101700000E+00   0.000000000000000E+00   0.000000000000000E+00   0.000000000000000E+00   0.000000000000000E+00
   9.999996726300000E-01   9.201348471999999E+00   5.035472774100000E-01   7.136724692200000E+00   6.386447178000000E+00   0.000000000000000E+00   0.000000000000000E+00   0.000000000000000E+00   0.000000000000000E+00
   9.999996935900000E-01   9.159121820599999E+00   5.033767636399999E-01   8.038210911500000E+00   7.953388189500000E+00   0.000000000000000E+00   0.000000000000000E+00   0.000000000000000E+00   0.000000000000000E+00
   9.999997145400000E-01   9.106355503000000E+00   5.031647969100000E-01   9.131496936400000E+00   1.006727375400000E+01   0.000000000000000E+00   0.000000000000000E+00   0.000000000000000E+00   0.000000000000000E+00
   9.999997354900000E-01   9.039361433300000E+00   5.028971861200000E-01   1.047062073200000E+01   1.297222266600000E+01   0.000000000000000E+00   0.000000000000000E+00   0.000000000000000E+00   0.000000000000000E+00
   9.999997516200000E-01   8.974923124000000E+00   5.026411054300000E-01   1.171092936200000E+01   1.597438494800000E+01   0.000000000000000E+00   0.000000000000000E+00   0.000000000000000E+00   0.000000000000000E+00
   9.999997677400000E-01   8.895749147300000E+00   5.023279204400000E-01   1.317699537500000E+01   1.990838407300000E+01   0.000000000000000E+00   0.000000000000000E+00   0.000000000000000E+00   0.000000000000000E+00
   9.999997838600000E-01   8.797457519300000E+00   5.019409356100000E-01   1.491555330900000E+01   2.512826230400000E+01   0.000000000000000E+00   0.000000000000000E+00   0.000000000000000E+00   0.000000000000000E+00
   9.999997999900000E-01   8.674169963300001E+00   5.014578179700000E-01   1.698231610300000E+01   3.213305389400000E+01   0.000000000000000E+00   0.000000000000000E+00   0.000000000000000E+00   0.000000000000000E+00
   9.999998126600000E-01   8.554744585600000E+00   5.009917467500000E-01   1.887610312900000E+01   3.934226582600000E+01   0.000000000000000E+00   0.000000000000000E+00   0.000000000000000E+00   0.000000000000000E+00
   9.999998253300000E-01   8.410307905500000E+00   5.004300591300000E-01   2.103994370900000E+01   4.854548122200000E+01   0.000000000000000E+00   0.000000000000000E+00   0.000000000000000E+00   0.000000000000000E+00
   9.999998380100000E-01   8.234969582100000E+00   4.997505246500000E-01   2.349957616200000E+01   6.034105032700000E+01   0.000000000000000E+00   0.000000000000000E+00   0.000000000000000E+00   0.000000000000000E+00
   9.999998506800000E-01   8.021692323000000E+00   4.989266354000000E-01   2.627227126600000E+01   7.548319730700000E+01   0.000000000000000E+00   0.000000000000000E+00   0.000000000000000E+00   0.000000000000000E+00
   9.999998611100001E-01   7.812082131900000E+00   4.981191442300000E-01   2.878839406200000E+01   9.109941689800000E+01   0.000000000000000E+00   0.000000000000000E+00   0.000000000000000E+00   0.000000000000000E+00
   9.999998715400000E-01   7.566464228800000E+00   4.971751401400000E-01   3.150049246800000E+01   1.102011434400000E+02   0.000000000000000E+00   0.000000000000000E+00   0.000000000000000E+00   0.000000000000000E+00
   9.999998819600000E-01   7.280044436300000E+00   4.960766603900000E-01   3.437252975600000E+01   1.334242642900000E+02   0.000000000000000E+00   0.000000000000000E+00   0.000000000000000E+00   0.000000000000000E+00
   9.999998923900000E-01   6.948629846500000E+00   4.948080330300000E-01   3.734174971300000E+01   1.613941376000000E+02   0.000000000000000E+00   0.000000000000000E+00   0.000000000000000E+00   0.000000000000000E+00
   9.999999020600000E-01   6.598559321100000E+00   4.934701317800000E-01   4.010125755800000E+01   1.920381879800000E+02   0.000000000000000E+00   0.000000000000000E+00   0.000000000000000E+00   0.000000000000000E+00
   9.999999117300000E-01   6.206811531900000E+00   4.919748872200000E-01   4.276338056500000E+01   2.274797807900000E+02   0.000000000000000E+00   0.000000000000000E+00   0.000000000000000E+00   0.000000000000000E+00
   9.999999214000000E-01   5.775414133900000E+00   4.903300064300000E-01   4.520724860500000E+01   2.676949081800000E+02   0.000000000000000E+00   0.000000000000000E+00   0.000000000000000E+00   0.000000000000000E+00
   9.999999310700000E-01   5.309507324200000E+00   4.885548689700000E-01   4.729697621900000E+01   3.122900578000000E+02   0.000000000000000E+00   0.000000000000000E+00   0.000000000000000E+00   0.000000000000000E+00
   9.999999397100000E-01   4.871028500000000E+00   4.868849454800000E-01   4.875467927600000E+01   3.551484314900000E+02   0.000000000000000E+00   0.000000000000000E+00   0.000000000000000E+00   0.000000000000000E+00
   9.999999483499999E-01   4.419884894600000E+00   4.851670002400000E-01   4.973935971600000E+01   3.999236838700000E+02   0.000000000000000E+00   0.000000000000000E+00   0.000000000000000E+00   0.000000000000000E+00
   9.999999569800000E-01   3.965604179900000E+00   4.834368287800000E-01   5.019148527200000E+01   4.454605314300000E+02   0.000000000000000E+00   0.000000000000000E+00   0.000000000000000E+00   0.000000000000000E+00
   9.999999656200000E-01   3.518323502100000E+00   4.817325199600000E-01   5.008260317000000E+01   4.904468956700000E+02   0.000000000000000E+00   0.000000000000000E+00   0.000000000000000E+00   0.000000000000000E+00
   9.999999742100000E-01   3.089900509100000E+00   4.800987629400000E-01   4.942427487500000E+01   5.333259187000000E+02   0.000000000000000E+00   0.000000000000000E+00   0.000000000000000E+00   0.000000000000000E+00
   9.999999828100000E-01   2.686590221900000E+00   4.785590042100000E-01   4.825924504900000E+01   5.730761815200000E+02   0.000000000000000E+00   0.000000000000000E+00   0.000000000000000E+00   0.000000000000000E+00
   9.999999914000000E-01   2.314859074800000E+00   4.771376379400000E-01   4.665560901200000E+01   6.086741363300000E+02   0.000000000000000E+00   0.000000000000000E+00   0.000000000000000E+00   0.000000000000000E+00
   1.000000000000000E+00   1.978880643800000E+00   4.758504853200000E-01   4.470069957000000E+01   6.393771258800000E+02   0.000000000000000E+00   0.000000000000000E+00   0.000000000000000E+00   0.000000000000000E+00
