   0.000000000000000E+00   4.926872988300000E-01   9.999999955900000E-01   1.684335693400000E+00   1.823031109800000E+00   0.000000000000000E+00   0.000000000000000E+00   0.000000000000000E+00   0.000000000000000E+00
   3.071331698200000E-04   6.036022003200000E-01   8.975842077300000E-01   1.603271025200000E+00   1.688936060500000E+00   0.000000000000000E+00   0.000000000000000E+00   0.000000000000000E+00   0.000000000000000E+00
   6.142663396300000E-04   7.269989719600000E-01   8.101740704800000E-01   1.561033592500000E+00   1.506342075100000E+00   0.000000000000000E+00   0.000000000000000E+00   0.000000000000000E+00   0.000000000000000E+00
   9.213995094500000E-04   8.639222758600000E-01   7.352826055600000E-01   1.503306654400000E+00   1.402529297000000E+00   0.000000000000000E+00   0.000000000000000E+00   0.000000000000000E+00   0.000000000000000E+00
   1.228532679300000E-03   1.012771327300000E+00   6.709702709799999E-01   1.481468883300000E+00   1.237570254500000E+00   0.000000000000000E+00   0.000000000000000E+00   0.000000000000000E+00   0.000000000000000E+00
   1.509169294800000E-03   1.159584040300000E+00   6.201606756000000E-01   1.425167007500000E+00   1.201068548800000E+00   0.000000000000000E+00   0.000000000000000E+00   0.000000000000000E+00   0.000000000000000E+00
   1.789805910300000E-03   1.314283719400000E+00   5.759538332600000E-01   1.402762508400000E+00   1.095061493400000E+00   0.000000000000000E+00   0.000000000000000E+00   0.000000000000000E+00   0.000000000000000E+00
   2.070442525800000E-03   1.476193118300000E+00   5.375522352100000E-01   1.361289034100000E+00   1.052115306200000E+00   0.000000000000000E+00   0.000000000000000E+00   0.000000000000000E+00   0.000000000000000E+00
   2.351079141300000E-03   1.642587192000000E+00   5.042715814399999E-01   1.353118798100000E+00   9.370324435200000E-01   0.000000000000000E+00   0.000000000000000E+00   0.000000000000000E+00   0.000000000000000E+00
   2.917198040100000E-03   1.984494591400000E+00   4.503954662700000E-01   1.280018132000000E+00   8.832581642100000E-01   0.000000000000000E+00   0.000000000000000E+00   0.000000000000000E+00   0.000000000000000E+00
   3.483316938900000E-03   2.315084431000000E+00   4.109832512600000E-01   1.245685782100000E+00   7.722212152400000E-01   0.000000000000000E+00   0.000000000000000E+00   0.000000000000000E+00   0.000000000000000E+00
   4.049435837600000E-03   2.614995764300000E+00   3.827411002800000E-01   1.197724970700000E+00   7.343203799000000E-01   0.000000000000000E+00   0.000000000000000E+00   0.000000000000000E+00   0.000000000000000E+00
   4.615554736400000E-03   2.867737147800000E+00   3.629314969600000E-01   1.188824589100000E+00   6.332274484000000E-01   0.000000000000000E+00   0.000000000000000E+00   0.000000000000000E+00   0.000000000000000E+00
   5.190291819500000E-03   3.072535548200000E+00   3.491637837300000E-01   1.145276064100000E+00   6.496931506700000E-01   0.000000000000000E+00   0.000000000000000E+00   0.000000000000000E+00   0.000000000000000E+00
   5.765028902500000E-03   3.224634896900000E+00   3.399276228200000E-01   1.139512884900000E+00   5.977031925500000E-01   0.000000000000000E+00   0.000000000000000E+00   0.000000000000000E+00   0.000000000000000E+00
   6.339765985500000E-03   3.333828463000000E+00   3.338234495100000E-01   1.117285119700000E+00   6.074647995200000E-01   0.000000000000000E+00   0.000000000000000E+00   0.000000000000000E+00   0.000000000000000E+00
   6.914503068600000E-03   3.408535206300000E+00   3.298261591700000E-01   1.130273969400000E+00   5.438786073000000E-01   0.000000000000000E+00   0.000000000000000E+00   0.000000000000000E+00   0.000000000000000E+00
   7.605383467800000E-03   3.467445380900000E+00   3.268316430100000E-01   1.103457503600000E+00   5.873072712500000E-01   0.000000000000000E+00   0.000000000000000E+00   0.000000000000000E+00   0.000000000000000E+00
   8.296263866900000E-03   3.502706238900000E+00   3.250636776200000E-01   1.110556036700000E+00   5.552699930200000E-01   0.000000000000000E+00   0.000000000000000E+00   0.000000000000000E+00   0.000000000000000E+00
   8.987144266100000E-03   3.524082675300000E+00   3.240237732400000E-01   1.097689627400000E+00   5.790268994500000E-01   0.000000000000000E+00   0.000000000000000E+00   0.000000000000000E+00   0.000000000000000E+00
   9.678024665299999E-03   3.536369160100000E+00   3.234103641400000E-01   1.117202368100000E+00   5.251377285900000E-01   0.000000000000000E+00   0.000000000000000E+00   0.000000000000000E+00   0.000000000000000E+00
   1.142682655100000E-02   3.550113643700000E+00   3.227624799900000E-01   1.095057987500000E+00   5.752730161100000E-01   0.000000000000000E+00   0.000000000000000E+00   0.000000000000000E+00   0.000000000000000E+00
   1.317562843700000E-02   3.553132634800000E+00   3.226097975800000E-01   1.105444707400000E+00   5.480005161900000E-01   0.000000000000000E+00   0.000000000000000E+00   0.000000000000000E+00   0.000000000000000E+00
   1.492443032400000E-02   3.554210844600000E+00   3.225655688900000E-01   1.094645592500000E+00   5.746828761700000E-01   0.000000000000000E+00   0.000000000000000E+00   0.000000000000000E+00   0.000000000000000E+00
   1.667323221000000E-02   3.554180496400000E+00   3.225526064100000E-01   1.115397567700000E+00   5.226000517200000E-01   0.000000000000000E+00   0.000000000000000E+00   0.000000000000000E+00   0.000000000000000E+00
   2.402548124300000E-02   3.554584495300000E+00   3.225476202400000E-01   1.094608490300000E+00   5.746279020200000E-01   0.000000000000000E+00   0.000000000000000E+00   0.000000000000000E+00   0.000000000000000E+00
   3.137773027700000E-02   3.554408783900000E+00   3.225486344300000E-01   1.105314378300000E+00   5.478219598800000E-01   0.000000000000000E+00   0.000000000000000E+00   0.000000000000000E+00   0.000000000000000E+00
   3.872997931100000E-02   3.554575006300000E+00   3.225480752500000E-01   1.094609709100000E+00   5.746286033500000E-01   0.000000000000000E+00   0.000000000000000E+00   0.000000000000000E+00   0.000000000000000E+00
   4.608222834400000E-02   3.554268846000000E+00   3.225483693900000E-01   1.115386981800000E+00   5.225916083700000E-01   0.000000000000000E+00   0.000000000000000E+00   0.000000000000000E+00   0.000000000000000E+00
   6.915640626800000E-02   3.554573250400000E+00   3.225481593800000E-01   1.094610032900000E+00   5.746284864100000E-01   0.000000000000000E+00   0.000000000000000E+00   0.000000000000000E+00   0.000000000000000E+00
   9.223058419100000E-02   3.554418597900000E+00   3.225481639400000E-01   1.105312974300000E+00   5.478215947800000E-01   0.000000000000000E+00   0.000000000000000E+00   0.000000000000000E+00   0.000000000000000E+00
   1.153047621100000E-01   3.554572029000000E+00   3.225482179100000E-01   1.094610239500000E+00   5.746284518600000E-01   0.000000000000000E+00   0.000000000000000E+00   0.000000000000000E+00   0.000000000000000E+00
   1.383789400400000E-01   3.554276938200000E+00   3.225479815700000E-01   1.115385631800000E+00   5.225917900900000E-01   0.000000000000000E+00   0.000000000000000E+00   0.000000000000000E+00   0.000000000000000E+00
   1.566710888100000E-01   3.554571114200000E+00   3.225482617400000E-01   1.094610412000000E+00   5.746283815500000E-01   0.000000000000000E+00   0.000000000000000E+00   0.000000000000000E+00   0.000000000000000E+00
   1.749632375800000E-01   3.554421101300000E+00   3.225480440100000E-01   1.105312495400000E+00   5.478218046700000E-01   0.000000000000000E+00   0.000000000000000E+00   0.000000000000000E+00   0.000000000000000E+00
   1.932553863500000E-01   3.554570304100000E+00   3.225483005300000E-01   1.094610598900000E+00   5.746282333700000E-01   0.000000000000000E+00   0.000000000000000E+00   0.000000000000000E+00   0.000000000000000E+00
   2.115475351200000E-01   3.554282417700000E+00   3.225477191800000E-01   1.115384405700000E+00   5.225926962600000E-01   0.000000000000000E+00   0.000000000000000E+00   0.000000000000000E+00   0.000000000000000E+00
   2.264443617200000E-01   3.554569745400000E+00   3.225483272600000E-01   1.094610754900000E+00   5.746280632200000E-01   0.000000000000000E+00   0.000000000000000E+00   0.000000000000000E+00   0.000000000000000E+00
   2.413411883300000E-01   3.554422641000000E+00   3.225479703400000E-01   1.105312058900000E+00   5.478222904900000E-01   0.000000000000000E+00   0.000000000000000E+00   0.000000000000000E+00   0.000000000000000E+00
   2.562380149400000E-01   3.554569298200000E+00   3.225483486300000E-01   1.094610929200000E+00   5.746278028800000E-01   0.000000000000000E+00   0.000000000000000E+00   0.000000000000000E+00   0.000000000000000E+00
   2.711348415500000E-01   3.554285530400000E+00   3.225475704400000E-01   1.115383265000000E+00   5.225943265900000E-01   0.000000000000000E+00   0.000000000000000E+00   0.000000000000000E+00   0.000000000000000E+00
   2.848954402600000E-01   3.554569034200000E+00   3.225483612100000E-01   1.094611070100000E+00   5.746275535800000E-01   0.000000000000000E+00   0.000000000000000E+00   0.000000000000000E+00   0.000000000000000E+00
   2.986560389700000E-01   3.554423401500000E+00   3.225479340800000E-01   1.105311659300000E+00   5.478229922100000E-01   0.000000000000000E+00   0.000000000000000E+00   0.000000000000000E+00   0.000000000000000E+00
   3.124166376800000E-01   3.554568837700000E+00   3.225483705400000E-01   1.094611229800000E+00   5.746272305700000E-01   0.000000000000000E+00   0.000000000000000E+00   0.000000000000000E+00   0.000000000000000E+00
   3.261772363900000E-01   3.554286917700000E+00   3.225475045100000E-01   1.115382230000000E+00   5.225963752700000E-01   0.000000000000000E+00   0.000000000000000E+00   0.000000000000000E+00   0.000000000000000E+00
   3.367828961600000E-01   3.554568709800000E+00   3.225483765800000E-01   1.094611379200000E+00   5.746269060300000E-01   0.000000000000000E+00   0.000000000000000E+00   0.000000000000000E+00   0.000000000000000E+00
   3.473885559200000E-01   3.554423749800000E+00   3.225479176400000E-01   1.105311238600000E+00   5.478239104100000E-01   0.000000000000000E+00   0.000000000000000E+00   0.000000000000000E+00   0.000000000000000E+00
   3.579942156800000E-01   3.554568624900000E+00   3.225483805300000E-01   1.094611569300000E+00   5.746264626199999E-01   0.000000000000000E+00   0.000000000000000E+00   0.000000000000000E+00   0.000000000000000E+00
   3.685998754500000E-01   3.554287558800000E+00   3.225474745600000E-01   1.115381004100000E+00   5.225991991200000E-01   0.000000000000000E+00   0.000000000000000E+00   0.000000000000000E+00   0.000000000000000E+00
   3.794268510100000E-01   3.554568584100000E+00   3.225483823800000E-01   1.094611726000000E+00   5.746260852000000E-01   0.000000000000000E+00   0.000000000000000E+00   0.000000000000000E+00   0.000000000000000E+00
   3.902538265800000E-01   3.554423876200000E+00   3.225479118800000E-01   1.105310794800000E+00   5.478249744600000E-01   0.000000000000000E+00   0.000000000000000E+00   0.000000000000000E+00   0.000000000000000E+00
   4.010808021500000E-01   3.554568557100000E+00   3.225483835500000E-01   1.094611906500000E+00   5.746256428299999E-01   0.000000000000000E+00   0.000000000000000E+00   0.000000000000000E+00   0.000000000000000E+00
   4.119077777100000E-01   3.554287759100000E+00   3.225474657400000E-01   1.115379846400000E+00   5.226020263000000E-01   0.000000000000000E+00   0.000000000000000E+00   0.000000000000000E+00   0.000000000000000E+00
   4.294996252200000E-01   3.554568546700000E+00   3.225483839600000E-01   1.094612029500000E+00   5.746253379700000E-01   0.000000000000000E+00   0.000000000000000E+00   0.000000000000000E+00   0.000000000000000E+00
   4.470914727200000E-01   3.554423912500000E+00   3.225479103700000E-01   1.105310446700000E+00   5.478258342700000E-01   0.000000000000000E+00   0.000000000000000E+00   0.000000000000000E+00   0.000000000000000E+00
   4.646833202300000E-01   3.554568539000000E+00   3.225483842600000E-01   1.094612139700000E+00   5.746250644599999E-01   0.000000000000000E+00   0.000000000000000E+00   0.000000000000000E+00   0.000000000000000E+00
   4.822751677300000E-01   3.554287810800000E+00   3.225474637500000E-01   1.115379141200000E+00   5.226037764300000E-01   0.000000000000000E+00   0.000000000000000E+00   0.000000000000000E+00   0.000000000000000E+00
   4.963277675700000E-01   3.554568533300000E+00   3.225483844600000E-01   1.094612244900000E+00   5.746248024600000E-01   0.000000000000000E+00   0.000000000000000E+00   0.000000000000000E+00   0.000000000000000E+00
   5.103803674100000E-01   3.554423928300000E+00   3.225479098200000E-01   1.105310149500000E+00   5.478265740700000E-01   0.000000000000000E+00   0.000000000000000E+00   0.000000000000000E+00   0.000000000000000E+00
   5.244329672600000E-01   3.554568528100000E+00   3.225483846100000E-01   1.094612382400000E+00   5.746244594400000E-01   0.000000000000000E+00   0.000000000000000E+00   0.000000000000000E+00   0.000000000000000E+00
   5.384855671000000E-01   3.554287846200000E+00   3.225474626600000E-01   1.115378261400000E+00   5.226059714600000E-01   0.000000000000000E+00   0.000000000000000E+00   0.000000000000000E+00   0.000000000000000E+00
   5.493036925500000E-01   3.554568524100000E+00   3.225483847100000E-01   1.094612516600000E+00   5.746241241400000E-01   0.000000000000000E+00   0.000000000000000E+00   0.000000000000000E+00   0.000000000000000E+00
   5.601218180100000E-01   3.554423939300000E+00   3.225479095600000E-01   1.105309770700000E+00   5.478275208300000E-01   0.000000000000000E+00   0.000000000000000E+00   0.000000000000000E+00   0.000000000000000E+00
   5.709399434600000E-01   3.554568520300000E+00   3.225483847700000E-01   1.094612694800000E+00   5.746236781800000E-01   0.000000000000000E+00   0.000000000000000E+00   0.000000000000000E+00   0.000000000000000E+00
   5.817580689200000E-01   3.554287872500000E+00   3.225474621800000E-01   1.115377120500000E+00   5.226088253900000E-01   0.000000000000000E+00   0.000000000000000E+00   0.000000000000000E+00   0.000000000000000E+00
   5.906620843300000E-01   3.554568517200000E+00   3.225483848000000E-01   1.094612862500000E+00   5.746232582900000E-01   0.000000000000000E+00   0.000000000000000E+00   0.000000000000000E+00   0.000000000000000E+00
   5.995660997400000E-01   3.554423948000000E+00   3.225479094700000E-01   1.105309297100000E+00   5.478287063700000E-01   0.000000000000000E+00   0.000000000000000E+00   0.000000000000000E+00   0.000000000000000E+00
   6.084701151400000E-01   3.554568513800000E+00   3.225483848200000E-01   1.094613078900000E+00   5.746227163099999E-01   0.000000000000000E+00   0.000000000000000E+00   0.000000000000000E+00   0.000000000000000E+00
   6.173741305500000E-01   3.554287894800000E+00   3.225474620700000E-01   1.115375735500000E+00   5.226122939500000E-01   0.000000000000000E+00   0.000000000000000E+00   0.000000000000000E+00   0.000000000000000E+00
   6.252282200300000E-01   3.554568511000000E+00   3.225483848200000E-01   1.094613275100000E+00   5.746222248300000E-01   0.000000000000000E+00   0.000000000000000E+00   0.000000000000000E+00   0.000000000000000E+00
   6.330823095100000E-01   3.554423956100000E+00   3.225479094600000E-01   1.105308743200000E+00   5.478300940700001E-01   0.000000000000000E+00   0.000000000000000E+00   0.000000000000000E+00   0.000000000000000E+00
   6.409363990000000E-01   3.554568507500000E+00   3.225483848100000E-01   1.094613520400000E+00   5.746216104000000E-01   0.000000000000000E+00   0.000000000000000E+00   0.000000000000000E+00   0.000000000000000E+00
   6.487904884800000E-01   3.554287917000000E+00   3.225474620900000E-01   1.115374165800000E+00   5.226162262800000E-01   0.000000000000000E+00   0.000000000000000E+00   0.000000000000000E+00   0.000000000000000E+00
   6.565945629400000E-01   3.554568504700000E+00   3.225483848000000E-01   1.094613729500000E+00   5.746210864800000E-01   0.000000000000000E+00   0.000000000000000E+00   0.000000000000000E+00   0.000000000000000E+00
   6.643986374000000E-01   3.554423964200000E+00   3.225479094800000E-01   1.105308152700000E+00   5.478315733800000E-01   0.000000000000000E+00   0.000000000000000E+00   0.000000000000000E+00   0.000000000000000E+00
   6.722027118600000E-01   3.554568501300000E+00   3.225483847900000E-01   1.094613976300000E+00   5.746204681600000E-01   0.000000000000000E+00   0.000000000000000E+00   0.000000000000000E+00   0.000000000000000E+00
   6.800067863100000E-01   3.554287938500000E+00   3.225474621500000E-01   1.115372586300000E+00   5.226201835299999E-01   0.000000000000000E+00   0.000000000000000E+00   0.000000000000000E+00   0.000000000000000E+00
   6.867676006500000E-01   3.554568498300000E+00   3.225483847800000E-01   1.094614202200000E+00   5.746199020600000E-01   0.000000000000000E+00   0.000000000000000E+00   0.000000000000000E+00   0.000000000000000E+00
   6.935284149900000E-01   3.554423972900000E+00   3.225479095100000E-01   1.105307514700000E+00   5.478331717700000E-01   0.000000000000000E+00   0.000000000000000E+00   0.000000000000000E+00   0.000000000000000E+00
   7.002892293300000E-01   3.554568494400000E+00   3.225483847700000E-01   1.094614487100000E+00   5.746191883900000E-01   0.000000000000000E+00   0.000000000000000E+00   0.000000000000000E+00   0.000000000000000E+00
   7.070500436600000E-01   3.554287963100000E+00   3.225474622300000E-01   1.115370763300000E+00   5.226247509700001E-01   0.000000000000000E+00   0.000000000000000E+00   0.000000000000000E+00   0.000000000000000E+00
   7.130427432000001E-01   3.554568490900000E+00   3.225483847600000E-01   1.094614744700000E+00   5.746185429400000E-01   0.000000000000000E+00   0.000000000000000E+00   0.000000000000000E+00   0.000000000000000E+00
   7.190354427400000E-01   3.554423982700000E+00   3.225479095400000E-01   1.105306787300000E+00   5.478349942200000E-01   0.000000000000000E+00   0.000000000000000E+00   0.000000000000000E+00   0.000000000000000E+00
   7.250281422700000E-01   3.554568486600000E+00   3.225483847500000E-01   1.094615066000000E+00   5.746177379000000E-01   0.000000000000000E+00   0.000000000000000E+00   0.000000000000000E+00   0.000000000000000E+00
   7.310208418100000E-01   3.554287990900000E+00   3.225474623200000E-01   1.115368706900000E+00   5.226299032300000E-01   0.000000000000000E+00   0.000000000000000E+00   0.000000000000000E+00   0.000000000000000E+00
   7.357307526600000E-01   3.554568482400000E+00   3.225483847300000E-01   1.094615376300000E+00   5.746169604700000E-01   0.000000000000000E+00   0.000000000000000E+00   0.000000000000000E+00   0.000000000000000E+00
   7.404406635100000E-01   3.554423994500000E+00   3.225479095800000E-01   1.105305911200000E+00   5.478371892700000E-01   0.000000000000000E+00   0.000000000000000E+00   0.000000000000000E+00   0.000000000000000E+00
   7.451505743500000E-01   3.554568476900000E+00   3.225483847100000E-01   1.094615785100000E+00   5.746159363200000E-01   0.000000000000000E+00   0.000000000000000E+00   0.000000000000000E+00   0.000000000000000E+00
   7.498604852000000E-01   3.554288026200000E+00   3.225474624400000E-01   1.115366090700000E+00   5.226364578000000E-01   0.000000000000000E+00   0.000000000000000E+00   0.000000000000000E+00   0.000000000000000E+00
   7.539915231400000E-01   3.554568471900000E+00   3.225483847000000E-01   1.094616156900000E+00   5.746150048699999E-01   0.000000000000000E+00   0.000000000000000E+00   0.000000000000000E+00   0.000000000000000E+00
   7.581225610700000E-01   3.554424008700000E+00   3.225479096200000E-01   1.105304861500000E+00   5.478398192300000E-01   0.000000000000000E+00   0.000000000000000E+00   0.000000000000000E+00   0.000000000000000E+00
   7.622535990100000E-01   3.554568465600000E+00   3.225483846800000E-01   1.094616622800000E+00   5.746138374100001E-01   0.000000000000000E+00   0.000000000000000E+00   0.000000000000000E+00   0.000000000000000E+00
   7.663846369400000E-01   3.554288066500000E+00   3.225474625700000E-01   1.115363108500000E+00   5.226439295600001E-01   0.000000000000000E+00   0.000000000000000E+00   0.000000000000000E+00   0.000000000000000E+00
   7.704393565200000E-01   3.554568460200000E+00   3.225483846600000E-01   1.094617022600000E+00   5.746128358200000E-01   0.000000000000000E+00   0.000000000000000E+00   0.000000000000000E+00   0.000000000000000E+00
   7.744940761000000E-01   3.554424024000000E+00   3.225479096700000E-01   1.105303732700000E+00   5.478426472400000E-01   0.000000000000000E+00   0.000000000000000E+00   0.000000000000000E+00   0.000000000000000E+00
   7.785487956700000E-01   3.554568453800000E+00   3.225483846400000E-01   1.094617497300000E+00   5.746116466100000E-01   0.000000000000000E+00   0.000000000000000E+00   0.000000000000000E+00   0.000000000000000E+00
   7.826035152500000E-01   3.554288107500000E+00   3.225474627100000E-01   1.115360070700000E+00   5.226515405200000E-01   0.000000000000000E+00   0.000000000000000E+00   0.000000000000000E+00   0.000000000000000E+00
   7.863084915500000E-01   3.554568448100000E+00   3.225483846200000E-01   1.094617919700000E+00   5.746105881600000E-01   0.000000000000000E+00   0.000000000000000E+00   0.000000000000000E+00   0.000000000000000E+00
   7.900134678400000E-01   3.554424040100000E+00   3.225479097300000E-01   1.105302539900000E+00   5.478456357700000E-01   0.000000000000000E+00   0.000000000000000E+00   0.000000000000000E+00   0.000000000000000E+00
   7.937184441400000E-01   3.554568441100000E+00   3.225483846000000E-01   1.094618439100000E+00   5.746092869400000E-01   0.000000000000000E+00   0.000000000000000E+00   0.000000000000000E+00   0.000000000000000E+00
   7.974234204300000E-01   3.554288152400000E+00   3.225474628500000E-01   1.115356746800000E+00   5.226598683000000E-01   0.000000000000000E+00   0.000000000000000E+00   0.000000000000000E+00   0.000000000000000E+00
   8.007110365700000E-01   3.554568434700000E+00   3.225483845800000E-01   1.094618908500000E+00   5.746081108200000E-01   0.000000000000000E+00   0.000000000000000E+00   0.000000000000000E+00   0.000000000000000E+00
   8.039986527100000E-01   3.554424057900000E+00   3.225479097900000E-01   1.105301214500000E+00   5.478489565600000E-01   0.000000000000000E+00   0.000000000000000E+00   0.000000000000000E+00   0.000000000000000E+00
   8.072862688400000E-01   3.554568426800000E+00   3.225483845500000E-01   1.094619493700000E+00   5.746066447400000E-01   0.000000000000000E+00   0.000000000000000E+00   0.000000000000000E+00   0.000000000000000E+00
   8.105738849800000E-01   3.554288202900000E+00   3.225474630200000E-01   1.115353001700000E+00   5.226692512300000E-01   0.000000000000000E+00   0.000000000000000E+00   0.000000000000000E+00   0.000000000000000E+00
   8.140240158199999E-01   3.554568420300000E+00   3.225483845300000E-01   1.094619979300000E+00   5.746054280600000E-01   0.000000000000000E+00   0.000000000000000E+00   0.000000000000000E+00   0.000000000000000E+00
   8.174741466500000E-01   3.554424076500000E+00   3.225479098500000E-01   1.105299843300000E+00   5.478523919000000E-01   0.000000000000000E+00   0.000000000000000E+00   0.000000000000000E+00   0.000000000000000E+00
   8.209242774900000E-01   3.554568412700000E+00   3.225483845000000E-01   1.094620536800000E+00   5.746040313500000E-01   0.000000000000000E+00   0.000000000000000E+00   0.000000000000000E+00   0.000000000000000E+00
   8.243744083200000E-01   3.554288251100000E+00   3.225474631800000E-01   1.115349433900000E+00   5.226781901599999E-01   0.000000000000000E+00   0.000000000000000E+00   0.000000000000000E+00   0.000000000000000E+00
   8.275079822000000E-01   3.554568406000000E+00   3.225483844800000E-01   1.094621034500000E+00   5.746027843200000E-01   0.000000000000000E+00   0.000000000000000E+00   0.000000000000000E+00   0.000000000000000E+00
   8.306415560800000E-01   3.554424095400000E+00   3.225479099100000E-01   1.105298438000000E+00   5.478559129100000E-01   0.000000000000000E+00   0.000000000000000E+00   0.000000000000000E+00   0.000000000000000E+00
   8.337751299500000E-01   3.554568397700000E+00   3.225483844500000E-01   1.094621648100000E+00   5.746012468700000E-01   0.000000000000000E+00   0.000000000000000E+00   0.000000000000000E+00   0.000000000000000E+00
   8.369087038300000E-01   3.554288304100000E+00   3.225474633500000E-01   1.115345506600000E+00   5.226880298100000E-01   0.000000000000000E+00   0.000000000000000E+00   0.000000000000000E+00   0.000000000000000E+00
   8.398556564600000E-01   3.554568390500000E+00   3.225483844300000E-01   1.094622186200000E+00   5.745998988300000E-01   0.000000000000000E+00   0.000000000000000E+00   0.000000000000000E+00   0.000000000000000E+00
   8.428026090800000E-01   3.554424115900000E+00   3.225479099800000E-01   1.105296918800000E+00   5.478597191400000E-01   0.000000000000000E+00   0.000000000000000E+00   0.000000000000000E+00   0.000000000000000E+00
   8.457495617100000E-01   3.554568381700000E+00   3.225483844000000E-01   1.094622838500000E+00   5.745982644299999E-01   0.000000000000000E+00   0.000000000000000E+00   0.000000000000000E+00   0.000000000000000E+00
   8.486965143300000E-01   3.554288360500000E+00   3.225474635400000E-01   1.115341331600000E+00   5.226984899500000E-01   0.000000000000000E+00   0.000000000000000E+00   0.000000000000000E+00   0.000000000000000E+00
   8.509435207300000E-01   3.554568373000000E+00   3.225483843700000E-01   1.094623479300000E+00   5.745966590000000E-01   0.000000000000000E+00   0.000000000000000E+00   0.000000000000000E+00   0.000000000000000E+00
   8.531905271200000E-01   3.554424140400000E+00   3.225479100600000E-01   1.105295109600000E+00   5.478642519700000E-01   0.000000000000000E+00   0.000000000000000E+00   0.000000000000000E+00   0.000000000000000E+00
   8.554375335100000E-01   3.554568361500000E+00   3.225483843400000E-01   1.094624334600000E+00   5.745945161300000E-01   0.000000000000000E+00   0.000000000000000E+00   0.000000000000000E+00   0.000000000000000E+00
   8.576845399000000E-01   3.554288434400000E+00   3.225474637800000E-01   1.115335857800000E+00   5.227122043200000E-01   0.000000000000000E+00   0.000000000000000E+00   0.000000000000000E+00   0.000000000000000E+00
   8.599472803100000E-01   3.554568351700000E+00   3.225483843000000E-01   1.094625058900000E+00   5.745927013300000E-01   0.000000000000000E+00   0.000000000000000E+00   0.000000000000000E+00   0.000000000000000E+00
   8.622100207200000E-01   3.554424168000000E+00   3.225479101500000E-01   1.105293064400000E+00   5.478693761100000E-01   0.000000000000000E+00   0.000000000000000E+00   0.000000000000000E+00   0.000000000000000E+00
   8.644727611200000E-01   3.554568340200000E+00   3.225483842700000E-01   1.094625908000000E+00   5.745905740800000E-01   0.000000000000000E+00   0.000000000000000E+00   0.000000000000000E+00   0.000000000000000E+00
   8.667355015300000E-01   3.554288507700000E+00   3.225474640200000E-01   1.115330423800000E+00   5.227258187100000E-01   0.000000000000000E+00   0.000000000000000E+00   0.000000000000000E+00   0.000000000000000E+00
   8.690861068100000E-01   3.554568330700000E+00   3.225483842300000E-01   1.094626616100000E+00   5.745888000200000E-01   0.000000000000000E+00   0.000000000000000E+00   0.000000000000000E+00   0.000000000000000E+00
   8.714367120800000E-01   3.554424195000000E+00   3.225479102400000E-01   1.105291065100000E+00   5.478743852600000E-01   0.000000000000000E+00   0.000000000000000E+00   0.000000000000000E+00   0.000000000000000E+00
   8.737873173600000E-01   3.554568319600000E+00   3.225483842000000E-01   1.094627433100000E+00   5.745867529699999E-01   0.000000000000000E+00   0.000000000000000E+00   0.000000000000000E+00   0.000000000000000E+00
   8.761379226300000E-01   3.554288578300000E+00   3.225474642500000E-01   1.115325194800000E+00   5.227389198600000E-01   0.000000000000000E+00   0.000000000000000E+00   0.000000000000000E+00   0.000000000000000E+00
   8.787835951500000E-01   3.554568310800000E+00   3.225483841700000E-01   1.094628088800000E+00   5.745851102800000E-01   0.000000000000000E+00   0.000000000000000E+00   0.000000000000000E+00   0.000000000000000E+00
   8.814292676600000E-01   3.554424220000000E+00   3.225479103200000E-01   1.105289213800000E+00   5.478790235000000E-01   0.000000000000000E+00   0.000000000000000E+00   0.000000000000000E+00   0.000000000000000E+00
   8.840749401700000E-01   3.554568301000000E+00   3.225483841400000E-01   1.094628814500000E+00   5.745832920900000E-01   0.000000000000000E+00   0.000000000000000E+00   0.000000000000000E+00   0.000000000000000E+00
   8.867206126800000E-01   3.554288641000000E+00   3.225474644600000E-01   1.115320550300000E+00   5.227505562800000E-01   0.000000000000000E+00   0.000000000000000E+00   0.000000000000000E+00   0.000000000000000E+00
   8.890211618100000E-01   3.554568292000000E+00   3.225483841100000E-01   1.094629477500000E+00   5.745816309300000E-01   0.000000000000000E+00   0.000000000000000E+00   0.000000000000000E+00   0.000000000000000E+00
   8.913217109400000E-01   3.554424245200000E+00   3.225479104000000E-01   1.105287341800000E+00   5.478837137600000E-01   0.000000000000000E+00   0.000000000000000E+00   0.000000000000000E+00   0.000000000000000E+00
   8.936222600600000E-01   3.554568280800000E+00   3.225483840700000E-01   1.094630311800000E+00   5.745795406200001E-01   0.000000000000000E+00   0.000000000000000E+00   0.000000000000000E+00   0.000000000000000E+00
   8.959228091900000E-01   3.554288713100000E+00   3.225474647000000E-01   1.115315210800000E+00   5.227639342200000E-01   0.000000000000000E+00   0.000000000000000E+00   0.000000000000000E+00   0.000000000000000E+00
   8.981593850300000E-01   3.554568271100000E+00   3.225483840400000E-01   1.094631031000000E+00   5.745777387500000E-01   0.000000000000000E+00   0.000000000000000E+00   0.000000000000000E+00   0.000000000000000E+00
   9.003959608800000E-01   3.554424272600000E+00   3.225479104900000E-01   1.105285311200000E+00   5.478888013800000E-01   0.000000000000000E+00   0.000000000000000E+00   0.000000000000000E+00   0.000000000000000E+00
   9.026325367300000E-01   3.554568259500000E+00   3.225483840000000E-01   1.094631888800000E+00   5.745755893800000E-01   0.000000000000000E+00   0.000000000000000E+00   0.000000000000000E+00   0.000000000000000E+00
   9.048691125700000E-01   3.554288787200000E+00   3.225474649400000E-01   1.115309720400000E+00   5.227776901800000E-01   0.000000000000000E+00   0.000000000000000E+00   0.000000000000000E+00   0.000000000000000E+00
   9.068853274300001E-01   3.554568249100000E+00   3.225483839700000E-01   1.094632657700000E+00   5.745736629000000E-01   0.000000000000000E+00   0.000000000000000E+00   0.000000000000000E+00   0.000000000000000E+00
   9.089015422800000E-01   3.554424302000000E+00   3.225479105900000E-01   1.105283140100000E+00   5.478942407900000E-01   0.000000000000000E+00   0.000000000000000E+00   0.000000000000000E+00   0.000000000000000E+00
   9.109177571300000E-01   3.554568236300000E+00   3.225483839200000E-01   1.094633609000000E+00   5.745712794800000E-01   0.000000000000000E+00   0.000000000000000E+00   0.000000000000000E+00   0.000000000000000E+00
   9.129339719800000E-01   3.554288869400000E+00   3.225474652100000E-01   1.115303632100000E+00   5.227929440800000E-01   0.000000000000000E+00   0.000000000000000E+00   0.000000000000000E+00   0.000000000000000E+00
   9.145494038700001E-01   3.554568224000000E+00   3.225483838800000E-01   1.094634517800000E+00   5.745690026400000E-01   0.000000000000000E+00   0.000000000000000E+00   0.000000000000000E+00   0.000000000000000E+00
   9.161648357600000E-01   3.554424336600000E+00   3.225479107000000E-01   1.105280574400000E+00   5.479006692600000E-01   0.000000000000000E+00   0.000000000000000E+00   0.000000000000000E+00   0.000000000000000E+00
   9.177802676500000E-01   3.554568208000000E+00   3.225483838300000E-01   1.094635704600000E+00   5.745660291700000E-01   0.000000000000000E+00   0.000000000000000E+00   0.000000000000000E+00   0.000000000000000E+00
   9.193956995300000E-01   3.554288971900000E+00   3.225474655500000E-01   1.115296036700000E+00   5.228119743100000E-01   0.000000000000000E+00   0.000000000000000E+00   0.000000000000000E+00   0.000000000000000E+00
   9.208725633200000E-01   3.554568193700000E+00   3.225483837800000E-01   1.094636760400000E+00   5.745633837500000E-01   0.000000000000000E+00   0.000000000000000E+00   0.000000000000000E+00   0.000000000000000E+00
   9.223494271000000E-01   3.554424376800000E+00   3.225479108300000E-01   1.105277593200000E+00   5.479081385600000E-01   0.000000000000000E+00   0.000000000000000E+00   0.000000000000000E+00   0.000000000000000E+00
   9.238262908900000E-01   3.554568176200000E+00   3.225483837300000E-01   1.094638057900000E+00   5.745601329000000E-01   0.000000000000000E+00   0.000000000000000E+00   0.000000000000000E+00   0.000000000000000E+00
   9.253031546700000E-01   3.554289084000000E+00   3.225474659200000E-01   1.115287732700000E+00   5.228327797600000E-01   0.000000000000000E+00   0.000000000000000E+00   0.000000000000000E+00   0.000000000000000E+00
   9.267247311200000E-01   3.554568161000000E+00   3.225483836800000E-01   1.094639182000000E+00   5.745573166600000E-01   0.000000000000000E+00   0.000000000000000E+00   0.000000000000000E+00   0.000000000000000E+00
   9.281463075700001E-01   3.554424419700000E+00   3.225479109800000E-01   1.105274419400000E+00   5.479160902300000E-01   0.000000000000000E+00   0.000000000000000E+00   0.000000000000000E+00   0.000000000000000E+00
   9.295678840300000E-01   3.554568142800000E+00   3.225483836200000E-01   1.094640529200000E+00   5.745539411600000E-01   0.000000000000000E+00   0.000000000000000E+00   0.000000000000000E+00   0.000000000000000E+00
   9.309894604800000E-01   3.554289200400000E+00   3.225474663000000E-01   1.115279110300000E+00   5.228543829700000E-01   0.000000000000000E+00   0.000000000000000E+00   0.000000000000000E+00   0.000000000000000E+00
   9.322380698200000E-01   3.554568126300000E+00   3.225483835600000E-01   1.094641753400000E+00   5.745508740300000E-01   0.000000000000000E+00   0.000000000000000E+00   0.000000000000000E+00   0.000000000000000E+00
   9.334866791500001E-01   3.554424466300000E+00   3.225479111300000E-01   1.105270963100000E+00   5.479247501100000E-01   0.000000000000000E+00   0.000000000000000E+00   0.000000000000000E+00   0.000000000000000E+00
   9.347352884900000E-01   3.554568105600000E+00   3.225483834900000E-01   1.094643286400000E+00   5.745470331400000E-01   0.000000000000000E+00   0.000000000000000E+00   0.000000000000000E+00   0.000000000000000E+00
   9.359838978300000E-01   3.554289332900000E+00   3.225474667300000E-01   1.115269299100000E+00   5.228789646799999E-01   0.000000000000000E+00   0.000000000000000E+00   0.000000000000000E+00   0.000000000000000E+00
   9.371800968100000E-01   3.554568087700000E+00   3.225483834400000E-01   1.094644617600000E+00   5.745436978600000E-01   0.000000000000000E+00   0.000000000000000E+00   0.000000000000000E+00   0.000000000000000E+00
   9.383762957900000E-01   3.554424517100000E+00   3.225479113000000E-01   1.105267204500000E+00   5.479341672700000E-01   0.000000000000000E+00   0.000000000000000E+00   0.000000000000000E+00   0.000000000000000E+00
   9.395724947800000E-01   3.554568066100000E+00   3.225483833600000E-01   1.094646216700000E+00   5.745396911900000E-01   0.000000000000000E+00   0.000000000000000E+00   0.000000000000000E+00   0.000000000000000E+00
   9.407686937600001E-01   3.554289471000000E+00   3.225474671900000E-01   1.115259064600000E+00   5.229046073700000E-01   0.000000000000000E+00   0.000000000000000E+00   0.000000000000000E+00   0.000000000000000E+00
   9.420091259400000E-01   3.554568048100000E+00   3.225483833100000E-01   1.094647551300000E+00   5.745363473300000E-01   0.000000000000000E+00   0.000000000000000E+00   0.000000000000000E+00   0.000000000000000E+00
   9.432495581200000E-01   3.554424567900000E+00   3.225479114600000E-01   1.105263436100000E+00   5.479436088500000E-01   0.000000000000000E+00   0.000000000000000E+00   0.000000000000000E+00   0.000000000000000E+00
   9.444899903000000E-01   3.554568027300000E+00   3.225483832400000E-01   1.094649092500000E+00   5.745324859600000E-01   0.000000000000000E+00   0.000000000000000E+00   0.000000000000000E+00   0.000000000000000E+00
   9.457304224800001E-01   3.554289604200000E+00   3.225474676300000E-01   1.115249201200000E+00   5.229293201400000E-01   0.000000000000000E+00   0.000000000000000E+00   0.000000000000000E+00   0.000000000000000E+00
   9.468370560900000E-01   3.554568008500000E+00   3.225483831800000E-01   1.094650481200000E+00   5.745290064000000E-01   0.000000000000000E+00   0.000000000000000E+00   0.000000000000000E+00   0.000000000000000E+00
   9.479436897100000E-01   3.554424620900000E+00   3.225479116400000E-01   1.105259515000000E+00   5.479534332200000E-01   0.000000000000000E+00   0.000000000000000E+00   0.000000000000000E+00   0.000000000000000E+00
   9.490503233299999E-01   3.554567985200000E+00   3.225483831000000E-01   1.094652207600000E+00   5.745246809900000E-01   0.000000000000000E+00   0.000000000000000E+00   0.000000000000000E+00   0.000000000000000E+00
   9.501569569500000E-01   3.554289753300000E+00   3.225474681200000E-01   1.115238152500000E+00   5.229570027300000E-01   0.000000000000000E+00   0.000000000000000E+00   0.000000000000000E+00   0.000000000000000E+00
   9.509397964700000E-01   3.554567961300000E+00   3.225483830200000E-01   1.094653978000000E+00   5.745202453300000E-01   0.000000000000000E+00   0.000000000000000E+00   0.000000000000000E+00   0.000000000000000E+00
   9.517226360000000E-01   3.554424688300000E+00   3.225479118600000E-01   1.105254516900000E+00   5.479659561000000E-01   0.000000000000000E+00   0.000000000000000E+00   0.000000000000000E+00   0.000000000000000E+00
   9.525054755300000E-01   3.554567928400000E+00   3.225483829100000E-01   1.094656416300000E+00   5.745141359700000E-01   0.000000000000000E+00   0.000000000000000E+00   0.000000000000000E+00   0.000000000000000E+00
   9.532883150500000E-01   3.554289963900000E+00   3.225474688100000E-01   1.115222547000000E+00   5.229961026500000E-01   0.000000000000000E+00   0.000000000000000E+00   0.000000000000000E+00   0.000000000000000E+00
   9.540713712800000E-01   3.554567900400000E+00   3.225483828200000E-01   1.094658487600000E+00   5.745089462600000E-01   0.000000000000000E+00   0.000000000000000E+00   0.000000000000000E+00   0.000000000000000E+00
   9.548544275100000E-01   3.554424767300000E+00   3.225479121200000E-01   1.105248668500000E+00   5.479806093900000E-01   0.000000000000000E+00   0.000000000000000E+00   0.000000000000000E+00   0.000000000000000E+00
   9.556374837300000E-01   3.554567867600000E+00   3.225483827100000E-01   1.094660922900000E+00   5.745028445500000E-01   0.000000000000000E+00   0.000000000000000E+00   0.000000000000000E+00   0.000000000000000E+00
   9.564205399600000E-01   3.554290174300000E+00   3.225474695000000E-01   1.115206961100000E+00   5.230351536200000E-01   0.000000000000000E+00   0.000000000000000E+00   0.000000000000000E+00   0.000000000000000E+00
   9.577392147300000E-01   3.554567845300000E+00   3.225483826400000E-01   1.094662571600000E+00   5.744987137599999E-01   0.000000000000000E+00   0.000000000000000E+00   0.000000000000000E+00   0.000000000000000E+00
   9.590578895100000E-01   3.554424830100000E+00   3.225479123200000E-01   1.105244012800000E+00   5.479922745500000E-01   0.000000000000000E+00   0.000000000000000E+00   0.000000000000000E+00   0.000000000000000E+00
   9.603765642900000E-01   3.554567825800000E+00   3.225483825700000E-01   1.094664016600000E+00   5.744950932500000E-01   0.000000000000000E+00   0.000000000000000E+00   0.000000000000000E+00   0.000000000000000E+00
   9.616952390700000E-01   3.554290299100000E+00   3.225474699100000E-01   1.115197713200000E+00   5.230583248600000E-01   0.000000000000000E+00   0.000000000000000E+00   0.000000000000000E+00   0.000000000000000E+00
   9.628665790199999E-01   3.554567808200000E+00   3.225483825200000E-01   1.094665321700000E+00   5.744918231800000E-01   0.000000000000000E+00   0.000000000000000E+00   0.000000000000000E+00   0.000000000000000E+00
   9.640379189700000E-01   3.554424879800000E+00   3.225479124900000E-01   1.105240327800000E+00   5.480015074500000E-01   0.000000000000000E+00   0.000000000000000E+00   0.000000000000000E+00   0.000000000000000E+00
   9.652092589200000E-01   3.554567786300000E+00   3.225483824400000E-01   1.094666947400000E+00   5.744877497799999E-01   0.000000000000000E+00   0.000000000000000E+00   0.000000000000000E+00   0.000000000000000E+00
   9.663805988700001E-01   3.554290439500000E+00   3.225474703700000E-01   1.115187308400000E+00   5.230843945900000E-01   0.000000000000000E+00   0.000000000000000E+00   0.000000000000000E+00   0.000000000000000E+00
   9.670924154100000E-01   3.554567761600000E+00   3.225483823600000E-01   1.094668774900000E+00   5.744831709100000E-01   0.000000000000000E+00   0.000000000000000E+00   0.000000000000000E+00   0.000000000000000E+00
   9.678042319500000E-01   3.554424949500000E+00   3.225479127200000E-01   1.105235168700000E+00   5.480144339900000E-01   0.000000000000000E+00   0.000000000000000E+00   0.000000000000000E+00   0.000000000000000E+00
   9.685160484999999E-01   3.554567725500000E+00   3.225483822500000E-01   1.094671447900000E+00   5.744764736600000E-01   0.000000000000000E+00   0.000000000000000E+00   0.000000000000000E+00   0.000000000000000E+00
   9.692278650400000E-01   3.554290670400000E+00   3.225474711300000E-01   1.115170201600000E+00   5.231272569900000E-01   0.000000000000000E+00   0.000000000000000E+00   0.000000000000000E+00   0.000000000000000E+00
   9.697236827300000E-01   3.554567688200000E+00   3.225483821200000E-01   1.094674213500000E+00   5.744695440799999E-01   0.000000000000000E+00   0.000000000000000E+00   0.000000000000000E+00   0.000000000000000E+00
   9.702195004300000E-01   3.554425054800000E+00   3.225479130600000E-01   1.105227361100000E+00   5.480339963999999E-01   0.000000000000000E+00   0.000000000000000E+00   0.000000000000000E+00   0.000000000000000E+00
   9.707153181200000E-01   3.554567636500000E+00   3.225483819500000E-01   1.094678045900000E+00   5.744599418000000E-01   0.000000000000000E+00   0.000000000000000E+00   0.000000000000000E+00   0.000000000000000E+00
   9.712111358200000E-01   3.554291001400000E+00   3.225474722200000E-01   1.115145674600000E+00   5.231887116400000E-01   0.000000000000000E+00   0.000000000000000E+00   0.000000000000000E+00   0.000000000000000E+00
   9.717620399700000E-01   3.554567594700000E+00   3.225483818200000E-01   1.094681138000000E+00   5.744521941300000E-01   0.000000000000000E+00   0.000000000000000E+00   0.000000000000000E+00   0.000000000000000E+00
   9.723129441200000E-01   3.554425172700000E+00   3.225479134500000E-01   1.105218629900000E+00   5.480558734200000E-01   0.000000000000000E+00   0.000000000000000E+00   0.000000000000000E+00   0.000000000000000E+00
   9.728638482800001E-01   3.554567548300000E+00   3.225483816600000E-01   1.094684582100000E+00   5.744435646600000E-01   0.000000000000000E+00   0.000000000000000E+00   0.000000000000000E+00   0.000000000000000E+00
   9.734147524300000E-01   3.554291298800000E+00   3.225474731900000E-01   1.115123632600000E+00   5.232439403400000E-01   0.000000000000000E+00   0.000000000000000E+00   0.000000000000000E+00   0.000000000000000E+00
   9.740509842200000E-01   3.554567511500000E+00   3.225483815400000E-01   1.094687311200000E+00   5.744367264600000E-01   0.000000000000000E+00   0.000000000000000E+00   0.000000000000000E+00   0.000000000000000E+00
   9.746872160200000E-01   3.554425276700000E+00   3.225479137900000E-01   1.105210923600000E+00   5.480751826200000E-01   0.000000000000000E+00   0.000000000000000E+00   0.000000000000000E+00   0.000000000000000E+00
   9.753234478100000E-01   3.554567471300000E+00   3.225483814100000E-01   1.094690289500000E+00   5.744292639700000E-01   0.000000000000000E+00   0.000000000000000E+00   0.000000000000000E+00   0.000000000000000E+00
   9.759596796000000E-01   3.554291556000000E+00   3.225474740400000E-01   1.115104571600000E+00   5.232917002700000E-01   0.000000000000000E+00   0.000000000000000E+00   0.000000000000000E+00   0.000000000000000E+00
   9.765282635500000E-01   3.554567435100000E+00   3.225483812900000E-01   1.094692970100000E+00   5.744225473600000E-01   0.000000000000000E+00   0.000000000000000E+00   0.000000000000000E+00   0.000000000000000E+00
   9.770968475100000E-01   3.554425378800000E+00   3.225479141300000E-01   1.105203355200000E+00   5.480941461500000E-01   0.000000000000000E+00   0.000000000000000E+00   0.000000000000000E+00   0.000000000000000E+00
   9.776654314600000E-01   3.554567390200000E+00   3.225483811400000E-01   1.094696298400000E+00   5.744142076400000E-01   0.000000000000000E+00   0.000000000000000E+00   0.000000000000000E+00   0.000000000000000E+00
   9.782340154200000E-01   3.554291843400000E+00   3.225474749800000E-01   1.115083270100000E+00   5.233450745200000E-01   0.000000000000000E+00   0.000000000000000E+00   0.000000000000000E+00   0.000000000000000E+00
   9.789450727000000E-01   3.554567355900000E+00   3.225483810300000E-01   1.094698842200000E+00   5.744078336800000E-01   0.000000000000000E+00   0.000000000000000E+00   0.000000000000000E+00   0.000000000000000E+00
   9.796561299900000E-01   3.554425475700000E+00   3.225479144400000E-01   1.105196172000000E+00   5.481121450300001E-01   0.000000000000000E+00   0.000000000000000E+00   0.000000000000000E+00   0.000000000000000E+00
   9.803671872700001E-01   3.554567320000000E+00   3.225483809100000E-01   1.094701500500000E+00   5.744011730200000E-01   0.000000000000000E+00   0.000000000000000E+00   0.000000000000000E+00   0.000000000000000E+00
   9.810782445500000E-01   3.554292072900000E+00   3.225474757400000E-01   1.115066257500000E+00   5.233877027100000E-01   0.000000000000000E+00   0.000000000000000E+00   0.000000000000000E+00   0.000000000000000E+00
   9.815320917300000E-01   3.554567280900000E+00   3.225483807800000E-01   1.094704399000000E+00   5.743939101900000E-01   0.000000000000000E+00   0.000000000000000E+00   0.000000000000000E+00   0.000000000000000E+00
   9.819859389000000E-01   3.554425586100000E+00   3.225479148100000E-01   1.105187989700000E+00   5.481326471700000E-01   0.000000000000000E+00   0.000000000000000E+00   0.000000000000000E+00   0.000000000000000E+00
   9.824397860800000E-01   3.554567224800000E+00   3.225483806000000E-01   1.094708557900000E+00   5.743834891100000E-01   0.000000000000000E+00   0.000000000000000E+00   0.000000000000000E+00   0.000000000000000E+00
   9.828936332500000E-01   3.554292432000000E+00   3.225474769200000E-01   1.115039640200000E+00   5.234543976700000E-01   0.000000000000000E+00   0.000000000000000E+00   0.000000000000000E+00   0.000000000000000E+00
   9.832470260900000E-01   3.554567170300000E+00   3.225483804200000E-01   1.094712592400000E+00   5.743733797600000E-01   0.000000000000000E+00   0.000000000000000E+00   0.000000000000000E+00   0.000000000000000E+00
   9.836004189300001E-01   3.554425739700000E+00   3.225479153100000E-01   1.105176600300000E+00   5.481611860700000E-01   0.000000000000000E+00   0.000000000000000E+00   0.000000000000000E+00   0.000000000000000E+00
   9.839538117700000E-01   3.554567098400000E+00   3.225483801800000E-01   1.094717923300000E+00   5.743600221300000E-01   0.000000000000000E+00   0.000000000000000E+00   0.000000000000000E+00   0.000000000000000E+00
   9.843072046100000E-01   3.554292892200000E+00   3.225474784300000E-01   1.115005523000000E+00   5.235398866400000E-01   0.000000000000000E+00   0.000000000000000E+00   0.000000000000000E+00   0.000000000000000E+00
   9.846056640000000E-01   3.554567031700000E+00   3.225483799600000E-01   1.094722866400000E+00   5.743476356300000E-01   0.000000000000000E+00   0.000000000000000E+00   0.000000000000000E+00   0.000000000000000E+00
   9.849041233800000E-01   3.554425928000000E+00   3.225479159300000E-01   1.105162645100000E+00   5.481961544500000E-01   0.000000000000000E+00   0.000000000000000E+00   0.000000000000000E+00   0.000000000000000E+00
   9.852025827599999E-01   3.554566946700000E+00   3.225483796900000E-01   1.094729163500000E+00   5.743318567400000E-01   0.000000000000000E+00   0.000000000000000E+00   0.000000000000000E+00   0.000000000000000E+00
   9.855010421400000E-01   3.554293435800000E+00   3.225474802100000E-01   1.114965222200000E+00   5.236408717800000E-01   0.000000000000000E+00   0.000000000000000E+00   0.000000000000000E+00   0.000000000000000E+00
   9.858174437900000E-01   3.554566876800000E+00   3.225483794600000E-01   1.094734357300000E+00   5.743188419600000E-01   0.000000000000000E+00   0.000000000000000E+00   0.000000000000000E+00   0.000000000000000E+00
   9.861338454400000E-01   3.554426125800000E+00   3.225479165800000E-01   1.105147979400000E+00   5.482329040200000E-01   0.000000000000000E+00   0.000000000000000E+00   0.000000000000000E+00   0.000000000000000E+00
   9.864502470800000E-01   3.554566796800000E+00   3.225483791900000E-01   1.094740282300000E+00   5.743039948000001E-01   0.000000000000000E+00   0.000000000000000E+00   0.000000000000000E+00   0.000000000000000E+00
   9.867666487300000E-01   3.554293947300000E+00   3.225474818900000E-01   1.114927302000000E+00   5.237358938000000E-01   0.000000000000000E+00   0.000000000000000E+00   0.000000000000000E+00   0.000000000000000E+00
   9.871398991300000E-01   3.554566734200000E+00   3.225483789900000E-01   1.094744929000000E+00   5.742923506600000E-01   0.000000000000000E+00   0.000000000000000E+00   0.000000000000000E+00   0.000000000000000E+00
   9.875131495200000E-01   3.554426302800000E+00   3.225479171600000E-01   1.105134857300000E+00   5.482657860900000E-01   0.000000000000000E+00   0.000000000000000E+00   0.000000000000000E+00   0.000000000000000E+00
   9.878863999200000E-01   3.554566666600000E+00   3.225483787700000E-01   1.094749940400000E+00   5.742797928400000E-01   0.000000000000000E+00   0.000000000000000E+00   0.000000000000000E+00   0.000000000000000E+00
   9.882596503100000E-01   3.554294379800000E+00   3.225474833100000E-01   1.114895229600000E+00   5.238162639200000E-01   0.000000000000000E+00   0.000000000000000E+00   0.000000000000000E+00   0.000000000000000E+00
   9.886336222800000E-01   3.554566609300000E+00   3.225483785800000E-01   1.094754191500000E+00   5.742691398899999E-01   0.000000000000000E+00   0.000000000000000E+00   0.000000000000000E+00   0.000000000000000E+00
   9.890075942500000E-01   3.554426464600000E+00   3.225479176900000E-01   1.105122854200000E+00   5.482958650500001E-01   0.000000000000000E+00   0.000000000000000E+00   0.000000000000000E+00   0.000000000000000E+00
   9.893815662100000E-01   3.554566542000000E+00   3.225483783600000E-01   1.094759182800000E+00   5.742566318900000E-01   0.000000000000000E+00   0.000000000000000E+00   0.000000000000000E+00   0.000000000000000E+00
   9.897555381799999E-01   3.554294810400000E+00   3.225474847300000E-01   1.114863285000000E+00   5.238963152500000E-01   0.000000000000000E+00   0.000000000000000E+00   0.000000000000000E+00   0.000000000000000E+00
   9.900659843400000E-01   3.554566479000000E+00   3.225483781500000E-01   1.094763855100000E+00   5.742449232500000E-01   0.000000000000000E+00   0.000000000000000E+00   0.000000000000000E+00   0.000000000000000E+00
   9.903764305000000E-01   3.554426642400000E+00   3.225479182800000E-01   1.105109663900000E+00   5.483289195100000E-01   0.000000000000000E+00   0.000000000000000E+00   0.000000000000000E+00   0.000000000000000E+00
   9.906868766600000E-01   3.554566398100000E+00   3.225483778800000E-01   1.094769854100000E+00   5.742298896400000E-01   0.000000000000000E+00   0.000000000000000E+00   0.000000000000000E+00   0.000000000000000E+00
   9.909973228200000E-01   3.554295327900000E+00   3.225474864300000E-01   1.114824891200000E+00   5.239925306000000E-01   0.000000000000000E+00   0.000000000000000E+00   0.000000000000000E+00   0.000000000000000E+00
   9.912216767399999E-01   3.554566316300000E+00   3.225483776100000E-01   1.094775925300000E+00   5.742146750600000E-01   0.000000000000000E+00   0.000000000000000E+00   0.000000000000000E+00   0.000000000000000E+00
   9.914460306500000E-01   3.554426873400000E+00   3.225479190400000E-01   1.105092527900000E+00   5.483718630300000E-01   0.000000000000000E+00   0.000000000000000E+00   0.000000000000000E+00   0.000000000000000E+00
   9.916703845700000E-01   3.554566204600000E+00   3.225483772500000E-01   1.094784201800000E+00   5.741939334300000E-01   0.000000000000000E+00   0.000000000000000E+00   0.000000000000000E+00   0.000000000000000E+00
   9.918947384800000E-01   3.554296041800000E+00   3.225474887700000E-01   1.114771921300000E+00   5.241252775600000E-01   0.000000000000000E+00   0.000000000000000E+00   0.000000000000000E+00   0.000000000000000E+00
   9.920916073000000E-01   3.554566103400000E+00   3.225483769100000E-01   1.094791715700000E+00   5.741751024800000E-01   0.000000000000000E+00   0.000000000000000E+00   0.000000000000000E+00   0.000000000000000E+00
   9.922884761100000E-01   3.554427159300000E+00   3.225479199700000E-01   1.105071316000000E+00   5.484250231500000E-01   0.000000000000000E+00   0.000000000000000E+00   0.000000000000000E+00   0.000000000000000E+00
   9.924853449300000E-01   3.554565976700000E+00   3.225483765000000E-01   1.094801113100000E+00   5.741515509400000E-01   0.000000000000000E+00   0.000000000000000E+00   0.000000000000000E+00   0.000000000000000E+00
   9.926822137400000E-01   3.554296852200000E+00   3.225474914300000E-01   1.114711778100000E+00   5.242760081500000E-01   0.000000000000000E+00   0.000000000000000E+00   0.000000000000000E+00   0.000000000000000E+00
   9.928862698100001E-01   3.554565871300000E+00   3.225483761500000E-01   1.094808944600000E+00   5.741319231399999E-01   0.000000000000000E+00   0.000000000000000E+00   0.000000000000000E+00   0.000000000000000E+00
   9.930903258800000E-01   3.554427457200000E+00   3.225479209500000E-01   1.105049202400000E+00   5.484804455200000E-01   0.000000000000000E+00   0.000000000000000E+00   0.000000000000000E+00   0.000000000000000E+00
   9.932943819500000E-01   3.554565749500000E+00   3.225483757500000E-01   1.094817976100000E+00   5.741092874300000E-01   0.000000000000000E+00   0.000000000000000E+00   0.000000000000000E+00   0.000000000000000E+00
   9.934984380200000E-01   3.554297630600000E+00   3.225474939900000E-01   1.114653976700000E+00   5.244208774400000E-01   0.000000000000000E+00   0.000000000000000E+00   0.000000000000000E+00   0.000000000000000E+00
   9.936650775700000E-01   3.554565634800000E+00   3.225483753800000E-01   1.094826499900000E+00   5.740879231800000E-01   0.000000000000000E+00   0.000000000000000E+00   0.000000000000000E+00   0.000000000000000E+00
   9.938317171200000E-01   3.554427781300000E+00   3.225479220100000E-01   1.105025142600000E+00   5.485407489000000E-01   0.000000000000000E+00   0.000000000000000E+00   0.000000000000000E+00   0.000000000000000E+00
   9.939983566700000E-01   3.554565486300000E+00   3.225483748900000E-01   1.094837512800000E+00   5.740603199300000E-01   0.000000000000000E+00   0.000000000000000E+00   0.000000000000000E+00   0.000000000000000E+00
   9.941649962200000E-01   3.554298579500000E+00   3.225474971000000E-01   1.114583494700000E+00   5.245975395500000E-01   0.000000000000000E+00   0.000000000000000E+00   0.000000000000000E+00   0.000000000000000E+00
   9.942988340500000E-01   3.554565345400000E+00   3.225483744300000E-01   1.094847998600000E+00   5.740340359300000E-01   0.000000000000000E+00   0.000000000000000E+00   0.000000000000000E+00   0.000000000000000E+00
   9.944326718700000E-01   3.554428179600000E+00   3.225479233200000E-01   1.104995547800000E+00   5.486149310000000E-01   0.000000000000000E+00   0.000000000000000E+00   0.000000000000000E+00   0.000000000000000E+00
   9.945665096900000E-01   3.554565161400000E+00   3.225483738200000E-01   1.094861639300000E+00   5.739998435300000E-01   0.000000000000000E+00   0.000000000000000E+00   0.000000000000000E+00   0.000000000000000E+00
   9.947003475100000E-01   3.554299754500000E+00   3.225475009500000E-01   1.114496195200000E+00   5.248163729400001E-01   0.000000000000000E+00   0.000000000000000E+00   0.000000000000000E+00   0.000000000000000E+00
   9.948591106900000E-01   3.554565018600000E+00   3.225483733500000E-01   1.094872290600000E+00   5.739731419800000E-01   0.000000000000000E+00   0.000000000000000E+00   0.000000000000000E+00   0.000000000000000E+00
   9.950178738700000E-01   3.554428584400000E+00   3.225479246500000E-01   1.104965462800000E+00   5.486903485800000E-01   0.000000000000000E+00   0.000000000000000E+00   0.000000000000000E+00   0.000000000000000E+00
   9.951766370500000E-01   3.554564864500000E+00   3.225483728500000E-01   1.094883728400000E+00   5.739444683300000E-01   0.000000000000000E+00   0.000000000000000E+00   0.000000000000000E+00   0.000000000000000E+00
   9.953354002200000E-01   3.554300739100000E+00   3.225475041800000E-01   1.114422993700000E+00   5.249998856100000E-01   0.000000000000000E+00   0.000000000000000E+00   0.000000000000000E+00   0.000000000000000E+00
   9.955464368000000E-01   3.554564750600000E+00   3.225483724700000E-01   1.094892223400000E+00   5.739231702299999E-01   0.000000000000000E+00   0.000000000000000E+00   0.000000000000000E+00   0.000000000000000E+00
   9.957574733800000E-01   3.554428907000000E+00   3.225479257100000E-01   1.104941465700000E+00   5.487505110300001E-01   0.000000000000000E+00   0.000000000000000E+00   0.000000000000000E+00   0.000000000000000E+00
   9.959685099600000E-01   3.554564635400000E+00   3.225483721000000E-01   1.094900791200000E+00   5.739016892800000E-01   0.000000000000000E+00   0.000000000000000E+00   0.000000000000000E+00   0.000000000000000E+00
   9.961795465300000E-01   3.554301475200000E+00   3.225475066000000E-01   1.114368160400000E+00   5.251373645600000E-01   0.000000000000000E+00   0.000000000000000E+00   0.000000000000000E+00   0.000000000000000E+00
   9.962749316000000E-01   3.554564478200000E+00   3.225483715800000E-01   1.094912477300000E+00   5.738723882000000E-01   0.000000000000000E+00   0.000000000000000E+00   0.000000000000000E+00   0.000000000000000E+00
   9.963703166600000E-01   3.554429349400000E+00   3.225479271600000E-01   1.104908524400000E+00   5.488331075800000E-01   0.000000000000000E+00   0.000000000000000E+00   0.000000000000000E+00   0.000000000000000E+00
   9.964657017300000E-01   3.554564224400000E+00   3.225483707500000E-01   1.094931321400000E+00   5.738251369400000E-01   0.000000000000000E+00   0.000000000000000E+00   0.000000000000000E+00   0.000000000000000E+00
   9.965610867900000E-01   3.554303094300000E+00   3.225475119000000E-01   1.114247560200000E+00   5.254397781200000E-01   0.000000000000000E+00   0.000000000000000E+00   0.000000000000000E+00   0.000000000000000E+00
   9.966451889500000E-01   3.554563996700000E+00   3.225483700000000E-01   1.094948346400000E+00   5.737824394000000E-01   0.000000000000000E+00   0.000000000000000E+00   0.000000000000000E+00   0.000000000000000E+00
   9.967292911100000E-01   3.554429994000000E+00   3.225479292700000E-01   1.104860472400000E+00   5.489536162700001E-01   0.000000000000000E+00   0.000000000000000E+00   0.000000000000000E+00   0.000000000000000E+00
   9.968133932600000E-01   3.554563711700000E+00   3.225483690600000E-01   1.094969532300000E+00   5.737293022100000E-01   0.000000000000000E+00   0.000000000000000E+00   0.000000000000000E+00   0.000000000000000E+00
   9.968974954199999E-01   3.554304911800000E+00   3.225475178500000E-01   1.114111972700000E+00   5.257798635599999E-01   0.000000000000000E+00   0.000000000000000E+00   0.000000000000000E+00   0.000000000000000E+00
   9.969763032400000E-01   3.554563464600000E+00   3.225483682600000E-01   1.094988060000000E+00   5.736828214700000E-01   0.000000000000000E+00   0.000000000000000E+00   0.000000000000000E+00   0.000000000000000E+00
   9.970551110700000E-01   3.554430694300000E+00   3.225479315600000E-01   1.104808170000000E+00   5.490848254300000E-01   0.000000000000000E+00   0.000000000000000E+00   0.000000000000000E+00   0.000000000000000E+00
   9.971339188900000E-01   3.554563164000000E+00   3.225483672700000E-01   1.095010451500000E+00   5.736266397400001E-01   0.000000000000000E+00   0.000000000000000E+00   0.000000000000000E+00   0.000000000000000E+00
   9.972127267200001E-01   3.554306828100000E+00   3.225475241100000E-01   1.113968669500000E+00   5.261394354200000E-01   0.000000000000000E+00   0.000000000000000E+00   0.000000000000000E+00   0.000000000000000E+00
   9.972877898500000E-01   3.554562905900000E+00   3.225483664300000E-01   1.095029862400000E+00   5.735779221900000E-01   0.000000000000000E+00   0.000000000000000E+00   0.000000000000000E+00   0.000000000000000E+00
   9.973628529900000E-01   3.554431426000000E+00   3.225479339400000E-01   1.104753371800000E+00   5.492223555300000E-01   0.000000000000000E+00   0.000000000000000E+00   0.000000000000000E+00   0.000000000000000E+00
   9.974379161300000E-01   3.554562594500000E+00   3.225483654100000E-01   1.095053129700000E+00   5.735195138100000E-01   0.000000000000000E+00   0.000000000000000E+00   0.000000000000000E+00   0.000000000000000E+00
   9.975129792700000E-01   3.554308812600000E+00   3.225475305900000E-01   1.113819762500000E+00   5.265132595000001E-01   0.000000000000000E+00   0.000000000000000E+00   0.000000000000000E+00   0.000000000000000E+00
   9.975805631800000E-01   3.554562319500000E+00   3.225483645100000E-01   1.095073894100000E+00   5.734673684000000E-01   0.000000000000000E+00   0.000000000000000E+00   0.000000000000000E+00   0.000000000000000E+00
   9.976481471000000E-01   3.554432205300000E+00   3.225479364800000E-01   1.104694767300000E+00   5.493695278900000E-01   0.000000000000000E+00   0.000000000000000E+00   0.000000000000000E+00   0.000000000000000E+00
   9.977157310200000E-01   3.554561978900000E+00   3.225483634000000E-01   1.095099446400000E+00   5.734031778000001E-01   0.000000000000000E+00   0.000000000000000E+00   0.000000000000000E+00   0.000000000000000E+00
   9.977833149300001E-01   3.554310981600000E+00   3.225475376500000E-01   1.113656232900000E+00   5.269240936200000E-01   0.000000000000000E+00   0.000000000000000E+00   0.000000000000000E+00   0.000000000000000E+00
   9.978429523000000E-01   3.554561675600000E+00   3.225483624200000E-01   1.095122480300000E+00   5.733452828000000E-01   0.000000000000000E+00   0.000000000000000E+00   0.000000000000000E+00   0.000000000000000E+00
   9.979025896700000E-01   3.554433064600000E+00   3.225479392700000E-01   1.104629768200000E+00   5.495329057800000E-01   0.000000000000000E+00   0.000000000000000E+00   0.000000000000000E+00   0.000000000000000E+00
   9.979622270500000E-01   3.554561297100000E+00   3.225483611800000E-01   1.095151067000000E+00   5.732733905200000E-01   0.000000000000000E+00   0.000000000000000E+00   0.000000000000000E+00   0.000000000000000E+00
   9.980218644200000E-01   3.554313390500000E+00   3.225475454600000E-01   1.113473286300000E+00   5.273842253000000E-01   0.000000000000000E+00   0.000000000000000E+00   0.000000000000000E+00   0.000000000000000E+00
   9.980738486800000E-01   3.554560959100000E+00   3.225483600900000E-01   1.095176982400000E+00   5.732081638900000E-01   0.000000000000000E+00   0.000000000000000E+00   0.000000000000000E+00   0.000000000000000E+00
   9.981258329500000E-01   3.554434022300000E+00   3.225479423700000E-01   1.104556650600000E+00   5.497169500300000E-01   0.000000000000000E+00   0.000000000000000E+00   0.000000000000000E+00   0.000000000000000E+00
   9.981778172200000E-01   3.554560536600000E+00   3.225483587300000E-01   1.095209287200000E+00   5.731267759799999E-01   0.000000000000000E+00   0.000000000000000E+00   0.000000000000000E+00   0.000000000000000E+00
   9.982298014800000E-01   3.554316081800000E+00   3.225475541300000E-01   1.113266548700000E+00   5.279051391900000E-01   0.000000000000000E+00   0.000000000000000E+00   0.000000000000000E+00   0.000000000000000E+00
   9.982995388000000E-01   3.554560232600000E+00   3.225483577600000E-01   1.095233032300000E+00   5.730668642100000E-01   0.000000000000000E+00   0.000000000000000E+00   0.000000000000000E+00   0.000000000000000E+00
   9.983692761200000E-01   3.554434890400000E+00   3.225479451500000E-01   1.104489498200000E+00   5.498863402500000E-01   0.000000000000000E+00   0.000000000000000E+00   0.000000000000000E+00   0.000000000000000E+00
   9.984390134400000E-01   3.554559927100000E+00   3.225483567800000E-01   1.095256764700000E+00   5.730069289300000E-01   0.000000000000000E+00   0.000000000000000E+00   0.000000000000000E+00   0.000000000000000E+00
   9.985087507600000E-01   3.554318026300000E+00   3.225475603400000E-01   1.113114671600000E+00   5.282887426800000E-01   0.000000000000000E+00   0.000000000000000E+00   0.000000000000000E+00   0.000000000000000E+00
   9.985682226700000E-01   3.554559651600000E+00   3.225483559000000E-01   1.095278546200000E+00   5.729518489700000E-01   0.000000000000000E+00   0.000000000000000E+00   0.000000000000000E+00   0.000000000000000E+00
   9.986276945700000E-01   3.554435669600000E+00   3.225479476300000E-01   1.104428049300000E+00   5.500417590000000E-01   0.000000000000000E+00   0.000000000000000E+00   0.000000000000000E+00   0.000000000000000E+00
   9.986871664800000E-01   3.554559305700000E+00   3.225483548100000E-01   1.095305984100000E+00   5.728823417500000E-01   0.000000000000000E+00   0.000000000000000E+00   0.000000000000000E+00   0.000000000000000E+00
   9.987466383800000E-01   3.554320226800000E+00   3.225475672700000E-01   1.112939088000000E+00   5.287336198900000E-01   0.000000000000000E+00   0.000000000000000E+00   0.000000000000000E+00   0.000000000000000E+00
   9.987946591900000E-01   3.554558988100000E+00   3.225483538200000E-01   1.095331897400000E+00   5.728165622000000E-01   0.000000000000000E+00   0.000000000000000E+00   0.000000000000000E+00   0.000000000000000E+00
   9.988426800000000E-01   3.554436574700000E+00   3.225479504700000E-01   1.104354987400000E+00   5.502272977900000E-01   0.000000000000000E+00   0.000000000000000E+00   0.000000000000000E+00   0.000000000000000E+00
   9.988907008100000E-01   3.554558592800000E+00   3.225483526300000E-01   1.095365260100000E+00   5.727315812800000E-01   0.000000000000000E+00   0.000000000000000E+00   0.000000000000000E+00   0.000000000000000E+00
   9.989387216200000E-01   3.554322832900000E+00   3.225475754000000E-01   1.112725573000000E+00   5.292775155500000E-01   0.000000000000000E+00   0.000000000000000E+00   0.000000000000000E+00   0.000000000000000E+00
   9.989846596700001E-01   3.554558329700000E+00   3.225483520700000E-01   1.095393924400000E+00   5.726581695600000E-01   0.000000000000000E+00   0.000000000000000E+00   0.000000000000000E+00   0.000000000000000E+00
   9.990305977300000E-01   3.554437728100000E+00   3.225479546100000E-01   1.104273914700000E+00   5.504343242200000E-01   0.000000000000000E+00   0.000000000000000E+00   0.000000000000000E+00   0.000000000000000E+00
   9.990765357800000E-01   3.554558384900000E+00   3.225483536700000E-01   1.095427820700000E+00   5.725703182400000E-01   0.000000000000000E+00   0.000000000000000E+00   0.000000000000000E+00   0.000000000000000E+00
   9.991224738400000E-01   3.554326599300000E+00   3.225475907900000E-01   1.112506905300000E+00   5.298376425200000E-01   0.000000000000000E+00   0.000000000000000E+00   0.000000000000000E+00   0.000000000000000E+00
   9.991610827800000E-01   3.554560501300000E+00   3.225483680000000E-01   1.095458093300000E+00   5.724879497699999E-01   0.000000000000000E+00   0.000000000000000E+00   0.000000000000000E+00   0.000000000000000E+00
   9.991996917200000E-01   3.554444947600000E+00   3.225479963800000E-01   1.104182853900000E+00   5.506596176600000E-01   0.000000000000000E+00   0.000000000000000E+00   0.000000000000000E+00   0.000000000000000E+00
   9.992383006600000E-01   3.554571276800000E+00   3.225484365200000E-01   1.095492566600000E+00   5.723791293600000E-01   0.000000000000000E+00   0.000000000000000E+00   0.000000000000000E+00   0.000000000000000E+00
   9.992769096000000E-01   3.554358817700000E+00   3.225477826500000E-01   1.112242170800000E+00   5.304799191200000E-01   0.000000000000000E+00   0.000000000000000E+00   0.000000000000000E+00   0.000000000000000E+00
   9.993095627400000E-01   3.554617446100000E+00   3.225487253600000E-01   1.095508076800000E+00   5.722593368100000E-01   0.000000000000000E+00   0.000000000000000E+00   0.000000000000000E+00   0.000000000000000E+00
   9.993422158800001E-01   3.554556787200000E+00   3.225486897300000E-01   1.104033364700000E+00   5.508674850000000E-01   0.000000000000000E+00   0.000000000000000E+00   0.000000000000000E+00   0.000000000000000E+00
   9.993748690199999E-01   3.554784061200000E+00   3.225497648200000E-01   1.095479469800000E+00   5.720495803700000E-01   0.000000000000000E+00   0.000000000000000E+00   0.000000000000000E+00   0.000000000000000E+00
   9.994075221600000E-01   3.554772253800000E+00   3.225503494400000E-01   1.111777944700000E+00   5.310274419300000E-01   0.000000000000000E+00   0.000000000000000E+00   0.000000000000000E+00   0.000000000000000E+00
   9.994397494700000E-01   3.555410795400000E+00   3.225536708800000E-01   1.095241988800000E+00   5.716105433599999E-01   0.000000000000000E+00   0.000000000000000E+00   0.000000000000000E+00   0.000000000000000E+00
   9.994719767900000E-01   3.556080441600000E+00   3.225581807900000E-01   1.103263201000000E+00   5.503383944000000E-01   0.000000000000000E+00   0.000000000000000E+00   0.000000000000000E+00   0.000000000000000E+00
   9.995042041000000E-01   3.557703795600000E+00   3.225679637200000E-01   1.094282304000000E+00   5.702608431500000E-01   0.000000000000000E+00   0.000000000000000E+00   0.000000000000000E+00   0.000000000000000E+00
   9.995364314200000E-01   3.560384054600000E+00   3.225853292000000E-01   1.109060226900000E+00   5.287971047300000E-01   0.000000000000000E+00   0.000000000000000E+00   0.000000000000000E+00   0.000000000000000E+00
   9.995555686099999E-01   3.563466514600000E+00   3.226039169600000E-01   1.091823244500000E+00   5.670546699800000E-01   0.000000000000000E+00   0.000000000000000E+00   0.000000000000000E+00   0.000000000000000E+00
   9.995747058100000E-01   3.567536207800000E+00   3.226296692100000E-01   1.098159891900000E+00   5.446368330700000E-01   0.000000000000000E+00   0.000000000000000E+00   0.000000000000000E+00   0.000000000000000E+00
   9.995938430000000E-01   3.573769695300000E+00   3.226683178700000E-01   1.087446382300000E+00   5.614342802100000E-01   0.000000000000000E+00   0.000000000000000E+00   0.000000000000000E+00   0.000000000000000E+00
   9.996129802000000E-01   3.582451555500000E+00   3.227233522200000E-01   1.099176368600000E+00   5.185350382500000E-01   0.000000000000000E+00   0.000000000000000E+00   0.000000000000000E+00   0.000000000000000E+00
   9.996303415800000E-01   3.594158482400000E+00   3.227962207500000E-01   1.078860724300000E+00   5.507839825300000E-01   0.000000000000000E+00   0.000000000000000E+00   0.000000000000000E+00   0.000000000000000E+00
   9.996477029600001E-01   3.609971223400000E+00   3.228961732200000E-01   1.080134686000000E+00   5.235149419000000E-01   0.000000000000000E+00   0.000000000000000E+00   0.000000000000000E+00   0.000000000000000E+00
   9.996650643400000E-01   3.631989892100000E+00   3.230351648700000E-01   1.063392295500000E+00   5.319787912400000E-01   0.000000000000000E+00   0.000000000000000E+00   0.000000000000000E+00   0.000000000000000E+00
   9.996824257200000E-01   3.661498425200000E+00   3.232236922300000E-01   1.066676434000000E+00   4.816248348600000E-01   0.000000000000000E+00   0.000000000000000E+00   0.000000000000000E+00   0.000000000000000E+00
   9.996972663700000E-01   3.694982598000000E+00   3.234377732700000E-01   1.038938780000000E+00   5.030663863400000E-01   0.000000000000000E+00   0.000000000000000E+00   0.000000000000000E+00   0.000000000000000E+00
   9.997121070100000E-01   3.736868485800000E+00   3.237091510300000E-01   1.031118232200000E+00   4.670110061300000E-01   0.000000000000000E+00   0.000000000000000E+00   0.000000000000000E+00   0.000000000000000E+00
   9.997269476600000E-01   3.789172614300000E+00   3.240509862200000E-01   1.005155011700000E+00   4.644215400400000E-01   0.000000000000000E+00   0.000000000000000E+00   0.000000000000000E+00   0.000000000000000E+00
   9.997417883000000E-01   3.852558966000000E+00   3.244720957500000E-01   9.986099690700000E-01   4.067666142900000E-01   0.000000000000000E+00   0.000000000000000E+00   0.000000000000000E+00   0.000000000000000E+00
   9.997545811500000E-01   3.917528426200000E+00   3.249088121400000E-01   9.637348611600000E-01   4.191507653200000E-01   0.000000000000000E+00   0.000000000000000E+00   0.000000000000000E+00   0.000000000000000E+00
   9.997673740000000E-01   3.991648564400000E+00   3.254165868900000E-01   9.492945023300000E-01   3.790882064300000E-01   0.000000000000000E+00   0.000000000000000E+00   0.000000000000000E+00   0.000000000000000E+00
   9.997801668500000E-01   4.075536982000000E+00   3.260013347400000E-01   9.187948992500000E-01   3.725273157700000E-01   0.000000000000000E+00   0.000000000000000E+00   0.000000000000000E+00   0.000000000000000E+00
   9.997929597000000E-01   4.168316548900000E+00   3.266632107000000E-01   9.091495030100000E-01   3.169064366000000E-01   0.000000000000000E+00   0.000000000000000E+00   0.000000000000000E+00   0.000000000000000E+00
   9.998053214100000E-01   4.266648530300000E+00   3.273793990200000E-01   8.716070318400000E-01   3.264988413200000E-01   0.000000000000000E+00   0.000000000000000E+00   0.000000000000000E+00   0.000000000000000E+00
   9.998176831100000E-01   4.371961476800000E+00   3.281672842500000E-01   8.555615851100000E-01   2.889571073600000E-01   0.000000000000000E+00   0.000000000000000E+00   0.000000000000000E+00   0.000000000000000E+00
   9.998300448100000E-01   4.483955973600000E+00   3.290271540000000E-01   8.254544656700000E-01   2.843023513700000E-01   0.000000000000000E+00   0.000000000000000E+00   0.000000000000000E+00   0.000000000000000E+00
   9.998424065100000E-01   4.601081259600000E+00   3.299543693200000E-01   8.169932044300000E-01   2.350998789700000E-01   0.000000000000000E+00   0.000000000000000E+00   0.000000000000000E+00   0.000000000000000E+00
   9.998513044000000E-01   4.688555047300000E+00   3.306635978500000E-01   7.877908190000000E-01   2.519350930200000E-01   0.000000000000000E+00   0.000000000000000E+00   0.000000000000000E+00   0.000000000000000E+00
   9.998602022800001E-01   4.777605113300000E+00   3.314040757800000E-01   7.797424328500000E-01   2.247951352900000E-01   0.000000000000000E+00   0.000000000000000E+00   0.000000000000000E+00   0.000000000000000E+00
   9.998691001600000E-01   4.868407161200000E+00   3.321763074400000E-01   7.584033528600000E-01   2.278768114400000E-01   0.000000000000000E+00   0.000000000000000E+00   0.000000000000000E+00   0.000000000000000E+00
   9.998779980400000E-01   4.960073551500000E+00   3.329770239900000E-01   7.575315444400000E-01   1.894635645800000E-01   0.000000000000000E+00   0.000000000000000E+00   0.000000000000000E+00   0.000000000000000E+00
   9.998851442400000E-01   5.034674595300000E+00   3.336417563900000E-01   7.338224574400000E-01   2.086334625600000E-01   0.000000000000000E+00   0.000000000000000E+00   0.000000000000000E+00   0.000000000000000E+00
   9.998922904500001E-01   5.109337247700000E+00   3.343227893800000E-01   7.299354280200000E-01   1.872731982400000E-01   0.000000000000000E+00   0.000000000000000E+00   0.000000000000000E+00   0.000000000000000E+00
   9.998994366500000E-01   5.184415994800000E+00   3.350211584700000E-01   7.134931091400000E-01   1.932255362600000E-01   0.000000000000000E+00   0.000000000000000E+00   0.000000000000000E+00   0.000000000000000E+00
   9.999065828600000E-01   5.259274876700000E+00   3.357344707400000E-01   7.159080366200000E-01   1.612844159400000E-01   0.000000000000000E+00   0.000000000000000E+00   0.000000000000000E+00   0.000000000000000E+00
   9.999127115200001E-01   5.323770914600000E+00   3.363595528000000E-01   6.959173593600000E-01   1.803653486300000E-01   0.000000000000000E+00   0.000000000000000E+00   0.000000000000000E+00   0.000000000000000E+00
   9.999188401900000E-01   5.387853553700000E+00   3.369944348900000E-01   6.941467357900000E-01   1.627178363100000E-01   0.000000000000000E+00   0.000000000000000E+00   0.000000000000000E+00   0.000000000000000E+00
   9.999249688500000E-01   5.451918028400000E+00   3.376403216700000E-01   6.807644453200000E-01   1.695222552600000E-01   0.000000000000000E+00   0.000000000000000E+00   0.000000000000000E+00   0.000000000000000E+00
   9.999310975200000E-01   5.515447796100000E+00   3.382952871100000E-01   6.845136969800000E-01   1.422598351300000E-01   0.000000000000000E+00   0.000000000000000E+00   0.000000000000000E+00   0.000000000000000E+00
   9.999359222300001E-01   5.565530438500000E+00   3.388186941400000E-01   6.680702438500000E-01   1.606581957300000E-01   0.000000000000000E+00   0.000000000000000E+00   0.000000000000000E+00   0.000000000000000E+00
   9.999407469400000E-01   5.615121397300000E+00   3.393469909400000E-01   6.680432484100000E-01   1.462473406800000E-01   0.000000000000000E+00   0.000000000000000E+00   0.000000000000000E+00   0.000000000000000E+00
   9.999455716500000E-01   5.664615421500000E+00   3.398814457000000E-01   6.575235232000000E-01   1.533344868100000E-01   0.000000000000000E+00   0.000000000000000E+00   0.000000000000000E+00   0.000000000000000E+00
   9.999503963600000E-01   5.713588329200000E+00   3.404205297400000E-01   6.621352052700000E-01   1.305101311900000E-01   0.000000000000000E+00   0.000000000000000E+00   0.000000000000000E+00   0.000000000000000E+00
   9.999541140400000E-01   5.751378747800000E+00   3.408404172900000E-01   6.486629596500000E-01   1.472720028600000E-01   0.000000000000000E+00   0.000000000000000E+00   0.000000000000000E+00   0.000000000000000E+00
   9.999578317300000E-01   5.788751398300000E+00   3.412625933700000E-01   6.495519708400000E-01   1.355515143300000E-01   0.000000000000000E+00   0.000000000000000E+00   0.000000000000000E+00   0.000000000000000E+00
   9.999615494100000E-01   5.826064138200000E+00   3.416882394700000E-01   6.413141892100001E-01   1.421858066800000E-01   0.000000000000000E+00   0.000000000000000E+00   0.000000000000000E+00   0.000000000000000E+00
   9.999652671000000E-01   5.862964888500000E+00   3.421161191600000E-01   6.459641594400000E-01   1.234847660100000E-01   0.000000000000000E+00   0.000000000000000E+00   0.000000000000000E+00   0.000000000000000E+00
   9.999681373900000E-01   5.891530012000000E+00   3.424491851200000E-01   6.350656250700000E-01   1.378990263000000E-01   0.000000000000000E+00   0.000000000000000E+00   0.000000000000000E+00   0.000000000000000E+00
   9.999710076900000E-01   5.919772259000000E+00   3.427832774900000E-01   6.362374888000000E-01   1.285378732100000E-01   0.000000000000000E+00   0.000000000000000E+00   0.000000000000000E+00   0.000000000000000E+00
   9.999738779800000E-01   5.947995188600000E+00   3.431194114600000E-01   6.298377582500000E-01   1.342167794400000E-01   0.000000000000000E+00   0.000000000000000E+00   0.000000000000000E+00   0.000000000000000E+00
   9.999767482800000E-01   5.975913741800000E+00   3.434566001400000E-01   6.339128438600000E-01   1.194113961300000E-01   0.000000000000000E+00   0.000000000000000E+00   0.000000000000000E+00   0.000000000000000E+00
   9.999788523900000E-01   5.996466549500000E+00   3.437053908100000E-01   6.254622771500000E-01   1.311279502400000E-01   0.000000000000000E+00   0.000000000000000E+00   0.000000000000000E+00   0.000000000000000E+00
   9.999809565000000E-01   6.016790298800000E+00   3.439545079400000E-01   6.266271749700000E-01   1.240199696900000E-01   0.000000000000000E+00   0.000000000000000E+00   0.000000000000000E+00   0.000000000000000E+00
   9.999830606100000E-01   6.037124788800000E+00   3.442047572800000E-01   6.219325948500000E-01   1.284980515500000E-01   0.000000000000000E+00   0.000000000000000E+00   0.000000000000000E+00   0.000000000000000E+00
   9.999851647300000E-01   6.057248439100000E+00   3.444553692000000E-01   6.252265535200000E-01   1.176027173100000E-01   0.000000000000000E+00   0.000000000000000E+00   0.000000000000000E+00   0.000000000000000E+00
   9.999866693100000E-01   6.071707631300000E+00   3.446354509900000E-01   6.192961308700000E-01   1.264043698800000E-01   0.000000000000000E+00   0.000000000000000E+00   0.000000000000000E+00   0.000000000000000E+00
   9.999881739000001E-01   6.085988783200000E+00   3.448154291300000E-01   6.207142089700000E-01   1.216166282000000E-01   0.000000000000000E+00   0.000000000000000E+00   0.000000000000000E+00   0.000000000000000E+00
   9.999896784900000E-01   6.100227983600000E+00   3.449956890200000E-01   6.187910839200000E-01   1.252182584700000E-01   0.000000000000000E+00   0.000000000000000E+00   0.000000000000000E+00   0.000000000000000E+00
   9.999911830800000E-01   6.114175432600000E+00   3.451751819700000E-01   6.242546794700000E-01   1.192143287800000E-01   0.000000000000000E+00   0.000000000000000E+00   0.000000000000000E+00   0.000000000000000E+00
   9.999921067500001E-01   6.122622679800000E+00   3.452849104800000E-01   6.245622088300000E-01   1.265709172500000E-01   0.000000000000000E+00   0.000000000000000E+00   0.000000000000000E+00   0.000000000000000E+00
   9.999930304200000E-01   6.130727086200000E+00   3.453931807500000E-01   6.325345629400000E-01   1.264762246000000E-01   0.000000000000000E+00   0.000000000000000E+00   0.000000000000000E+00   0.000000000000000E+00
   9.999939540900000E-01   6.138389888300000E+00   3.454992671800000E-01   6.439578856400000E-01   1.333706533100000E-01   0.000000000000000E+00   0.000000000000000E+00   0.000000000000000E+00   0.000000000000000E+00
   9.999948777500000E-01   6.145126883100000E+00   3.456007807200000E-01   6.693655697300001E-01   1.392516103600000E-01   0.000000000000000E+00   0.000000000000000E+00   0.000000000000000E+00   0.000000000000000E+00
   9.999953887200000E-01   6.148253516200000E+00   3.456538193700000E-01   6.891939102900000E-01   1.510843479700000E-01   0.000000000000000E+00   0.000000000000000E+00   0.000000000000000E+00   0.000000000000000E+00
   9.999958996900000E-01   6.150621159700000E+00   3.457030435200000E-01   7.208103845800000E-01   1.631900327600000E-01   0.000000000000000E+00   0.000000000000000E+00   0.000000000000000E+00   0.000000000000000E+00
   9.999964106600000E-01   6.151892134400000E+00   3.457466855800000E-01   7.667850024400000E-01   1.846177657900000E-01   0.000000000000000E+00   0.000000000000000E+00   0.000000000000000E+00   0.000000000000000E+00
   9.999969216300000E-01   6.151349934900000E+00   3.457812693000000E-01   8.394443487300000E-01   2.177582255800000E-01   0.000000000000000E+00   0.000000000000000E+00   0.000000000000000E+00   0.000000000000000E+00
   9.999971899100000E-01   6.149967682400000E+00   3.457939861600000E-01   8.931655585100000E-01   2.463713410200000E-01   0.000000000000000E+00   0.000000000000000E+00   0.000000000000000E+00   0.000000000000000E+00
   9.999974581900000E-01   6.147440577100000E+00   3.458011394900000E-01   9.647104852000000E-01   2.848064666100000E-01   0.000000000000000E+00   0.000000000000000E+00   0.000000000000000E+00   0.000000000000000E+00
   9.999977264700000E-01   6.143287335800000E+00   3.458004923300000E-01   1.061383844500000E+00   3.415642128300000E-01   0.000000000000000E+00   0.000000000000000E+00   0.000000000000000E+00   0.000000000000000E+00
   9.999979947500000E-01   6.136671884600000E+00   3.457882615300000E-01   1.197495872500000E+00   4.286921537600000E-01   0.000000000000000E+00   0.000000000000000E+00   0.000000000000000E+00   0.000000000000000E+00
   9.999981497000000E-01   6.131210124100000E+00   3.457736032500000E-01   1.302585183300000E+00   5.028173113500000E-01   0.000000000000000E+00   0.000000000000000E+00   0.000000000000000E+00   0.000000000000000E+00
   9.999983046399999E-01   6.124021681800000E+00   3.457510839400000E-01   1.436132037200000E+00   6.041059302200000E-01   0.000000000000000E+00   0.000000000000000E+00   0.000000000000000E+00   0.000000000000000E+00
   9.999984595900000E-01   6.114419371300000E+00   3.457177393100000E-01   1.609517091900000E+00   7.486170020700000E-01   0.000000000000000E+00   0.000000000000000E+00   0.000000000000000E+00   0.000000000000000E+00
   9.999986145300001E-01   6.101291673300000E+00   3.456688468300000E-01   1.841463014900000E+00   9.634554811300000E-01   0.000000000000000E+00   0.000000000000000E+00   0.000000000000000E+00   0.000000000000000E+00
   9.999987113900000E-01   6.090533644600000E+00   3.456271901400000E-01   2.028510942200000E+00   1.155125563600000E+00   0.000000000000000E+00   0.000000000000000E+00   0.000000000000000E+00   0.000000000000000E+00
   9.999988082500000E-01   6.077026063700000E+00   3.455737357800000E-01   2.260688831500000E+00   1.414330656900000E+00   0.000000000000000E+00   0.000000000000000E+00   0.000000000000000E+00   0.000000000000000E+00
   9.999989051100000E-01   6.059746090800000E+00   3.455042875300000E-01   2.553749856700000E+00   1.776165288700000E+00   0.000000000000000E+00   0.000000000000000E+00   0.000000000000000E+00   0.000000000000000E+00
   9.999990019700000E-01   6.037120091000000E+00   3.454124552300000E-01   2.931628501300000E+00   2.297661621700000E+00   0.000000000000000E+00   0.000000000000000E+00   0.000000000000000E+00   0.000000000000000E+00
   9.999990717500000E-01   6.016185381200000E+00   3.453271038800000E-01   3.275270525800000E+00   2.826052767000000E+00   0.000000000000000E+00   0.000000000000000E+00   0.000000000000000E+00   0.000000000000000E+00
   9.999991415400000E-01   5.989877050600000E+00   3.452197173900000E-01   3.699464614800000E+00   3.546370423200000E+00   0.000000000000000E+00   0.000000000000000E+00   0.000000000000000E+00   0.000000000000000E+00
   9.999992113300000E-01   5.956186489100000E+00   3.450823377800000E-01   4.229739528900000E+00   4.555108419200000E+00   0.000000000000000E+00   0.000000000000000E+00   0.000000000000000E+00   0.000000000000000E+00
   9.999992811100000E-01   5.912092117100000E+00   3.449030810800000E-01   4.902832851700000E+00   6.005223842600000E+00   0.000000000000000E+00   0.000000000000000E+00   0.000000000000000E+00   0.000000000000000E+00
   9.999993390100000E-01   5.864431808600000E+00   3.447101418800000E-01   5.603989449800000E+00   7.721127545700000E+00   0.000000000000000E+00   0.000000000000000E+00   0.000000000000000E+00   0.000000000000000E+00
   9.999993969099999E-01   5.802700965700000E+00   3.444614616900000E-01   6.474996755400000E+00   1.013913977400000E+01   0.000000000000000E+00   0.000000000000000E+00   0.000000000000000E+00   0.000000000000000E+00
   9.999994548100000E-01   5.721280857300000E+00   3.441353374200000E-01   7.562223970000000E+00   1.362455133700000E+01   0.000000000000000E+00   0.000000000000000E+00   0.000000000000000E+00   0.000000000000000E+00
   9.999995127100000E-01   5.611917381500000E+00   3.437000604400000E-01   8.924866478000000E+00   1.874036470400000E+01   0.000000000000000E+00   0.000000000000000E+00   0.000000000000000E+00   0.000000000000000E+00
   9.999995488600000E-01   5.524455970400000E+00   3.433537715000000E-01   9.941290630299999E+00   2.313240562100000E+01   0.000000000000000E+00   0.000000000000000E+00   0.000000000000000E+00   0.000000000000000E+00
   9.999995850100000E-01   5.417840264600000E+00   3.429333907400000E-01   1.110214478500000E+01   2.878468841700000E+01   0.000000000000000E+00   0.000000000000000E+00   0.000000000000000E+00   0.000000000000000E+00
   9.999996211600000E-01   5.287537849800000E+00   3.424217023400000E-01   1.241509447000000E+01   3.606614617200000E+01   0.000000000000000E+00   0.000000000000000E+00   0.000000000000000E+00   0.000000000000000E+00
   9.999996573100000E-01   5.128314776800000E+00   3.417988853100000E-01   1.387824499400000E+01   4.541725048000000E+01   0.000000000000000E+00   0.000000000000000E+00   0.000000000000000E+00   0.000000000000000E+00
   9.999996894500000E-01   4.957900445600000E+00   3.411345868800000E-01   1.529053127400000E+01   5.586636598200000E+01   0.000000000000000E+00   0.000000000000000E+00   0.000000000000000E+00   0.000000000000000E+00
   9.999997215899999E-01   4.756271981100000E+00   3.403509525800000E-01   1.677713155300000E+01   6.868625133499999E+01   0.000000000000000E+00   0.000000000000000E+00   0.000000000000000E+00   0.000000000000000E+00
   9.999997537300001E-01   4.520386920700000E+00   3.394365917900000E-01   1.828836402400000E+01   8.414076533799999E+01   0.000000000000000E+00   0.000000000000000E+00   0.000000000000000E+00   0.000000000000000E+00
   9.999997858700000E-01   4.248913996600000E+00   3.383866128400000E-01   1.975031588000000E+01   1.023255594200000E+02   0.000000000000000E+00   0.000000000000000E+00   0.000000000000000E+00   0.000000000000000E+00
   9.999998127900001E-01   3.994940903400000E+00   3.374059182900000E-01   2.087035994400000E+01   1.195322190500000E+02   0.000000000000000E+00   0.000000000000000E+00   0.000000000000000E+00   0.000000000000000E+00
   9.999998397099999E-01   3.719555190600000E+00   3.363437010000000E-01   2.182902446100000E+01   1.381979661200000E+02   0.000000000000000E+00   0.000000000000000E+00   0.000000000000000E+00   0.000000000000000E+00
   9.999998666300000E-01   3.427410935000000E+00   3.352176135400000E-01   2.256670424300000E+01   1.577701550900000E+02   0.000000000000000E+00   0.000000000000000E+00   0.000000000000000E+00   0.000000000000000E+00
   9.999998935600000E-01   3.124950305700000E+00   3.340520450800000E-01   2.303256791300000E+01   1.774915901400000E+02   0.000000000000000E+00   0.000000000000000E+00   0.000000000000000E+00   0.000000000000000E+00
   9.999999201699999E-01   2.823401336600000E+00   3.328897293400000E-01   2.319390584800000E+01   1.962435197900000E+02   0.000000000000000E+00   0.000000000000000E+00   0.000000000000000E+00   0.000000000000000E+00
   9.999999467800000E-01   2.527209022200000E+00   3.317472448600000E-01   2.304933680800000E+01   2.133382314800000E+02   0.000000000000000E+00   0.000000000000000E+00   0.000000000000000E+00   0.000000000000000E+00
   9.999999733900000E-01   2.243697119200000E+00   3.306523316800000E-01   2.261379180400000E+01   2.279500361800000E+02   0.000000000000000E+00   0.000000000000000E+00   0.000000000000000E+00   0.000000000000000E+00
   1.000000000000000E+00   1.978880643800000E+00   3.296278229100000E-01   2.192390145800000E+01   2.394373755000000E+02   0.000000000000000E+00   0.000000000000000E+00   0.000000000000000E+00   0.000000000000000E+00
