   0.000000000000000E+00   4.926817094200000E-01   9.999999955900000E-01   1.684313051400000E+00   1.823003236400000E+00   0.000000000000000E+00   0.000000000000000E+00   0.000000000000000E+00   0.000000000000000E+00
   3.063996229600000E-04   6.033242655000000E-01   8.978099003000000E-01   1.603411960600000E+00   1.689349341000000E+00   0.000000000000000E+00   0.000000000000000E+00   0.000000000000000E+00   0.000000000000000E+00
   6.127992459300000E-04   7.263748507700000E-01   8.105601484000000E-01   1.561263309900000E+00   1.507012089600000E+00   0.000000000000000E+00   0.000000000000000E+00   0.000000000000000E+00   0.000000000000000E+00
   9.191988688900000E-04   8.628991008800000E-01   7.357795475600000E-01   1.503632363900000E+00   1.403402405100000E+00   0.000000000000000E+00   0.000000000000000E+00   0.000000000000000E+00   0.000000000000000E+00
   1.225598491900000E-03   1.011282560400000E+00   6.715395950500000E-01   1.481836994500000E+00   1.238544128600000E+00   0.000000000000000E+00   0.000000000000000E+00   0.000000000000000E+00   0.000000000000000E+00
   1.510438459400000E-03   1.160268567200000E+00   6.199465314900000E-01   1.425017431100000E+00   1.200695662100000E+00   0.000000000000000E+00   0.000000000000000E+00   0.000000000000000E+00   0.000000000000000E+00
   1.795278426900000E-03   1.317375048400000E+00   5.751518651800001E-01   1.402134435000000E+00   1.093608656400000E+00   0.000000000000000E+00   0.000000000000000E+00   0.000000000000000E+00   0.000000000000000E+00
   2.080118394300000E-03   1.481872081100000E+00   5.363232264000000E-01   1.360267671200000E+00   1.049845677700000E+00   0.000000000000000E+00   0.000000000000000E+00   0.000000000000000E+00   0.000000000000000E+00
   2.364958361800000E-03   1.650908850700000E+00   5.027478304500000E-01   1.351728536300000E+00   9.341081098700000E-01   0.000000000000000E+00   0.000000000000000E+00   0.000000000000000E+00   0.000000000000000E+00
   2.941618053900000E-03   1.999152183900000E+00   4.484226779200000E-01   1.277926676000000E+00   8.792050675800001E-01   0.000000000000000E+00   0.000000000000000E+00   0.000000000000000E+00   0.000000000000000E+00
   3.518277746000000E-03   2.334670930400000E+00   4.089458447800000E-01   1.243153583200000E+00   7.676856984000000E-01   0.000000000000000E+00   0.000000000000000E+00   0.000000000000000E+00   0.000000000000000E+00
   4.094937438100000E-03   2.637227211300000E+00   3.808703727900000E-01   1.195064531900000E+00   7.298434790400000E-01   0.000000000000000E+00   0.000000000000000E+00   0.000000000000000E+00   0.000000000000000E+00
   4.671597130200000E-03   2.889968890100000E+00   3.613406957800000E-01   1.186289046700000E+00   6.291750693100000E-01   0.000000000000000E+00   0.000000000000000E+00   0.000000000000000E+00   0.000000000000000E+00
   5.261730511500000E-03   3.094180554400000E+00   3.478016525900000E-01   1.142910229000000E+00   6.460475854000000E-01   0.000000000000000E+00   0.000000000000000E+00   0.000000000000000E+00   0.000000000000000E+00
   5.851863892700000E-03   3.243633402400000E+00   3.388334660000000E-01   1.137489204100000E+00   5.946704346600000E-01   0.000000000000000E+00   0.000000000000000E+00   0.000000000000000E+00   0.000000000000000E+00
   6.441997274000000E-03   3.349380655100000E+00   3.329826598400000E-01   1.115659721100000E+00   6.050720069500000E-01   0.000000000000000E+00   0.000000000000000E+00   0.000000000000000E+00   0.000000000000000E+00
   7.032130655300000E-03   3.420594492700000E+00   3.291998229800000E-01   1.129029040500000E+00   5.420724939500000E-01   0.000000000000000E+00   0.000000000000000E+00   0.000000000000000E+00   0.000000000000000E+00
   7.792946819300000E-03   3.478940575900000E+00   3.262547721000000E-01   1.102282018700000E+00   5.856151538800000E-01   0.000000000000000E+00   0.000000000000000E+00   0.000000000000000E+00   0.000000000000000E+00
   8.553762983400000E-03   3.511917240200000E+00   3.246100543200000E-01   1.109620403700000E+00   5.539313999800000E-01   0.000000000000000E+00   0.000000000000000E+00   0.000000000000000E+00   0.000000000000000E+00
   9.314579147400000E-03   3.530854516100000E+00   3.236939949100000E-01   1.097003001200000E+00   5.780480314100001E-01   0.000000000000000E+00   0.000000000000000E+00   0.000000000000000E+00   0.000000000000000E+00
   1.007539531200000E-02   3.541103017700000E+00   3.231815174200000E-01   1.116725798000000E+00   5.244569440400000E-01   0.000000000000000E+00   0.000000000000000E+00   0.000000000000000E+00   0.000000000000000E+00
   1.223060793200000E-02   3.552318091200000E+00   3.226564946700000E-01   1.094834917800000E+00   5.749572034000000E-01   0.000000000000000E+00   0.000000000000000E+00   0.000000000000000E+00   0.000000000000000E+00
   1.438582055200000E-02   3.553808173800000E+00   3.225774026200000E-01   1.105377455200000E+00   5.479030953100000E-01   0.000000000000000E+00   0.000000000000000E+00   0.000000000000000E+00   0.000000000000000E+00
   1.654103317200000E-02   3.554437075900000E+00   3.225547080200000E-01   1.094621996300000E+00   5.746512798300000E-01   0.000000000000000E+00   0.000000000000000E+00   0.000000000000000E+00   0.000000000000000E+00
   1.869624579300000E-02   3.554213264000000E+00   3.225510250500000E-01   1.115397274200000E+00   5.225918118000000E-01   0.000000000000000E+00   0.000000000000000E+00   0.000000000000000E+00   0.000000000000000E+00
   2.749832665100000E-02   3.554581497400000E+00   3.225477668000000E-01   1.094607903800000E+00   5.746294027100000E-01   0.000000000000000E+00   0.000000000000000E+00   0.000000000000000E+00   0.000000000000000E+00
   3.630040750900000E-02   3.554411376200000E+00   3.225485064900000E-01   1.105315298300000E+00   5.478201287900000E-01   0.000000000000000E+00   0.000000000000000E+00   0.000000000000000E+00   0.000000000000000E+00
   4.510248836600000E-02   3.554574585100000E+00   3.225480982400000E-01   1.094608819200000E+00   5.746298429200000E-01   0.000000000000000E+00   0.000000000000000E+00   0.000000000000000E+00   0.000000000000000E+00
   5.390456922400000E-02   3.554270209000000E+00   3.225482943200000E-01   1.115390133900000E+00   5.225871751400000E-01   0.000000000000000E+00   0.000000000000000E+00   0.000000000000000E+00   0.000000000000000E+00
   7.471309056700000E-02   3.554572836300000E+00   3.225481820400000E-01   1.094609127600000E+00   5.746297609900000E-01   0.000000000000000E+00   0.000000000000000E+00   0.000000000000000E+00   0.000000000000000E+00
   9.552161191000000E-02   3.554419120900000E+00   3.225481352300000E-01   1.105314144400000E+00   5.478199582200000E-01   0.000000000000000E+00   0.000000000000000E+00   0.000000000000000E+00   0.000000000000000E+00
   1.163301332500000E-01   3.554571636000000E+00   3.225482395600000E-01   1.094609341000000E+00   5.746297004199999E-01   0.000000000000000E+00   0.000000000000000E+00   0.000000000000000E+00   0.000000000000000E+00
   1.371386545900000E-01   3.554278225600000E+00   3.225479101600000E-01   1.115388734400000E+00   5.225875149100000E-01   0.000000000000000E+00   0.000000000000000E+00   0.000000000000000E+00   0.000000000000000E+00
   1.555425403000000E-01   3.554570821900000E+00   3.225482785500000E-01   1.094609506700000E+00   5.746296064999999E-01   0.000000000000000E+00   0.000000000000000E+00   0.000000000000000E+00   0.000000000000000E+00
   1.739464260100000E-01   3.554421407800000E+00   3.225480256800000E-01   1.105313677700000E+00   5.478202250600001E-01   0.000000000000000E+00   0.000000000000000E+00   0.000000000000000E+00   0.000000000000000E+00
   1.923503117200000E-01   3.554570124000000E+00   3.225483119600000E-01   1.094609681500000E+00   5.746294436300000E-01   0.000000000000000E+00   0.000000000000000E+00   0.000000000000000E+00   0.000000000000000E+00
   2.107541974200000E-01   3.554282942700000E+00   3.225476843400000E-01   1.115387590600000E+00   5.225885214000000E-01   0.000000000000000E+00   0.000000000000000E+00   0.000000000000000E+00   0.000000000000000E+00
   2.291582534500000E-01   3.554569702200000E+00   3.225483321400000E-01   1.094609812800000E+00   5.746292806600000E-01   0.000000000000000E+00   0.000000000000000E+00   0.000000000000000E+00   0.000000000000000E+00
   2.475623094900000E-01   3.554422633800000E+00   3.225479670400000E-01   1.105313303500000E+00   5.478206802200000E-01   0.000000000000000E+00   0.000000000000000E+00   0.000000000000000E+00   0.000000000000000E+00
   2.659663655200000E-01   3.554569354300000E+00   3.225483487500000E-01   1.094609952200000E+00   5.746290676800000E-01   0.000000000000000E+00   0.000000000000000E+00   0.000000000000000E+00   0.000000000000000E+00
   2.843704215500000E-01   3.554285293500000E+00   3.225475720200000E-01   1.115386685300000E+00   5.225898666400000E-01   0.000000000000000E+00   0.000000000000000E+00   0.000000000000000E+00   0.000000000000000E+00
   3.032136953700000E-01   3.554569146900000E+00   3.225483586400000E-01   1.094610060800000E+00   5.746288766100000E-01   0.000000000000000E+00   0.000000000000000E+00   0.000000000000000E+00   0.000000000000000E+00
   3.220569691800000E-01   3.554423239900000E+00   3.225479381400000E-01   1.105312994800000E+00   5.478212167600000E-01   0.000000000000000E+00   0.000000000000000E+00   0.000000000000000E+00   0.000000000000000E+00
   3.409002430000000E-01   3.554568975600000E+00   3.225483667900000E-01   1.094610180100000E+00   5.746286444900000E-01   0.000000000000000E+00   0.000000000000000E+00   0.000000000000000E+00   0.000000000000000E+00
   3.597435168200000E-01   3.554286448300000E+00   3.225475170700000E-01   1.115385916400000E+00   5.225913438699999E-01   0.000000000000000E+00   0.000000000000000E+00   0.000000000000000E+00   0.000000000000000E+00
   3.801237130800000E-01   3.554568875800000E+00   3.225483715200000E-01   1.094610273500000E+00   5.746284488600000E-01   0.000000000000000E+00   0.000000000000000E+00   0.000000000000000E+00   0.000000000000000E+00
   4.005039093400000E-01   3.554423534500000E+00   3.225479241600000E-01   1.105312729600000E+00   5.478217673000000E-01   0.000000000000000E+00   0.000000000000000E+00   0.000000000000000E+00   0.000000000000000E+00
   4.208841056000000E-01   3.554568792600000E+00   3.225483754500000E-01   1.094610376200000E+00   5.746282234800000E-01   0.000000000000000E+00   0.000000000000000E+00   0.000000000000000E+00   0.000000000000000E+00
   4.412643018700000E-01   3.554287004500000E+00   3.225474908000000E-01   1.115385257000000E+00   5.225927828700000E-01   0.000000000000000E+00   0.000000000000000E+00   0.000000000000000E+00   0.000000000000000E+00
   4.562163220500000E-01   3.554568728700000E+00   3.225483784500000E-01   1.094610477300000E+00   5.746279943300000E-01   0.000000000000000E+00   0.000000000000000E+00   0.000000000000000E+00   0.000000000000000E+00
   4.711683422300000E-01   3.554423705900000E+00   3.225479161300000E-01   1.105312445000000E+00   5.478224156200000E-01   0.000000000000000E+00   0.000000000000000E+00   0.000000000000000E+00   0.000000000000000E+00
   4.861203624100000E-01   3.554568675400000E+00   3.225483809200000E-01   1.094610611200000E+00   5.746276785500000E-01   0.000000000000000E+00   0.000000000000000E+00   0.000000000000000E+00   0.000000000000000E+00
   5.010723825900000E-01   3.554287374800000E+00   3.225474736000000E-01   1.115384397400000E+00   5.225947997200000E-01   0.000000000000000E+00   0.000000000000000E+00   0.000000000000000E+00   0.000000000000000E+00
   5.117224741500001E-01   3.554568637000000E+00   3.225483826700000E-01   1.094610746300000E+00   5.746273536199999E-01   0.000000000000000E+00   0.000000000000000E+00   0.000000000000000E+00   0.000000000000000E+00
   5.223725657100000E-01   3.554423807400000E+00   3.225479115100000E-01   1.105312064200000E+00   5.478233340300001E-01   0.000000000000000E+00   0.000000000000000E+00   0.000000000000000E+00   0.000000000000000E+00
   5.330226572700000E-01   3.554568610200000E+00   3.225483838300000E-01   1.094610929400000E+00   5.746269034300000E-01   0.000000000000000E+00   0.000000000000000E+00   0.000000000000000E+00   0.000000000000000E+00
   5.436727488300001E-01   3.554287575000000E+00   3.225474647800000E-01   1.115383222900000E+00   5.225976768500000E-01   0.000000000000000E+00   0.000000000000000E+00   0.000000000000000E+00   0.000000000000000E+00
   5.520621555700000E-01   3.554568594000000E+00   3.225483844900000E-01   1.094611104900000E+00   5.746264678300000E-01   0.000000000000000E+00   0.000000000000000E+00   0.000000000000000E+00   0.000000000000000E+00
   5.604515623000000E-01   3.554423852600000E+00   3.225479096700000E-01   1.105311568400000E+00   5.478245640000000E-01   0.000000000000000E+00   0.000000000000000E+00   0.000000000000000E+00   0.000000000000000E+00
   5.688409690400000E-01   3.554568583700000E+00   3.225483848300000E-01   1.094611334900000E+00   5.746258929900000E-01   0.000000000000000E+00   0.000000000000000E+00   0.000000000000000E+00   0.000000000000000E+00
   5.772303757800000E-01   3.554287656500000E+00   3.225474618700000E-01   1.115381749400000E+00   5.226013537100000E-01   0.000000000000000E+00   0.000000000000000E+00   0.000000000000000E+00   0.000000000000000E+00
   5.860689259000000E-01   3.554568578200000E+00   3.225483849600000E-01   1.094611525100000E+00   5.746254163600000E-01   0.000000000000000E+00   0.000000000000000E+00   0.000000000000000E+00   0.000000000000000E+00
   5.949074760100000E-01   3.554423869600000E+00   3.225479092200000E-01   1.105311031200000E+00   5.478259095600000E-01   0.000000000000000E+00   0.000000000000000E+00   0.000000000000000E+00   0.000000000000000E+00
   6.037460261299999E-01   3.554568573700000E+00   3.225483850300000E-01   1.094611742900000E+00   5.746248700000000E-01   0.000000000000000E+00   0.000000000000000E+00   0.000000000000000E+00   0.000000000000000E+00
   6.125845762400000E-01   3.554287688200000E+00   3.225474612900000E-01   1.115380355500000E+00   5.226048499500000E-01   0.000000000000000E+00   0.000000000000000E+00   0.000000000000000E+00   0.000000000000000E+00
   6.200582751400000E-01   3.554568570200000E+00   3.225483850600000E-01   1.094611944800000E+00   5.746243631200000E-01   0.000000000000000E+00   0.000000000000000E+00   0.000000000000000E+00   0.000000000000000E+00
   6.275319740400001E-01   3.554423879500000E+00   3.225479091400000E-01   1.105310461100000E+00   5.478273407499999E-01   0.000000000000000E+00   0.000000000000000E+00   0.000000000000000E+00   0.000000000000000E+00
   6.350056729400000E-01   3.554568566500000E+00   3.225483850700000E-01   1.094612202100000E+00   5.746237168300000E-01   0.000000000000000E+00   0.000000000000000E+00   0.000000000000000E+00   0.000000000000000E+00
   6.424793718400000E-01   3.554287713400000E+00   3.225474612000000E-01   1.115378708500000E+00   5.226089860599999E-01   0.000000000000000E+00   0.000000000000000E+00   0.000000000000000E+00   0.000000000000000E+00
   6.490863970500000E-01   3.554568563200000E+00   3.225483850600000E-01   1.094612435200000E+00   5.746231314500000E-01   0.000000000000000E+00   0.000000000000000E+00   0.000000000000000E+00   0.000000000000000E+00
   6.556934222600000E-01   3.554423888700000E+00   3.225479091400000E-01   1.105309803100000E+00   5.478289935500000E-01   0.000000000000000E+00   0.000000000000000E+00   0.000000000000000E+00   0.000000000000000E+00
   6.623004474600001E-01   3.554568559300000E+00   3.225483850500000E-01   1.094612726200000E+00   5.746224004200000E-01   0.000000000000000E+00   0.000000000000000E+00   0.000000000000000E+00   0.000000000000000E+00
   6.689074726699999E-01   3.554287738800000E+00   3.225474612500000E-01   1.115376846000000E+00   5.226136646600000E-01   0.000000000000000E+00   0.000000000000000E+00   0.000000000000000E+00   0.000000000000000E+00
   6.751608448200001E-01   3.554568555900000E+00   3.225483850400000E-01   1.094612980500000E+00   5.746217614900000E-01   0.000000000000000E+00   0.000000000000000E+00   0.000000000000000E+00   0.000000000000000E+00
   6.814142169700000E-01   3.554423898300000E+00   3.225479091700000E-01   1.105309085000000E+00   5.478307975600000E-01   0.000000000000000E+00   0.000000000000000E+00   0.000000000000000E+00   0.000000000000000E+00
   6.876675891200000E-01   3.554568551800000E+00   3.225483850300000E-01   1.094613287900000E+00   5.746209891900000E-01   0.000000000000000E+00   0.000000000000000E+00   0.000000000000000E+00   0.000000000000000E+00
   6.939209612700000E-01   3.554287765000000E+00   3.225474613400000E-01   1.115374878400000E+00   5.226186073700000E-01   0.000000000000000E+00   0.000000000000000E+00   0.000000000000000E+00   0.000000000000000E+00
   7.001194089600000E-01   3.554568548300000E+00   3.225483850200000E-01   1.094613550400000E+00   5.746203298700000E-01   0.000000000000000E+00   0.000000000000000E+00   0.000000000000000E+00   0.000000000000000E+00
   7.063178566600000E-01   3.554423908100000E+00   3.225479092000000E-01   1.105308343900000E+00   5.478326591800000E-01   0.000000000000000E+00   0.000000000000000E+00   0.000000000000000E+00   0.000000000000000E+00
   7.125163043600000E-01   3.554568544200000E+00   3.225483850100000E-01   1.094613860500000E+00   5.746195508200000E-01   0.000000000000000E+00   0.000000000000000E+00   0.000000000000000E+00   0.000000000000000E+00
   7.187147520600000E-01   3.554287791300000E+00   3.225474614200000E-01   1.115372893700000E+00   5.226235932900000E-01   0.000000000000000E+00   0.000000000000000E+00   0.000000000000000E+00   0.000000000000000E+00
   7.256961343900000E-01   3.554568540900000E+00   3.225483850000000E-01   1.094614109300000E+00   5.746189258000000E-01   0.000000000000000E+00   0.000000000000000E+00   0.000000000000000E+00   0.000000000000000E+00
   7.326775167200000E-01   3.554423917500000E+00   3.225479092300000E-01   1.105307641500000E+00   5.478344239500000E-01   0.000000000000000E+00   0.000000000000000E+00   0.000000000000000E+00   0.000000000000000E+00
   7.396588990600000E-01   3.554568537200000E+00   3.225483849800000E-01   1.094614384600000E+00   5.746182342000000E-01   0.000000000000000E+00   0.000000000000000E+00   0.000000000000000E+00   0.000000000000000E+00
   7.466402813900000E-01   3.554287814700000E+00   3.225474615000000E-01   1.115371131800000E+00   5.226280195500000E-01   0.000000000000000E+00   0.000000000000000E+00   0.000000000000000E+00   0.000000000000000E+00
   7.538647862300000E-01   3.554568534200000E+00   3.225483849700000E-01   1.094614614700000E+00   5.746176562600001E-01   0.000000000000000E+00   0.000000000000000E+00   0.000000000000000E+00   0.000000000000000E+00
   7.610892910800000E-01   3.554423926100000E+00   3.225479092600000E-01   1.105306991900000E+00   5.478360557800001E-01   0.000000000000000E+00   0.000000000000000E+00   0.000000000000000E+00   0.000000000000000E+00
   7.683137959200000E-01   3.554568530700000E+00   3.225483849600000E-01   1.094614880700000E+00   5.746169880000001E-01   0.000000000000000E+00   0.000000000000000E+00   0.000000000000000E+00   0.000000000000000E+00
   7.755383007600000E-01   3.554287837300000E+00   3.225474615700000E-01   1.115369429400000E+00   5.226322964100000E-01   0.000000000000000E+00   0.000000000000000E+00   0.000000000000000E+00   0.000000000000000E+00
   7.803630246900000E-01   3.554568526900000E+00   3.225483849500000E-01   1.094615163000000E+00   5.746162787400000E-01   0.000000000000000E+00   0.000000000000000E+00   0.000000000000000E+00   0.000000000000000E+00
   7.851877486200000E-01   3.554423936700000E+00   3.225479092900000E-01   1.105306194800000E+00   5.478380583500000E-01   0.000000000000000E+00   0.000000000000000E+00   0.000000000000000E+00   0.000000000000000E+00
   7.900124725500000E-01   3.554568521600000E+00   3.225483849300000E-01   1.094615561300000E+00   5.746152782300000E-01   0.000000000000000E+00   0.000000000000000E+00   0.000000000000000E+00   0.000000000000000E+00
   7.948371964900000E-01   3.554287871100000E+00   3.225474616800000E-01   1.115366880500000E+00   5.226386997100000E-01   0.000000000000000E+00   0.000000000000000E+00   0.000000000000000E+00   0.000000000000000E+00
   7.999101100400000E-01   3.554568517200000E+00   3.225483849200000E-01   1.094615891500000E+00   5.746144486600000E-01   0.000000000000000E+00   0.000000000000000E+00   0.000000000000000E+00   0.000000000000000E+00
   8.049830235900000E-01   3.554423949000000E+00   3.225479093300000E-01   1.105305262400000E+00   5.478404006699999E-01   0.000000000000000E+00   0.000000000000000E+00   0.000000000000000E+00   0.000000000000000E+00
   8.100559371300000E-01   3.554568512200000E+00   3.225483849000000E-01   1.094616270200000E+00   5.746134972300000E-01   0.000000000000000E+00   0.000000000000000E+00   0.000000000000000E+00   0.000000000000000E+00
   8.151288506800000E-01   3.554287903300000E+00   3.225474617800000E-01   1.115364456800000E+00   5.226447888100000E-01   0.000000000000000E+00   0.000000000000000E+00   0.000000000000000E+00   0.000000000000000E+00
   8.190956909800000E-01   3.554568507400000E+00   3.225483848900000E-01   1.094616636900000E+00   5.746125758400000E-01   0.000000000000000E+00   0.000000000000000E+00   0.000000000000000E+00   0.000000000000000E+00
   8.230625312800000E-01   3.554423962800000E+00   3.225479093800000E-01   1.105304226900000E+00   5.478430022100000E-01   0.000000000000000E+00   0.000000000000000E+00   0.000000000000000E+00   0.000000000000000E+00
   8.270293715800000E-01   3.554568500900000E+00   3.225483848700000E-01   1.094617121200000E+00   5.746113593400000E-01   0.000000000000000E+00   0.000000000000000E+00   0.000000000000000E+00   0.000000000000000E+00
   8.309962118799999E-01   3.554287944400000E+00   3.225474619200000E-01   1.115361357700000E+00   5.226525744300000E-01   0.000000000000000E+00   0.000000000000000E+00   0.000000000000000E+00   0.000000000000000E+00
   8.342928313700000E-01   3.554568494900000E+00   3.225483848500000E-01   1.094617574500000E+00   5.746102203000000E-01   0.000000000000000E+00   0.000000000000000E+00   0.000000000000000E+00   0.000000000000000E+00
   8.375894508600000E-01   3.554423979700000E+00   3.225479094300000E-01   1.105302946700000E+00   5.478462182800000E-01   0.000000000000000E+00   0.000000000000000E+00   0.000000000000000E+00   0.000000000000000E+00
   8.408860703500000E-01   3.554568487200000E+00   3.225483848200000E-01   1.094618157100000E+00   5.746087567800000E-01   0.000000000000000E+00   0.000000000000000E+00   0.000000000000000E+00   0.000000000000000E+00
   8.441826898400000E-01   3.554287993800000E+00   3.225474620800000E-01   1.115357629500000E+00   5.226619409600000E-01   0.000000000000000E+00   0.000000000000000E+00   0.000000000000000E+00   0.000000000000000E+00
   8.478463026600001E-01   3.554568481000000E+00   3.225483848000000E-01   1.094618627400000E+00   5.746075752299999E-01   0.000000000000000E+00   0.000000000000000E+00   0.000000000000000E+00   0.000000000000000E+00
   8.515099154800000E-01   3.554423997400000E+00   3.225479094900000E-01   1.105301618800000E+00   5.478495544400001E-01   0.000000000000000E+00   0.000000000000000E+00   0.000000000000000E+00   0.000000000000000E+00
   8.551735283000000E-01   3.554568474000000E+00   3.225483847800000E-01   1.094619151400000E+00   5.746062586000000E-01   0.000000000000000E+00   0.000000000000000E+00   0.000000000000000E+00   0.000000000000000E+00
   8.588371411200000E-01   3.554288038300000E+00   3.225474622200000E-01   1.115354275500000E+00   5.226703673999999E-01   0.000000000000000E+00   0.000000000000000E+00   0.000000000000000E+00   0.000000000000000E+00
   8.623219773900000E-01   3.554568467900000E+00   3.225483847600000E-01   1.094619608300000E+00   5.746051108700000E-01   0.000000000000000E+00   0.000000000000000E+00   0.000000000000000E+00   0.000000000000000E+00
   8.658068136500000E-01   3.554424014500000E+00   3.225479095500000E-01   1.105300329000000E+00   5.478527950700000E-01   0.000000000000000E+00   0.000000000000000E+00   0.000000000000000E+00   0.000000000000000E+00
   8.692916499100000E-01   3.554568460600000E+00   3.225483847400000E-01   1.094620159100000E+00   5.746037269800000E-01   0.000000000000000E+00   0.000000000000000E+00   0.000000000000000E+00   0.000000000000000E+00
   8.727764861700000E-01   3.554288085100000E+00   3.225474623800000E-01   1.115350750300000E+00   5.226792242800000E-01   0.000000000000000E+00   0.000000000000000E+00   0.000000000000000E+00   0.000000000000000E+00
   8.753997199800000E-01   3.554568453400000E+00   3.225483847100000E-01   1.094620704100000E+00   5.746023576300000E-01   0.000000000000000E+00   0.000000000000000E+00   0.000000000000000E+00   0.000000000000000E+00
   8.780229537899999E-01   3.554424034900000E+00   3.225479096100000E-01   1.105298790100000E+00   5.478566613800000E-01   0.000000000000000E+00   0.000000000000000E+00   0.000000000000000E+00   0.000000000000000E+00
   8.806461876000000E-01   3.554568443700000E+00   3.225483846800000E-01   1.094621435600000E+00   5.746005196600000E-01   0.000000000000000E+00   0.000000000000000E+00   0.000000000000000E+00   0.000000000000000E+00
   8.832694214100000E-01   3.554288147100000E+00   3.225474625800000E-01   1.115346068500000E+00   5.226909872600000E-01   0.000000000000000E+00   0.000000000000000E+00   0.000000000000000E+00   0.000000000000000E+00
   8.859046127400000E-01   3.554568435500000E+00   3.225483846500000E-01   1.094622055900000E+00   5.745989611600000E-01   0.000000000000000E+00   0.000000000000000E+00   0.000000000000000E+00   0.000000000000000E+00
   8.885398040600000E-01   3.554424058100000E+00   3.225479096900000E-01   1.105297038700000E+00   5.478610618600001E-01   0.000000000000000E+00   0.000000000000000E+00   0.000000000000000E+00   0.000000000000000E+00
   8.911749953800000E-01   3.554568425800000E+00   3.225483846200000E-01   1.094622783900000E+00   5.745971320600000E-01   0.000000000000000E+00   0.000000000000000E+00   0.000000000000000E+00   0.000000000000000E+00
   8.938101867000000E-01   3.554288208900000E+00   3.225474627800000E-01   1.115341409300000E+00   5.227026935200000E-01   0.000000000000000E+00   0.000000000000000E+00   0.000000000000000E+00   0.000000000000000E+00
   8.967485810700000E-01   3.554568418100000E+00   3.225483846000000E-01   1.094623370700000E+00   5.745956577500000E-01   0.000000000000000E+00   0.000000000000000E+00   0.000000000000000E+00   0.000000000000000E+00
   8.996869754500000E-01   3.554424080100000E+00   3.225479097600000E-01   1.105295381900000E+00   5.478652246600000E-01   0.000000000000000E+00   0.000000000000000E+00   0.000000000000000E+00   0.000000000000000E+00
   9.026253698300000E-01   3.554568409400000E+00   3.225483845700000E-01   1.094624023400000E+00   5.745940178300000E-01   0.000000000000000E+00   0.000000000000000E+00   0.000000000000000E+00   0.000000000000000E+00
   9.055637642000000E-01   3.554288264300000E+00   3.225474629600000E-01   1.115337232100000E+00   5.227131890400000E-01   0.000000000000000E+00   0.000000000000000E+00   0.000000000000000E+00   0.000000000000000E+00
   9.077087235200000E-01   3.554568400700000E+00   3.225483845400000E-01   1.094624680700000E+00   5.745923662600000E-01   0.000000000000000E+00   0.000000000000000E+00   0.000000000000000E+00   0.000000000000000E+00
   9.098536828400000E-01   3.554424104700000E+00   3.225479098400000E-01   1.105293526000000E+00   5.478698877500000E-01   0.000000000000000E+00   0.000000000000000E+00   0.000000000000000E+00   0.000000000000000E+00
   9.119986421700000E-01   3.554568388800000E+00   3.225483845000000E-01   1.094625574500000E+00   5.745901203900000E-01   0.000000000000000E+00   0.000000000000000E+00   0.000000000000000E+00   0.000000000000000E+00
   9.141436014900000E-01   3.554288340100000E+00   3.225474632100000E-01   1.115331511700000E+00   5.227275625800000E-01   0.000000000000000E+00   0.000000000000000E+00   0.000000000000000E+00   0.000000000000000E+00
   9.163959127800000E-01   3.554568379000000E+00   3.225483844700000E-01   1.094626316000000E+00   5.745882572300000E-01   0.000000000000000E+00   0.000000000000000E+00   0.000000000000000E+00   0.000000000000000E+00
   9.186482240700000E-01   3.554424132400000E+00   3.225479099300000E-01   1.105291432300000E+00   5.478751484700000E-01   0.000000000000000E+00   0.000000000000000E+00   0.000000000000000E+00   0.000000000000000E+00
   9.209005353600000E-01   3.554568367700000E+00   3.225483844300000E-01   1.094627166900000E+00   5.745861191400000E-01   0.000000000000000E+00   0.000000000000000E+00   0.000000000000000E+00   0.000000000000000E+00
   9.231528466500000E-01   3.554288412300000E+00   3.225474634400000E-01   1.115326065800000E+00   5.227412463700000E-01   0.000000000000000E+00   0.000000000000000E+00   0.000000000000000E+00   0.000000000000000E+00
   9.248384746800000E-01   3.554568356600000E+00   3.225483844000000E-01   1.094628011700000E+00   5.745839965700000E-01   0.000000000000000E+00   0.000000000000000E+00   0.000000000000000E+00   0.000000000000000E+00
   9.265241027100000E-01   3.554424164000000E+00   3.225479100300000E-01   1.105289047400000E+00   5.478811413400000E-01   0.000000000000000E+00   0.000000000000000E+00   0.000000000000000E+00   0.000000000000000E+00
   9.282097307300000E-01   3.554568341500000E+00   3.225483843500000E-01   1.094629148200000E+00   5.745811407900000E-01   0.000000000000000E+00   0.000000000000000E+00   0.000000000000000E+00   0.000000000000000E+00
   9.298953587600000E-01   3.554288508600000E+00   3.225474637500000E-01   1.115318792300000E+00   5.227595233700000E-01   0.000000000000000E+00   0.000000000000000E+00   0.000000000000000E+00   0.000000000000000E+00
   9.313191754100000E-01   3.554568327500000E+00   3.225483843000000E-01   1.094630202700000E+00   5.745784907500000E-01   0.000000000000000E+00   0.000000000000000E+00   0.000000000000000E+00   0.000000000000000E+00
   9.327429920600000E-01   3.554424203400000E+00   3.225479101600000E-01   1.105286069800000E+00   5.478886235900000E-01   0.000000000000000E+00   0.000000000000000E+00   0.000000000000000E+00   0.000000000000000E+00
   9.341668087000000E-01   3.554568309700000E+00   3.225483842400000E-01   1.094631547500000E+00   5.745751114800000E-01   0.000000000000000E+00   0.000000000000000E+00   0.000000000000000E+00   0.000000000000000E+00
   9.355906253500000E-01   3.554288622600000E+00   3.225474641300000E-01   1.115310185800000E+00   5.227811506700000E-01   0.000000000000000E+00   0.000000000000000E+00   0.000000000000000E+00   0.000000000000000E+00
   9.369023296800000E-01   3.554568293900000E+00   3.225483841900000E-01   1.094632739100000E+00   5.745721171100000E-01   0.000000000000000E+00   0.000000000000000E+00   0.000000000000000E+00   0.000000000000000E+00
   9.382140340100000E-01   3.554424248000000E+00   3.225479103100000E-01   1.105282705400000E+00   5.478970781300000E-01   0.000000000000000E+00   0.000000000000000E+00   0.000000000000000E+00   0.000000000000000E+00
   9.395257383500000E-01   3.554568274600000E+00   3.225483841300000E-01   1.094634197900000E+00   5.745684510300000E-01   0.000000000000000E+00   0.000000000000000E+00   0.000000000000000E+00   0.000000000000000E+00
   9.408374426800000E-01   3.554288746200000E+00   3.225474645300000E-01   1.115300849300000E+00   5.228046136300000E-01   0.000000000000000E+00   0.000000000000000E+00   0.000000000000000E+00   0.000000000000000E+00
   9.421097083300000E-01   3.554568258000000E+00   3.225483840800000E-01   1.094635456800000E+00   5.745652874400000E-01   0.000000000000000E+00   0.000000000000000E+00   0.000000000000000E+00   0.000000000000000E+00
   9.433819739800000E-01   3.554424295100000E+00   3.225479104600000E-01   1.105279151100000E+00   5.479060105500000E-01   0.000000000000000E+00   0.000000000000000E+00   0.000000000000000E+00   0.000000000000000E+00
   9.446542396299999E-01   3.554568238100000E+00   3.225483840100000E-01   1.094636959900000E+00   5.745615099000000E-01   0.000000000000000E+00   0.000000000000000E+00   0.000000000000000E+00   0.000000000000000E+00
   9.459265052800000E-01   3.554288873600000E+00   3.225474649400000E-01   1.115291229400000E+00   5.228287899300000E-01   0.000000000000000E+00   0.000000000000000E+00   0.000000000000000E+00   0.000000000000000E+00
   9.474258262100000E-01   3.554568222400000E+00   3.225483839600000E-01   1.094638140400000E+00   5.745585430300000E-01   0.000000000000000E+00   0.000000000000000E+00   0.000000000000000E+00   0.000000000000000E+00
   9.489251471500000E-01   3.554424339200000E+00   3.225479106000000E-01   1.105275817800000E+00   5.479143878500000E-01   0.000000000000000E+00   0.000000000000000E+00   0.000000000000000E+00   0.000000000000000E+00
   9.504244680800000E-01   3.554568205600000E+00   3.225483839100000E-01   1.094639415100000E+00   5.745553392900000E-01   0.000000000000000E+00   0.000000000000000E+00   0.000000000000000E+00   0.000000000000000E+00
   9.519237890200000E-01   3.554288981500000E+00   3.225474652900000E-01   1.115283071200000E+00   5.228492938800000E-01   0.000000000000000E+00   0.000000000000000E+00   0.000000000000000E+00   0.000000000000000E+00
   9.529392503200000E-01   3.554568187800000E+00   3.225483838500000E-01   1.094640756500000E+00   5.745519680000000E-01   0.000000000000000E+00   0.000000000000000E+00   0.000000000000000E+00   0.000000000000000E+00
   9.539547116300000E-01   3.554424389300000E+00   3.225479107700000E-01   1.105272030700000E+00   5.479239059400000E-01   0.000000000000000E+00   0.000000000000000E+00   0.000000000000000E+00   0.000000000000000E+00
   9.549701729300000E-01   3.554568162900000E+00   3.225483837700000E-01   1.094642637300000E+00   5.745472406200000E-01   0.000000000000000E+00   0.000000000000000E+00   0.000000000000000E+00   0.000000000000000E+00
   9.559856342300000E-01   3.554289140700000E+00   3.225474658100000E-01   1.115271033700000E+00   5.228795491600000E-01   0.000000000000000E+00   0.000000000000000E+00   0.000000000000000E+00   0.000000000000000E+00
   9.568911608700000E-01   3.554568140500000E+00   3.225483836900000E-01   1.094644332400000E+00   5.745429799100000E-01   0.000000000000000E+00   0.000000000000000E+00   0.000000000000000E+00   0.000000000000000E+00
   9.577966875000000E-01   3.554424452600000E+00   3.225479109700000E-01   1.105267244700000E+00   5.479359357700000E-01   0.000000000000000E+00   0.000000000000000E+00   0.000000000000000E+00   0.000000000000000E+00
   9.587022141300000E-01   3.554568112700000E+00   3.225483836000000E-01   1.094646439800000E+00   5.745376827300001E-01   0.000000000000000E+00   0.000000000000000E+00   0.000000000000000E+00   0.000000000000000E+00
   9.596077407700000E-01   3.554289319000000E+00   3.225474663900000E-01   1.115257546300000E+00   5.229134511300000E-01   0.000000000000000E+00   0.000000000000000E+00   0.000000000000000E+00   0.000000000000000E+00
   9.604285551500000E-01   3.554568087800000E+00   3.225483835200000E-01   1.094648322700000E+00   5.745329496400000E-01   0.000000000000000E+00   0.000000000000000E+00   0.000000000000000E+00   0.000000000000000E+00
   9.612493695300000E-01   3.554424522800000E+00   3.225479112000000E-01   1.105261928400000E+00   5.479492993400000E-01   0.000000000000000E+00   0.000000000000000E+00   0.000000000000000E+00   0.000000000000000E+00
   9.620701839100000E-01   3.554568057100000E+00   3.225483834200000E-01   1.094650645400000E+00   5.745271108200000E-01   0.000000000000000E+00   0.000000000000000E+00   0.000000000000000E+00   0.000000000000000E+00
   9.628909982900000E-01   3.554289515400000E+00   3.225474670300000E-01   1.115242681100000E+00   5.229508195900000E-01   0.000000000000000E+00   0.000000000000000E+00   0.000000000000000E+00   0.000000000000000E+00
   9.635286747300000E-01   3.554568027300000E+00   3.225483833300000E-01   1.094652902200000E+00   5.745214374299999E-01   0.000000000000000E+00   0.000000000000000E+00   0.000000000000000E+00   0.000000000000000E+00
   9.641663511700000E-01   3.554424607000000E+00   3.225479114700000E-01   1.105255557000000E+00   5.479653167700000E-01   0.000000000000000E+00   0.000000000000000E+00   0.000000000000000E+00   0.000000000000000E+00
   9.648040276099999E-01   3.554567987800000E+00   3.225483832000000E-01   1.094655888600000E+00   5.745139295200000E-01   0.000000000000000E+00   0.000000000000000E+00   0.000000000000000E+00   0.000000000000000E+00
   9.654417040500000E-01   3.554289767800000E+00   3.225474678500000E-01   1.115223568400000E+00   5.229988702300000E-01   0.000000000000000E+00   0.000000000000000E+00   0.000000000000000E+00   0.000000000000000E+00
   9.659968113300000E-01   3.554567951900000E+00   3.225483830800000E-01   1.094658614100000E+00   5.745070769300000E-01   0.000000000000000E+00   0.000000000000000E+00   0.000000000000000E+00   0.000000000000000E+00
   9.665519186200000E-01   3.554424708600000E+00   3.225479118000000E-01   1.105247861900000E+00   5.479846639900000E-01   0.000000000000000E+00   0.000000000000000E+00   0.000000000000000E+00   0.000000000000000E+00
   9.671070259000000E-01   3.554567906600000E+00   3.225483829300000E-01   1.094662040000000E+00   5.744984630700000E-01   0.000000000000000E+00   0.000000000000000E+00   0.000000000000000E+00   0.000000000000000E+00
   9.676621331800001E-01   3.554290057100000E+00   3.225474687900000E-01   1.115201643200000E+00   5.230539989700000E-01   0.000000000000000E+00   0.000000000000000E+00   0.000000000000000E+00   0.000000000000000E+00
   9.682913995100000E-01   3.554567870500000E+00   3.225483828200000E-01   1.094664778200000E+00   5.744915775500000E-01   0.000000000000000E+00   0.000000000000000E+00   0.000000000000000E+00   0.000000000000000E+00
   9.689206658400000E-01   3.554424810500000E+00   3.225479121300000E-01   1.105240129900000E+00   5.480041066000000E-01   0.000000000000000E+00   0.000000000000000E+00   0.000000000000000E+00   0.000000000000000E+00
   9.695499321800000E-01   3.554567830800000E+00   3.225483826900000E-01   1.094667796100000E+00   5.744839884100000E-01   0.000000000000000E+00   0.000000000000000E+00   0.000000000000000E+00   0.000000000000000E+00
   9.701791985100000E-01   3.554290311700000E+00   3.225474696100000E-01   1.115182328700000E+00   5.231025695300000E-01   0.000000000000000E+00   0.000000000000000E+00   0.000000000000000E+00   0.000000000000000E+00
   9.707004772500000E-01   3.554567793500000E+00   3.225483825700000E-01   1.094670625300000E+00   5.744768733100000E-01   0.000000000000000E+00   0.000000000000000E+00   0.000000000000000E+00   0.000000000000000E+00
   9.712217559900000E-01   3.554424915800000E+00   3.225479124800000E-01   1.105232142400000E+00   5.480241944299999E-01   0.000000000000000E+00   0.000000000000000E+00   0.000000000000000E+00   0.000000000000000E+00
   9.717430347200000E-01   3.554567745500000E+00   3.225483824100000E-01   1.094674263100000E+00   5.744677239300000E-01   0.000000000000000E+00   0.000000000000000E+00   0.000000000000000E+00   0.000000000000000E+00
   9.722643134600000E-01   3.554290618400000E+00   3.225474706100000E-01   1.115159046800000E+00   5.231611256100001E-01   0.000000000000000E+00   0.000000000000000E+00   0.000000000000000E+00   0.000000000000000E+00
   9.730630227200000E-01   3.554567712000000E+00   3.225483823000000E-01   1.094676815900000E+00   5.744613028200000E-01   0.000000000000000E+00   0.000000000000000E+00   0.000000000000000E+00   0.000000000000000E+00
   9.738617319800000E-01   3.554425010700000E+00   3.225479127800000E-01   1.105224932900000E+00   5.480423279900000E-01   0.000000000000000E+00   0.000000000000000E+00   0.000000000000000E+00   0.000000000000000E+00
   9.746604412400000E-01   3.554567680800000E+00   3.225483822000000E-01   1.094679187000000E+00   5.744553384800000E-01   0.000000000000000E+00   0.000000000000000E+00   0.000000000000000E+00   0.000000000000000E+00
   9.754591505000000E-01   3.554290818000000E+00   3.225474712500000E-01   1.115143871700000E+00   5.231992974100000E-01   0.000000000000000E+00   0.000000000000000E+00   0.000000000000000E+00   0.000000000000000E+00
   9.764048846800000E-01   3.554567656300000E+00   3.225483821200000E-01   1.094681044700000E+00   5.744506651600000E-01   0.000000000000000E+00   0.000000000000000E+00   0.000000000000000E+00   0.000000000000000E+00
   9.773506188500000E-01   3.554425079700000E+00   3.225479130100000E-01   1.105219687200000E+00   5.480555239500000E-01   0.000000000000000E+00   0.000000000000000E+00   0.000000000000000E+00   0.000000000000000E+00
   9.782963530200000E-01   3.554567630000000E+00   3.225483820400000E-01   1.094683045300000E+00   5.744456323500000E-01   0.000000000000000E+00   0.000000000000000E+00   0.000000000000000E+00   0.000000000000000E+00
   9.792420871900001E-01   3.554290986400000E+00   3.225474718000000E-01   1.115131068000000E+00   5.232315074000000E-01   0.000000000000000E+00   0.000000000000000E+00   0.000000000000000E+00   0.000000000000000E+00
   9.798790347000000E-01   3.554567602300000E+00   3.225483819500000E-01   1.094685157300000E+00   5.744403192000000E-01   0.000000000000000E+00   0.000000000000000E+00   0.000000000000000E+00   0.000000000000000E+00
   9.805159822000000E-01   3.554425158100000E+00   3.225479132600000E-01   1.105213725000000E+00   5.480705236600000E-01   0.000000000000000E+00   0.000000000000000E+00   0.000000000000000E+00   0.000000000000000E+00
   9.811529297100000E-01   3.554567563300000E+00   3.225483818200000E-01   1.094688124500000E+00   5.744328537900000E-01   0.000000000000000E+00   0.000000000000000E+00   0.000000000000000E+00   0.000000000000000E+00
   9.817898772200000E-01   3.554291235900000E+00   3.225474726100000E-01   1.115112077900000E+00   5.232792860300000E-01   0.000000000000000E+00   0.000000000000000E+00   0.000000000000000E+00   0.000000000000000E+00
   9.823653146900000E-01   3.554567528400000E+00   3.225483817100000E-01   1.094690779700000E+00   5.744261727600000E-01   0.000000000000000E+00   0.000000000000000E+00   0.000000000000000E+00   0.000000000000000E+00
   9.829407521700000E-01   3.554425256500000E+00   3.225479135800000E-01   1.105206228200000E+00   5.480893868700000E-01   0.000000000000000E+00   0.000000000000000E+00   0.000000000000000E+00   0.000000000000000E+00
   9.835161896500000E-01   3.554567485300000E+00   3.225483815700000E-01   1.094694059600000E+00   5.744179194600000E-01   0.000000000000000E+00   0.000000000000000E+00   0.000000000000000E+00   0.000000000000000E+00
   9.840916271300000E-01   3.554291511400000E+00   3.225474735000000E-01   1.115091086800000E+00   5.233321071800000E-01   0.000000000000000E+00   0.000000000000000E+00   0.000000000000000E+00   0.000000000000000E+00
   9.844760343800000E-01   3.554567439700000E+00   3.225483814200000E-01   1.094697538200000E+00   5.744091655300000E-01   0.000000000000000E+00   0.000000000000000E+00   0.000000000000000E+00   0.000000000000000E+00
   9.848604416400000E-01   3.554425385300000E+00   3.225479140000000E-01   1.105196409000000E+00   5.481140979100000E-01   0.000000000000000E+00   0.000000000000000E+00   0.000000000000000E+00   0.000000000000000E+00
   9.852448488900000E-01   3.554567375400000E+00   3.225483812100000E-01   1.094702439100000E+00   5.743968305800000E-01   0.000000000000000E+00   0.000000000000000E+00   0.000000000000000E+00   0.000000000000000E+00
   9.856292561500000E-01   3.554291922500000E+00   3.225474748300000E-01   1.115059721000000E+00   5.234110510500000E-01   0.000000000000000E+00   0.000000000000000E+00   0.000000000000000E+00   0.000000000000000E+00
   9.859257311800000E-01   3.554567312800000E+00   3.225483810100000E-01   1.094707218000000E+00   5.743848011700000E-01   0.000000000000000E+00   0.000000000000000E+00   0.000000000000000E+00   0.000000000000000E+00
   9.862222062100000E-01   3.554425562000000E+00   3.225479145700000E-01   1.105182918700000E+00   5.481480560100001E-01   0.000000000000000E+00   0.000000000000000E+00   0.000000000000000E+00   0.000000000000000E+00
   9.865186812300000E-01   3.554567229800000E+00   3.225483807400000E-01   1.094713556600000E+00   5.743688429600000E-01   0.000000000000000E+00   0.000000000000000E+00   0.000000000000000E+00   0.000000000000000E+00
   9.868151562600000E-01   3.554292453200000E+00   3.225474765400000E-01   1.115019154000000E+00   5.235131839000000E-01   0.000000000000000E+00   0.000000000000000E+00   0.000000000000000E+00   0.000000000000000E+00
   9.870894779600000E-01   3.554567156700000E+00   3.225483805100000E-01   1.094719154300000E+00   5.743547476500001E-01   0.000000000000000E+00   0.000000000000000E+00   0.000000000000000E+00   0.000000000000000E+00
   9.873637996600000E-01   3.554425768600000E+00   3.225479152300000E-01   1.105167114900000E+00   5.481878514800000E-01   0.000000000000000E+00   0.000000000000000E+00   0.000000000000000E+00   0.000000000000000E+00
   9.876381213500000E-01   3.554567067500000E+00   3.225483802200000E-01   1.094725984600000E+00   5.743375451600000E-01   0.000000000000000E+00   0.000000000000000E+00   0.000000000000000E+00   0.000000000000000E+00
   9.879124430500000E-01   3.554293023700000E+00   3.225474783800000E-01   1.114975440400000E+00   5.236232802400000E-01   0.000000000000000E+00   0.000000000000000E+00   0.000000000000000E+00   0.000000000000000E+00
   9.881666325400000E-01   3.554566989100000E+00   3.225483799600000E-01   1.094732011200000E+00   5.743223636000000E-01   0.000000000000000E+00   0.000000000000000E+00   0.000000000000000E+00   0.000000000000000E+00
   9.884208220300000E-01   3.554425990300000E+00   3.225479159500000E-01   1.105150100200000E+00   5.482307136000000E-01   0.000000000000000E+00   0.000000000000000E+00   0.000000000000000E+00   0.000000000000000E+00
   9.886750115300000E-01   3.554566893400000E+00   3.225483796600000E-01   1.094739358700000E+00   5.743038501500000E-01   0.000000000000000E+00   0.000000000000000E+00   0.000000000000000E+00   0.000000000000000E+00
   9.889292010200000E-01   3.554293635700000E+00   3.225474803600000E-01   1.114928416200000E+00   5.237417668000000E-01   0.000000000000000E+00   0.000000000000000E+00   0.000000000000000E+00   0.000000000000000E+00
   9.892166050900000E-01   3.554566817100000E+00   3.225483794100000E-01   1.094745232900000E+00   5.742890452500000E-01   0.000000000000000E+00   0.000000000000000E+00   0.000000000000000E+00   0.000000000000000E+00
   9.895040091600000E-01   3.554426205800000E+00   3.225479166400000E-01   1.105133511800000E+00   5.482725208400000E-01   0.000000000000000E+00   0.000000000000000E+00   0.000000000000000E+00   0.000000000000000E+00
   9.897914132300000E-01   3.554566733000000E+00   3.225483791400000E-01   1.094751710700000E+00   5.742727156100000E-01   0.000000000000000E+00   0.000000000000000E+00   0.000000000000000E+00   0.000000000000000E+00
   9.900788173000000E-01   3.554294173500000E+00   3.225474820900000E-01   1.114886958200000E+00   5.238462768700000E-01   0.000000000000000E+00   0.000000000000000E+00   0.000000000000000E+00   0.000000000000000E+00
   9.903638271300000E-01   3.554566661600000E+00   3.225483789100000E-01   1.094757231800000E+00   5.742587946500000E-01   0.000000000000000E+00   0.000000000000000E+00   0.000000000000000E+00   0.000000000000000E+00
   9.906488369599999E-01   3.554426407700000E+00   3.225479172900000E-01   1.105117923200000E+00   5.483118267300000E-01   0.000000000000000E+00   0.000000000000000E+00   0.000000000000000E+00   0.000000000000000E+00
   9.909338467900000E-01   3.554566577300000E+00   3.225483786400000E-01   1.094763744400000E+00   5.742423696300000E-01   0.000000000000000E+00   0.000000000000000E+00   0.000000000000000E+00   0.000000000000000E+00
   9.912188566200000E-01   3.554294712400000E+00   3.225474838200000E-01   1.114845277700000E+00   5.239513973200000E-01   0.000000000000000E+00   0.000000000000000E+00   0.000000000000000E+00   0.000000000000000E+00
   9.914729270500000E-01   3.554566501700000E+00   3.225483784000000E-01   1.094769608600000E+00   5.742275761700000E-01   0.000000000000000E+00   0.000000000000000E+00   0.000000000000000E+00   0.000000000000000E+00
   9.917269974800000E-01   3.554426621500000E+00   3.225479179800000E-01   1.105101367700000E+00   5.483535916100000E-01   0.000000000000000E+00   0.000000000000000E+00   0.000000000000000E+00   0.000000000000000E+00
   9.919810679100000E-01   3.554566407800000E+00   3.225483781000000E-01   1.094776890600000E+00   5.742092006500000E-01   0.000000000000000E+00   0.000000000000000E+00   0.000000000000000E+00   0.000000000000000E+00
   9.922351383400000E-01   3.554295312800000E+00   3.225474857400000E-01   1.114798673000000E+00   5.240690012200000E-01   0.000000000000000E+00   0.000000000000000E+00   0.000000000000000E+00   0.000000000000000E+00
   9.924277561200000E-01   3.554566315600000E+00   3.225483778000000E-01   1.094784056900000E+00   5.741911122300000E-01   0.000000000000000E+00   0.000000000000000E+00   0.000000000000000E+00   0.000000000000000E+00
   9.926203739000000E-01   3.554426881500000E+00   3.225479188100000E-01   1.105081141800000E+00   5.484046473500001E-01   0.000000000000000E+00   0.000000000000000E+00   0.000000000000000E+00   0.000000000000000E+00
   9.928129916800000E-01   3.554566192800000E+00   3.225483774100000E-01   1.094793623700000E+00   5.741669538900001E-01   0.000000000000000E+00   0.000000000000000E+00   0.000000000000000E+00   0.000000000000000E+00
   9.930056094600000E-01   3.554296097900000E+00   3.225474882500000E-01   1.114737445700000E+00   5.242236157900000E-01   0.000000000000000E+00   0.000000000000000E+00   0.000000000000000E+00   0.000000000000000E+00
   9.931974230100000E-01   3.554566089000000E+00   3.225483770800000E-01   1.094801753800000E+00   5.741464143300000E-01   0.000000000000000E+00   0.000000000000000E+00   0.000000000000000E+00   0.000000000000000E+00
   9.933892365500000E-01   3.554427175000000E+00   3.225479197400000E-01   1.105058186500000E+00   5.484626409800000E-01   0.000000000000000E+00   0.000000000000000E+00   0.000000000000000E+00   0.000000000000000E+00
   9.935810501000000E-01   3.554565967000000E+00   3.225483766900000E-01   1.094811316300000E+00   5.741222449400000E-01   0.000000000000000E+00   0.000000000000000E+00   0.000000000000000E+00   0.000000000000000E+00
   9.937728636499999E-01   3.554296877700000E+00   3.225474907300000E-01   1.114676246400000E+00   5.243783011499999E-01   0.000000000000000E+00   0.000000000000000E+00   0.000000000000000E+00   0.000000000000000E+00
   9.939456468800000E-01   3.554565858500000E+00   3.225483763400000E-01   1.094819872600000E+00   5.741006078599999E-01   0.000000000000000E+00   0.000000000000000E+00   0.000000000000000E+00   0.000000000000000E+00
   9.941184301100000E-01   3.554427481700000E+00   3.225479207200000E-01   1.105034032000000E+00   5.485237244600000E-01   0.000000000000000E+00   0.000000000000000E+00   0.000000000000000E+00   0.000000000000000E+00
   9.942912133500000E-01   3.554565724600000E+00   3.225483759200000E-01   1.094830435600000E+00   5.740738811700000E-01   0.000000000000000E+00   0.000000000000000E+00   0.000000000000000E+00   0.000000000000000E+00
   9.944639965800000E-01   3.554297732600000E+00   3.225474934400000E-01   1.114608644800000E+00   5.245493537800000E-01   0.000000000000000E+00   0.000000000000000E+00   0.000000000000000E+00   0.000000000000000E+00
   9.946066642700000E-01   3.554565600000000E+00   3.225483755200000E-01   1.094840337300000E+00   5.740488124300001E-01   0.000000000000000E+00   0.000000000000000E+00   0.000000000000000E+00   0.000000000000000E+00
   9.947493319600000E-01   3.554427833600000E+00   3.225479218300000E-01   1.105006085800000E+00   5.485944838500000E-01   0.000000000000000E+00   0.000000000000000E+00   0.000000000000000E+00   0.000000000000000E+00
   9.948919996500000E-01   3.554565440400000E+00   3.225483750200000E-01   1.094853054500000E+00   5.740165895100000E-01   0.000000000000000E+00   0.000000000000000E+00   0.000000000000000E+00   0.000000000000000E+00
   9.950346673400000E-01   3.554298751900000E+00   3.225474966500000E-01   1.114527256900000E+00   5.247555837100000E-01   0.000000000000000E+00   0.000000000000000E+00   0.000000000000000E+00   0.000000000000000E+00
   9.951505587500000E-01   3.554565290900000E+00   3.225483745500000E-01   1.094865076500000E+00   5.739861031700000E-01   0.000000000000000E+00   0.000000000000000E+00   0.000000000000000E+00   0.000000000000000E+00
   9.952664501600000E-01   3.554428255800000E+00   3.225479231600000E-01   1.104972160800000E+00   5.486805265700000E-01   0.000000000000000E+00   0.000000000000000E+00   0.000000000000000E+00   0.000000000000000E+00
   9.953823415700001E-01   3.554565098400000E+00   3.225483739500000E-01   1.094880616200000E+00   5.739466500700000E-01   0.000000000000000E+00   0.000000000000000E+00   0.000000000000000E+00   0.000000000000000E+00
   9.954982329800000E-01   3.554299980400000E+00   3.225475004900000E-01   1.114427807000000E+00   5.250080894800000E-01   0.000000000000000E+00   0.000000000000000E+00   0.000000000000000E+00   0.000000000000000E+00
   9.956315618000000E-01   3.554564948500000E+00   3.225483734800000E-01   1.094892906200000E+00   5.739154045600000E-01   0.000000000000000E+00   0.000000000000000E+00   0.000000000000000E+00   0.000000000000000E+00
   9.957648906300000E-01   3.554428681000000E+00   3.225479244800000E-01   1.104937445100000E+00   5.487687747300000E-01   0.000000000000000E+00   0.000000000000000E+00   0.000000000000000E+00   0.000000000000000E+00
   9.958982194500000E-01   3.554564785400000E+00   3.225483729800000E-01   1.094906306600000E+00   5.738812990300000E-01   0.000000000000000E+00   0.000000000000000E+00   0.000000000000000E+00   0.000000000000000E+00
   9.960315482800000E-01   3.554301021300000E+00   3.225475037100000E-01   1.114342047200000E+00   5.252263693200000E-01   0.000000000000000E+00   0.000000000000000E+00   0.000000000000000E+00   0.000000000000000E+00
   9.961597133700000E-01   3.554564646500000E+00   3.225483725500000E-01   1.094917882800000E+00   5.738517979500000E-01   0.000000000000000E+00   0.000000000000000E+00   0.000000000000000E+00   0.000000000000000E+00
   9.962878784600000E-01   3.554429074000000E+00   3.225479256900000E-01   1.104904763200000E+00   5.488520657400000E-01   0.000000000000000E+00   0.000000000000000E+00   0.000000000000000E+00   0.000000000000000E+00
   9.964160435500000E-01   3.554564481500000E+00   3.225483720500000E-01   1.094931714500000E+00   5.738164987600000E-01   0.000000000000000E+00   0.000000000000000E+00   0.000000000000000E+00   0.000000000000000E+00
   9.965442086400000E-01   3.554302074100000E+00   3.225475069200000E-01   1.114253528500000E+00   5.254522898100000E-01   0.000000000000000E+00   0.000000000000000E+00   0.000000000000000E+00   0.000000000000000E+00
   9.966353527600000E-01   3.554564315600000E+00   3.225483715400000E-01   1.094945810100000E+00   5.737804774700000E-01   0.000000000000000E+00   0.000000000000000E+00   0.000000000000000E+00   0.000000000000000E+00
   9.967264968800000E-01   3.554429540600000E+00   3.225479271000000E-01   1.104865014800000E+00   5.489536950800000E-01   0.000000000000000E+00   0.000000000000000E+00   0.000000000000000E+00   0.000000000000000E+00
   9.968176409900000E-01   3.554564092200000E+00   3.225483708700000E-01   1.094965065600000E+00   5.737311418700000E-01   0.000000000000000E+00   0.000000000000000E+00   0.000000000000000E+00   0.000000000000000E+00
   9.969087851100000E-01   3.554303496500000E+00   3.225475111800000E-01   1.114130305600000E+00   5.257680536800000E-01   0.000000000000000E+00   0.000000000000000E+00   0.000000000000000E+00   0.000000000000000E+00
   9.969852027600000E-01   3.554563890800000E+00   3.225483702800000E-01   1.094982907300000E+00   5.736853109900000E-01   0.000000000000000E+00   0.000000000000000E+00   0.000000000000000E+00   0.000000000000000E+00
   9.970616204100000E-01   3.554430108800000E+00   3.225479287700000E-01   1.104814685800000E+00   5.490830385500000E-01   0.000000000000000E+00   0.000000000000000E+00   0.000000000000000E+00   0.000000000000000E+00
   9.971380380700000E-01   3.554563640400000E+00   3.225483695500000E-01   1.095005558500000E+00   5.736269047800000E-01   0.000000000000000E+00   0.000000000000000E+00   0.000000000000000E+00   0.000000000000000E+00
   9.972144557200000E-01   3.554305087500000E+00   3.225475157700000E-01   1.113985362300000E+00   5.261418841900000E-01   0.000000000000000E+00   0.000000000000000E+00   0.000000000000000E+00   0.000000000000000E+00
   9.972824781200000E-01   3.554563425700000E+00   3.225483689400000E-01   1.095025843100000E+00   5.735743870200000E-01   0.000000000000000E+00   0.000000000000000E+00   0.000000000000000E+00   0.000000000000000E+00
   9.973505005300000E-01   3.554430714900000E+00   3.225479304700000E-01   1.104757460000000E+00   5.492312775200000E-01   0.000000000000000E+00   0.000000000000000E+00   0.000000000000000E+00   0.000000000000000E+00
   9.974185229400000E-01   3.554563170900000E+00   3.225483682500000E-01   1.095050845200000E+00   5.735092942100000E-01   0.000000000000000E+00   0.000000000000000E+00   0.000000000000000E+00   0.000000000000000E+00
   9.974865453400000E-01   3.554306705300000E+00   3.225475201500000E-01   1.113825392400000E+00   5.265585297700000E-01   0.000000000000000E+00   0.000000000000000E+00   0.000000000000000E+00   0.000000000000000E+00
   9.975704580400000E-01   3.554562991300000E+00   3.225483677900000E-01   1.095069871100000E+00   5.734594099500000E-01   0.000000000000000E+00   0.000000000000000E+00   0.000000000000000E+00   0.000000000000000E+00
   9.976543707400000E-01   3.554431230900000E+00   3.225479318000000E-01   1.104703664500000E+00   5.493722088100000E-01   0.000000000000000E+00   0.000000000000000E+00   0.000000000000000E+00   0.000000000000000E+00
   9.977382834300000E-01   3.554562810700000E+00   3.225483673500000E-01   1.095089752600000E+00   5.734070007700000E-01   0.000000000000000E+00   0.000000000000000E+00   0.000000000000000E+00   0.000000000000000E+00
   9.978221961300000E-01   3.554307848500000E+00   3.225475229100000E-01   1.113698182700000E+00   5.268939852700000E-01   0.000000000000000E+00   0.000000000000000E+00   0.000000000000000E+00   0.000000000000000E+00
   9.978733661000000E-01   3.554562620900000E+00   3.225483669100000E-01   1.095111904700000E+00   5.733483223800000E-01   0.000000000000000E+00   0.000000000000000E+00   0.000000000000000E+00   0.000000000000000E+00
   9.979245360800000E-01   3.554431743000000E+00   3.225479329200000E-01   1.104641428300000E+00   5.495376989300000E-01   0.000000000000000E+00   0.000000000000000E+00   0.000000000000000E+00   0.000000000000000E+00
   9.979757060500000E-01   3.554562388100000E+00   3.225483664900000E-01   1.095143664500000E+00   5.732629619700000E-01   0.000000000000000E+00   0.000000000000000E+00   0.000000000000000E+00   0.000000000000000E+00
   9.980268760200000E-01   3.554309300100000E+00   3.225475254400000E-01   1.113495099500000E+00   5.274404884100000E-01   0.000000000000000E+00   0.000000000000000E+00   0.000000000000000E+00   0.000000000000000E+00
   9.980712514300000E-01   3.554562222700000E+00   3.225483663200000E-01   1.095172206500000E+00   5.731850849200000E-01   0.000000000000000E+00   0.000000000000000E+00   0.000000000000000E+00   0.000000000000000E+00
   9.981156268300000E-01   3.554432192100000E+00   3.225479332900000E-01   1.104561082000000E+00   5.497575722300000E-01   0.000000000000000E+00   0.000000000000000E+00   0.000000000000000E+00   0.000000000000000E+00
   9.981600022400000E-01   3.554562094000000E+00   3.225483664900000E-01   1.095207228100000E+00   5.730872291600000E-01   0.000000000000000E+00   0.000000000000000E+00   0.000000000000000E+00   0.000000000000000E+00
   9.982043776500000E-01   3.554310056500000E+00   3.225475240100000E-01   1.113271375600000E+00   5.280672012299999E-01   0.000000000000000E+00   0.000000000000000E+00   0.000000000000000E+00   0.000000000000000E+00
   9.982562236100000E-01   3.554562083400000E+00   3.225483670700000E-01   1.095233954100000E+00   5.730101086800000E-01   0.000000000000000E+00   0.000000000000000E+00   0.000000000000000E+00   0.000000000000000E+00
   9.983080695800000E-01   3.554432247000000E+00   3.225479318000000E-01   1.104485423300000E+00   5.499754068700000E-01   0.000000000000000E+00   0.000000000000000E+00   0.000000000000000E+00   0.000000000000000E+00
   9.983599155500000E-01   3.554562153800000E+00   3.225483680800000E-01   1.095262119000000E+00   5.729263710500000E-01   0.000000000000000E+00   0.000000000000000E+00   0.000000000000000E+00   0.000000000000000E+00
   9.984117615100000E-01   3.554309557500000E+00   3.225475173100000E-01   1.113091509800000E+00   5.286035214200000E-01   0.000000000000000E+00   0.000000000000000E+00   0.000000000000000E+00   0.000000000000000E+00
   9.984607796500000E-01   3.554562322600000E+00   3.225483694900000E-01   1.095285857100000E+00   5.728529622600000E-01   0.000000000000000E+00   0.000000000000000E+00   0.000000000000000E+00   0.000000000000000E+00
   9.985097977900000E-01   3.554431815700000E+00   3.225479281100000E-01   1.104418590000000E+00   5.501827759300000E-01   0.000000000000000E+00   0.000000000000000E+00   0.000000000000000E+00   0.000000000000000E+00
   9.985588159300000E-01   3.554562738700000E+00   3.225483723200000E-01   1.095313178700000E+00   5.727637366800000E-01   0.000000000000000E+00   0.000000000000000E+00   0.000000000000000E+00   0.000000000000000E+00
   9.986078340700000E-01   3.554307558700000E+00   3.225475035100000E-01   1.112917010700000E+00   5.291748565200000E-01   0.000000000000000E+00   0.000000000000000E+00   0.000000000000000E+00   0.000000000000000E+00
   9.986535098400000E-01   3.554563754700000E+00   3.225483786300000E-01   1.095335670600000E+00   5.726842849800000E-01   0.000000000000000E+00   0.000000000000000E+00   0.000000000000000E+00   0.000000000000000E+00
   9.986991856200000E-01   3.554432091000000E+00   3.225479299500000E-01   1.104354111300000E+00   5.504056926400001E-01   0.000000000000000E+00   0.000000000000000E+00   0.000000000000000E+00   0.000000000000000E+00
   9.987448614000000E-01   3.554567992900000E+00   3.225484046500000E-01   1.095359653400000E+00   5.725849255300000E-01   0.000000000000000E+00   0.000000000000000E+00   0.000000000000000E+00   0.000000000000000E+00
   9.987905371700000E-01   3.554312377800000E+00   3.225475362300000E-01   1.112750759700000E+00   5.297947904400000E-01   0.000000000000000E+00   0.000000000000000E+00   0.000000000000000E+00   0.000000000000000E+00
   9.988388149100000E-01   3.554593081400000E+00   3.225485602500000E-01   1.095367889500000E+00   5.724899211700000E-01   0.000000000000000E+00   0.000000000000000E+00   0.000000000000000E+00   0.000000000000000E+00
   9.988870926400000E-01   3.554501837800000E+00   3.225483664400000E-01   1.104269316400000E+00   5.505984652500000E-01   0.000000000000000E+00   0.000000000000000E+00   0.000000000000000E+00   0.000000000000000E+00
   9.989353703700000E-01   3.554759912000000E+00   3.225495983500000E-01   1.095314214300000E+00   5.723053362200000E-01   0.000000000000000E+00   0.000000000000000E+00   0.000000000000000E+00   0.000000000000000E+00
   9.989836481000000E-01   3.554814018300000E+00   3.225506699300000E-01   1.112408732500000E+00   5.301339516800000E-01   0.000000000000000E+00   0.000000000000000E+00   0.000000000000000E+00   0.000000000000000E+00
   9.990174304200000E-01   3.555607232700000E+00   3.225548761500000E-01   1.094960819700000E+00   5.717504433600000E-01   0.000000000000000E+00   0.000000000000000E+00   0.000000000000000E+00   0.000000000000000E+00
   9.990512127300000E-01   3.556480129800000E+00   3.225606996900000E-01   1.103359228900000E+00   5.498212280300000E-01   0.000000000000000E+00   0.000000000000000E+00   0.000000000000000E+00   0.000000000000000E+00
   9.990849950400000E-01   3.558642118700000E+00   3.225737902200000E-01   1.093651134400000E+00   5.699808108100000E-01   0.000000000000000E+00   0.000000000000000E+00   0.000000000000000E+00   0.000000000000000E+00
   9.991187773500000E-01   3.562343813700000E+00   3.225976527600000E-01   1.109035127700000E+00   5.270413262300000E-01   0.000000000000000E+00   0.000000000000000E+00   0.000000000000000E+00   0.000000000000000E+00
   9.991459098100000E-01   3.568525232200000E+00   3.226354931900000E-01   1.089374170700000E+00   5.645982098300000E-01   0.000000000000000E+00   0.000000000000000E+00   0.000000000000000E+00   0.000000000000000E+00
   9.991730422800000E-01   3.578393312900000E+00   3.226976485900000E-01   1.093893338500000E+00   5.386878187500000E-01   0.000000000000000E+00   0.000000000000000E+00   0.000000000000000E+00   0.000000000000000E+00
   9.992001747500000E-01   3.595548842100000E+00   3.228049128500000E-01   1.077891015800000E+00   5.504780616600000E-01   0.000000000000000E+00   0.000000000000000E+00   0.000000000000000E+00   0.000000000000000E+00
   9.992273072100000E-01   3.623510671900000E+00   3.229822512300000E-01   1.083444360700000E+00   4.973380445900000E-01   0.000000000000000E+00   0.000000000000000E+00   0.000000000000000E+00   0.000000000000000E+00
   9.992550362100000E-01   3.671006963200000E+00   3.232838384100000E-01   1.047553152600000E+00   5.143136547600000E-01   0.000000000000000E+00   0.000000000000000E+00   0.000000000000000E+00   0.000000000000000E+00
   9.992827652100000E-01   3.745075175400000E+00   3.237626502300000E-01   1.028918554200000E+00   4.628399330000000E-01   0.000000000000000E+00   0.000000000000000E+00   0.000000000000000E+00   0.000000000000000E+00
   9.993104942000000E-01   3.855789202200000E+00   3.244928294500000E-01   9.823851516000000E-01   4.407424948700000E-01   0.000000000000000E+00   0.000000000000000E+00   0.000000000000000E+00   0.000000000000000E+00
   9.993382232000000E-01   4.008680706500000E+00   3.255351260500000E-01   9.539712570600000E-01   3.549128381400000E-01   0.000000000000000E+00   0.000000000000000E+00   0.000000000000000E+00   0.000000000000000E+00
   9.993666302000001E-01   4.211988780400000E+00   3.269783957700000E-01   8.835736310000000E-01   3.398001664300000E-01   0.000000000000000E+00   0.000000000000000E+00   0.000000000000000E+00   0.000000000000000E+00
   9.993950372000000E-01   4.455228730900000E+00   3.288048043200000E-01   8.395117591900000E-01   2.719651933900000E-01   0.000000000000000E+00   0.000000000000000E+00   0.000000000000000E+00   0.000000000000000E+00
   9.994234442000000E-01   4.728900502900000E+00   3.309967904400000E-01   7.798885175200000E-01   2.477623740100000E-01   0.000000000000000E+00   0.000000000000000E+00   0.000000000000000E+00   0.000000000000000E+00
   9.994518512000000E-01   5.019937302300000E+00   3.335107779700000E-01   7.527768373900000E-01   1.764377455500000E-01   0.000000000000000E+00   0.000000000000000E+00   0.000000000000000E+00   0.000000000000000E+00
   9.994763673200000E-01   5.277305197100000E+00   3.359069864700000E-01   7.002516875300000E-01   1.869323074900000E-01   0.000000000000000E+00   0.000000000000000E+00   0.000000000000000E+00   0.000000000000000E+00
   9.995008834300000E-01   5.533064679900000E+00   3.384786172000000E-01   6.793494484600000E-01   1.480150566600000E-01   0.000000000000000E+00   0.000000000000000E+00   0.000000000000000E+00   0.000000000000000E+00
   9.995253995500000E-01   5.783626372700000E+00   3.412035900300000E-01   6.433932236000000E-01   1.488372365300000E-01   0.000000000000000E+00   0.000000000000000E+00   0.000000000000000E+00   0.000000000000000E+00
   9.995499156700000E-01   6.024979951100000E+00   3.440570962800000E-01   6.382487287400000E-01   1.000133470800000E-01   0.000000000000000E+00   0.000000000000000E+00   0.000000000000000E+00   0.000000000000000E+00
   9.995650354900000E-01   6.169028838400000E+00   3.458756025100000E-01   6.071493944700000E-01   1.269085453300000E-01   0.000000000000000E+00   0.000000000000000E+00   0.000000000000000E+00   0.000000000000000E+00
   9.995801553000000E-01   6.308131649800000E+00   3.477311962800000E-01   6.044599729500000E-01   1.026458182000000E-01   0.000000000000000E+00   0.000000000000000E+00   0.000000000000000E+00   0.000000000000000E+00
   9.995952751200000E-01   6.442865639000000E+00   3.496235177600000E-01   5.840177500600000E-01   1.138195524400000E-01   0.000000000000000E+00   0.000000000000000E+00   0.000000000000000E+00   0.000000000000000E+00
   9.996103949400000E-01   6.572309522300000E+00   3.515468499500000E-01   5.915579479000000E-01   7.520778648500000E-02   0.000000000000000E+00   0.000000000000000E+00   0.000000000000000E+00   0.000000000000000E+00
   9.996266014900000E-01   6.706253428200000E+00   3.536440250100000E-01   5.633130754200000E-01   1.028131797900000E-01   0.000000000000000E+00   0.000000000000000E+00   0.000000000000000E+00   0.000000000000000E+00
   9.996428080500001E-01   6.834094155200000E+00   3.557712354600000E-01   5.628495315499999E-01   8.124089726200000E-02   0.000000000000000E+00   0.000000000000000E+00   0.000000000000000E+00   0.000000000000000E+00
   9.996590146000000E-01   6.956663039200000E+00   3.579288037400000E-01   5.446896256400000E-01   9.345302932299999E-02   0.000000000000000E+00   0.000000000000000E+00   0.000000000000000E+00   0.000000000000000E+00
   9.996752211500000E-01   7.073296160200000E+00   3.601118239100000E-01   5.538669792799999E-01   5.764056016900000E-02   0.000000000000000E+00   0.000000000000000E+00   0.000000000000000E+00   0.000000000000000E+00
   9.996882175100000E-01   7.163483085400000E+00   3.618825174000000E-01   5.298896708500000E-01   8.638483890800000E-02   0.000000000000000E+00   0.000000000000000E+00   0.000000000000000E+00   0.000000000000000E+00
   9.997012138700000E-01   7.249857407200000E+00   3.636668201000000E-01   5.327720668300000E-01   6.756108643600001E-02   0.000000000000000E+00   0.000000000000000E+00   0.000000000000000E+00   0.000000000000000E+00
   9.997142102300000E-01   7.333262514800000E+00   3.654665839100000E-01   5.180076774600000E-01   8.089915004700000E-02   0.000000000000000E+00   0.000000000000000E+00   0.000000000000000E+00   0.000000000000000E+00
   9.997272065900000E-01   7.413054298900000E+00   3.672784372700000E-01   5.296117215500000E-01   4.805412193000000E-02   0.000000000000000E+00   0.000000000000000E+00   0.000000000000000E+00   0.000000000000000E+00
   9.997433931400000E-01   7.508795977900000E+00   3.695553718500000E-01   5.058436478200000E-01   7.557912412200000E-02   0.000000000000000E+00   0.000000000000000E+00   0.000000000000000E+00   0.000000000000000E+00
   9.997595797000000E-01   7.599531793600000E+00   3.718496169000000E-01   5.083193687000001E-01   5.755805622800000E-02   0.000000000000000E+00   0.000000000000000E+00   0.000000000000000E+00   0.000000000000000E+00
   9.997757662500000E-01   7.686203307500000E+00   3.741626970800000E-01   4.935742976300000E-01   7.046184111400000E-02   0.000000000000000E+00   0.000000000000000E+00   0.000000000000000E+00   0.000000000000000E+00
   9.997919528000000E-01   7.768301282500000E+00   3.764911376500000E-01   5.046228207100000E-01   3.881265605500000E-02   0.000000000000000E+00   0.000000000000000E+00   0.000000000000000E+00   0.000000000000000E+00
   9.998005473200000E-01   7.810699802200000E+00   3.777354679500000E-01   4.849492245400000E-01   6.694490010500000E-02   0.000000000000000E+00   0.000000000000000E+00   0.000000000000000E+00   0.000000000000000E+00
   9.998091418400000E-01   7.851598086900000E+00   3.789827136100000E-01   4.905349520000000E-01   5.108283588200000E-02   0.000000000000000E+00   0.000000000000000E+00   0.000000000000000E+00   0.000000000000000E+00
   9.998177363600000E-01   7.891724356600000E+00   3.802351910300000E-01   4.793338089200000E-01   6.458639992900000E-02   0.000000000000000E+00   0.000000000000000E+00   0.000000000000000E+00   0.000000000000000E+00
   9.998263308699999E-01   7.930425830300000E+00   3.814904212000000E-01   4.925401629700000E-01   3.585027123600000E-02   0.000000000000000E+00   0.000000000000000E+00   0.000000000000000E+00   0.000000000000000E+00
   9.998356034000000E-01   7.971617460500000E+00   3.828511177700000E-01   4.737227938500000E-01   6.233585873000000E-02   0.000000000000000E+00   0.000000000000000E+00   0.000000000000000E+00   0.000000000000000E+00
   9.998448759200000E-01   8.011290716300000E+00   3.842150084800000E-01   4.789250880900000E-01   4.737519390200000E-02   0.000000000000000E+00   0.000000000000000E+00   0.000000000000000E+00   0.000000000000000E+00
   9.998541484500000E-01   8.050147248800000E+00   3.855842977600000E-01   4.681397660700000E-01   6.013209789600000E-02   0.000000000000000E+00   0.000000000000000E+00   0.000000000000000E+00   0.000000000000000E+00
   9.998634209800000E-01   8.087570474100000E+00   3.869566158800000E-01   4.806268960200000E-01   3.294268094000000E-02   0.000000000000000E+00   0.000000000000000E+00   0.000000000000000E+00   0.000000000000000E+00
   9.998712777100000E-01   8.118949168200000E+00   3.881243444800000E-01   4.631852680100000E-01   5.821865992400000E-02   0.000000000000000E+00   0.000000000000000E+00   0.000000000000000E+00   0.000000000000000E+00
   9.998791344400000E-01   8.149239996900000E+00   3.892937480100000E-01   4.685958547800000E-01   4.430234784100000E-02   0.000000000000000E+00   0.000000000000000E+00   0.000000000000000E+00   0.000000000000000E+00
   9.998869911800000E-01   8.179095418499999E+00   3.904669657200000E-01   4.588127313600000E-01   5.650191951600000E-02   0.000000000000000E+00   0.000000000000000E+00   0.000000000000000E+00   0.000000000000000E+00
   9.998948479100001E-01   8.207917889899999E+00   3.916418064500000E-01   4.710273480800000E-01   3.114045761800000E-02   0.000000000000000E+00   0.000000000000000E+00   0.000000000000000E+00   0.000000000000000E+00
   9.999016222300000E-01   8.232689774100001E+00   3.926585940900000E-01   4.548636285400000E-01   5.498315120400000E-02   0.000000000000000E+00   0.000000000000000E+00   0.000000000000000E+00   0.000000000000000E+00
   9.999083965500000E-01   8.256632575399999E+00   3.936762108200000E-01   4.602381434900000E-01   4.208175057300000E-02   0.000000000000000E+00   0.000000000000000E+00   0.000000000000000E+00   0.000000000000000E+00
   9.999151708700000E-01   8.280353414900000E+00   3.946966887200000E-01   4.513241028100000E-01   5.358234506100000E-02   0.000000000000000E+00   0.000000000000000E+00   0.000000000000000E+00   0.000000000000000E+00
   9.999219451800000E-01   8.303285188800000E+00   3.957179983300000E-01   4.630024345300000E-01   3.007455417400000E-02   0.000000000000000E+00   0.000000000000000E+00   0.000000000000000E+00   0.000000000000000E+00
   9.999266641800000E-01   8.319377076000000E+00   3.964319137300000E-01   4.484144364300000E-01   5.240332184000000E-02   0.000000000000000E+00   0.000000000000000E+00   0.000000000000000E+00   0.000000000000000E+00
   9.999313831800000E-01   8.334928524500000E+00   3.971456317900000E-01   4.538460727800000E-01   4.070034242700000E-02   0.000000000000000E+00   0.000000000000000E+00   0.000000000000000E+00   0.000000000000000E+00
   9.999361021800000E-01   8.350493805399999E+00   3.978610459500000E-01   4.461199539200000E-01   5.135989540800000E-02   0.000000000000000E+00   0.000000000000000E+00   0.000000000000000E+00   0.000000000000000E+00
   9.999408211800001E-01   8.365547400000001E+00   3.985763210300000E-01   4.571406198800000E-01   3.023883284800000E-02   0.000000000000000E+00   0.000000000000000E+00   0.000000000000000E+00   0.000000000000000E+00
   9.999447629400000E-01   8.378339640500000E+00   3.991757695600000E-01   4.440493837200000E-01   5.043058782500000E-02   0.000000000000000E+00   0.000000000000000E+00   0.000000000000000E+00   0.000000000000000E+00
   9.999487047000000E-01   8.390695994300000E+00   3.997748207600000E-01   4.490423694300000E-01   3.997827465100000E-02   0.000000000000000E+00   0.000000000000000E+00   0.000000000000000E+00   0.000000000000000E+00
   9.999526464600000E-01   8.403114750300000E+00   4.003751832700000E-01   4.422252918500000E-01   4.953055110900000E-02   0.000000000000000E+00   0.000000000000000E+00   0.000000000000000E+00   0.000000000000000E+00
   9.999565882200000E-01   8.415124544699999E+00   4.009752193400000E-01   4.521218458400000E-01   3.082716251600000E-02   0.000000000000000E+00   0.000000000000000E+00   0.000000000000000E+00   0.000000000000000E+00
   9.999598542900000E-01   8.425304633000000E+00   4.014739989900000E-01   4.405796466200000E-01   4.872926664100000E-02   0.000000000000000E+00   0.000000000000000E+00   0.000000000000000E+00   0.000000000000000E+00
   9.999631203500000E-01   8.435130938900000E+00   4.019722875300000E-01   4.450450024400000E-01   3.957742365500000E-02   0.000000000000000E+00   0.000000000000000E+00   0.000000000000000E+00   0.000000000000000E+00
   9.999663864100000E-01   8.445042577900001E+00   4.024715939500000E-01   4.391416813100000E-01   4.794136289200000E-02   0.000000000000000E+00   0.000000000000000E+00   0.000000000000000E+00   0.000000000000000E+00
   9.999696524800000E-01   8.454626810700001E+00   4.029704885600000E-01   4.477920633000000E-01   3.175667450100000E-02   0.000000000000000E+00   0.000000000000000E+00   0.000000000000000E+00   0.000000000000000E+00
   9.999720595200000E-01   8.461905482600001E+00   4.033393637600000E-01   4.379229546500000E-01   4.724437764800000E-02   0.000000000000000E+00   0.000000000000000E+00   0.000000000000000E+00   0.000000000000000E+00
   9.999744665600000E-01   8.468909934899999E+00   4.037076768500000E-01   4.418196912000000E-01   3.951408240000000E-02   0.000000000000000E+00   0.000000000000000E+00   0.000000000000000E+00   0.000000000000000E+00
   9.999768736100000E-01   8.476014725900001E+00   4.040767170700000E-01   4.369544945300000E-01   4.655590240900000E-02   0.000000000000000E+00   0.000000000000000E+00   0.000000000000000E+00   0.000000000000000E+00
   9.999792806500000E-01   8.482873743400001E+00   4.044452884600000E-01   4.441849343800000E-01   3.323191189600000E-02   0.000000000000000E+00   0.000000000000000E+00   0.000000000000000E+00   0.000000000000000E+00
   9.999810993000000E-01   8.488250821599999E+00   4.047246831300000E-01   4.361293593700000E-01   4.594856701000000E-02   0.000000000000000E+00   0.000000000000000E+00   0.000000000000000E+00   0.000000000000000E+00
   9.999829179400000E-01   8.493415407100001E+00   4.050035569000000E-01   4.393143044800000E-01   3.975874874100000E-02   0.000000000000000E+00   0.000000000000000E+00   0.000000000000000E+00   0.000000000000000E+00
   9.999847365900000E-01   8.498668865899999E+00   4.052829437600000E-01   4.355400361300000E-01   4.534876008000000E-02   0.000000000000000E+00   0.000000000000000E+00   0.000000000000000E+00   0.000000000000000E+00
   9.999865552400000E-01   8.503733000000000E+00   4.055618706500000E-01   4.413329409600000E-01   3.504985124900000E-02   0.000000000000000E+00   0.000000000000000E+00   0.000000000000000E+00   0.000000000000000E+00
   9.999878404300000E-01   8.507454254600001E+00   4.057595710600000E-01   4.354379490200000E-01   4.488830679000000E-02   0.000000000000000E+00   0.000000000000000E+00   0.000000000000000E+00   0.000000000000000E+00
   9.999891256300000E-01   8.511000453399999E+00   4.059567184800000E-01   4.383923479500000E-01   4.041846739100000E-02   0.000000000000000E+00   0.000000000000000E+00   0.000000000000000E+00   0.000000000000000E+00
   9.999904108300000E-01   8.514574826000000E+00   4.061539508500000E-01   4.368841762700000E-01   4.469306835200000E-02   0.000000000000000E+00   0.000000000000000E+00   0.000000000000000E+00   0.000000000000000E+00
   9.999916960300000E-01   8.517927454200001E+00   4.063502673600000E-01   4.435317709500000E-01   3.798492663200000E-02   0.000000000000000E+00   0.000000000000000E+00   0.000000000000000E+00   0.000000000000000E+00
   9.999925550700000E-01   8.520169264900000E+00   4.064812725300000E-01   4.426859149500000E-01   4.538065168900000E-02   0.000000000000000E+00   0.000000000000000E+00   0.000000000000000E+00   0.000000000000000E+00
   9.999934141100000E-01   8.522156238799999E+00   4.066110495800000E-01   4.499108712800000E-01   4.352344165700000E-02   0.000000000000000E+00   0.000000000000000E+00   0.000000000000000E+00   0.000000000000000E+00
   9.999942731500000E-01   8.523926812899999E+00   4.067394528000000E-01   4.579139064400000E-01   4.793507025700000E-02   0.000000000000000E+00   0.000000000000000E+00   0.000000000000000E+00   0.000000000000000E+00
   9.999951321900000E-01   8.525153270500001E+00   4.068648477200000E-01   4.772380648300000E-01   4.710819817600000E-02   0.000000000000000E+00   0.000000000000000E+00   0.000000000000000E+00   0.000000000000000E+00
   9.999956891000000E-01   8.525584440799999E+00   4.069438777000000E-01   4.926105522200000E-01   5.469740335200000E-02   0.000000000000000E+00   0.000000000000000E+00   0.000000000000000E+00   0.000000000000000E+00
   9.999962460200000E-01   8.525419836499999E+00   4.070195957600000E-01   5.199659630500000E-01   5.891629827300000E-02   0.000000000000000E+00   0.000000000000000E+00   0.000000000000000E+00   0.000000000000000E+00
   9.999968029300000E-01   8.524406576900001E+00   4.070904452600000E-01   5.604460160300000E-01   6.966930076600000E-02   0.000000000000000E+00   0.000000000000000E+00   0.000000000000000E+00   0.000000000000000E+00
   9.999973598500000E-01   8.521831020900001E+00   4.071527181900000E-01   6.299035033700000E-01   8.485687116500000E-02   0.000000000000000E+00   0.000000000000000E+00   0.000000000000000E+00   0.000000000000000E+00
   9.999976046100000E-01   8.519934472999999E+00   4.071759117600000E-01   6.734692024200000E-01   9.872872066700000E-02   0.000000000000000E+00   0.000000000000000E+00   0.000000000000000E+00   0.000000000000000E+00
   9.999978493700000E-01   8.517272203899999E+00   4.071951018400000E-01   7.324841096700000E-01   1.154462178300000E-01   0.000000000000000E+00   0.000000000000000E+00   0.000000000000000E+00   0.000000000000000E+00
   9.999980941300000E-01   8.513533303099999E+00   4.072087289200000E-01   8.123475942100000E-01   1.412222773700000E-01   0.000000000000000E+00   0.000000000000000E+00   0.000000000000000E+00   0.000000000000000E+00
   9.999983388800000E-01   8.508118205900001E+00   4.072139486000000E-01   9.264494056500000E-01   1.809990770000000E-01   0.000000000000000E+00   0.000000000000000E+00   0.000000000000000E+00   0.000000000000000E+00
   9.999984737199999E-01   8.504074789700001E+00   4.072116175500000E-01   1.011053580400000E+00   2.143252968300000E-01   0.000000000000000E+00   0.000000000000000E+00   0.000000000000000E+00   0.000000000000000E+00
   9.999986085600000E-01   8.498926629300000E+00   4.072039865400000E-01   1.119100116400000E+00   2.598417819900000E-01   0.000000000000000E+00   0.000000000000000E+00   0.000000000000000E+00   0.000000000000000E+00
   9.999987433999999E-01   8.492219084200000E+00   4.071890176000000E-01   1.260393734900000E+00   3.256828479400000E-01   0.000000000000000E+00   0.000000000000000E+00   0.000000000000000E+00   0.000000000000000E+00
   9.999988782500000E-01   8.483191638099999E+00   4.071633709300000E-01   1.451846051600000E+00   4.253126398200000E-01   0.000000000000000E+00   0.000000000000000E+00   0.000000000000000E+00   0.000000000000000E+00
   9.999989586000000E-01   8.476216808500000E+00   4.071408801000000E-01   1.600462464800000E+00   5.112604849600000E-01   0.000000000000000E+00   0.000000000000000E+00   0.000000000000000E+00   0.000000000000000E+00
   9.999990389500000E-01   8.467551306400001E+00   4.071108774600000E-01   1.785831194400000E+00   6.280496063200000E-01   0.000000000000000E+00   0.000000000000000E+00   0.000000000000000E+00   0.000000000000000E+00
   9.999991193100000E-01   8.456543175100000E+00   4.070706219500000E-01   2.021832081300000E+00   7.926772623800000E-01   0.000000000000000E+00   0.000000000000000E+00   0.000000000000000E+00   0.000000000000000E+00
   9.999991996599999E-01   8.442162008000000E+00   4.070158358600000E-01   2.330370590700000E+00   1.033503402700000E+00   0.000000000000000E+00   0.000000000000000E+00   0.000000000000000E+00   0.000000000000000E+00
   9.999992512100000E-01   8.430436752000000E+00   4.069700649800000E-01   2.581333794000000E+00   1.250814108800000E+00   0.000000000000000E+00   0.000000000000000E+00   0.000000000000000E+00   0.000000000000000E+00
   9.999993027600000E-01   8.416008759400000E+00   4.069129405800000E-01   2.888973375100000E+00   1.541991952600000E+00   0.000000000000000E+00   0.000000000000000E+00   0.000000000000000E+00   0.000000000000000E+00
   9.999993543100000E-01   8.397911679600000E+00   4.068405659900000E-01   3.272057122700000E+00   1.943165809600000E+00   0.000000000000000E+00   0.000000000000000E+00   0.000000000000000E+00   0.000000000000000E+00
   9.999994058600000E-01   8.374687712000000E+00   4.067471115700000E-01   3.758368526100000E+00   2.511981376700000E+00   0.000000000000000E+00   0.000000000000000E+00   0.000000000000000E+00   0.000000000000000E+00
   9.999994415900000E-01   8.354464719799999E+00   4.066655275900000E-01   4.176233880800000E+00   3.053547158900000E+00   0.000000000000000E+00   0.000000000000000E+00   0.000000000000000E+00   0.000000000000000E+00
   9.999994773200001E-01   8.329668634100001E+00   4.065654653800000E-01   4.681286708900000E+00   3.770897127200000E+00   0.000000000000000E+00   0.000000000000000E+00   0.000000000000000E+00   0.000000000000000E+00
   9.999995130500000E-01   8.298772627500000E+00   4.064409365900000E-01   5.298695382200000E+00   4.741722261400000E+00   0.000000000000000E+00   0.000000000000000E+00   0.000000000000000E+00   0.000000000000000E+00
   9.999995487700000E-01   8.259565593700000E+00   4.062833172500000E-01   6.063524462000000E+00   6.084613556000000E+00   0.000000000000000E+00   0.000000000000000E+00   0.000000000000000E+00   0.000000000000000E+00
   9.999995773000000E-01   8.220188067200001E+00   4.061255330700000E-01   6.810988623700000E+00   7.546629410300000E+00   0.000000000000000E+00   0.000000000000000E+00   0.000000000000000E+00   0.000000000000000E+00
   9.999996058300000E-01   8.171174122700000E+00   4.059298548700000E-01   7.714249679400000E+00   9.506436347799999E+00   0.000000000000000E+00   0.000000000000000E+00   0.000000000000000E+00   0.000000000000000E+00
   9.999996343599999E-01   8.109249053299999E+00   4.056836828600000E-01   8.814165957000000E+00   1.218306380500000E+01   0.000000000000000E+00   0.000000000000000E+00   0.000000000000000E+00   0.000000000000000E+00
   9.999996628900000E-01   8.029748877399999E+00   4.053691446400000E-01   1.016462251800000E+01   1.590449081300000E+01   0.000000000000000E+00   0.000000000000000E+00   0.000000000000000E+00   0.000000000000000E+00
   9.999996889100000E-01   7.936411054500000E+00   4.050016374800000E-01   1.166946044400000E+01   2.062861157500000E+01   0.000000000000000E+00   0.000000000000000E+00   0.000000000000000E+00   0.000000000000000E+00
   9.999997149299999E-01   7.815993913100000E+00   4.045297736400000E-01   1.349825374100000E+01   2.719897424700000E+01   0.000000000000000E+00   0.000000000000000E+00   0.000000000000000E+00   0.000000000000000E+00
   9.999997409400000E-01   7.658769180600000E+00   4.039166530600000E-01   1.571567071300000E+01   3.646266477600000E+01   0.000000000000000E+00   0.000000000000000E+00   0.000000000000000E+00   0.000000000000000E+00
   9.999997669600000E-01   7.451477840200000E+00   4.031121419300000E-01   1.838778411700000E+01   4.963785346100000E+01   0.000000000000000E+00   0.000000000000000E+00   0.000000000000000E+00   0.000000000000000E+00
   9.999997826300000E-01   7.295509405500000E+00   4.025089875600000E-01   2.023382114600000E+01   6.015065598000000E+01   0.000000000000000E+00   0.000000000000000E+00   0.000000000000000E+00   0.000000000000000E+00
   9.999997982900000E-01   7.110758490300000E+00   4.017963896400000E-01   2.226007651600000E+01   7.316058225099999E+01   0.000000000000000E+00   0.000000000000000E+00   0.000000000000000E+00   0.000000000000000E+00
   9.999998139600000E-01   6.892427446800000E+00   4.009563290500000E-01   2.445331426800000E+01   8.919914870400000E+01   0.000000000000000E+00   0.000000000000000E+00   0.000000000000000E+00   0.000000000000000E+00
   9.999998296200000E-01   6.635708271000000E+00   3.999707843700000E-01   2.678213070200000E+01   1.088320207300000E+02   0.000000000000000E+00   0.000000000000000E+00   0.000000000000000E+00   0.000000000000000E+00
   9.999998464500000E-01   6.312336404200000E+00   3.987319533900000E-01   2.937153705200000E+01   1.345434172700000E+02   0.000000000000000E+00   0.000000000000000E+00   0.000000000000000E+00   0.000000000000000E+00
   9.999998632700000E-01   5.936194336300000E+00   3.972936450300000E-01   3.194748983200000E+01   1.655610377100000E+02   0.000000000000000E+00   0.000000000000000E+00   0.000000000000000E+00   0.000000000000000E+00
   9.999998801000000E-01   5.507184092000000E+00   3.956556555300000E-01   3.436765195000000E+01   2.020488705800000E+02   0.000000000000000E+00   0.000000000000000E+00   0.000000000000000E+00   0.000000000000000E+00
   9.999998969200000E-01   5.030170346400000E+00   3.938364154100000E-01   3.645583549200000E+01   2.436162581000000E+02   0.000000000000000E+00   0.000000000000000E+00   0.000000000000000E+00   0.000000000000000E+00
   9.999999098100000E-01   4.638819120400000E+00   3.923448282400000E-01   3.771779169500000E+01   2.782084006600000E+02   0.000000000000000E+00   0.000000000000000E+00   0.000000000000000E+00   0.000000000000000E+00
   9.999999226900000E-01   4.232651325300000E+00   3.907971563700000E-01   3.860494454400000E+01   3.143016853800000E+02   0.000000000000000E+00   0.000000000000000E+00   0.000000000000000E+00   0.000000000000000E+00
   9.999999355800000E-01   3.820375673400000E+00   3.892261431000000E-01   3.906338838800000E+01   3.508344392700000E+02   0.000000000000000E+00   0.000000000000000E+00   0.000000000000000E+00   0.000000000000000E+00
   9.999999484600000E-01   3.411510505600000E+00   3.876675716900000E-01   3.906527423200000E+01   3.865968083700000E+02   0.000000000000000E+00   0.000000000000000E+00   0.000000000000000E+00   0.000000000000000E+00
   9.999999613500000E-01   3.015554118100000E+00   3.861571646800000E-01   3.861340162300000E+01   4.203366971000000E+02   0.000000000000000E+00   0.000000000000000E+00   0.000000000000000E+00   0.000000000000000E+00
   9.999999742300000E-01   2.640811236100000E+00   3.847261844700000E-01   3.774142484300000E+01   4.509165702200000E+02   0.000000000000000E+00   0.000000000000000E+00   0.000000000000000E+00   0.000000000000000E+00
   9.999999871200000E-01   2.293810972000000E+00   3.833992581700000E-01   3.650613906200000E+01   4.774176205800000E+02   0.000000000000000E+00   0.000000000000000E+00   0.000000000000000E+00   0.000000000000000E+00
   1.000000000000000E+00   1.978880643800000E+00   3.821927759700000E-01   3.498139473800000E+01   4.992070676800000E+02   0.000000000000000E+00   0.000000000000000E+00   0.000000000000000E+00   0.000000000000000E+00
