   0.000000000000000E+00   4.925749759600000E-01   9.999999955900000E-01   1.684203691900000E+00   1.822891624400000E+00   0.000000000000000E+00   0.000000000000000E+00   0.000000000000000E+00   0.000000000000000E+00
   3.347391352000000E-04   6.142069512200000E-01   8.891546543100000E-01   1.598273404600000E+00   1.673834603100000E+00   0.000000000000000E+00   0.000000000000000E+00   0.000000000000000E+00   0.000000000000000E+00
   6.694782704000000E-04   7.505800164899999E-01   7.958503055600000E-01   1.552144199600000E+00   1.481146664900000E+00   0.000000000000000E+00   0.000000000000000E+00   0.000000000000000E+00   0.000000000000000E+00
   1.004217405600000E-03   9.029866074300000E-01   7.169715338600000E-01   1.491465027600000E+00   1.370624352800000E+00   0.000000000000000E+00   0.000000000000000E+00   0.000000000000000E+00   0.000000000000000E+00
   1.338956540800000E-03   1.069203700700000E+00   6.501324798100000E-01   1.467033420700000E+00   1.201054034100000E+00   0.000000000000000E+00   0.000000000000000E+00   0.000000000000000E+00   0.000000000000000E+00
   1.658062017500000E-03   1.240823165900000E+00   5.959382847800000E-01   1.407355555400000E+00   1.158048707700000E+00   0.000000000000000E+00   0.000000000000000E+00   0.000000000000000E+00   0.000000000000000E+00
   1.977167494200000E-03   1.421581070500000E+00   5.497153065000000E-01   1.381928096000000E+00   1.047389810400000E+00   0.000000000000000E+00   0.000000000000000E+00   0.000000000000000E+00   0.000000000000000E+00
   2.296272971000000E-03   1.610060589500000E+00   5.103992411000000E-01   1.337961043800000E+00   1.001282343600000E+00   0.000000000000000E+00   0.000000000000000E+00   0.000000000000000E+00   0.000000000000000E+00
   2.615378447700000E-03   1.801868201100000E+00   4.770833823300000E-01   1.327677252400000E+00   8.843816401500000E-01   0.000000000000000E+00   0.000000000000000E+00   0.000000000000000E+00   0.000000000000000E+00
   3.186162597500000E-03   2.144390014700000E+00   4.300844472600000E-01   1.257714680700000E+00   8.407807830800000E-01   0.000000000000000E+00   0.000000000000000E+00   0.000000000000000E+00   0.000000000000000E+00
   3.756946747400000E-03   2.464862627000000E+00   3.961164571500000E-01   1.226681141000000E+00   7.386619316700000E-01   0.000000000000000E+00   0.000000000000000E+00   0.000000000000000E+00   0.000000000000000E+00
   4.327730897200000E-03   2.746019101400000E+00   3.721007216200000E-01   1.182214012500000E+00   7.084877899599999E-01   0.000000000000000E+00   0.000000000000000E+00   0.000000000000000E+00   0.000000000000000E+00
   4.898515047100000E-03   2.974820884400000E+00   3.554788644600000E-01   1.176743170400000E+00   6.141322737600000E-01   0.000000000000000E+00   0.000000000000000E+00   0.000000000000000E+00   0.000000000000000E+00
   5.498959108800000E-03   3.160438835900000E+00   3.437390736800000E-01   1.135720490300000E+00   6.350378802700000E-01   0.000000000000000E+00   0.000000000000000E+00   0.000000000000000E+00   0.000000000000000E+00
   6.099403170600000E-03   3.292624414900000E+00   3.360675964800000E-01   1.132305243700000E+00   5.869724472500000E-01   0.000000000000000E+00   0.000000000000000E+00   0.000000000000000E+00   0.000000000000000E+00
   6.699847232400000E-03   3.384252145100000E+00   3.311250969200000E-01   1.112027587000000E+00   5.997290629599999E-01   0.000000000000000E+00   0.000000000000000E+00   0.000000000000000E+00   0.000000000000000E+00
   7.300291294100000E-03   3.444539577500000E+00   3.279630859800000E-01   1.126583697300000E+00   5.385995895800000E-01   0.000000000000000E+00   0.000000000000000E+00   0.000000000000000E+00   0.000000000000000E+00
   8.427068568300000E-03   3.508035927900000E+00   3.248119240800000E-01   1.099309941400000E+00   5.813329740600000E-01   0.000000000000000E+00   0.000000000000000E+00   0.000000000000000E+00   0.000000000000000E+00
   9.553845842500000E-03   3.534591881200000E+00   3.235027211200000E-01   1.107333023600000E+00   5.506913033400000E-01   0.000000000000000E+00   0.000000000000000E+00   0.000000000000000E+00   0.000000000000000E+00
   1.068062311700000E-02   3.546221789100000E+00   3.229503887800000E-01   1.095439829400000E+00   5.758055416100000E-01   0.000000000000000E+00   0.000000000000000E+00   0.000000000000000E+00   0.000000000000000E+00
   1.180740039100000E-02   3.550823123200000E+00   3.227133507600000E-01   1.115776769700000E+00   5.231636335600000E-01   0.000000000000000E+00   0.000000000000000E+00   0.000000000000000E+00   0.000000000000000E+00
   1.594875244900000E-02   3.554686840700000E+00   3.225428221800000E-01   1.094586508400000E+00   5.745890936800000E-01   0.000000000000000E+00   0.000000000000000E+00   0.000000000000000E+00   0.000000000000000E+00
   2.009010450700000E-02   3.554205876900000E+00   3.225582279600000E-01   1.105349865700000E+00   5.478827112500000E-01   0.000000000000000E+00   0.000000000000000E+00   0.000000000000000E+00   0.000000000000000E+00
   2.423145656400000E-02   3.554609593200000E+00   3.225465237600000E-01   1.094594721400000E+00   5.745989425500000E-01   0.000000000000000E+00   0.000000000000000E+00   0.000000000000000E+00   0.000000000000000E+00
   2.837280862200000E-02   3.554112001700000E+00   3.225555243100000E-01   1.115442343400000E+00   5.227003531800000E-01   0.000000000000000E+00   0.000000000000000E+00   0.000000000000000E+00   0.000000000000000E+00
   4.287091993300000E-02   3.554608035700000E+00   3.225465974000000E-01   1.094595110300000E+00   5.745985060600000E-01   0.000000000000000E+00   0.000000000000000E+00   0.000000000000000E+00   0.000000000000000E+00
   5.736903124500000E-02   3.554381815800000E+00   3.225497899700000E-01   1.105331467200000E+00   5.478593807500000E-01   0.000000000000000E+00   0.000000000000000E+00   0.000000000000000E+00   0.000000000000000E+00
   7.186714255600000E-02   3.554593858500000E+00   3.225472774700000E-01   1.094596661400000E+00   5.746001918400000E-01   0.000000000000000E+00   0.000000000000000E+00   0.000000000000000E+00   0.000000000000000E+00
   8.636525386700000E-02   3.554211177700000E+00   3.225507668500000E-01   1.115431565200000E+00   5.226883554200000E-01   0.000000000000000E+00   0.000000000000000E+00   0.000000000000000E+00   0.000000000000000E+00
   1.093254404600000E-01   3.554587848600000E+00   3.225475657600000E-01   1.094597351500000E+00   5.746008137300000E-01   0.000000000000000E+00   0.000000000000000E+00   0.000000000000000E+00   0.000000000000000E+00
   1.322856270500000E-01   3.554401789500000E+00   3.225488318400000E-01   1.105329215500000E+00   5.478571946500000E-01   0.000000000000000E+00   0.000000000000000E+00   0.000000000000000E+00   0.000000000000000E+00
   1.552458136500000E-01   3.554583344400000E+00   3.225477818200000E-01   1.094597882300000E+00   5.746012413200000E-01   0.000000000000000E+00   0.000000000000000E+00   0.000000000000000E+00   0.000000000000000E+00
   1.782060002400000E-01   3.554241029800000E+00   3.225493348700000E-01   1.115428064600000E+00   5.226854719600000E-01   0.000000000000000E+00   0.000000000000000E+00   0.000000000000000E+00   0.000000000000000E+00
   2.024384558600000E-01   3.554580528400000E+00   3.225479169000000E-01   1.094598229700000E+00   5.746014646599999E-01   0.000000000000000E+00   0.000000000000000E+00   0.000000000000000E+00   0.000000000000000E+00
   2.266709114800000E-01   3.554409972900000E+00   3.225484393000000E-01   1.105328211300000E+00   5.478565308000000E-01   0.000000000000000E+00   0.000000000000000E+00   0.000000000000000E+00   0.000000000000000E+00
   2.509033671100000E-01   3.554578048800000E+00   3.225480358400000E-01   1.094598552300000E+00   5.746016137800000E-01   0.000000000000000E+00   0.000000000000000E+00   0.000000000000000E+00   0.000000000000000E+00
   2.751358227300000E-01   3.554257404700000E+00   3.225485494000000E-01   1.115425949000000E+00   5.226844452000000E-01   0.000000000000000E+00   0.000000000000000E+00   0.000000000000000E+00   0.000000000000000E+00
   2.937758379800000E-01   3.554576131700000E+00   3.225481278000000E-01   1.094598816500000E+00   5.746016869900000E-01   0.000000000000000E+00   0.000000000000000E+00   0.000000000000000E+00   0.000000000000000E+00
   3.124158532200000E-01   3.554415185600000E+00   3.225481892600000E-01   1.105327485400000E+00   5.478563527600000E-01   0.000000000000000E+00   0.000000000000000E+00   0.000000000000000E+00   0.000000000000000E+00
   3.310558684700000E-01   3.554574405500000E+00   3.225482106000000E-01   1.094599084900000E+00   5.746016664600000E-01   0.000000000000000E+00   0.000000000000000E+00   0.000000000000000E+00   0.000000000000000E+00
   3.496958837200000E-01   3.554269057300000E+00   3.225479904800000E-01   1.115424170600000E+00   5.226844899899999E-01   0.000000000000000E+00   0.000000000000000E+00   0.000000000000000E+00   0.000000000000000E+00
   3.637981446700000E-01   3.554573146400000E+00   3.225482709900000E-01   1.094599304900000E+00   5.746015826000000E-01   0.000000000000000E+00   0.000000000000000E+00   0.000000000000000E+00   0.000000000000000E+00
   3.779004056300000E-01   3.554418582900000E+00   3.225480263100000E-01   1.105326880200000E+00   5.478566121500000E-01   0.000000000000000E+00   0.000000000000000E+00   0.000000000000000E+00   0.000000000000000E+00
   3.920026665900000E-01   3.554572148600000E+00   3.225483188400000E-01   1.094599530100000E+00   5.746013716300000E-01   0.000000000000000E+00   0.000000000000000E+00   0.000000000000000E+00   0.000000000000000E+00
   4.061049275500000E-01   3.554276073200000E+00   3.225476539900000E-01   1.115422665700000E+00   5.226857499499999E-01   0.000000000000000E+00   0.000000000000000E+00   0.000000000000000E+00   0.000000000000000E+00
   4.201938655200000E-01   3.554571602900000E+00   3.225483450100000E-01   1.094599691000000E+00   5.746011488700000E-01   0.000000000000000E+00   0.000000000000000E+00   0.000000000000000E+00   0.000000000000000E+00
   4.342828035000000E-01   3.554420201500000E+00   3.225479486900000E-01   1.105326417800000E+00   5.478572299900000E-01   0.000000000000000E+00   0.000000000000000E+00   0.000000000000000E+00   0.000000000000000E+00
   4.483717414800000E-01   3.554571201100000E+00   3.225483642700000E-01   1.094599856200000E+00   5.746008522300000E-01   0.000000000000000E+00   0.000000000000000E+00   0.000000000000000E+00   0.000000000000000E+00
   4.624606794500000E-01   3.554278898600000E+00   3.225475185200000E-01   1.115421582900000E+00   5.226876120400000E-01   0.000000000000000E+00   0.000000000000000E+00   0.000000000000000E+00   0.000000000000000E+00
   4.785118149300000E-01   3.554570998900000E+00   3.225483739600000E-01   1.094599976100000E+00   5.746005985500000E-01   0.000000000000000E+00   0.000000000000000E+00   0.000000000000000E+00   0.000000000000000E+00
   4.945629504000000E-01   3.554420824700000E+00   3.225479188200000E-01   1.105326074100000E+00   5.478579388000000E-01   0.000000000000000E+00   0.000000000000000E+00   0.000000000000000E+00   0.000000000000000E+00
   5.106140858800000E-01   3.554570846700000E+00   3.225483812600000E-01   1.094600100900000E+00   5.746003094700000E-01   0.000000000000000E+00   0.000000000000000E+00   0.000000000000000E+00   0.000000000000000E+00
   5.266652213500000E-01   3.554279945700000E+00   3.225474683500000E-01   1.115420777100000E+00   5.226894516700000E-01   0.000000000000000E+00   0.000000000000000E+00   0.000000000000000E+00   0.000000000000000E+00
   5.391481243700000E-01   3.554570742900000E+00   3.225483862300000E-01   1.094600217600000E+00   5.746000223400000E-01   0.000000000000000E+00   0.000000000000000E+00   0.000000000000000E+00   0.000000000000000E+00
   5.516310273900000E-01   3.554421107200000E+00   3.225479052900000E-01   1.105325745500000E+00   5.478587510600000E-01   0.000000000000000E+00   0.000000000000000E+00   0.000000000000000E+00   0.000000000000000E+00
   5.641139304000000E-01   3.554570666800000E+00   3.225483898700000E-01   1.094600365900000E+00   5.745996335100000E-01   0.000000000000000E+00   0.000000000000000E+00   0.000000000000000E+00   0.000000000000000E+00
   5.765968334200000E-01   3.554280495100000E+00   3.225474420700000E-01   1.115419821500000E+00   5.226919312500000E-01   0.000000000000000E+00   0.000000000000000E+00   0.000000000000000E+00   0.000000000000000E+00
   5.882461101100001E-01   3.554570625400000E+00   3.225483918400000E-01   1.094600493900000E+00   5.745992875100000E-01   0.000000000000000E+00   0.000000000000000E+00   0.000000000000000E+00   0.000000000000000E+00
   5.998953868000000E-01   3.554421228700000E+00   3.225478995000000E-01   1.105325383700000E+00   5.478597273200000E-01   0.000000000000000E+00   0.000000000000000E+00   0.000000000000000E+00   0.000000000000000E+00
   6.115446635000000E-01   3.554570597400000E+00   3.225483931700000E-01   1.094600647400000E+00   5.745988631900000E-01   0.000000000000000E+00   0.000000000000000E+00   0.000000000000000E+00   0.000000000000000E+00
   6.231939401900000E-01   3.554280700600000E+00   3.225474322900000E-01   1.115418836300000E+00   5.226946431200000E-01   0.000000000000000E+00   0.000000000000000E+00   0.000000000000000E+00   0.000000000000000E+00
   6.378194971200000E-01   3.554570585300000E+00   3.225483937500000E-01   1.094600763700000E+00   5.745985379000000E-01   0.000000000000000E+00   0.000000000000000E+00   0.000000000000000E+00   0.000000000000000E+00
   6.524450540500000E-01   3.554421268600000E+00   3.225478976100000E-01   1.105325054800000E+00   5.478606450000000E-01   0.000000000000000E+00   0.000000000000000E+00   0.000000000000000E+00   0.000000000000000E+00
   6.670706109800000E-01   3.554570576500000E+00   3.225483941500000E-01   1.094600884600000E+00   5.745981979900000E-01   0.000000000000000E+00   0.000000000000000E+00   0.000000000000000E+00   0.000000000000000E+00
   6.816961679100000E-01   3.554280761400000E+00   3.225474294400000E-01   1.115418062200000E+00   5.226968178400000E-01   0.000000000000000E+00   0.000000000000000E+00   0.000000000000000E+00   0.000000000000000E+00
   6.876061817500000E-01   3.554570566800000E+00   3.225483946100000E-01   1.094601062800000E+00   5.745976955700000E-01   0.000000000000000E+00   0.000000000000000E+00   0.000000000000000E+00   0.000000000000000E+00
   6.935161955900000E-01   3.554421288800000E+00   3.225478966800000E-01   1.105324552500000E+00   5.478620646200000E-01   0.000000000000000E+00   0.000000000000000E+00   0.000000000000000E+00   0.000000000000000E+00
   6.994262094300000E-01   3.554570563100000E+00   3.225483947600000E-01   1.094601360000000E+00   5.745968518300000E-01   0.000000000000000E+00   0.000000000000000E+00   0.000000000000000E+00   0.000000000000000E+00
   7.053362232800000E-01   3.554280802400000E+00   3.225474276200000E-01   1.115416158200000E+00   5.227022152800000E-01   0.000000000000000E+00   0.000000000000000E+00   0.000000000000000E+00   0.000000000000000E+00
   7.110160658000000E-01   3.554570561500000E+00   3.225483948200000E-01   1.094601617500000E+00   5.745961199000000E-01   0.000000000000000E+00   0.000000000000000E+00   0.000000000000000E+00   0.000000000000000E+00
   7.166959083200000E-01   3.554421294300000E+00   3.225478964700000E-01   1.105323825200000E+00   5.478641311100000E-01   0.000000000000000E+00   0.000000000000000E+00   0.000000000000000E+00   0.000000000000000E+00
   7.223757508400001E-01   3.554570560600000E+00   3.225483948400000E-01   1.094601926400000E+00   5.745952415700000E-01   0.000000000000000E+00   0.000000000000000E+00   0.000000000000000E+00   0.000000000000000E+00
   7.280555933600000E-01   3.554280810500000E+00   3.225474273900000E-01   1.115414181400000E+00   5.227078362899999E-01   0.000000000000000E+00   0.000000000000000E+00   0.000000000000000E+00   0.000000000000000E+00
   7.335479155500000E-01   3.554570560000000E+00   3.225483948500000E-01   1.094602193300000E+00   5.745944822200000E-01   0.000000000000000E+00   0.000000000000000E+00   0.000000000000000E+00   0.000000000000000E+00
   7.390402377400000E-01   3.554421296100000E+00   3.225478964400000E-01   1.105323071600000E+00   5.478662751400000E-01   0.000000000000000E+00   0.000000000000000E+00   0.000000000000000E+00   0.000000000000000E+00
   7.445325599300000E-01   3.554570559400000E+00   3.225483948500000E-01   1.094602512500000E+00   5.745935738600000E-01   0.000000000000000E+00   0.000000000000000E+00   0.000000000000000E+00   0.000000000000000E+00
   7.500248821200000E-01   3.554280814800000E+00   3.225474273300000E-01   1.115412138600000E+00   5.227136497200000E-01   0.000000000000000E+00   0.000000000000000E+00   0.000000000000000E+00   0.000000000000000E+00
   7.548595067700000E-01   3.554570558800000E+00   3.225483948600000E-01   1.094602802200000E+00   5.745927492500000E-01   0.000000000000000E+00   0.000000000000000E+00   0.000000000000000E+00   0.000000000000000E+00
   7.596941314200000E-01   3.554421297700000E+00   3.225478964300000E-01   1.105322253700000E+00   5.478686034700000E-01   0.000000000000000E+00   0.000000000000000E+00   0.000000000000000E+00   0.000000000000000E+00
   7.645287560700000E-01   3.554570558200000E+00   3.225483948600000E-01   1.094603164600000E+00   5.745917173300000E-01   0.000000000000000E+00   0.000000000000000E+00   0.000000000000000E+00   0.000000000000000E+00
   7.693633807200000E-01   3.554280819000000E+00   3.225474273000000E-01   1.115409819100000E+00   5.227202540000000E-01   0.000000000000000E+00   0.000000000000000E+00   0.000000000000000E+00   0.000000000000000E+00
   7.746983414900001E-01   3.554570557600000E+00   3.225483948700000E-01   1.094603458100000E+00   5.745908813300000E-01   0.000000000000000E+00   0.000000000000000E+00   0.000000000000000E+00   0.000000000000000E+00
   7.800333022700000E-01   3.554421299200000E+00   3.225478964200000E-01   1.105321424900000E+00   5.478709639200000E-01   0.000000000000000E+00   0.000000000000000E+00   0.000000000000000E+00   0.000000000000000E+00
   7.853682630400000E-01   3.554570557100000E+00   3.225483948700000E-01   1.094603786400000E+00   5.745899462100000E-01   0.000000000000000E+00   0.000000000000000E+00   0.000000000000000E+00   0.000000000000000E+00
   7.907032238200000E-01   3.554280822700000E+00   3.225474272700000E-01   1.115407718400000E+00   5.227262388200000E-01   0.000000000000000E+00   0.000000000000000E+00   0.000000000000000E+00   0.000000000000000E+00
   7.956870913600000E-01   3.554570556600000E+00   3.225483948800000E-01   1.094604075100000E+00   5.745891233500000E-01   0.000000000000000E+00   0.000000000000000E+00   0.000000000000000E+00   0.000000000000000E+00
   8.006709589000000E-01   3.554421300600000E+00   3.225478964000000E-01   1.105320609600000E+00   5.478732872700000E-01   0.000000000000000E+00   0.000000000000000E+00   0.000000000000000E+00   0.000000000000000E+00
   8.056548264400000E-01   3.554570556000000E+00   3.225483948800000E-01   1.094604426300000E+00   5.745881223600000E-01   0.000000000000000E+00   0.000000000000000E+00   0.000000000000000E+00   0.000000000000000E+00
   8.106386939800000E-01   3.554280826500000E+00   3.225474272300000E-01   1.115405470800000E+00   5.227326451700000E-01   0.000000000000000E+00   0.000000000000000E+00   0.000000000000000E+00   0.000000000000000E+00
   8.153230658800000E-01   3.554570555500000E+00   3.225483948900000E-01   1.094604734200000E+00   5.745872443200000E-01   0.000000000000000E+00   0.000000000000000E+00   0.000000000000000E+00   0.000000000000000E+00
   8.200074377900000E-01   3.554421302000000E+00   3.225478963900000E-01   1.105319740100000E+00   5.478757664300000E-01   0.000000000000000E+00   0.000000000000000E+00   0.000000000000000E+00   0.000000000000000E+00
   8.246918096900000E-01   3.554570554800000E+00   3.225483948900000E-01   1.094605107700000E+00   5.745861793400000E-01   0.000000000000000E+00   0.000000000000000E+00   0.000000000000000E+00   0.000000000000000E+00
   8.293761816000000E-01   3.554280830400000E+00   3.225474272000000E-01   1.115403081000000E+00   5.227394610300000E-01   0.000000000000000E+00   0.000000000000000E+00   0.000000000000000E+00   0.000000000000000E+00
   8.345179669000000E-01   3.554570554400000E+00   3.225483949000000E-01   1.094605410800000E+00   5.745853143800000E-01   0.000000000000000E+00   0.000000000000000E+00   0.000000000000000E+00   0.000000000000000E+00
   8.396597522000000E-01   3.554421303400000E+00   3.225478963800000E-01   1.105318884000000E+00   5.478782086800000E-01   0.000000000000000E+00   0.000000000000000E+00   0.000000000000000E+00   0.000000000000000E+00
   8.448015375000000E-01   3.554570553800000E+00   3.225483949000000E-01   1.094605750800000E+00   5.745843441600000E-01   0.000000000000000E+00   0.000000000000000E+00   0.000000000000000E+00   0.000000000000000E+00
   8.499433228000000E-01   3.554280833800000E+00   3.225474271600000E-01   1.115400905000000E+00   5.227456704800000E-01   0.000000000000000E+00   0.000000000000000E+00   0.000000000000000E+00   0.000000000000000E+00
   8.541530827200000E-01   3.554570553300000E+00   3.225483949100000E-01   1.094606071700000E+00   5.745834281800000E-01   0.000000000000000E+00   0.000000000000000E+00   0.000000000000000E+00   0.000000000000000E+00
   8.583628426400000E-01   3.554421304800000E+00   3.225478963600000E-01   1.105317977900000E+00   5.478807949700000E-01   0.000000000000000E+00   0.000000000000000E+00   0.000000000000000E+00   0.000000000000000E+00
   8.625726025600000E-01   3.554570552700000E+00   3.225483949100000E-01   1.094606486800000E+00   5.745822431600000E-01   0.000000000000000E+00   0.000000000000000E+00   0.000000000000000E+00   0.000000000000000E+00
   8.667823624800000E-01   3.554280837900000E+00   3.225474271200000E-01   1.115398248900000E+00   5.227532545900000E-01   0.000000000000000E+00   0.000000000000000E+00   0.000000000000000E+00   0.000000000000000E+00
   8.696816173500000E-01   3.554570552000000E+00   3.225483949200000E-01   1.094606919100000E+00   5.745810082500000E-01   0.000000000000000E+00   0.000000000000000E+00   0.000000000000000E+00   0.000000000000000E+00
   8.725808722100000E-01   3.554421306600000E+00   3.225478963400000E-01   1.105316757300000E+00   5.478842817600000E-01   0.000000000000000E+00   0.000000000000000E+00   0.000000000000000E+00   0.000000000000000E+00
   8.754801270700000E-01   3.554570551200000E+00   3.225483949300000E-01   1.094607521200000E+00   5.745792876200000E-01   0.000000000000000E+00   0.000000000000000E+00   0.000000000000000E+00   0.000000000000000E+00
   8.783793819300000E-01   3.554280843500000E+00   3.225474270600000E-01   1.115394395400000E+00   5.227642666700000E-01   0.000000000000000E+00   0.000000000000000E+00   0.000000000000000E+00   0.000000000000000E+00
   8.816867106100000E-01   3.554570550500000E+00   3.225483949400000E-01   1.094608001200000E+00   5.745779153100000E-01   0.000000000000000E+00   0.000000000000000E+00   0.000000000000000E+00   0.000000000000000E+00
   8.849940392900000E-01   3.554421308500000E+00   3.225478963200000E-01   1.105315402000000E+00   5.478881565000000E-01   0.000000000000000E+00   0.000000000000000E+00   0.000000000000000E+00   0.000000000000000E+00
   8.883013679800000E-01   3.554570549800000E+00   3.225483949500000E-01   1.094608528500000E+00   5.745764070000000E-01   0.000000000000000E+00   0.000000000000000E+00   0.000000000000000E+00   0.000000000000000E+00
   8.916086966600000E-01   3.554280848100000E+00   3.225474270000000E-01   1.115391020500000E+00   5.227739198900000E-01   0.000000000000000E+00   0.000000000000000E+00   0.000000000000000E+00   0.000000000000000E+00
   8.950689450200000E-01   3.554570549200000E+00   3.225483949500000E-01   1.094608966700000E+00   5.745751532700000E-01   0.000000000000000E+00   0.000000000000000E+00   0.000000000000000E+00   0.000000000000000E+00
   8.985291933800000E-01   3.554421310100000E+00   3.225478963000000E-01   1.105314164900000E+00   5.478916964500000E-01   0.000000000000000E+00   0.000000000000000E+00   0.000000000000000E+00   0.000000000000000E+00
   9.019894417400000E-01   3.554570548600000E+00   3.225483949600000E-01   1.094609470300000E+00   5.745737116300000E-01   0.000000000000000E+00   0.000000000000000E+00   0.000000000000000E+00   0.000000000000000E+00
   9.054496901000000E-01   3.554280852200000E+00   3.225474269500000E-01   1.115387797500000E+00   5.227831463800000E-01   0.000000000000000E+00   0.000000000000000E+00   0.000000000000000E+00   0.000000000000000E+00
   9.076993836100000E-01   3.554570547900000E+00   3.225483949700000E-01   1.094610013300000E+00   5.745721565500000E-01   0.000000000000000E+00   0.000000000000000E+00   0.000000000000000E+00   0.000000000000000E+00
   9.099490771300000E-01   3.554421312000000E+00   3.225478962700000E-01   1.105312631800000E+00   5.478960872500001E-01   0.000000000000000E+00   0.000000000000000E+00   0.000000000000000E+00   0.000000000000000E+00
   9.121987706400000E-01   3.554570547000000E+00   3.225483949800000E-01   1.094610787100000E+00   5.745699392000000E-01   0.000000000000000E+00   0.000000000000000E+00   0.000000000000000E+00   0.000000000000000E+00
   9.144484641500000E-01   3.554280858000000E+00   3.225474268600000E-01   1.115382845400000E+00   5.227973374400000E-01   0.000000000000000E+00   0.000000000000000E+00   0.000000000000000E+00   0.000000000000000E+00
   9.165495037100000E-01   3.554570546200000E+00   3.225483950000000E-01   1.094611467600000E+00   5.745679877900000E-01   0.000000000000000E+00   0.000000000000000E+00   0.000000000000000E+00   0.000000000000000E+00
   9.186505432700000E-01   3.554421314200000E+00   3.225478962400000E-01   1.105310710400000E+00   5.479015971100000E-01   0.000000000000000E+00   0.000000000000000E+00   0.000000000000000E+00   0.000000000000000E+00
   9.207515828200000E-01   3.554570545400000E+00   3.225483950100000E-01   1.094612295000000E+00   5.745656135800000E-01   0.000000000000000E+00   0.000000000000000E+00   0.000000000000000E+00   0.000000000000000E+00
   9.228526223800000E-01   3.554280863500000E+00   3.225474267700000E-01   1.115377550100000E+00   5.228125323500000E-01   0.000000000000000E+00   0.000000000000000E+00   0.000000000000000E+00   0.000000000000000E+00
   9.251517407800000E-01   3.554570544700000E+00   3.225483950200000E-01   1.094612967500000E+00   5.745636824600000E-01   0.000000000000000E+00   0.000000000000000E+00   0.000000000000000E+00   0.000000000000000E+00
   9.274508591700000E-01   3.554421316000000E+00   3.225478962100000E-01   1.105308811500000E+00   5.479070497100000E-01   0.000000000000000E+00   0.000000000000000E+00   0.000000000000000E+00   0.000000000000000E+00
   9.297499775700000E-01   3.554570544000000E+00   3.225483950400000E-01   1.094613722600000E+00   5.745615128200000E-01   0.000000000000000E+00   0.000000000000000E+00   0.000000000000000E+00   0.000000000000000E+00
   9.320490959600000E-01   3.554280867900000E+00   3.225474266800000E-01   1.115372717400000E+00   5.228264180000000E-01   0.000000000000000E+00   0.000000000000000E+00   0.000000000000000E+00   0.000000000000000E+00
   9.340034642600000E-01   3.554570543400000E+00   3.225483950500000E-01   1.094614420700000E+00   5.745595059900001E-01   0.000000000000000E+00   0.000000000000000E+00   0.000000000000000E+00   0.000000000000000E+00
   9.359578325600000E-01   3.554421317700000E+00   3.225478961700000E-01   1.105306840700000E+00   5.479127160700000E-01   0.000000000000000E+00   0.000000000000000E+00   0.000000000000000E+00   0.000000000000000E+00
   9.379122008600000E-01   3.554570542700000E+00   3.225483950700000E-01   1.094615307700000E+00   5.745569536500000E-01   0.000000000000000E+00   0.000000000000000E+00   0.000000000000000E+00   0.000000000000000E+00
   9.398665691500000E-01   3.554280872300000E+00   3.225474265700000E-01   1.115367040200000E+00   5.228427529400000E-01   0.000000000000000E+00   0.000000000000000E+00   0.000000000000000E+00   0.000000000000000E+00
   9.413350752700000E-01   3.554570542100000E+00   3.225483950900000E-01   1.094616185900000E+00   5.745544252800000E-01   0.000000000000000E+00   0.000000000000000E+00   0.000000000000000E+00   0.000000000000000E+00
   9.428035813900000E-01   3.554421319400000E+00   3.225478961200000E-01   1.105304361700000E+00   5.479198550000000E-01   0.000000000000000E+00   0.000000000000000E+00   0.000000000000000E+00   0.000000000000000E+00
   9.442720875000000E-01   3.554570541400000E+00   3.225483951100000E-01   1.094617364300000E+00   5.745510285200000E-01   0.000000000000000E+00   0.000000000000000E+00   0.000000000000000E+00   0.000000000000000E+00
   9.457405936200000E-01   3.554280876800000E+00   3.225474264100000E-01   1.115359498100000E+00   5.228644922700000E-01   0.000000000000000E+00   0.000000000000000E+00   0.000000000000000E+00   0.000000000000000E+00
   9.469418957000000E-01   3.554570540800000E+00   3.225483951300000E-01   1.094618476400000E+00   5.745478201599999E-01   0.000000000000000E+00   0.000000000000000E+00   0.000000000000000E+00   0.000000000000000E+00
   9.481431977900000E-01   3.554421320900000E+00   3.225478960500000E-01   1.105301222300000E+00   5.479289138900000E-01   0.000000000000000E+00   0.000000000000000E+00   0.000000000000000E+00   0.000000000000000E+00
   9.493444998700000E-01   3.554570540300000E+00   3.225483951600000E-01   1.094619913700000E+00   5.745436678500000E-01   0.000000000000000E+00   0.000000000000000E+00   0.000000000000000E+00   0.000000000000000E+00
   9.505458019500000E-01   3.554280880300000E+00   3.225474262100000E-01   1.115350299500000E+00   5.228910670900000E-01   0.000000000000000E+00   0.000000000000000E+00   0.000000000000000E+00   0.000000000000000E+00
   9.518978633900000E-01   3.554570540000000E+00   3.225483951900000E-01   1.094621065700000E+00   5.745403351500000E-01   0.000000000000000E+00   0.000000000000000E+00   0.000000000000000E+00   0.000000000000000E+00
   9.532499248200000E-01   3.554421321800000E+00   3.225478959800000E-01   1.105297969100000E+00   5.479383238800000E-01   0.000000000000000E+00   0.000000000000000E+00   0.000000000000000E+00   0.000000000000000E+00
   9.546019862600000E-01   3.554570539800000E+00   3.225483952200000E-01   1.094622339700000E+00   5.745366457900000E-01   0.000000000000000E+00   0.000000000000000E+00   0.000000000000000E+00   0.000000000000000E+00
   9.559540476900000E-01   3.554280881400000E+00   3.225474260300000E-01   1.115342146200000E+00   5.229146789700000E-01   0.000000000000000E+00   0.000000000000000E+00   0.000000000000000E+00   0.000000000000000E+00
   9.573643128300000E-01   3.554570539800000E+00   3.225483952400000E-01   1.094623399000000E+00   5.745335745300000E-01   0.000000000000000E+00   0.000000000000000E+00   0.000000000000000E+00   0.000000000000000E+00
   9.587745779700000E-01   3.554421321800000E+00   3.225478959100000E-01   1.105294978100000E+00   5.479469956900000E-01   0.000000000000000E+00   0.000000000000000E+00   0.000000000000000E+00   0.000000000000000E+00
   9.601848431000000E-01   3.554570539900000E+00   3.225483952700000E-01   1.094624617600000E+00   5.745300373800000E-01   0.000000000000000E+00   0.000000000000000E+00   0.000000000000000E+00   0.000000000000000E+00
   9.615951082400001E-01   3.554280880700000E+00   3.225474258400000E-01   1.115334346800000E+00   5.229373167700000E-01   0.000000000000000E+00   0.000000000000000E+00   0.000000000000000E+00   0.000000000000000E+00
   9.625339271600000E-01   3.554570540200000E+00   3.225483953000000E-01   1.094625912400000E+00   5.745262758600000E-01   0.000000000000000E+00   0.000000000000000E+00   0.000000000000000E+00   0.000000000000000E+00
   9.634727460800000E-01   3.554421321000000E+00   3.225478958200000E-01   1.105291323700000E+00   5.479576165100000E-01   0.000000000000000E+00   0.000000000000000E+00   0.000000000000000E+00   0.000000000000000E+00
   9.644115649900000E-01   3.554570540800000E+00   3.225483953500000E-01   1.094627738000000E+00   5.745209622800000E-01   0.000000000000000E+00   0.000000000000000E+00   0.000000000000000E+00   0.000000000000000E+00
   9.653503839100001E-01   3.554280876400000E+00   3.225474255500000E-01   1.115322663600000E+00   5.229713237300000E-01   0.000000000000000E+00   0.000000000000000E+00   0.000000000000000E+00   0.000000000000000E+00
   9.662134601200000E-01   3.554570541700000E+00   3.225483953900000E-01   1.094629355100000E+00   5.745162474400000E-01   0.000000000000000E+00   0.000000000000000E+00   0.000000000000000E+00   0.000000000000000E+00
   9.670765363200000E-01   3.554421318500000E+00   3.225478957000000E-01   1.105286758200000E+00   5.479709290500000E-01   0.000000000000000E+00   0.000000000000000E+00   0.000000000000000E+00   0.000000000000000E+00
   9.679396125200000E-01   3.554570543100000E+00   3.225483954500000E-01   1.094631333800000E+00   5.745104672000000E-01   0.000000000000000E+00   0.000000000000000E+00   0.000000000000000E+00   0.000000000000000E+00
   9.688026887300000E-01   3.554280867100000E+00   3.225474252100000E-01   1.115310000100000E+00   5.230083173400000E-01   0.000000000000000E+00   0.000000000000000E+00   0.000000000000000E+00   0.000000000000000E+00
   9.696288706800000E-01   3.554570544700000E+00   3.225483954900000E-01   1.094633050000000E+00   5.745054441000000E-01   0.000000000000000E+00   0.000000000000000E+00   0.000000000000000E+00   0.000000000000000E+00
   9.704550526300000E-01   3.554421314100000E+00   3.225478955700000E-01   1.105281912600000E+00   5.479851119600000E-01   0.000000000000000E+00   0.000000000000000E+00   0.000000000000000E+00   0.000000000000000E+00
   9.712812345900000E-01   3.554570547000000E+00   3.225483955500000E-01   1.094635109100000E+00   5.744994052200000E-01   0.000000000000000E+00   0.000000000000000E+00   0.000000000000000E+00   0.000000000000000E+00
   9.721074165400000E-01   3.554280852300000E+00   3.225474248200000E-01   1.115296822100000E+00   5.230469662900000E-01   0.000000000000000E+00   0.000000000000000E+00   0.000000000000000E+00   0.000000000000000E+00
   9.729466213100000E-01   3.554570549300000E+00   3.225483956100000E-01   1.094636842200000E+00   5.744943117200000E-01   0.000000000000000E+00   0.000000000000000E+00   0.000000000000000E+00   0.000000000000000E+00
   9.737858260800000E-01   3.554421307500000E+00   3.225478954200000E-01   1.105277019000000E+00   5.479994936100000E-01   0.000000000000000E+00   0.000000000000000E+00   0.000000000000000E+00   0.000000000000000E+00
   9.746250308500000E-01   3.554570552400000E+00   3.225483956700000E-01   1.094638861300000E+00   5.744883658900000E-01   0.000000000000000E+00   0.000000000000000E+00   0.000000000000000E+00   0.000000000000000E+00
   9.754642356200000E-01   3.554280832400000E+00   3.225474244200000E-01   1.115283900500000E+00   5.230850197200000E-01   0.000000000000000E+00   0.000000000000000E+00   0.000000000000000E+00   0.000000000000000E+00
   9.762048745800000E-01   3.554570555600000E+00   3.225483957300000E-01   1.094640688100000E+00   5.744829753100000E-01   0.000000000000000E+00   0.000000000000000E+00   0.000000000000000E+00   0.000000000000000E+00
   9.769455135400000E-01   3.554421298500000E+00   3.225478952500000E-01   1.105271861800000E+00   5.480147142000000E-01   0.000000000000000E+00   0.000000000000000E+00   0.000000000000000E+00   0.000000000000000E+00
   9.776861525000000E-01   3.554570560200000E+00   3.225483958000000E-01   1.094642966000000E+00   5.744762372200000E-01   0.000000000000000E+00   0.000000000000000E+00   0.000000000000000E+00   0.000000000000000E+00
   9.784267914600000E-01   3.554280803300000E+00   3.225474239400000E-01   1.115269322500000E+00   5.231281436600000E-01   0.000000000000000E+00   0.000000000000000E+00   0.000000000000000E+00   0.000000000000000E+00
   9.789901616100000E-01   3.554570565100000E+00   3.225483958800000E-01   1.094645202200000E+00   5.744696082500000E-01   0.000000000000000E+00   0.000000000000000E+00   0.000000000000000E+00   0.000000000000000E+00
   9.795535317600000E-01   3.554421284200000E+00   3.225478950300000E-01   1.105265551400000E+00   5.480334317400000E-01   0.000000000000000E+00   0.000000000000000E+00   0.000000000000000E+00   0.000000000000000E+00
   9.801169019100000E-01   3.554570572700000E+00   3.225483959900000E-01   1.094648180400000E+00   5.744607480600000E-01   0.000000000000000E+00   0.000000000000000E+00   0.000000000000000E+00   0.000000000000000E+00
   9.806802720600000E-01   3.554280754300000E+00   3.225474232400000E-01   1.115250261800000E+00   5.231848492500000E-01   0.000000000000000E+00   0.000000000000000E+00   0.000000000000000E+00   0.000000000000000E+00
   9.810990768800000E-01   3.554570581200000E+00   3.225483961000000E-01   1.094651140800000E+00   5.744519160000000E-01   0.000000000000000E+00   0.000000000000000E+00   0.000000000000000E+00   0.000000000000000E+00
   9.815178816900000E-01   3.554421259600000E+00   3.225478947200000E-01   1.105257199800000E+00   5.480583704100001E-01   0.000000000000000E+00   0.000000000000000E+00   0.000000000000000E+00   0.000000000000000E+00
   9.819366865000000E-01   3.554570594600000E+00   3.225483962600000E-01   1.094655117200000E+00   5.744399931800001E-01   0.000000000000000E+00   0.000000000000000E+00   0.000000000000000E+00   0.000000000000000E+00
   9.823554913200000E-01   3.554280668400000E+00   3.225474222200000E-01   1.115224814100000E+00   5.232611562500000E-01   0.000000000000000E+00   0.000000000000000E+00   0.000000000000000E+00   0.000000000000000E+00
   9.828674168600000E-01   3.554570606500000E+00   3.225483963900000E-01   1.094658175000000E+00   5.744307780800000E-01   0.000000000000000E+00   0.000000000000000E+00   0.000000000000000E+00   0.000000000000000E+00
   9.833793423900000E-01   3.554421226500000E+00   3.225478943500000E-01   1.105248560800000E+00   5.480843887300000E-01   0.000000000000000E+00   0.000000000000000E+00   0.000000000000000E+00   0.000000000000000E+00
   9.838912679300000E-01   3.554570620200000E+00   3.225483965400000E-01   1.094661401500000E+00   5.744210195300000E-01   0.000000000000000E+00   0.000000000000000E+00   0.000000000000000E+00   0.000000000000000E+00
   9.844031934700000E-01   3.554280580400000E+00   3.225474212900000E-01   1.115204164600000E+00   5.233236115000000E-01   0.000000000000000E+00   0.000000000000000E+00   0.000000000000000E+00   0.000000000000000E+00
   9.849089489400000E-01   3.554570633100000E+00   3.225483966600000E-01   1.094664150500000E+00   5.744126721900000E-01   0.000000000000000E+00   0.000000000000000E+00   0.000000000000000E+00   0.000000000000000E+00
   9.854147044100000E-01   3.554421190200000E+00   3.225478939800000E-01   1.105240799500000E+00   5.481079578600000E-01   0.000000000000000E+00   0.000000000000000E+00   0.000000000000000E+00   0.000000000000000E+00
   9.859204598800000E-01   3.554570649600000E+00   3.225483968200000E-01   1.094667391400000E+00   5.744027896800000E-01   0.000000000000000E+00   0.000000000000000E+00   0.000000000000000E+00   0.000000000000000E+00
   9.864262153500000E-01   3.554280474300000E+00   3.225474202800000E-01   1.115183423400000E+00   5.233868601100000E-01   0.000000000000000E+00   0.000000000000000E+00   0.000000000000000E+00   0.000000000000000E+00
   9.867532156000000E-01   3.554570668700000E+00   3.225483970000000E-01   1.094670888300000E+00   5.743920913000000E-01   0.000000000000000E+00   0.000000000000000E+00   0.000000000000000E+00   0.000000000000000E+00
   9.870802158500001E-01   3.554421134500000E+00   3.225478934700000E-01   1.105230942400000E+00   5.481381689100000E-01   0.000000000000000E+00   0.000000000000000E+00   0.000000000000000E+00   0.000000000000000E+00
   9.874072161000000E-01   3.554570699800000E+00   3.225483972700000E-01   1.094675849700000E+00   5.743767951600000E-01   0.000000000000000E+00   0.000000000000000E+00   0.000000000000000E+00   0.000000000000000E+00
   9.877342163500000E-01   3.554280275000000E+00   3.225474185300000E-01   1.115151672500000E+00   5.234847576400000E-01   0.000000000000000E+00   0.000000000000000E+00   0.000000000000000E+00   0.000000000000000E+00
   9.880534497800000E-01   3.554570729500000E+00   3.225483975200000E-01   1.094680090800000E+00   5.743636284300000E-01   0.000000000000000E+00   0.000000000000000E+00   0.000000000000000E+00   0.000000000000000E+00
   9.883726832100000E-01   3.554421050500000E+00   3.225478927700000E-01   1.105218969400000E+00   5.481753463700000E-01   0.000000000000000E+00   0.000000000000000E+00   0.000000000000000E+00   0.000000000000000E+00
   9.886919166400000E-01   3.554570768600000E+00   3.225483978300000E-01   1.094685105500000E+00   5.743479427700000E-01   0.000000000000000E+00   0.000000000000000E+00   0.000000000000000E+00   0.000000000000000E+00
   9.890111500700000E-01   3.554280024300000E+00   3.225474165300000E-01   1.115119581000000E+00   5.235851484400000E-01   0.000000000000000E+00   0.000000000000000E+00   0.000000000000000E+00   0.000000000000000E+00
   9.893206854800000E-01   3.554570805700000E+00   3.225483981200000E-01   1.094689404500000E+00   5.743343924300000E-01   0.000000000000000E+00   0.000000000000000E+00   0.000000000000000E+00   0.000000000000000E+00
   9.896302208800000E-01   3.554420945500000E+00   3.225478919600000E-01   1.105206833600000E+00   5.482136072300000E-01   0.000000000000000E+00   0.000000000000000E+00   0.000000000000000E+00   0.000000000000000E+00
   9.899397562900000E-01   3.554570854200000E+00   3.225483984800000E-01   1.094694501200000E+00   5.743181932400000E-01   0.000000000000000E+00   0.000000000000000E+00   0.000000000000000E+00   0.000000000000000E+00
   9.902492917000000E-01   3.554279713000000E+00   3.225474142000000E-01   1.115086965100000E+00   5.236888262400000E-01   0.000000000000000E+00   0.000000000000000E+00   0.000000000000000E+00   0.000000000000000E+00
   9.904804672700001E-01   3.554570906300000E+00   3.225483988600000E-01   1.094699533700000E+00   5.743020794700000E-01   0.000000000000000E+00   0.000000000000000E+00   0.000000000000000E+00   0.000000000000000E+00
   9.907116428500000E-01   3.554420795300000E+00   3.225478908800000E-01   1.105192653800000E+00   5.482591154000001E-01   0.000000000000000E+00   0.000000000000000E+00   0.000000000000000E+00   0.000000000000000E+00
   9.909428184200000E-01   3.554570985200000E+00   3.225483994100000E-01   1.094706232100000E+00   5.742803476600000E-01   0.000000000000000E+00   0.000000000000000E+00   0.000000000000000E+00   0.000000000000000E+00
   9.911739939999999E-01   3.554279206700000E+00   3.225474106600000E-01   1.115044102900000E+00   5.238279174600000E-01   0.000000000000000E+00   0.000000000000000E+00   0.000000000000000E+00   0.000000000000000E+00
   9.913715586900000E-01   3.554571065300000E+00   3.225483999600000E-01   1.094712344900000E+00   5.742602806000000E-01   0.000000000000000E+00   0.000000000000000E+00   0.000000000000000E+00   0.000000000000000E+00
   9.915691233800000E-01   3.554420566100000E+00   3.225478893200000E-01   1.105175421600000E+00   5.483157869500001E-01   0.000000000000000E+00   0.000000000000000E+00   0.000000000000000E+00   0.000000000000000E+00
   9.917666880700000E-01   3.554571179600000E+00   3.225484007100000E-01   1.094719986800000E+00   5.742347777400000E-01   0.000000000000000E+00   0.000000000000000E+00   0.000000000000000E+00   0.000000000000000E+00
   9.919642527600000E-01   3.554278473000000E+00   3.225474058300000E-01   1.114995208300000E+00   5.239911490700000E-01   0.000000000000000E+00   0.000000000000000E+00   0.000000000000000E+00   0.000000000000000E+00
   9.921240833200000E-01   3.554571299300000E+00   3.225484014800000E-01   1.094727152600000E+00   5.742105015900000E-01   0.000000000000000E+00   0.000000000000000E+00   0.000000000000000E+00   0.000000000000000E+00
   9.922839138800000E-01   3.554420221600000E+00   3.225478871200000E-01   1.105155247100000E+00   5.483843585600000E-01   0.000000000000000E+00   0.000000000000000E+00   0.000000000000000E+00   0.000000000000000E+00
   9.924437444400001E-01   3.554571476700000E+00   3.225484025800000E-01   1.094736280800000E+00   5.741788418500000E-01   0.000000000000000E+00   0.000000000000000E+00   0.000000000000000E+00   0.000000000000000E+00
   9.926035750100000E-01   3.554277332800000E+00   3.225473987500000E-01   1.114936816100000E+00   5.241937993900000E-01   0.000000000000000E+00   0.000000000000000E+00   0.000000000000000E+00   0.000000000000000E+00
   9.927435382899999E-01   3.554571657200000E+00   3.225484036800000E-01   1.094744427600000E+00   5.741499446100000E-01   0.000000000000000E+00   0.000000000000000E+00   0.000000000000000E+00   0.000000000000000E+00
   9.928835015700000E-01   3.554419705100000E+00   3.225478840000000E-01   1.105132304800000E+00   5.484659837500000E-01   0.000000000000000E+00   0.000000000000000E+00   0.000000000000000E+00   0.000000000000000E+00
   9.930234648500000E-01   3.554571915100000E+00   3.225484052000000E-01   1.094754374400000E+00   5.741135595300000E-01   0.000000000000000E+00   0.000000000000000E+00   0.000000000000000E+00   0.000000000000000E+00
   9.931634281400000E-01   3.554275675200000E+00   3.225473889400000E-01   1.114873203500000E+00   5.244267111799999E-01   0.000000000000000E+00   0.000000000000000E+00   0.000000000000000E+00   0.000000000000000E+00
   9.932941751800000E-01   3.554572170300000E+00   3.225484066800000E-01   1.094762889000000E+00   5.740814158200001E-01   0.000000000000000E+00   0.000000000000000E+00   0.000000000000000E+00   0.000000000000000E+00
   9.934249222200000E-01   3.554418979100000E+00   3.225478797900000E-01   1.105108312500000E+00   5.485567739300000E-01   0.000000000000000E+00   0.000000000000000E+00   0.000000000000000E+00   0.000000000000000E+00
   9.935556692600001E-01   3.554572521400000E+00   3.225484086800000E-01   1.094772900500000E+00   5.740421195700000E-01   0.000000000000000E+00   0.000000000000000E+00   0.000000000000000E+00   0.000000000000000E+00
   9.936864163100000E-01   3.554273418600000E+00   3.225473761300000E-01   1.114809196200000E+00   5.246782739200000E-01   0.000000000000000E+00   0.000000000000000E+00   0.000000000000000E+00   0.000000000000000E+00
   9.938376808400000E-01   3.554572836300000E+00   3.225484104400000E-01   1.094780527500000E+00   5.740108026000000E-01   0.000000000000000E+00   0.000000000000000E+00   0.000000000000000E+00   0.000000000000000E+00
   9.939889453800000E-01   3.554418099000000E+00   3.225478748700000E-01   1.105086703100000E+00   5.486451581600000E-01   0.000000000000000E+00   0.000000000000000E+00   0.000000000000000E+00   0.000000000000000E+00
   9.941402099100000E-01   3.554573212200000E+00   3.225484125100000E-01   1.094788576800000E+00   5.739764738200001E-01   0.000000000000000E+00   0.000000000000000E+00   0.000000000000000E+00   0.000000000000000E+00
   9.942914744500000E-01   3.554271005900000E+00   3.225473628200000E-01   1.114757730000000E+00   5.248980275900000E-01   0.000000000000000E+00   0.000000000000000E+00   0.000000000000000E+00   0.000000000000000E+00
   9.944466368400000E-01   3.554573559400000E+00   3.225484144100000E-01   1.094795072000000E+00   5.739474950200000E-01   0.000000000000000E+00   0.000000000000000E+00   0.000000000000000E+00   0.000000000000000E+00
   9.946017992400000E-01   3.554417119300000E+00   3.225478695300000E-01   1.105068359600000E+00   5.487269814700000E-01   0.000000000000000E+00   0.000000000000000E+00   0.000000000000000E+00   0.000000000000000E+00
   9.947569616400000E-01   3.554573999600000E+00   3.225484167800000E-01   1.094802311700000E+00   5.739136368500000E-01   0.000000000000000E+00   0.000000000000000E+00   0.000000000000000E+00   0.000000000000000E+00
   9.949121240400000E-01   3.554268181600000E+00   3.225473475600000E-01   1.114711448500000E+00   5.251147718400000E-01   0.000000000000000E+00   0.000000000000000E+00   0.000000000000000E+00   0.000000000000000E+00
   9.950687401800000E-01   3.554574406200000E+00   3.225484189600000E-01   1.094808158000000E+00   5.738848027200000E-01   0.000000000000000E+00   0.000000000000000E+00   0.000000000000000E+00   0.000000000000000E+00
   9.952253563200000E-01   3.554415970600000E+00   3.225478633800000E-01   1.105051857500000E+00   5.488084024100000E-01   0.000000000000000E+00   0.000000000000000E+00   0.000000000000000E+00   0.000000000000000E+00
   9.953819724600000E-01   3.554574923700000E+00   3.225484217100000E-01   1.094814666100000E+00   5.738508048600000E-01   0.000000000000000E+00   0.000000000000000E+00   0.000000000000000E+00   0.000000000000000E+00
   9.955385886000000E-01   3.554264861400000E+00   3.225473299300000E-01   1.114669854100000E+00   5.253324154400000E-01   0.000000000000000E+00   0.000000000000000E+00   0.000000000000000E+00   0.000000000000000E+00
   9.956572746400000E-01   3.554575471900000E+00   3.225484246000000E-01   1.094820774600000E+00   5.738170716300000E-01   0.000000000000000E+00   0.000000000000000E+00   0.000000000000000E+00   0.000000000000000E+00
   9.957759606800000E-01   3.554414389300000E+00   3.225478550500000E-01   1.105034879000000E+00   5.489038478100000E-01   0.000000000000000E+00   0.000000000000000E+00   0.000000000000000E+00   0.000000000000000E+00
   9.958946467200001E-01   3.554576296300000E+00   3.225484289100000E-01   1.094828221600000E+00   5.737713886400000E-01   0.000000000000000E+00   0.000000000000000E+00   0.000000000000000E+00   0.000000000000000E+00
   9.960133327500000E-01   3.554259565600000E+00   3.225473022500000E-01   1.114622346600000E+00   5.256249386500000E-01   0.000000000000000E+00   0.000000000000000E+00   0.000000000000000E+00   0.000000000000000E+00
   9.961073738500000E-01   3.554577166000000E+00   3.225484334300000E-01   1.094834761400000E+00   5.737270079300000E-01   0.000000000000000E+00   0.000000000000000E+00   0.000000000000000E+00   0.000000000000000E+00
   9.962014149500000E-01   3.554411876200000E+00   3.225478420200000E-01   1.105016868500000E+00   5.490295141800000E-01   0.000000000000000E+00   0.000000000000000E+00   0.000000000000000E+00   0.000000000000000E+00
   9.962954560600000E-01   3.554578477400000E+00   3.225484401800000E-01   1.094841995800000E+00   5.736677125000000E-01   0.000000000000000E+00   0.000000000000000E+00   0.000000000000000E+00   0.000000000000000E+00
   9.963894971600000E-01   3.554251124500000E+00   3.225472588200000E-01   1.114576418600000E+00   5.260047979900000E-01   0.000000000000000E+00   0.000000000000000E+00   0.000000000000000E+00   0.000000000000000E+00
   9.964834765200000E-01   3.554579742500000E+00   3.225484466500000E-01   1.094846956300000E+00   5.736163538900000E-01   0.000000000000000E+00   0.000000000000000E+00   0.000000000000000E+00   0.000000000000000E+00
   9.965774558900000E-01   3.554408292500000E+00   3.225478237100000E-01   1.105002946800000E+00   5.491746099900000E-01   0.000000000000000E+00   0.000000000000000E+00   0.000000000000000E+00   0.000000000000000E+00
   9.966714352600000E-01   3.554581426400000E+00   3.225484552000000E-01   1.094851260900000E+00   5.735546745500000E-01   0.000000000000000E+00   0.000000000000000E+00   0.000000000000000E+00   0.000000000000000E+00
   9.967654146300000E-01   3.554240288800000E+00   3.225472038200000E-01   1.114549329100000E+00   5.264000008900001E-01   0.000000000000000E+00   0.000000000000000E+00   0.000000000000000E+00   0.000000000000000E+00
   9.968439241500000E-01   3.554583183900000E+00   3.225484640800000E-01   1.094853822800000E+00   5.734958798699999E-01   0.000000000000000E+00   0.000000000000000E+00   0.000000000000000E+00   0.000000000000000E+00
   9.969224336700000E-01   3.554403221100000E+00   3.225477981200000E-01   1.104996555300000E+00   5.493413423700000E-01   0.000000000000000E+00   0.000000000000000E+00   0.000000000000000E+00   0.000000000000000E+00
   9.970009431800000E-01   3.554585805400000E+00   3.225484772400000E-01   1.094854238100000E+00   5.734180942100000E-01   0.000000000000000E+00   0.000000000000000E+00   0.000000000000000E+00   0.000000000000000E+00
   9.970794527000000E-01   3.554223384900000E+00   3.225471189700000E-01   1.114547666900000E+00   5.268988124900000E-01   0.000000000000000E+00   0.000000000000000E+00   0.000000000000000E+00   0.000000000000000E+00
   9.971412286100000E-01   3.554588671700000E+00   3.225484915800000E-01   1.094852025200000E+00   5.733407800600000E-01   0.000000000000000E+00   0.000000000000000E+00   0.000000000000000E+00   0.000000000000000E+00
   9.972030045200000E-01   3.554394855200000E+00   3.225477563500000E-01   1.105004970300000E+00   5.495615605300000E-01   0.000000000000000E+00   0.000000000000000E+00   0.000000000000000E+00   0.000000000000000E+00
   9.972647804300000E-01   3.554593246400000E+00   3.225485143400000E-01   1.094843030300000E+00   5.732336587100000E-01   0.000000000000000E+00   0.000000000000000E+00   0.000000000000000E+00   0.000000000000000E+00
   9.973265563400000E-01   3.554193917400000E+00   3.225469726000000E-01   1.114607891900000E+00   5.275869935600001E-01   0.000000000000000E+00   0.000000000000000E+00   0.000000000000000E+00   0.000000000000000E+00
   9.973925480100000E-01   3.554597933200000E+00   3.225485378000000E-01   1.094829850000000E+00   5.731403273500000E-01   0.000000000000000E+00   0.000000000000000E+00   0.000000000000000E+00   0.000000000000000E+00
   9.974585396900000E-01   3.554382969000000E+00   3.225476984900000E-01   1.105041377200000E+00   5.498242181400000E-01   0.000000000000000E+00   0.000000000000000E+00   0.000000000000000E+00   0.000000000000000E+00
   9.975245313600000E-01   3.554606311900000E+00   3.225485822700000E-01   1.094807315300000E+00   5.730270180300000E-01   0.000000000000000E+00   0.000000000000000E+00   0.000000000000000E+00   0.000000000000000E+00
   9.975905230400000E-01   3.554165699900000E+00   3.225468468500000E-01   1.114743870700000E+00   5.283013092400000E-01   0.000000000000000E+00   0.000000000000000E+00   0.000000000000000E+00   0.000000000000000E+00
   9.976551582500000E-01   3.554644971000000E+00   3.225488152500000E-01   1.094767811300000E+00   5.729070576900001E-01   0.000000000000000E+00   0.000000000000000E+00   0.000000000000000E+00   0.000000000000000E+00
   9.977197934699999E-01   3.554487815100000E+00   3.225483740700000E-01   1.105060208100000E+00   5.500488055000000E-01   0.000000000000000E+00   0.000000000000000E+00   0.000000000000000E+00   0.000000000000000E+00
   9.977844286799999E-01   3.555031790800000E+00   3.225512141300000E-01   1.094562687400000E+00   5.725731438600000E-01   0.000000000000000E+00   0.000000000000000E+00   0.000000000000000E+00   0.000000000000000E+00
   9.978490638900001E-01   3.555689836400000E+00   3.225564150200000E-01   1.114310056900000E+00   5.282927778099999E-01   0.000000000000000E+00   0.000000000000000E+00   0.000000000000000E+00   0.000000000000000E+00
   9.978871899200000E-01   3.558089030100000E+00   3.225702597700000E-01   1.093178490000000E+00   5.707835215200000E-01   0.000000000000000E+00   0.000000000000000E+00   0.000000000000000E+00   0.000000000000000E+00
   9.979253159400000E-01   3.561787056400000E+00   3.225939300600000E-01   1.102036015100000E+00   5.465924383300000E-01   0.000000000000000E+00   0.000000000000000E+00   0.000000000000000E+00   0.000000000000000E+00
   9.979634419600000E-01   3.570632785800000E+00   3.226485464800000E-01   1.087636236300000E+00   5.638845668800000E-01   0.000000000000000E+00   0.000000000000000E+00   0.000000000000000E+00   0.000000000000000E+00
   9.980015679899999E-01   3.588171054400000E+00   3.227597954800000E-01   1.101092273200000E+00   5.129618644300000E-01   0.000000000000000E+00   0.000000000000000E+00   0.000000000000000E+00   0.000000000000000E+00
   9.980408648800000E-01   3.627791341100000E+00   3.230087213500000E-01   1.063695203200000E+00   5.349522826000001E-01   0.000000000000000E+00   0.000000000000000E+00   0.000000000000000E+00   0.000000000000000E+00
   9.980801617700000E-01   3.705598590000000E+00   3.235068056000000E-01   1.044595947700000E+00   4.786621133800000E-01   0.000000000000000E+00   0.000000000000000E+00   0.000000000000000E+00   0.000000000000000E+00
   9.981194586600000E-01   3.848525885100000E+00   3.244438227800000E-01   9.836791651300000E-01   4.437165907500000E-01   0.000000000000000E+00   0.000000000000000E+00   0.000000000000000E+00   0.000000000000000E+00
   9.981587555500000E-01   4.074280003400000E+00   3.259942810300000E-01   9.399788733200000E-01   3.355051349300000E-01   0.000000000000000E+00   0.000000000000000E+00   0.000000000000000E+00   0.000000000000000E+00
   9.982065004000000E-01   4.463835914500000E+00   3.288697637800000E-01   8.274556938700000E-01   2.897208436300000E-01   0.000000000000000E+00   0.000000000000000E+00   0.000000000000000E+00   0.000000000000000E+00
   9.982542452499999E-01   4.934920988200000E+00   3.327555783500000E-01   7.578354349500001E-01   2.023672711900000E-01   0.000000000000000E+00   0.000000000000000E+00   0.000000000000000E+00   0.000000000000000E+00
   9.983019901000000E-01   5.434527878200000E+00   3.374637331200000E-01   6.802169869800000E-01   1.745342592100000E-01   0.000000000000000E+00   0.000000000000000E+00   0.000000000000000E+00   0.000000000000000E+00
   9.983497349600000E-01   5.919903320500000E+00   3.427875729200000E-01   6.515112785500000E-01   1.024071240200000E-01   0.000000000000000E+00   0.000000000000000E+00   0.000000000000000E+00   0.000000000000000E+00
   9.983935393200000E-01   6.333539394900000E+00   3.480790359800000E-01   5.919917122700000E-01   1.199928789300000E-01   0.000000000000000E+00   0.000000000000000E+00   0.000000000000000E+00   0.000000000000000E+00
   9.984373436900000E-01   6.707281094000000E+00   3.536631532300000E-01   5.738682127600000E-01   8.419836232700000E-02   0.000000000000000E+00   0.000000000000000E+00   0.000000000000000E+00   0.000000000000000E+00
   9.984811480600000E-01   7.040574078900000E+00   3.594821763100000E-01   5.374444784400000E-01   9.201056191699999E-02   0.000000000000000E+00   0.000000000000000E+00   0.000000000000000E+00   0.000000000000000E+00
   9.985249524299999E-01   7.333804236900000E+00   3.654862373700000E-01   5.396517767900000E-01   4.429218860700000E-02   0.000000000000000E+00   0.000000000000000E+00   0.000000000000000E+00   0.000000000000000E+00
   9.985756467200000E-01   7.629476463600000E+00   3.726309991500000E-01   4.961316416900000E-01   7.395741815800000E-02   0.000000000000000E+00   0.000000000000000E+00   0.000000000000000E+00   0.000000000000000E+00
   9.986263410200000E-01   7.882394145200000E+00   3.799450393700000E-01   4.903318509100000E-01   4.749282641800000E-02   0.000000000000000E+00   0.000000000000000E+00   0.000000000000000E+00   0.000000000000000E+00
   9.986770353200000E-01   8.099935220300001E+00   3.874066328500000E-01   4.627524634600000E-01   6.141963753600000E-02   0.000000000000000E+00   0.000000000000000E+00   0.000000000000000E+00   0.000000000000000E+00
   9.987277296200000E-01   8.286746397200000E+00   3.949922176600000E-01   4.718524573400000E-01   1.889378936000000E-02   0.000000000000000E+00   0.000000000000000E+00   0.000000000000000E+00   0.000000000000000E+00
   9.987735487800000E-01   8.434794577400000E+00   4.019483092300000E-01   4.369466804800000E-01   5.298228177100000E-02   0.000000000000000E+00   0.000000000000000E+00   0.000000000000000E+00   0.000000000000000E+00
   9.988193679400000E-01   8.565008924200001E+00   4.089853183900000E-01   4.379940370000000E-01   3.037562660800000E-02   0.000000000000000E+00   0.000000000000000E+00   0.000000000000000E+00   0.000000000000000E+00
   9.988651871000001E-01   8.681246217200000E+00   4.161009107700000E-01   4.157144846900000E-01   4.681435548800000E-02   0.000000000000000E+00   0.000000000000000E+00   0.000000000000000E+00   0.000000000000000E+00
   9.989110062600000E-01   8.784760786100000E+00   4.232858855600000E-01   4.291844463100000E-01   6.850761784300000E-03   0.000000000000000E+00   0.000000000000000E+00   0.000000000000000E+00   0.000000000000000E+00
   9.989520579500000E-01   8.869626338600000E+00   4.297836232300000E-01   3.975390668800000E-01   4.206444016500000E-02   0.000000000000000E+00   0.000000000000000E+00   0.000000000000000E+00   0.000000000000000E+00
   9.989931096400000E-01   8.946886499800000E+00   4.363306320100000E-01   4.014198266700000E-01   2.096212527500000E-02   0.000000000000000E+00   0.000000000000000E+00   0.000000000000000E+00   0.000000000000000E+00
   9.990341613300000E-01   9.018595264400000E+00   4.429286850200000E-01   3.816023082800000E-01   3.826066235200000E-02   0.000000000000000E+00   0.000000000000000E+00   0.000000000000000E+00   0.000000000000000E+00
   9.990752130200000E-01   9.084544536799999E+00   4.495721722600000E-01   3.971927592700000E-01  -3.678892172500000E-04   0.000000000000000E+00   0.000000000000000E+00   0.000000000000000E+00   0.000000000000000E+00
   9.991036137400000E-01   9.128220950699999E+00   4.541978605600000E-01   3.688440422600000E-01   3.544093172000000E-02   0.000000000000000E+00   0.000000000000000E+00   0.000000000000000E+00   0.000000000000000E+00
   9.991320144600000E-01   9.169355273500001E+00   4.588429010800000E-01   3.757071225400000E-01   1.548526111700000E-02   0.000000000000000E+00   0.000000000000000E+00   0.000000000000000E+00   0.000000000000000E+00
   9.991604151800000E-01   9.209160551300000E+00   4.635106119000000E-01   3.588106806700000E-01   3.333345028600000E-02   0.000000000000000E+00   0.000000000000000E+00   0.000000000000000E+00   0.000000000000000E+00
   9.991888159000000E-01   9.246768622999999E+00   4.681969523100000E-01   3.769536253100000E-01  -4.027690509700000E-03   0.000000000000000E+00   0.000000000000000E+00   0.000000000000000E+00   0.000000000000000E+00
   9.992101208700001E-01   9.274723410800000E+00   4.717283783400000E-01   3.502855901900000E-01   3.162661393300000E-02   0.000000000000000E+00   0.000000000000000E+00   0.000000000000000E+00   0.000000000000000E+00
   9.992314258300000E-01   9.301306185900000E+00   4.752689929800000E-01   3.585109504400000E-01   1.235796744200000E-02   0.000000000000000E+00   0.000000000000000E+00   0.000000000000000E+00   0.000000000000000E+00
   9.992527307900000E-01   9.327586467700000E+00   4.788223208800000E-01   3.431475315800000E-01   3.022828750000000E-02   0.000000000000000E+00   0.000000000000000E+00   0.000000000000000E+00   0.000000000000000E+00
   9.992740357600000E-01   9.352593123600000E+00   4.823846273400000E-01   3.624329123300000E-01  -6.121828808500000E-03   0.000000000000000E+00   0.000000000000000E+00   0.000000000000000E+00   0.000000000000000E+00
   9.993009217500000E-01   9.384155978700001E+00   4.868990300000000E-01   3.352253762100000E-01   2.877382485500000E-02   0.000000000000000E+00   0.000000000000000E+00   0.000000000000000E+00   0.000000000000000E+00
   9.993278077400000E-01   9.414183328700000E+00   4.914285960600000E-01   3.425778764500000E-01   9.758189684099999E-03   0.000000000000000E+00   0.000000000000000E+00   0.000000000000000E+00   0.000000000000000E+00
   9.993546937400000E-01   9.443753383900001E+00   4.959767488500000E-01   3.265681536400000E-01   2.726464927700000E-02   0.000000000000000E+00   0.000000000000000E+00   0.000000000000000E+00   0.000000000000000E+00
   9.993815797300000E-01   9.471922270200000E+00   5.005397715100000E-01   3.449074872800000E-01  -8.615229048699999E-03   0.000000000000000E+00   0.000000000000000E+00   0.000000000000000E+00   0.000000000000000E+00
   9.993999175400000E-01   9.491358188900000E+00   5.036639801700000E-01   3.194330947200000E-01   2.606428487400000E-02   0.000000000000000E+00   0.000000000000000E+00   0.000000000000000E+00   0.000000000000000E+00
   9.994182553400000E-01   9.509865019599999E+00   5.067938575399999E-01   3.281375952000000E-01   7.649482751900000E-03   0.000000000000000E+00   0.000000000000000E+00   0.000000000000000E+00   0.000000000000000E+00
   9.994365931500000E-01   9.528451285499999E+00   5.099328625900000E-01   3.137454137900000E-01   2.510448167500000E-02   0.000000000000000E+00   0.000000000000000E+00   0.000000000000000E+00   0.000000000000000E+00
   9.994549309500000E-01   9.546144672600001E+00   5.130774992100000E-01   3.331740892700000E-01  -9.805808999700001E-03   0.000000000000000E+00   0.000000000000000E+00   0.000000000000000E+00   0.000000000000000E+00
   9.994691289400000E-01   9.560322556699999E+00   5.155198584800000E-01   3.087654702200000E-01   2.428220896900000E-02   0.000000000000000E+00   0.000000000000000E+00   0.000000000000000E+00   0.000000000000000E+00
   9.994833269300000E-01   9.573745737499999E+00   5.179647302500000E-01   3.179596464800000E-01   6.397880854200000E-03   0.000000000000000E+00   0.000000000000000E+00   0.000000000000000E+00   0.000000000000000E+00
   9.994975249100000E-01   9.587395017700000E+00   5.204155197400000E-01   3.044768029600000E-01   2.355441601100000E-02   0.000000000000000E+00   0.000000000000000E+00   0.000000000000000E+00   0.000000000000000E+00
   9.995117229000000E-01   9.600308200200001E+00   5.228688272200001E-01   3.241276030300000E-01  -1.036283827500000E-02   0.000000000000000E+00   0.000000000000000E+00   0.000000000000000E+00   0.000000000000000E+00
   9.995270447400000E-01   9.614851922600000E+00   5.255241349999999E-01   3.000457582000000E-01   2.284705043900000E-02   0.000000000000000E+00   0.000000000000000E+00   0.000000000000000E+00   0.000000000000000E+00
   9.995423665900000E-01   9.628645262199999E+00   5.281826626200000E-01   3.088811057400000E-01   5.396991202000000E-03   0.000000000000000E+00   0.000000000000000E+00   0.000000000000000E+00   0.000000000000000E+00
   9.995576884300000E-01   9.642651277400001E+00   5.308477540400000E-01   2.954877536600000E-01   2.213081046500000E-02   0.000000000000000E+00   0.000000000000000E+00   0.000000000000000E+00   0.000000000000000E+00
   9.995730102800000E-01   9.655925311600001E+00   5.335160723400000E-01   3.145927444100000E-01  -1.099824226300000E-02   0.000000000000000E+00   0.000000000000000E+00   0.000000000000000E+00   0.000000000000000E+00
   9.995868655700000E-01   9.668493375900001E+00   5.359359150400000E-01   2.911835382900000E-01   2.147821063000000E-02   0.000000000000000E+00   0.000000000000000E+00   0.000000000000000E+00   0.000000000000000E+00
   9.996007208700000E-01   9.680369294100000E+00   5.383580110100000E-01   3.000523131900000E-01   4.490824228200000E-03   0.000000000000000E+00   0.000000000000000E+00   0.000000000000000E+00   0.000000000000000E+00
   9.996145761600000E-01   9.692495912000000E+00   5.407856427900000E-01   2.871358654000000E-01   2.085553802300000E-02   0.000000000000000E+00   0.000000000000000E+00   0.000000000000000E+00   0.000000000000000E+00
   9.996284314600000E-01   9.703944565200000E+00   5.432155426400000E-01   3.060461526400000E-01  -1.139956774200000E-02   0.000000000000000E+00   0.000000000000000E+00   0.000000000000000E+00   0.000000000000000E+00
   9.996438794500000E-01   9.717334623099999E+00   5.459323961300000E-01   2.828736916700000E-01   2.024335574600000E-02   0.000000000000000E+00   0.000000000000000E+00   0.000000000000000E+00   0.000000000000000E+00
   9.996593274400000E-01   9.730025091700000E+00   5.486525080700000E-01   2.913241976100000E-01   3.649781887300000E-03   0.000000000000000E+00   0.000000000000000E+00   0.000000000000000E+00   0.000000000000000E+00
   9.996747754300001E-01   9.742942318400001E+00   5.513791033400000E-01   2.784133903200000E-01   1.961538584200000E-02   0.000000000000000E+00   0.000000000000000E+00   0.000000000000000E+00   0.000000000000000E+00
   9.996902234200000E-01   9.755174632999999E+00   5.541089738900000E-01   2.967357817800000E-01  -1.192981077400000E-02   0.000000000000000E+00   0.000000000000000E+00   0.000000000000000E+00   0.000000000000000E+00
   9.997040597800000E-01   9.766689955500000E+00   5.565607902100000E-01   2.742162201200000E-01   1.904475764700000E-02   0.000000000000000E+00   0.000000000000000E+00   0.000000000000000E+00   0.000000000000000E+00
   9.997178961400000E-01   9.777555339599999E+00   5.590148426400000E-01   2.827222699600000E-01   2.873839954800000E-03   0.000000000000000E+00   0.000000000000000E+00   0.000000000000000E+00   0.000000000000000E+00
   9.997317324900000E-01   9.788678136300000E+00   5.614742917800000E-01   2.702853383500000E-01   1.850075457200000E-02   0.000000000000000E+00   0.000000000000000E+00   0.000000000000000E+00   0.000000000000000E+00
   9.997455688500000E-01   9.799163389100000E+00   5.639360035800000E-01   2.884395538300000E-01  -1.224172276800000E-02   0.000000000000000E+00   0.000000000000000E+00   0.000000000000000E+00   0.000000000000000E+00
   9.997586505100000E-01   9.809662273900001E+00   5.662695938300000E-01   2.664817116600000E-01   1.799682751000000E-02   0.000000000000000E+00   0.000000000000000E+00   0.000000000000000E+00   0.000000000000000E+00
   9.997717321600000E-01   9.819540674500001E+00   5.686050011900000E-01   2.748932219100000E-01   2.246666913400000E-03   0.000000000000000E+00   0.000000000000000E+00   0.000000000000000E+00   0.000000000000000E+00
   9.997848138200000E-01   9.829686327999999E+00   5.709453157900000E-01   2.628136190100000E-01   1.750311094100000E-02   0.000000000000000E+00   0.000000000000000E+00   0.000000000000000E+00   0.000000000000000E+00
   9.997978954800000E-01   9.839223426800000E+00   5.732874828500000E-01   2.806442272300000E-01  -1.244282616400000E-02   0.000000000000000E+00   0.000000000000000E+00   0.000000000000000E+00   0.000000000000000E+00
   9.998074575500000E-01   9.846731061100000E+00   5.750038620300000E-01   2.596667626000000E-01   1.707477819800000E-02   0.000000000000000E+00   0.000000000000000E+00   0.000000000000000E+00   0.000000000000000E+00
   9.998170196200000E-01   9.853676650900001E+00   5.767203961000000E-01   2.683228090500000E-01   1.832502826500000E-03   0.000000000000000E+00   0.000000000000000E+00   0.000000000000000E+00   0.000000000000000E+00
   9.998265816900000E-01   9.860923826800001E+00   5.784400858400000E-01   2.570447748100000E-01   1.667541060200000E-02   0.000000000000000E+00   0.000000000000000E+00   0.000000000000000E+00   0.000000000000000E+00
   9.998361437600000E-01   9.867621342800000E+00   5.801599742500000E-01   2.747694191500000E-01  -1.221366049600000E-02   0.000000000000000E+00   0.000000000000000E+00   0.000000000000000E+00   0.000000000000000E+00
   9.998445105900000E-01   9.874066001699999E+00   5.816686294400000E-01   2.545961502900000E-01   1.631267935200000E-02   0.000000000000000E+00   0.000000000000000E+00   0.000000000000000E+00   0.000000000000000E+00
   9.998528774200000E-01   9.879977388900000E+00   5.831770386300000E-01   2.630937064400000E-01   1.631312437300000E-03   0.000000000000000E+00   0.000000000000000E+00   0.000000000000000E+00   0.000000000000000E+00
   9.998612442500000E-01   9.886190639500001E+00   5.846881010000000E-01   2.523352490200000E-01   1.594716062700000E-02   0.000000000000000E+00   0.000000000000000E+00   0.000000000000000E+00   0.000000000000000E+00
   9.998696110800001E-01   9.891883716800001E+00   5.861989649000000E-01   2.695469454900000E-01  -1.182502422200000E-02   0.000000000000000E+00   0.000000000000000E+00   0.000000000000000E+00   0.000000000000000E+00
   9.998768682800000E-01   9.897391185300000E+00   5.875127243800000E-01   2.502315577100000E-01   1.561560324400000E-02   0.000000000000000E+00   0.000000000000000E+00   0.000000000000000E+00   0.000000000000000E+00
   9.998841254800001E-01   9.902393068500000E+00   5.888259331900000E-01   2.585177870200000E-01   1.541275151700000E-03   0.000000000000000E+00   0.000000000000000E+00   0.000000000000000E+00   0.000000000000000E+00
   9.998913826800000E-01   9.907692870400000E+00   5.901413783000000E-01   2.483020972800000E-01   1.527555735400000E-02   0.000000000000000E+00   0.000000000000000E+00   0.000000000000000E+00   0.000000000000000E+00
   9.998986398800001E-01   9.912501279400001E+00   5.914563246400000E-01   2.649076534700000E-01  -1.127904909000000E-02   0.000000000000000E+00   0.000000000000000E+00   0.000000000000000E+00   0.000000000000000E+00
   9.999042319900000E-01   9.916731420000000E+00   5.924722057100000E-01   2.466094157800000E-01   1.496766837500000E-02   0.000000000000000E+00   0.000000000000000E+00   0.000000000000000E+00   0.000000000000000E+00
   9.999098241000000E-01   9.920487576499999E+00   5.934871570500000E-01   2.546948368300000E-01   1.593707328000000E-03   0.000000000000000E+00   0.000000000000000E+00   0.000000000000000E+00   0.000000000000000E+00
   9.999154162000000E-01   9.924536392800000E+00   5.945038346100000E-01   2.451732424800000E-01   1.464406022600000E-02   0.000000000000000E+00   0.000000000000000E+00   0.000000000000000E+00   0.000000000000000E+00
   9.999210083100000E-01   9.928128377400000E+00   5.955196437400000E-01   2.610640599500000E-01  -1.042635342800000E-02   0.000000000000000E+00   0.000000000000000E+00   0.000000000000000E+00   0.000000000000000E+00
   9.999257566500001E-01   9.931702292000001E+00   5.963845522900000E-01   2.438492437000000E-01   1.435154452600000E-02   0.000000000000000E+00   0.000000000000000E+00   0.000000000000000E+00   0.000000000000000E+00
   9.999305049900000E-01   9.934832068900000E+00   5.972484356600000E-01   2.515383165800000E-01   1.779806009900000E-03   0.000000000000000E+00   0.000000000000000E+00   0.000000000000000E+00   0.000000000000000E+00
   9.999352533300000E-01   9.938240547800000E+00   5.981137966400000E-01   2.426641450400000E-01   1.403501862600000E-02   0.000000000000000E+00   0.000000000000000E+00   0.000000000000000E+00   0.000000000000000E+00
   9.999400016600000E-01   9.941223783000000E+00   5.989781993200000E-01   2.576165554700000E-01  -9.409915146100000E-03   0.000000000000000E+00   0.000000000000000E+00   0.000000000000000E+00   0.000000000000000E+00
   9.999438026100000E-01   9.944092192599999E+00   5.996721662300000E-01   2.416063957900000E-01   1.374665496000000E-02   0.000000000000000E+00   0.000000000000000E+00   0.000000000000000E+00   0.000000000000000E+00
   9.999476035600000E-01   9.946548975200001E+00   6.003650367700000E-01   2.488440033200000E-01   2.075076716600000E-03   0.000000000000000E+00   0.000000000000000E+00   0.000000000000000E+00   0.000000000000000E+00
   9.999514045100000E-01   9.949267499999999E+00   6.010591411100000E-01   2.407067555200000E-01   1.342611955600000E-02   0.000000000000000E+00   0.000000000000000E+00   0.000000000000000E+00   0.000000000000000E+00
   9.999552054600001E-01   9.951596242999999E+00   6.017522255700000E-01   2.545656972900000E-01  -8.149690144600000E-03   0.000000000000000E+00   0.000000000000000E+00   0.000000000000000E+00   0.000000000000000E+00
   9.999582319400000E-01   9.953893859600001E+00   6.023058566000000E-01   2.399071330300000E-01   1.313392678300000E-02   0.000000000000000E+00   0.000000000000000E+00   0.000000000000000E+00   0.000000000000000E+00
   9.999612584200001E-01   9.955815593100001E+00   6.028583952200000E-01   2.465780990000000E-01   2.491165432600000E-03   0.000000000000000E+00   0.000000000000000E+00   0.000000000000000E+00   0.000000000000000E+00
   9.999642849000000E-01   9.957977584000000E+00   6.034119726800000E-01   2.392444857700000E-01   1.280254105900000E-02   0.000000000000000E+00   0.000000000000000E+00   0.000000000000000E+00   0.000000000000000E+00
   9.999673113799999E-01   9.959788649500000E+00   6.039645444900000E-01   2.518075541500000E-01  -6.647539625400000E-03   0.000000000000000E+00   0.000000000000000E+00   0.000000000000000E+00   0.000000000000000E+00
   9.999697272100000E-01   9.961635605600000E+00   6.044071605800000E-01   2.386557892300000E-01   1.250201506200000E-02   0.000000000000000E+00   0.000000000000000E+00   0.000000000000000E+00   0.000000000000000E+00
   9.999721430400000E-01   9.963146111300000E+00   6.048487450600000E-01   2.446496230600000E-01   3.016337695400000E-03   0.000000000000000E+00   0.000000000000000E+00   0.000000000000000E+00   0.000000000000000E+00
   9.999745588700000E-01   9.964871194200001E+00   6.052912026900000E-01   2.381892087000000E-01   1.215850597500000E-02   0.000000000000000E+00   0.000000000000000E+00   0.000000000000000E+00   0.000000000000000E+00
   9.999769747000000E-01   9.966287152300000E+00   6.057327205100000E-01   2.492852792300000E-01  -4.929976422200000E-03   0.000000000000000E+00   0.000000000000000E+00   0.000000000000000E+00   0.000000000000000E+00
   9.999788028600000E-01   9.967702595100000E+00   6.060681055100000E-01   2.378278711800000E-01   1.184465265100000E-02   0.000000000000000E+00   0.000000000000000E+00   0.000000000000000E+00   0.000000000000000E+00
   9.999806310100000E-01   9.968823635600000E+00   6.064025379800000E-01   2.430960036900000E-01   3.661816261000000E-03   0.000000000000000E+00   0.000000000000000E+00   0.000000000000000E+00   0.000000000000000E+00
   9.999824591699999E-01   9.970126325200001E+00   6.067376520800000E-01   2.377170062200000E-01   1.148925334600000E-02   0.000000000000000E+00   0.000000000000000E+00   0.000000000000000E+00   0.000000000000000E+00
   9.999842873200000E-01   9.971159953500001E+00   6.070718639600000E-01   2.473524477100000E-01  -2.909201477500000E-03   0.000000000000000E+00   0.000000000000000E+00   0.000000000000000E+00   0.000000000000000E+00
   9.999856547600000E-01   9.972212029600000E+00   6.073228030200000E-01   2.380949873300000E-01   1.119478812400000E-02   0.000000000000000E+00   0.000000000000000E+00   0.000000000000000E+00   0.000000000000000E+00
   9.999870222000000E-01   9.973004165300001E+00   6.075727900800000E-01   2.430368541600000E-01   4.502603960800000E-03   0.000000000000000E+00   0.000000000000000E+00   0.000000000000000E+00   0.000000000000000E+00
   9.999883896400000E-01   9.973919635700000E+00   6.078230767500000E-01   2.397023532700000E-01   1.092722659100000E-02   0.000000000000000E+00   0.000000000000000E+00   0.000000000000000E+00   0.000000000000000E+00
   9.999897570800000E-01   9.974574947800001E+00   6.080722053900000E-01   2.491680691000000E-01  -4.295908817700000E-04   0.000000000000000E+00   0.000000000000000E+00   0.000000000000000E+00   0.000000000000000E+00
   9.999907348800000E-01   9.975216350400000E+00   6.082506641300000E-01   2.438793700000000E-01   1.086436048400000E-02   0.000000000000000E+00   0.000000000000000E+00   0.000000000000000E+00   0.000000000000000E+00
   9.999917126900000E-01   9.975597178699999E+00   6.084278374300000E-01   2.506924349500000E-01   5.946150423400000E-03   0.000000000000000E+00   0.000000000000000E+00   0.000000000000000E+00   0.000000000000000E+00
   9.999926904899999E-01   9.975984138799999E+00   6.086044289400000E-01   2.527639159300000E-01   1.108814864700000E-02   0.000000000000000E+00   0.000000000000000E+00   0.000000000000000E+00   0.000000000000000E+00
   9.999936683000000E-01   9.976043242799999E+00   6.087789312200000E-01   2.667045500500000E-01   3.316319071500000E-03   0.000000000000000E+00   0.000000000000000E+00   0.000000000000000E+00   0.000000000000000E+00
   9.999943212900000E-01   9.976091291299999E+00   6.088946934000000E-01   2.696334563500000E-01   1.195214465200000E-02   0.000000000000000E+00   0.000000000000000E+00   0.000000000000000E+00   0.000000000000000E+00
   9.999949742899999E-01   9.975826253199999E+00   6.090084353400000E-01   2.835772977400000E-01   9.337751569399999E-03   0.000000000000000E+00   0.000000000000000E+00   0.000000000000000E+00   0.000000000000000E+00
   9.999956272900000E-01   9.975372549699999E+00   6.091201876200000E-01   2.981861771300000E-01   1.381436504100000E-02   0.000000000000000E+00   0.000000000000000E+00   0.000000000000000E+00   0.000000000000000E+00
   9.999962802900000E-01   9.974408112000001E+00   6.092281979500000E-01   3.266121935500000E-01   1.071038170500000E-02   0.000000000000000E+00   0.000000000000000E+00   0.000000000000000E+00   0.000000000000000E+00
   9.999966975800000E-01   9.973553471600001E+00   6.092949046700000E-01   3.462106190600000E-01   1.773595875400000E-02   0.000000000000000E+00   0.000000000000000E+00   0.000000000000000E+00   0.000000000000000E+00
   9.999971148800000E-01   9.972227652799999E+00   6.093583300500000E-01   3.787836816500000E-01   1.888206684600000E-02   0.000000000000000E+00   0.000000000000000E+00   0.000000000000000E+00   0.000000000000000E+00
   9.999975321800000E-01   9.970340878600000E+00   6.094174875300000E-01   4.224547447700000E-01   2.542227566900000E-02   0.000000000000000E+00   0.000000000000000E+00   0.000000000000000E+00   0.000000000000000E+00
   9.999979494700000E-01   9.967403049400000E+00   6.094695202900000E-01   4.923816310700000E-01   3.123894031500000E-02   0.000000000000000E+00   0.000000000000000E+00   0.000000000000000E+00   0.000000000000000E+00
   9.999981572600000E-01   9.965380438600000E+00   6.094916118900000E-01   5.393916302500000E-01   4.026517154300000E-02   0.000000000000000E+00   0.000000000000000E+00   0.000000000000000E+00   0.000000000000000E+00
   9.999983650599999E-01   9.962706388399999E+00   6.095096860500000E-01   6.037479116700000E-01   4.927579227500000E-02   0.000000000000000E+00   0.000000000000000E+00   0.000000000000000E+00   0.000000000000000E+00
   9.999985728500000E-01   9.959115705300000E+00   6.095221922600000E-01   6.910443741400000E-01   6.477956801500000E-02   0.000000000000000E+00   0.000000000000000E+00   0.000000000000000E+00   0.000000000000000E+00
   9.999987806400000E-01   9.954007338400000E+00   6.095260059199999E-01   8.184359298800000E-01   8.897624033800000E-02   0.000000000000000E+00   0.000000000000000E+00   0.000000000000000E+00   0.000000000000000E+00
   9.999988876700000E-01   9.950472971300000E+00   6.095229705800000E-01   9.076630345000000E-01   1.095128409100000E-01   0.000000000000000E+00   0.000000000000000E+00   0.000000000000000E+00   0.000000000000000E+00
   9.999989947000000E-01   9.945995275200000E+00   6.095149299700000E-01   1.022443662100000E+00   1.375516050000000E-01   0.000000000000000E+00   0.000000000000000E+00   0.000000000000000E+00   0.000000000000000E+00
   9.999991017300000E-01   9.940156894099999E+00   6.094998800000000E-01   1.173898417700000E+00   1.794907893700000E-01   0.000000000000000E+00   0.000000000000000E+00   0.000000000000000E+00   0.000000000000000E+00
   9.999992087600000E-01   9.932219362700000E+00   6.094743915300000E-01   1.382442422600000E+00   2.451740733900000E-01   0.000000000000000E+00   0.000000000000000E+00   0.000000000000000E+00   0.000000000000000E+00
   9.999992697200000E-01   9.926302748700000E+00   6.094531259200000E-01   1.539044326400000E+00   3.010487187800000E-01   0.000000000000000E+00   0.000000000000000E+00   0.000000000000000E+00   0.000000000000000E+00
   9.999993306900000E-01   9.918910512200000E+00   6.094249022900000E-01   1.735706060000000E+00   3.781751599600000E-01   0.000000000000000E+00   0.000000000000000E+00   0.000000000000000E+00   0.000000000000000E+00
   9.999993916500000E-01   9.909431689500000E+00   6.093870520000000E-01   1.988586863500000E+00   4.893601503700000E-01   0.000000000000000E+00   0.000000000000000E+00   0.000000000000000E+00   0.000000000000000E+00
   9.999994526100000E-01   9.896867834600000E+00   6.093352900300000E-01   2.324066404000000E+00   6.564865482000000E-01   0.000000000000000E+00   0.000000000000000E+00   0.000000000000000E+00   0.000000000000000E+00
   9.999994900900000E-01   9.886942309300000E+00   6.092937242000001E-01   2.588498912800000E+00   8.040807162900000E-01   0.000000000000000E+00   0.000000000000000E+00   0.000000000000000E+00   0.000000000000000E+00
   9.999995275600000E-01   9.874653220900001E+00   6.092418672200000E-01   2.914750507900000E+00   1.004176564900000E+00   0.000000000000000E+00   0.000000000000000E+00   0.000000000000000E+00   0.000000000000000E+00
   9.999995650400000E-01   9.859107261600000E+00   6.091760319900000E-01   3.324767881100000E+00   1.284224004800000E+00   0.000000000000000E+00   0.000000000000000E+00   0.000000000000000E+00   0.000000000000000E+00
   9.999996025200000E-01   9.838921060100001E+00   6.090905708700000E-01   3.852060869600000E+00   1.689197077400000E+00   0.000000000000000E+00   0.000000000000000E+00   0.000000000000000E+00   0.000000000000000E+00
   9.999996272800000E-01   9.822040195300000E+00   6.090192999900000E-01   4.288015550900000E+00   2.061696004200000E+00   0.000000000000000E+00   0.000000000000000E+00   0.000000000000000E+00   0.000000000000000E+00
   9.999996520300000E-01   9.801292983700000E+00   6.089320463900000E-01   4.817546783100000E+00   2.557941155600000E+00   0.000000000000000E+00   0.000000000000000E+00   0.000000000000000E+00   0.000000000000000E+00
   9.999996767900000E-01   9.775342093400001E+00   6.088234843800000E-01   5.469734738900000E+00   3.235285873900000E+00   0.000000000000000E+00   0.000000000000000E+00   0.000000000000000E+00   0.000000000000000E+00
   9.999997015500000E-01   9.742210933899999E+00   6.086857976000000E-01   6.286402863200000E+00   4.183373758900000E+00   0.000000000000000E+00   0.000000000000000E+00   0.000000000000000E+00   0.000000000000000E+00
   9.999997193800000E-01   9.712301546599999E+00   6.085622992100000E-01   7.008601181100000E+00   5.113243442000000E+00   0.000000000000000E+00   0.000000000000000E+00   0.000000000000000E+00   0.000000000000000E+00
   9.999997372200000E-01   9.675602935200001E+00   6.084116792099999E-01   7.876408652800000E+00   6.340593865000000E+00   0.000000000000000E+00   0.000000000000000E+00   0.000000000000000E+00   0.000000000000000E+00
   9.999997550500000E-01   9.629905300600001E+00   6.082253409400000E-01   8.929801990300000E+00   7.992262224300000E+00   0.000000000000000E+00   0.000000000000000E+00   0.000000000000000E+00   0.000000000000000E+00
   9.999997728800000E-01   9.572055788400000E+00   6.079910767100000E-01   1.022325500100000E+01   1.025912881300000E+01   0.000000000000000E+00   0.000000000000000E+00   0.000000000000000E+00   0.000000000000000E+00
   9.999997865600000E-01   9.516703711500000E+00   6.077683232500000E-01   1.142195493900000E+01   1.259425840400000E+01   0.000000000000000E+00   0.000000000000000E+00   0.000000000000000E+00   0.000000000000000E+00
   9.999998002500000E-01   9.448782144100001E+00   6.074965111600000E-01   1.284564983900000E+01   1.565678555700000E+01   0.000000000000000E+00   0.000000000000000E+00   0.000000000000000E+00   0.000000000000000E+00
   9.999998139300000E-01   9.364460733500000E+00   6.071609738400000E-01   1.454612322500000E+01   1.973240097100000E+01   0.000000000000000E+00   0.000000000000000E+00   0.000000000000000E+00   0.000000000000000E+00
   9.999998276099999E-01   9.258498123800001E+00   6.067417067100001E-01   1.658850382000000E+01   2.523272971400000E+01   0.000000000000000E+00   0.000000000000000E+00   0.000000000000000E+00   0.000000000000000E+00
   9.999998391200000E-01   9.147442937799999E+00   6.063045321000000E-01   1.862740072300000E+01   3.139696813700000E+01   0.000000000000000E+00   0.000000000000000E+00   0.000000000000000E+00   0.000000000000000E+00
   9.999998506300000E-01   9.010460559500000E+00   6.057677683200000E-01   2.101528993900000E+01   3.949123543400000E+01   0.000000000000000E+00   0.000000000000000E+00   0.000000000000000E+00   0.000000000000000E+00
   9.999998621400000E-01   8.840279651199999E+00   6.051038791500000E-01   2.380659293800000E+01   5.021211088200000E+01   0.000000000000000E+00   0.000000000000000E+00   0.000000000000000E+00   0.000000000000000E+00
   9.999998736500000E-01   8.627625199600001E+00   6.042778224299999E-01   2.705451256200000E+01   6.450090464300000E+01   0.000000000000000E+00   0.000000000000000E+00   0.000000000000000E+00   0.000000000000000E+00
   9.999998822500000E-01   8.434184108000000E+00   6.035290064900000E-01   2.980353230000000E+01   7.824693403600000E+01   0.000000000000000E+00   0.000000000000000E+00   0.000000000000000E+00   0.000000000000000E+00
   9.999998908600000E-01   8.205091572400001E+00   6.026446750000000E-01   3.283337100600000E+01   9.533135889099999E+01   0.000000000000000E+00   0.000000000000000E+00   0.000000000000000E+00   0.000000000000000E+00
   9.999998994600000E-01   7.934325131200000E+00   6.016021991200000E-01   3.612964008900000E+01   1.165139993900000E+02   0.000000000000000E+00   0.000000000000000E+00   0.000000000000000E+00   0.000000000000000E+00
   9.999999080700001E-01   7.615794908400000E+00   6.003787377499999E-01   3.965129023700000E+01   1.426359526800000E+02   0.000000000000000E+00   0.000000000000000E+00   0.000000000000000E+00   0.000000000000000E+00
   9.999999173300000E-01   7.213214621300000E+00   5.988358251300000E-01   4.360549729200000E+01   1.772665944100000E+02   0.000000000000000E+00   0.000000000000000E+00   0.000000000000000E+00   0.000000000000000E+00
   9.999999265900000E-01   6.744268203000000E+00   5.970420332300000E-01   4.757325979500000E+01   2.195837168600000E+02   0.000000000000000E+00   0.000000000000000E+00   0.000000000000000E+00   0.000000000000000E+00
   9.999999358600000E-01   6.208759177200000E+00   5.949967927699999E-01   5.133439598800000E+01   2.701320565300000E+02   0.000000000000000E+00   0.000000000000000E+00   0.000000000000000E+00   0.000000000000000E+00
   9.999999451200000E-01   5.613076678600000E+00   5.927242566199999E-01   5.460732461300000E+01   3.287589893500000E+02   0.000000000000000E+00   0.000000000000000E+00   0.000000000000000E+00   0.000000000000000E+00
   9.999999520000000E-01   5.139978129900000E+00   5.909204464300000E-01   5.654381898400000E+01   3.768717179100000E+02   0.000000000000000E+00   0.000000000000000E+00   0.000000000000000E+00   0.000000000000000E+00
   9.999999588700000E-01   4.650217623000000E+00   5.890534439700000E-01   5.792941859600000E+01   4.279242859700000E+02   0.000000000000000E+00   0.000000000000000E+00   0.000000000000000E+00   0.000000000000000E+00
   9.999999657500001E-01   4.154497248500000E+00   5.871634687100000E-01   5.867481523200000E+01   4.806876415500000E+02   0.000000000000000E+00   0.000000000000000E+00   0.000000000000000E+00   0.000000000000000E+00
   9.999999726300000E-01   3.664572290000000E+00   5.852947005500000E-01   5.872747087700000E+01   5.336860934000000E+02   0.000000000000000E+00   0.000000000000000E+00   0.000000000000000E+00   0.000000000000000E+00
   9.999999794700000E-01   3.194480606300000E+00   5.835000636200000E-01   5.808571203100000E+01   5.850661682000000E+02   0.000000000000000E+00   0.000000000000000E+00   0.000000000000000E+00   0.000000000000000E+00
   9.999999863100000E-01   2.751966633800000E+00   5.818085964700001E-01   5.679261185700000E+01   6.335714055500000E+02   0.000000000000000E+00   0.000000000000000E+00   0.000000000000000E+00   0.000000000000000E+00
   9.999999931600000E-01   2.345021333500000E+00   5.802504541400000E-01   5.492719289400000E+01   6.778898834700000E+02   0.000000000000000E+00   0.000000000000000E+00   0.000000000000000E+00   0.000000000000000E+00
   1.000000000000000E+00   1.978880643800000E+00   5.788454931800000E-01   5.259775888200000E+01   7.170192320200000E+02   0.000000000000000E+00   0.000000000000000E+00   0.000000000000000E+00   0.000000000000000E+00
