   0.000000000000000E+00   4.927312853200000E-01   9.999999955900000E-01   1.684382786000000E+00   1.823079742400000E+00   0.000000000000000E+00   0.000000000000000E+00   0.000000000000000E+00   0.000000000000000E+00
   3.298630242700000E-04   6.122880335100001E-01   8.906338339300000E-01   1.599110172300000E+00   1.676444286800000E+00   0.000000000000000E+00   0.000000000000000E+00   0.000000000000000E+00   0.000000000000000E+00
   6.597260485500000E-04   7.464361450700000E-01   7.983512275000000E-01   1.553747898100000E+00   1.485576749300000E+00   0.000000000000000E+00   0.000000000000000E+00   0.000000000000000E+00   0.000000000000000E+00
   9.895890728200000E-04   8.959821943300000E-01   7.201506636900000E-01   1.493501708800000E+00   1.376145084200000E+00   0.000000000000000E+00   0.000000000000000E+00   0.000000000000000E+00   0.000000000000000E+00
   1.319452097100000E-03   1.059275019300000E+00   6.537313363700000E-01   1.469642952300000E+00   1.207404076800000E+00   0.000000000000000E+00   0.000000000000000E+00   0.000000000000000E+00   0.000000000000000E+00
   1.614579509300000E-03   1.216826269100000E+00   6.028273148200000E-01   1.412466214200000E+00   1.170324648300000E+00   0.000000000000000E+00   0.000000000000000E+00   0.000000000000000E+00   0.000000000000000E+00
   1.909706921400000E-03   1.382679560500000E+00   5.588783317800000E-01   1.389336908900000E+00   1.064117266500000E+00   0.000000000000000E+00   0.000000000000000E+00   0.000000000000000E+00   0.000000000000000E+00
   2.204834333600000E-03   1.555507511600000E+00   5.210141090300000E-01   1.347248109100000E+00   1.021322141400000E+00   0.000000000000000E+00   0.000000000000000E+00   0.000000000000000E+00   0.000000000000000E+00
   2.499961745800000E-03   1.732308206700000E+00   4.884914209600000E-01   1.338587799200000E+00   9.065961585400000E-01   0.000000000000000E+00   0.000000000000000E+00   0.000000000000000E+00   0.000000000000000E+00
   3.147345187300000E-03   2.121540431800000E+00   4.328275323700000E-01   1.260825643600000E+00   8.466450198600000E-01   0.000000000000000E+00   0.000000000000000E+00   0.000000000000000E+00   0.000000000000000E+00
   3.794728628800000E-03   2.484874436100000E+00   3.942498663400000E-01   1.224202041100000E+00   7.343075934000000E-01   0.000000000000000E+00   0.000000000000000E+00   0.000000000000000E+00   0.000000000000000E+00
   4.442112070300000E-03   2.796312734900000E+00   3.682515368100000E-01   1.176368989800000E+00   6.989773812600000E-01   0.000000000000000E+00   0.000000000000000E+00   0.000000000000000E+00   0.000000000000000E+00
   5.089495511800000E-03   3.039772707300000E+00   3.512009576500000E-01   1.169544700300000E+00   6.027494071200000E-01   0.000000000000000E+00   0.000000000000000E+00   0.000000000000000E+00   0.000000000000000E+00
   5.696623487800000E-03   3.209359785900000E+00   3.408391240500000E-01   1.130466001000000E+00   6.271307795600000E-01   0.000000000000000E+00   0.000000000000000E+00   0.000000000000000E+00   0.000000000000000E+00
   6.303751463800000E-03   3.327768559100000E+00   3.341332996600000E-01   1.128610890000000E+00   5.814542092800000E-01   0.000000000000000E+00   0.000000000000000E+00   0.000000000000000E+00   0.000000000000000E+00
   6.910879439800000E-03   3.408574270200000E+00   3.298495857800000E-01   1.109510504700000E+00   5.961001146800000E-01   0.000000000000000E+00   0.000000000000000E+00   0.000000000000000E+00   0.000000000000000E+00
   7.518007415800000E-03   3.460994782200000E+00   3.271289451900000E-01   1.124889137400000E+00   5.360121050300000E-01   0.000000000000000E+00   0.000000000000000E+00   0.000000000000000E+00   0.000000000000000E+00
   8.759295145699999E-03   3.518574022600000E+00   3.242943581700000E-01   1.098242195200000E+00   5.798475859100000E-01   0.000000000000000E+00   0.000000000000000E+00   0.000000000000000E+00   0.000000000000000E+00
   1.000058287500000E-02   3.540313978700000E+00   3.232260132300000E-01   1.106750723500000E+00   5.498088267600000E-01   0.000000000000000E+00   0.000000000000000E+00   0.000000000000000E+00   0.000000000000000E+00
   1.124187060500000E-02   3.549111103300000E+00   3.228110485700000E-01   1.095150990300000E+00   5.754365395600000E-01   0.000000000000000E+00   0.000000000000000E+00   0.000000000000000E+00   0.000000000000000E+00
   1.248315833500000E-02   3.552227954600000E+00   3.226462682200000E-01   1.115625164400000E+00   5.228034923600000E-01   0.000000000000000E+00   0.000000000000000E+00   0.000000000000000E+00   0.000000000000000E+00
   1.663598360700000E-02   3.554639396100000E+00   3.225449949400000E-01   1.094594174300000E+00   5.746418425900000E-01   0.000000000000000E+00   0.000000000000000E+00   0.000000000000000E+00   0.000000000000000E+00
   2.078880887800000E-02   3.554294838000000E+00   3.225540914400000E-01   1.105337128900000E+00   5.478103249700000E-01   0.000000000000000E+00   0.000000000000000E+00   0.000000000000000E+00   0.000000000000000E+00
   2.494163415000000E-02   3.554592230200000E+00   3.225472557800000E-01   1.094599394500000E+00   5.746474275000000E-01   0.000000000000000E+00   0.000000000000000E+00   0.000000000000000E+00   0.000000000000000E+00
   2.909445942200000E-02   3.554186022900000E+00   3.225523205300000E-01   1.115424711000000E+00   5.225305635600000E-01   0.000000000000000E+00   0.000000000000000E+00   0.000000000000000E+00   0.000000000000000E+00
   4.195644970700000E-02   3.554590216100000E+00   3.225473518500000E-01   1.094599858500000E+00   5.746470599500000E-01   0.000000000000000E+00   0.000000000000000E+00   0.000000000000000E+00   0.000000000000000E+00
   5.481843999300000E-02   3.554401520000000E+00   3.225489750100000E-01   1.105325633000000E+00   5.477969015800001E-01   0.000000000000000E+00   0.000000000000000E+00   0.000000000000000E+00   0.000000000000000E+00
   6.768043027800000E-02   3.554581295100000E+00   3.225477796900000E-01   1.094600908100000E+00   5.746479608400000E-01   0.000000000000000E+00   0.000000000000000E+00   0.000000000000000E+00   0.000000000000000E+00
   8.054242056400000E-02   3.554249997700000E+00   3.225492522800000E-01   1.115417299900000E+00   5.225238126800000E-01   0.000000000000000E+00   0.000000000000000E+00   0.000000000000000E+00   0.000000000000000E+00
   9.884744054000000E-02   3.554577521100000E+00   3.225479606500000E-01   1.094601397200000E+00   5.746482288200000E-01   0.000000000000000E+00   0.000000000000000E+00   0.000000000000000E+00   0.000000000000000E+00
   1.171524605200000E-01   3.554414070200000E+00   3.225483731800000E-01   1.105324061100000E+00   5.477958737300000E-01   0.000000000000000E+00   0.000000000000000E+00   0.000000000000000E+00   0.000000000000000E+00
   1.354574804900000E-01   3.554574733500000E+00   3.225480943100000E-01   1.094601783600000E+00   5.746483634600000E-01   0.000000000000000E+00   0.000000000000000E+00   0.000000000000000E+00   0.000000000000000E+00
   1.537625004700000E-01   3.554268852400000E+00   3.225483482800000E-01   1.115414724400000E+00   5.225228058000000E-01   0.000000000000000E+00   0.000000000000000E+00   0.000000000000000E+00   0.000000000000000E+00
   1.697468403200000E-01   3.554572899600000E+00   3.225481822100000E-01   1.094602064500000E+00   5.746483848900000E-01   0.000000000000000E+00   0.000000000000000E+00   0.000000000000000E+00   0.000000000000000E+00
   1.857311801600000E-01   3.554419221300000E+00   3.225481262700000E-01   1.105323270600000E+00   5.477958170500000E-01   0.000000000000000E+00   0.000000000000000E+00   0.000000000000000E+00   0.000000000000000E+00
   2.017155200100000E-01   3.554571412600000E+00   3.225482534600000E-01   1.094602335100000E+00   5.746482949100000E-01   0.000000000000000E+00   0.000000000000000E+00   0.000000000000000E+00   0.000000000000000E+00
   2.176998598600000E-01   3.554279087700000E+00   3.225478578200000E-01   1.115412920500000E+00   5.225232787800000E-01   0.000000000000000E+00   0.000000000000000E+00   0.000000000000000E+00   0.000000000000000E+00
   2.351022861800000E-01   3.554570601800000E+00   3.225482922800000E-01   1.094602515200000E+00   5.746481640400000E-01   0.000000000000000E+00   0.000000000000000E+00   0.000000000000000E+00   0.000000000000000E+00
   2.525047125000000E-01   3.554421653900000E+00   3.225480097600000E-01   1.105322747600000E+00   5.477961660400000E-01   0.000000000000000E+00   0.000000000000000E+00   0.000000000000000E+00   0.000000000000000E+00
   2.699071388300000E-01   3.554569964400000E+00   3.225483227900000E-01   1.094602690200000E+00   5.746479771100000E-01   0.000000000000000E+00   0.000000000000000E+00   0.000000000000000E+00   0.000000000000000E+00
   2.873095651500000E-01   3.554283424500000E+00   3.225476502700000E-01   1.115411774400000E+00   5.225244382899999E-01   0.000000000000000E+00   0.000000000000000E+00   0.000000000000000E+00   0.000000000000000E+00
   3.024020391900000E-01   3.554569549700000E+00   3.225483426100000E-01   1.094602833400000E+00   5.746477819300000E-01   0.000000000000000E+00   0.000000000000000E+00   0.000000000000000E+00   0.000000000000000E+00
   3.174945132200000E-01   3.554422818300000E+00   3.225479541100000E-01   1.105322344100000E+00   5.477967180900000E-01   0.000000000000000E+00   0.000000000000000E+00   0.000000000000000E+00   0.000000000000000E+00
   3.325869872600000E-01   3.554569221300000E+00   3.225483582700000E-01   1.094602994200000E+00   5.746475081900000E-01   0.000000000000000E+00   0.000000000000000E+00   0.000000000000000E+00   0.000000000000000E+00
   3.476794613000000E-01   3.554285704900000E+00   3.225475414400000E-01   1.115410727200000E+00   5.225261646600000E-01   0.000000000000000E+00   0.000000000000000E+00   0.000000000000000E+00   0.000000000000000E+00
   3.610601295000000E-01   3.554569020900000E+00   3.225483678100000E-01   1.094603129800000E+00   5.746472468000000E-01   0.000000000000000E+00   0.000000000000000E+00   0.000000000000000E+00   0.000000000000000E+00
   3.744407977100000E-01   3.554423387900000E+00   3.225479270100000E-01   1.105321960600000E+00   5.477974555700000E-01   0.000000000000000E+00   0.000000000000000E+00   0.000000000000000E+00   0.000000000000000E+00
   3.878214659100000E-01   3.554568872200000E+00   3.225483748400000E-01   1.094603288800000E+00   5.746469063100000E-01   0.000000000000000E+00   0.000000000000000E+00   0.000000000000000E+00   0.000000000000000E+00
   4.012021341200000E-01   3.554286760500000E+00   3.225474914400000E-01   1.115409699100000E+00   5.225283289000000E-01   0.000000000000000E+00   0.000000000000000E+00   0.000000000000000E+00   0.000000000000000E+00
   4.133266061500000E-01   3.554568786700000E+00   3.225483788500000E-01   1.094603426200000E+00   5.746465951200000E-01   0.000000000000000E+00   0.000000000000000E+00   0.000000000000000E+00   0.000000000000000E+00
   4.254510781800000E-01   3.554423634800000E+00   3.225479154100000E-01   1.105321572200000E+00   5.477983334500000E-01   0.000000000000000E+00   0.000000000000000E+00   0.000000000000000E+00   0.000000000000000E+00
   4.375755502100000E-01   3.554568726400000E+00   3.225483816400000E-01   1.094603591200000E+00   5.746462045100000E-01   0.000000000000000E+00   0.000000000000000E+00   0.000000000000000E+00   0.000000000000000E+00
   4.497000222500000E-01   3.554287197200000E+00   3.225474711900000E-01   1.115408637900000E+00   5.225308215000000E-01   0.000000000000000E+00   0.000000000000000E+00   0.000000000000000E+00   0.000000000000000E+00
   4.599293168800000E-01   3.554568691000000E+00   3.225483832300000E-01   1.094603742400000E+00   5.746458388100000E-01   0.000000000000000E+00   0.000000000000000E+00   0.000000000000000E+00   0.000000000000000E+00
   4.701586115100000E-01   3.554423735200000E+00   3.225479108900000E-01   1.105321145300000E+00   5.477993659700000E-01   0.000000000000000E+00   0.000000000000000E+00   0.000000000000000E+00   0.000000000000000E+00
   4.803879061400000E-01   3.554568667600000E+00   3.225483842300000E-01   1.094603933100000E+00   5.746453689900000E-01   0.000000000000000E+00   0.000000000000000E+00   0.000000000000000E+00   0.000000000000000E+00
   4.906172007800000E-01   3.554287374100000E+00   3.225474635400000E-01   1.115407414600000E+00   5.225338244700000E-01   0.000000000000000E+00   0.000000000000000E+00   0.000000000000000E+00   0.000000000000000E+00
   5.015076428700000E-01   3.554568656100000E+00   3.225483846700000E-01   1.094604089500000E+00   5.746449806500000E-01   0.000000000000000E+00   0.000000000000000E+00   0.000000000000000E+00   0.000000000000000E+00
   5.123980849600001E-01   3.554423770900000E+00   3.225479094700000E-01   1.105320703400000E+00   5.478004619600000E-01   0.000000000000000E+00   0.000000000000000E+00   0.000000000000000E+00   0.000000000000000E+00
   5.232885270500000E-01   3.554568647800000E+00   3.225483849400000E-01   1.094604267200000E+00   5.746445374300000E-01   0.000000000000000E+00   0.000000000000000E+00   0.000000000000000E+00   0.000000000000000E+00
   5.341789691500000E-01   3.554287433900000E+00   3.225474614600000E-01   1.115406276300000E+00   5.225366601800000E-01   0.000000000000000E+00   0.000000000000000E+00   0.000000000000000E+00   0.000000000000000E+00
   5.467397943400000E-01   3.554568643300000E+00   3.225483850600000E-01   1.094604408100000E+00   5.746441854500000E-01   0.000000000000000E+00   0.000000000000000E+00   0.000000000000000E+00   0.000000000000000E+00
   5.593006195300000E-01   3.554423784700000E+00   3.225479090900000E-01   1.105320305700000E+00   5.478014556300000E-01   0.000000000000000E+00   0.000000000000000E+00   0.000000000000000E+00   0.000000000000000E+00
   5.718614447300000E-01   3.554568639500000E+00   3.225483851400000E-01   1.094604561800000E+00   5.746438007100000E-01   0.000000000000000E+00   0.000000000000000E+00   0.000000000000000E+00   0.000000000000000E+00
   5.844222699200000E-01   3.554287459800000E+00   3.225474608900000E-01   1.115405292200000E+00   5.225391223300000E-01   0.000000000000000E+00   0.000000000000000E+00   0.000000000000000E+00   0.000000000000000E+00
   5.927668871600000E-01   3.554568636100000E+00   3.225483851900000E-01   1.094604725500000E+00   5.746433909699999E-01   0.000000000000000E+00   0.000000000000000E+00   0.000000000000000E+00   0.000000000000000E+00
   6.011115044000001E-01   3.554423794000000E+00   3.225479089600000E-01   1.105319843700000E+00   5.478026125600000E-01   0.000000000000000E+00   0.000000000000000E+00   0.000000000000000E+00   0.000000000000000E+00
   6.094561216300000E-01   3.554568632300000E+00   3.225483852100000E-01   1.094604956700000E+00   5.746428116000000E-01   0.000000000000000E+00   0.000000000000000E+00   0.000000000000000E+00   0.000000000000000E+00
   6.178007388700000E-01   3.554287485300000E+00   3.225474606900000E-01   1.115403812200000E+00   5.225428301500000E-01   0.000000000000000E+00   0.000000000000000E+00   0.000000000000000E+00   0.000000000000000E+00
   6.276541435800000E-01   3.554568629600000E+00   3.225483852200000E-01   1.094605138200000E+00   5.746423568100000E-01   0.000000000000000E+00   0.000000000000000E+00   0.000000000000000E+00   0.000000000000000E+00
   6.375075482900000E-01   3.554423801800000E+00   3.225479089400000E-01   1.105319331300000E+00   5.478038966400000E-01   0.000000000000000E+00   0.000000000000000E+00   0.000000000000000E+00   0.000000000000000E+00
   6.473609530100000E-01   3.554568626900000E+00   3.225483852200000E-01   1.094605333900000E+00   5.746418661300000E-01   0.000000000000000E+00   0.000000000000000E+00   0.000000000000000E+00   0.000000000000000E+00
   6.572143577200000E-01   3.554287503300000E+00   3.225474606900000E-01   1.115402559300000E+00   5.225459704700000E-01   0.000000000000000E+00   0.000000000000000E+00   0.000000000000000E+00   0.000000000000000E+00
   6.663400527400000E-01   3.554568624500000E+00   3.225483852100000E-01   1.094605506900000E+00   5.746414324300000E-01   0.000000000000000E+00   0.000000000000000E+00   0.000000000000000E+00   0.000000000000000E+00
   6.754657477700000E-01   3.554423808600000E+00   3.225479089500000E-01   1.105318842800000E+00   5.478051211900000E-01   0.000000000000000E+00   0.000000000000000E+00   0.000000000000000E+00   0.000000000000000E+00
   6.845914427999999E-01   3.554568621600000E+00   3.225483852000000E-01   1.094605718300000E+00   5.746409026500000E-01   0.000000000000000E+00   0.000000000000000E+00   0.000000000000000E+00   0.000000000000000E+00
   6.937171378200000E-01   3.554287521800000E+00   3.225474607300000E-01   1.115401206700000E+00   5.225493610700001E-01   0.000000000000000E+00   0.000000000000000E+00   0.000000000000000E+00   0.000000000000000E+00
   6.997511132799999E-01   3.554568618500000E+00   3.225483851900000E-01   1.094605943900000E+00   5.746403369800001E-01   0.000000000000000E+00   0.000000000000000E+00   0.000000000000000E+00   0.000000000000000E+00
   7.057850887300000E-01   3.554423817200000E+00   3.225479089800000E-01   1.105318205700000E+00   5.478067183400001E-01   0.000000000000000E+00   0.000000000000000E+00   0.000000000000000E+00   0.000000000000000E+00
   7.118190641900000E-01   3.554568614200000E+00   3.225483851800000E-01   1.094606263500000E+00   5.746395358200000E-01   0.000000000000000E+00   0.000000000000000E+00   0.000000000000000E+00   0.000000000000000E+00
   7.178530396400000E-01   3.554287549400000E+00   3.225474608200000E-01   1.115399161300000E+00   5.225544884800000E-01   0.000000000000000E+00   0.000000000000000E+00   0.000000000000000E+00   0.000000000000000E+00
   7.228645823299999E-01   3.554568610200000E+00   3.225483851700000E-01   1.094606562900000E+00   5.746387854200000E-01   0.000000000000000E+00   0.000000000000000E+00   0.000000000000000E+00   0.000000000000000E+00
   7.278761250100000E-01   3.554423828600000E+00   3.225479090100000E-01   1.105317360400000E+00   5.478088371199999E-01   0.000000000000000E+00   0.000000000000000E+00   0.000000000000000E+00   0.000000000000000E+00
   7.328876677000000E-01   3.554568605000000E+00   3.225483851500000E-01   1.094606947600000E+00   5.746378209400000E-01   0.000000000000000E+00   0.000000000000000E+00   0.000000000000000E+00   0.000000000000000E+00
   7.378992103899999E-01   3.554287582500000E+00   3.225474609300000E-01   1.115396698900000E+00   5.225606611100000E-01   0.000000000000000E+00   0.000000000000000E+00   0.000000000000000E+00   0.000000000000000E+00
   7.426540652900000E-01   3.554568600500000E+00   3.225483851400000E-01   1.094607283400000E+00   5.746369790700000E-01   0.000000000000000E+00   0.000000000000000E+00   0.000000000000000E+00   0.000000000000000E+00
   7.474089201900000E-01   3.554423841300000E+00   3.225479090500000E-01   1.105316412200000E+00   5.478112141500000E-01   0.000000000000000E+00   0.000000000000000E+00   0.000000000000000E+00   0.000000000000000E+00
   7.521637750900000E-01   3.554568595000000E+00   3.225483851200000E-01   1.094607688900000E+00   5.746359626899999E-01   0.000000000000000E+00   0.000000000000000E+00   0.000000000000000E+00   0.000000000000000E+00
   7.569186299900000E-01   3.554287617400000E+00   3.225474610400000E-01   1.115394104100000E+00   5.225671659600000E-01   0.000000000000000E+00   0.000000000000000E+00   0.000000000000000E+00   0.000000000000000E+00
   7.619259790100000E-01   3.554568590500000E+00   3.225483851000000E-01   1.094608024800000E+00   5.746351206200000E-01   0.000000000000000E+00   0.000000000000000E+00   0.000000000000000E+00   0.000000000000000E+00
   7.669333280400000E-01   3.554423854100000E+00   3.225479091000000E-01   1.105315463800000E+00   5.478135917800000E-01   0.000000000000000E+00   0.000000000000000E+00   0.000000000000000E+00   0.000000000000000E+00
   7.719406770600000E-01   3.554568585300000E+00   3.225483850900000E-01   1.094608409700000E+00   5.746341556400000E-01   0.000000000000000E+00   0.000000000000000E+00   0.000000000000000E+00   0.000000000000000E+00
   7.769480260900000E-01   3.554287650600000E+00   3.225474611500000E-01   1.115391640500000E+00   5.225733418400000E-01   0.000000000000000E+00   0.000000000000000E+00   0.000000000000000E+00   0.000000000000000E+00
   7.819285671200000E-01   3.554568580900000E+00   3.225483850700000E-01   1.094608737800000E+00   5.746333332600000E-01   0.000000000000000E+00   0.000000000000000E+00   0.000000000000000E+00   0.000000000000000E+00
   7.869091081400000E-01   3.554423866500000E+00   3.225479091400000E-01   1.105314537500000E+00   5.478159137900001E-01   0.000000000000000E+00   0.000000000000000E+00   0.000000000000000E+00   0.000000000000000E+00
   7.918896491700000E-01   3.554568575700000E+00   3.225483850500000E-01   1.094609124700000E+00   5.746323632300000E-01   0.000000000000000E+00   0.000000000000000E+00   0.000000000000000E+00   0.000000000000000E+00
   7.968701902000001E-01   3.554287683900000E+00   3.225474612600000E-01   1.115389164000000E+00   5.225795500100000E-01   0.000000000000000E+00   0.000000000000000E+00   0.000000000000000E+00   0.000000000000000E+00
   8.016073174100000E-01   3.554568571200000E+00   3.225483850400000E-01   1.094609462100000E+00   5.746315175900000E-01   0.000000000000000E+00   0.000000000000000E+00   0.000000000000000E+00   0.000000000000000E+00
   8.063444446200000E-01   3.554423879400000E+00   3.225479091800000E-01   1.105313585000000E+00   5.478183014900000E-01   0.000000000000000E+00   0.000000000000000E+00   0.000000000000000E+00   0.000000000000000E+00
   8.110815718300000E-01   3.554568565700000E+00   3.225483850200000E-01   1.094609868800000E+00   5.746304978800000E-01   0.000000000000000E+00   0.000000000000000E+00   0.000000000000000E+00   0.000000000000000E+00
   8.158186990300000E-01   3.554287718900000E+00   3.225474613800000E-01   1.115386560700000E+00   5.225860761600000E-01   0.000000000000000E+00   0.000000000000000E+00   0.000000000000000E+00   0.000000000000000E+00
   8.201052107200000E-01   3.554568560800000E+00   3.225483850100000E-01   1.094610232700000E+00   5.746295856300000E-01   0.000000000000000E+00   0.000000000000000E+00   0.000000000000000E+00   0.000000000000000E+00
   8.243917224100000E-01   3.554423893200000E+00   3.225479092200000E-01   1.105312557600000E+00   5.478208772099999E-01   0.000000000000000E+00   0.000000000000000E+00   0.000000000000000E+00   0.000000000000000E+00
   8.286782341000000E-01   3.554568554800000E+00   3.225483849900000E-01   1.094610682200000E+00   5.746284589200000E-01   0.000000000000000E+00   0.000000000000000E+00   0.000000000000000E+00   0.000000000000000E+00
   8.329647457900000E-01   3.554287757600000E+00   3.225474615000000E-01   1.115383684200000E+00   5.225932871500000E-01   0.000000000000000E+00   0.000000000000000E+00   0.000000000000000E+00   0.000000000000000E+00
   8.375493348400000E-01   3.554568549800000E+00   3.225483849700000E-01   1.094611051800000E+00   5.746275324300000E-01   0.000000000000000E+00   0.000000000000000E+00   0.000000000000000E+00   0.000000000000000E+00
   8.421339238800000E-01   3.554423907200000E+00   3.225479092700000E-01   1.105311514000000E+00   5.478234932000000E-01   0.000000000000000E+00   0.000000000000000E+00   0.000000000000000E+00   0.000000000000000E+00
   8.467185129300000E-01   3.554568544100000E+00   3.225483849500000E-01   1.094611471900000E+00   5.746264791500000E-01   0.000000000000000E+00   0.000000000000000E+00   0.000000000000000E+00   0.000000000000000E+00
   8.513031019700000E-01   3.554287793800000E+00   3.225474616200000E-01   1.115380995200000E+00   5.226000281400000E-01   0.000000000000000E+00   0.000000000000000E+00   0.000000000000000E+00   0.000000000000000E+00
   8.553219588900000E-01   3.554568539000000E+00   3.225483849300000E-01   1.094611854200000E+00   5.746255209200000E-01   0.000000000000000E+00   0.000000000000000E+00   0.000000000000000E+00   0.000000000000000E+00
   8.593408158200000E-01   3.554423921700000E+00   3.225479093200000E-01   1.105310434800000E+00   5.478261987600000E-01   0.000000000000000E+00   0.000000000000000E+00   0.000000000000000E+00   0.000000000000000E+00
   8.633596727400000E-01   3.554568532600000E+00   3.225483849100000E-01   1.094612333400000E+00   5.746243195800000E-01   0.000000000000000E+00   0.000000000000000E+00   0.000000000000000E+00   0.000000000000000E+00
   8.673785296700000E-01   3.554287835000000E+00   3.225474617600000E-01   1.115377928200000E+00   5.226077166899999E-01   0.000000000000000E+00   0.000000000000000E+00   0.000000000000000E+00   0.000000000000000E+00
   8.704272381000000E-01   3.554568526200000E+00   3.225483848900000E-01   1.094612805500000E+00   5.746231360700000E-01   0.000000000000000E+00   0.000000000000000E+00   0.000000000000000E+00   0.000000000000000E+00
   8.734759465400000E-01   3.554423939700000E+00   3.225479093800000E-01   1.105309101800000E+00   5.478295403600000E-01   0.000000000000000E+00   0.000000000000000E+00   0.000000000000000E+00   0.000000000000000E+00
   8.765246549700000E-01   3.554568517700000E+00   3.225483848600000E-01   1.094613437000000E+00   5.746215528000000E-01   0.000000000000000E+00   0.000000000000000E+00   0.000000000000000E+00   0.000000000000000E+00
   8.795733634100000E-01   3.554287889400000E+00   3.225474619400000E-01   1.115373886200000E+00   5.226178496400000E-01   0.000000000000000E+00   0.000000000000000E+00   0.000000000000000E+00   0.000000000000000E+00
   8.837286133100000E-01   3.554568511500000E+00   3.225483848400000E-01   1.094613902300000E+00   5.746203863700000E-01   0.000000000000000E+00   0.000000000000000E+00   0.000000000000000E+00   0.000000000000000E+00
   8.878838632200000E-01   3.554423957300000E+00   3.225479094300000E-01   1.105307788000000E+00   5.478328338900000E-01   0.000000000000000E+00   0.000000000000000E+00   0.000000000000000E+00   0.000000000000000E+00
   8.920391131199999E-01   3.554568505200000E+00   3.225483848200000E-01   1.094614365600000E+00   5.746192249700000E-01   0.000000000000000E+00   0.000000000000000E+00   0.000000000000000E+00   0.000000000000000E+00
   8.961943630200000E-01   3.554287929300000E+00   3.225474620700000E-01   1.115370921200000E+00   5.226252825700000E-01   0.000000000000000E+00   0.000000000000000E+00   0.000000000000000E+00   0.000000000000000E+00
   8.988624558800000E-01   3.554568498500000E+00   3.225483848000000E-01   1.094614869100000E+00   5.746179627500000E-01   0.000000000000000E+00   0.000000000000000E+00   0.000000000000000E+00   0.000000000000000E+00
   9.015305487400000E-01   3.554423976400000E+00   3.225479095000000E-01   1.105306366500000E+00   5.478363976600000E-01   0.000000000000000E+00   0.000000000000000E+00   0.000000000000000E+00   0.000000000000000E+00
   9.041986416000000E-01   3.554568488700000E+00   3.225483847700000E-01   1.094615590400000E+00   5.746161544400000E-01   0.000000000000000E+00   0.000000000000000E+00   0.000000000000000E+00   0.000000000000000E+00
   9.068667344600000E-01   3.554287991300000E+00   3.225474622700000E-01   1.115366304700000E+00   5.226368558200000E-01   0.000000000000000E+00   0.000000000000000E+00   0.000000000000000E+00   0.000000000000000E+00
   9.088528490600000E-01   3.554568479100000E+00   3.225483847400000E-01   1.094616308700000E+00   5.746143536900000E-01   0.000000000000000E+00   0.000000000000000E+00   0.000000000000000E+00   0.000000000000000E+00
   9.108389636699999E-01   3.554424003700000E+00   3.225479095900000E-01   1.105304338400000E+00   5.478414819300000E-01   0.000000000000000E+00   0.000000000000000E+00   0.000000000000000E+00   0.000000000000000E+00
   9.128250782700000E-01   3.554568466100000E+00   3.225483847000000E-01   1.094617277400000E+00   5.746119252600000E-01   0.000000000000000E+00   0.000000000000000E+00   0.000000000000000E+00   0.000000000000000E+00
   9.148111928800000E-01   3.554288074700000E+00   3.225474625400000E-01   1.115360105100000E+00   5.226523977999999E-01   0.000000000000000E+00   0.000000000000000E+00   0.000000000000000E+00   0.000000000000000E+00
   9.163171186600000E-01   3.554568453200000E+00   3.225483846500000E-01   1.094618231900000E+00   5.746095323900000E-01   0.000000000000000E+00   0.000000000000000E+00   0.000000000000000E+00   0.000000000000000E+00
   9.178230444500000E-01   3.554424040000000E+00   3.225479097100000E-01   1.105301643500000E+00   5.478482379500000E-01   0.000000000000000E+00   0.000000000000000E+00   0.000000000000000E+00   0.000000000000000E+00
   9.193289702300000E-01   3.554568436000000E+00   3.225483846000000E-01   1.094619508900000E+00   5.746063310300000E-01   0.000000000000000E+00   0.000000000000000E+00   0.000000000000000E+00   0.000000000000000E+00
   9.208348960100000E-01   3.554288184600000E+00   3.225474629000000E-01   1.115351932400000E+00   5.226728865000000E-01   0.000000000000000E+00   0.000000000000000E+00   0.000000000000000E+00   0.000000000000000E+00
   9.227088324700000E-01   3.554568422900000E+00   3.225483845500000E-01   1.094620487500000E+00   5.746038777400000E-01   0.000000000000000E+00   0.000000000000000E+00   0.000000000000000E+00   0.000000000000000E+00
   9.245827689300000E-01   3.554424077100000E+00   3.225479098300000E-01   1.105298880300000E+00   5.478551651500000E-01   0.000000000000000E+00   0.000000000000000E+00   0.000000000000000E+00   0.000000000000000E+00
   9.264567053800000E-01   3.554568409100000E+00   3.225483845100000E-01   1.094621513200000E+00   5.746013062500001E-01   0.000000000000000E+00   0.000000000000000E+00   0.000000000000000E+00   0.000000000000000E+00
   9.283306418400000E-01   3.554288272900000E+00   3.225474631900000E-01   1.115345367700000E+00   5.226893440400000E-01   0.000000000000000E+00   0.000000000000000E+00   0.000000000000000E+00   0.000000000000000E+00
   9.296653012600000E-01   3.554568395000000E+00   3.225483844600000E-01   1.094622561100000E+00   5.745986793400000E-01   0.000000000000000E+00   0.000000000000000E+00   0.000000000000000E+00   0.000000000000000E+00
   9.309999606800000E-01   3.554424116900000E+00   3.225479099600000E-01   1.105295921900000E+00   5.478625818400000E-01   0.000000000000000E+00   0.000000000000000E+00   0.000000000000000E+00   0.000000000000000E+00
   9.323346200900000E-01   3.554568375600000E+00   3.225483844000000E-01   1.094624000500000E+00   5.745950705900000E-01   0.000000000000000E+00   0.000000000000000E+00   0.000000000000000E+00   0.000000000000000E+00
   9.336692795100000E-01   3.554288396800000E+00   3.225474636000000E-01   1.115336155100000E+00   5.227124400800000E-01   0.000000000000000E+00   0.000000000000000E+00   0.000000000000000E+00   0.000000000000000E+00
   9.347862181500000E-01   3.554568357600000E+00   3.225483843400000E-01   1.094625343000000E+00   5.745917050600000E-01   0.000000000000000E+00   0.000000000000000E+00   0.000000000000000E+00   0.000000000000000E+00
   9.359031567800000E-01   3.554424167900000E+00   3.225479101300000E-01   1.105292131600000E+00   5.478720840900000E-01   0.000000000000000E+00   0.000000000000000E+00   0.000000000000000E+00   0.000000000000000E+00
   9.370200954200000E-01   3.554568334500000E+00   3.225483842600000E-01   1.094627061900000E+00   5.745873955600000E-01   0.000000000000000E+00   0.000000000000000E+00   0.000000000000000E+00   0.000000000000000E+00
   9.381370340600000E-01   3.554288544700000E+00   3.225474640800000E-01   1.115325153800000E+00   5.227400208900000E-01   0.000000000000000E+00   0.000000000000000E+00   0.000000000000000E+00   0.000000000000000E+00
   9.403857682600000E-01   3.554568319800000E+00   3.225483842200000E-01   1.094628154900000E+00   5.745846554300000E-01   0.000000000000000E+00   0.000000000000000E+00   0.000000000000000E+00   0.000000000000000E+00
   9.426345024600000E-01   3.554424209400000E+00   3.225479102600000E-01   1.105289045200000E+00   5.478798219400000E-01   0.000000000000000E+00   0.000000000000000E+00   0.000000000000000E+00   0.000000000000000E+00
   9.448832366700000E-01   3.554568308300000E+00   3.225483841800000E-01   1.094629008200000E+00   5.745825160000000E-01   0.000000000000000E+00   0.000000000000000E+00   0.000000000000000E+00   0.000000000000000E+00
   9.471319708700000E-01   3.554288618100000E+00   3.225474643300000E-01   1.115319692300000E+00   5.227537132100000E-01   0.000000000000000E+00   0.000000000000000E+00   0.000000000000000E+00   0.000000000000000E+00
   9.483770357200000E-01   3.554568294600000E+00   3.225483841300000E-01   1.094630025800000E+00   5.745799648200000E-01   0.000000000000000E+00   0.000000000000000E+00   0.000000000000000E+00   0.000000000000000E+00
   9.496221005700000E-01   3.554424248000000E+00   3.225479103900000E-01   1.105286172300000E+00   5.478870245500000E-01   0.000000000000000E+00   0.000000000000000E+00   0.000000000000000E+00   0.000000000000000E+00
   9.508671654300000E-01   3.554568273900000E+00   3.225483840600000E-01   1.094631566300000E+00   5.745761026000000E-01   0.000000000000000E+00   0.000000000000000E+00   0.000000000000000E+00   0.000000000000000E+00
   9.521122302800000E-01   3.554288750700000E+00   3.225474647600000E-01   1.115309833100000E+00   5.227784314100000E-01   0.000000000000000E+00   0.000000000000000E+00   0.000000000000000E+00   0.000000000000000E+00
   9.533642366400000E-01   3.554568256400000E+00   3.225483840100000E-01   1.094632871700000E+00   5.745728298200000E-01   0.000000000000000E+00   0.000000000000000E+00   0.000000000000000E+00   0.000000000000000E+00
   9.546162430000000E-01   3.554424297500000E+00   3.225479105500000E-01   1.105282486500000E+00   5.478962653600000E-01   0.000000000000000E+00   0.000000000000000E+00   0.000000000000000E+00   0.000000000000000E+00
   9.558682493600000E-01   3.554568235800000E+00   3.225483839400000E-01   1.094634402800000E+00   5.745689913499999E-01   0.000000000000000E+00   0.000000000000000E+00   0.000000000000000E+00   0.000000000000000E+00
   9.571202557200000E-01   3.554288882400000E+00   3.225474651900000E-01   1.115300034600000E+00   5.228029975900000E-01   0.000000000000000E+00   0.000000000000000E+00   0.000000000000000E+00   0.000000000000000E+00
   9.580058994100000E-01   3.554568214700000E+00   3.225483838700000E-01   1.094635972900000E+00   5.745650548200000E-01   0.000000000000000E+00   0.000000000000000E+00   0.000000000000000E+00   0.000000000000000E+00
   9.588915431000000E-01   3.554424357100000E+00   3.225479107500000E-01   1.105278053600000E+00   5.479073792300000E-01   0.000000000000000E+00   0.000000000000000E+00   0.000000000000000E+00   0.000000000000000E+00
   9.597771867900000E-01   3.554568185600000E+00   3.225483837800000E-01   1.094638135600000E+00   5.745596324800000E-01   0.000000000000000E+00   0.000000000000000E+00   0.000000000000000E+00   0.000000000000000E+00
   9.606628304800000E-01   3.554289068400000E+00   3.225474658000000E-01   1.115286193100000E+00   5.228377005700000E-01   0.000000000000000E+00   0.000000000000000E+00   0.000000000000000E+00   0.000000000000000E+00
   9.616606721199999E-01   3.554568162300000E+00   3.225483837000000E-01   1.094639869800000E+00   5.745552845600000E-01   0.000000000000000E+00   0.000000000000000E+00   0.000000000000000E+00   0.000000000000000E+00
   9.626585137700000E-01   3.554424422900000E+00   3.225479109600000E-01   1.105273157000000E+00   5.479196561600000E-01   0.000000000000000E+00   0.000000000000000E+00   0.000000000000000E+00   0.000000000000000E+00
   9.636563554100001E-01   3.554568136500000E+00   3.225483836100000E-01   1.094641787700000E+00   5.745504758100000E-01   0.000000000000000E+00   0.000000000000000E+00   0.000000000000000E+00   0.000000000000000E+00
   9.646541970500000E-01   3.554289233400000E+00   3.225474663400000E-01   1.115273918200000E+00   5.228684765800000E-01   0.000000000000000E+00   0.000000000000000E+00   0.000000000000000E+00   0.000000000000000E+00
   9.654914978700000E-01   3.554568112500000E+00   3.225483835400000E-01   1.094643573600000E+00   5.745459980900000E-01   0.000000000000000E+00   0.000000000000000E+00   0.000000000000000E+00   0.000000000000000E+00
   9.663287986900000E-01   3.554424490700000E+00   3.225479111800000E-01   1.105268114700000E+00   5.479322984400000E-01   0.000000000000000E+00   0.000000000000000E+00   0.000000000000000E+00   0.000000000000000E+00
   9.671660995000000E-01   3.554568081900000E+00   3.225483834400000E-01   1.094645857400000E+00   5.745402721100000E-01   0.000000000000000E+00   0.000000000000000E+00   0.000000000000000E+00   0.000000000000000E+00
   9.680034003200000E-01   3.554289429800000E+00   3.225474669900000E-01   1.115259302200000E+00   5.229051228600000E-01   0.000000000000000E+00   0.000000000000000E+00   0.000000000000000E+00   0.000000000000000E+00
   9.687131395800000E-01   3.554568053400000E+00   3.225483833400000E-01   1.094647972100000E+00   5.745349698800000E-01   0.000000000000000E+00   0.000000000000000E+00   0.000000000000000E+00   0.000000000000000E+00
   9.694228788400000E-01   3.554424570900000E+00   3.225479114500000E-01   1.105262144100000E+00   5.479472685200000E-01   0.000000000000000E+00   0.000000000000000E+00   0.000000000000000E+00   0.000000000000000E+00
   9.701326181000000E-01   3.554568017300000E+00   3.225483832200000E-01   1.094650663600000E+00   5.745282214500000E-01   0.000000000000000E+00   0.000000000000000E+00   0.000000000000000E+00   0.000000000000000E+00
   9.708423573700000E-01   3.554289661200000E+00   3.225474677500000E-01   1.115242076800000E+00   5.229483128100000E-01   0.000000000000000E+00   0.000000000000000E+00   0.000000000000000E+00   0.000000000000000E+00
   9.714883410700000E-01   3.554567985000000E+00   3.225483831200000E-01   1.094653063000000E+00   5.745222053100000E-01   0.000000000000000E+00   0.000000000000000E+00   0.000000000000000E+00   0.000000000000000E+00
   9.721343247799999E-01   3.554424661900000E+00   3.225479117500000E-01   1.105255369600000E+00   5.479642545800000E-01   0.000000000000000E+00   0.000000000000000E+00   0.000000000000000E+00   0.000000000000000E+00
   9.727803084900000E-01   3.554567945400000E+00   3.225483829900000E-01   1.094656016700000E+00   5.745147991700000E-01   0.000000000000000E+00   0.000000000000000E+00   0.000000000000000E+00   0.000000000000000E+00
   9.734262922000000E-01   3.554289915100000E+00   3.225474685800000E-01   1.115223173100000E+00   5.229957121200000E-01   0.000000000000000E+00   0.000000000000000E+00   0.000000000000000E+00   0.000000000000000E+00
   9.739988482000000E-01   3.554567909500000E+00   3.225483828700000E-01   1.094658686800000E+00   5.745081040200000E-01   0.000000000000000E+00   0.000000000000000E+00   0.000000000000000E+00   0.000000000000000E+00
   9.745714041900000E-01   3.554424763200000E+00   3.225479120800000E-01   1.105247831000000E+00   5.479831574700000E-01   0.000000000000000E+00   0.000000000000000E+00   0.000000000000000E+00   0.000000000000000E+00
   9.751439601900000E-01   3.554567864800000E+00   3.225483827200000E-01   1.094662015000000E+00   5.744997585300000E-01   0.000000000000000E+00   0.000000000000000E+00   0.000000000000000E+00   0.000000000000000E+00
   9.757165161800000E-01   3.554290201200000E+00   3.225474695100000E-01   1.115201872500000E+00   5.230491232800000E-01   0.000000000000000E+00   0.000000000000000E+00   0.000000000000000E+00   0.000000000000000E+00
   9.763166923900000E-01   3.554567827700000E+00   3.225483826000000E-01   1.094664777000000E+00   5.744928327700000E-01   0.000000000000000E+00   0.000000000000000E+00   0.000000000000000E+00   0.000000000000000E+00
   9.769168685900000E-01   3.554424867900000E+00   3.225479124200000E-01   1.105240032300000E+00   5.480027130100000E-01   0.000000000000000E+00   0.000000000000000E+00   0.000000000000000E+00   0.000000000000000E+00
   9.775170447900000E-01   3.554567785100000E+00   3.225483824600000E-01   1.094667947800000E+00   5.744848816500000E-01   0.000000000000000E+00   0.000000000000000E+00   0.000000000000000E+00   0.000000000000000E+00
   9.781172210000000E-01   3.554290473700000E+00   3.225474704100000E-01   1.115181579200000E+00   5.231000104500000E-01   0.000000000000000E+00   0.000000000000000E+00   0.000000000000000E+00   0.000000000000000E+00
   9.787181402300000E-01   3.554567749000000E+00   3.225483823400000E-01   1.094670639600000E+00   5.744781316499999E-01   0.000000000000000E+00   0.000000000000000E+00   0.000000000000000E+00   0.000000000000000E+00
   9.793190594600000E-01   3.554424969900000E+00   3.225479127500000E-01   1.105232431900000E+00   5.480217718400000E-01   0.000000000000000E+00   0.000000000000000E+00   0.000000000000000E+00   0.000000000000000E+00
   9.799199787000000E-01   3.554567706500000E+00   3.225483822000000E-01   1.094673802400000E+00   5.744702004000000E-01   0.000000000000000E+00   0.000000000000000E+00   0.000000000000000E+00   0.000000000000000E+00
   9.805208979300000E-01   3.554290745300000E+00   3.225474713000000E-01   1.115161337300000E+00   5.231507704800000E-01   0.000000000000000E+00   0.000000000000000E+00   0.000000000000000E+00   0.000000000000000E+00
   9.809428683000000E-01   3.554567662800000E+00   3.225483820600000E-01   1.094677059000000E+00   5.744620336400000E-01   0.000000000000000E+00   0.000000000000000E+00   0.000000000000000E+00   0.000000000000000E+00
   9.813648386700000E-01   3.554425093300000E+00   3.225479131600000E-01   1.105223238600000E+00   5.480448262900000E-01   0.000000000000000E+00   0.000000000000000E+00   0.000000000000000E+00   0.000000000000000E+00
   9.817868090400000E-01   3.554567602500000E+00   3.225483818600000E-01   1.094681556000000E+00   5.744507562000000E-01   0.000000000000000E+00   0.000000000000000E+00   0.000000000000000E+00   0.000000000000000E+00
   9.822087794100000E-01   3.554291131500000E+00   3.225474725600000E-01   1.115132556700000E+00   5.232229461700000E-01   0.000000000000000E+00   0.000000000000000E+00   0.000000000000000E+00   0.000000000000000E+00
   9.825392548900000E-01   3.554567544100000E+00   3.225483816700000E-01   1.094685904000000E+00   5.744398521200000E-01   0.000000000000000E+00   0.000000000000000E+00   0.000000000000000E+00   0.000000000000000E+00
   9.828697303700000E-01   3.554425258100000E+00   3.225479137000000E-01   1.105210964300000E+00   5.480756084900000E-01   0.000000000000000E+00   0.000000000000000E+00   0.000000000000000E+00   0.000000000000000E+00
   9.832002058600000E-01   3.554567467200000E+00   3.225483814200000E-01   1.094691633900000E+00   5.744254819000000E-01   0.000000000000000E+00   0.000000000000000E+00   0.000000000000000E+00   0.000000000000000E+00
   9.835306813400000E-01   3.554291623500000E+00   3.225474741700000E-01   1.115095885400000E+00   5.233149158000000E-01   0.000000000000000E+00   0.000000000000000E+00   0.000000000000000E+00   0.000000000000000E+00
   9.838383471100000E-01   3.554567399600000E+00   3.225483812000000E-01   1.094696679000000E+00   5.744128284800000E-01   0.000000000000000E+00   0.000000000000000E+00   0.000000000000000E+00   0.000000000000000E+00
   9.841460128700000E-01   3.554425449100000E+00   3.225479143200000E-01   1.105196720100000E+00   5.481113334500000E-01   0.000000000000000E+00   0.000000000000000E+00   0.000000000000000E+00   0.000000000000000E+00
   9.844536786400000E-01   3.554567317200000E+00   3.225483809300000E-01   1.094702818600000E+00   5.743974295800000E-01   0.000000000000000E+00   0.000000000000000E+00   0.000000000000000E+00   0.000000000000000E+00
   9.847613444000000E-01   3.554292150300000E+00   3.225474759000000E-01   1.115056592000000E+00   5.234134690100000E-01   0.000000000000000E+00   0.000000000000000E+00   0.000000000000000E+00   0.000000000000000E+00
   9.850709406300000E-01   3.554567247600000E+00   3.225483807000000E-01   1.094708014300000E+00   5.743843973800000E-01   0.000000000000000E+00   0.000000000000000E+00   0.000000000000000E+00   0.000000000000000E+00
   9.853805368500000E-01   3.554425645700000E+00   3.225479149700000E-01   1.105182049700000E+00   5.481481304100000E-01   0.000000000000000E+00   0.000000000000000E+00   0.000000000000000E+00   0.000000000000000E+00
   9.856901330700000E-01   3.554567166000000E+00   3.225483804300000E-01   1.094714100100000E+00   5.743691320300000E-01   0.000000000000000E+00   0.000000000000000E+00   0.000000000000000E+00   0.000000000000000E+00
   9.859997292900000E-01   3.554292672300000E+00   3.225474776100000E-01   1.115017642900000E+00   5.235111674600000E-01   0.000000000000000E+00   0.000000000000000E+00   0.000000000000000E+00   0.000000000000000E+00
   9.863231938600000E-01   3.554567098400000E+00   3.225483802100000E-01   1.094719155600000E+00   5.743564504000001E-01   0.000000000000000E+00   0.000000000000000E+00   0.000000000000000E+00   0.000000000000000E+00
   9.866466584300000E-01   3.554425837000000E+00   3.225479155900000E-01   1.105167774700000E+00   5.481839387500000E-01   0.000000000000000E+00   0.000000000000000E+00   0.000000000000000E+00   0.000000000000000E+00
   9.869701230000000E-01   3.554567020500000E+00   3.225483799600000E-01   1.094724966100000E+00   5.743418744800000E-01   0.000000000000000E+00   0.000000000000000E+00   0.000000000000000E+00   0.000000000000000E+00
   9.872935875700000E-01   3.554293170200000E+00   3.225474792400000E-01   1.114980456100000E+00   5.236044535600000E-01   0.000000000000000E+00   0.000000000000000E+00   0.000000000000000E+00   0.000000000000000E+00
   9.875465264200000E-01   3.554566945300000E+00   3.225483797100000E-01   1.094730587400000E+00   5.743277723100000E-01   0.000000000000000E+00   0.000000000000000E+00   0.000000000000000E+00   0.000000000000000E+00
   9.877994652700000E-01   3.554426049400000E+00   3.225479162900000E-01   1.105151906800000E+00   5.482237468200000E-01   0.000000000000000E+00   0.000000000000000E+00   0.000000000000000E+00   0.000000000000000E+00
   9.880524041199999E-01   3.554566846000000E+00   3.225483793900000E-01   1.094737997300000E+00   5.743091819100000E-01   0.000000000000000E+00   0.000000000000000E+00   0.000000000000000E+00   0.000000000000000E+00
   9.883053429699999E-01   3.554293805000000E+00   3.225474813100000E-01   1.114933032500000E+00   5.237234324800000E-01   0.000000000000000E+00   0.000000000000000E+00   0.000000000000000E+00   0.000000000000000E+00
   9.885734681200000E-01   3.554566764300000E+00   3.225483791200000E-01   1.094744107700000E+00   5.742938509700000E-01   0.000000000000000E+00   0.000000000000000E+00   0.000000000000000E+00   0.000000000000000E+00
   9.888415932600000E-01   3.554426280300000E+00   3.225479170400000E-01   1.105134652900000E+00   5.482670368700000E-01   0.000000000000000E+00   0.000000000000000E+00   0.000000000000000E+00   0.000000000000000E+00
   9.891097183999999E-01   3.554566671100000E+00   3.225483788100000E-01   1.094751076800000E+00   5.742763643800000E-01   0.000000000000000E+00   0.000000000000000E+00   0.000000000000000E+00   0.000000000000000E+00
   9.893778435500000E-01   3.554294401400000E+00   3.225474832600000E-01   1.114888430200000E+00   5.238353469700000E-01   0.000000000000000E+00   0.000000000000000E+00   0.000000000000000E+00   0.000000000000000E+00
   9.896835972200000E-01   3.554566597000000E+00   3.225483785700000E-01   1.094756627400000E+00   5.742624359600000E-01   0.000000000000000E+00   0.000000000000000E+00   0.000000000000000E+00   0.000000000000000E+00
   9.899893509000000E-01   3.554426489800000E+00   3.225479177300000E-01   1.105118978400000E+00   5.483063692600000E-01   0.000000000000000E+00   0.000000000000000E+00   0.000000000000000E+00   0.000000000000000E+00
   9.902951045800000E-01   3.554566515500000E+00   3.225483783100000E-01   1.094762721900000E+00   5.742471418900000E-01   0.000000000000000E+00   0.000000000000000E+00   0.000000000000000E+00   0.000000000000000E+00
   9.906008582500000E-01   3.554294922500000E+00   3.225474849700000E-01   1.114849425300000E+00   5.239332292200000E-01   0.000000000000000E+00   0.000000000000000E+00   0.000000000000000E+00   0.000000000000000E+00
   9.908428830200000E-01   3.554566437300000E+00   3.225483780500000E-01   1.094768577500000E+00   5.742324465800001E-01   0.000000000000000E+00   0.000000000000000E+00   0.000000000000000E+00   0.000000000000000E+00
   9.910849077800000E-01   3.554426710500000E+00   3.225479184500000E-01   1.105102449300000E+00   5.483478517200000E-01   0.000000000000000E+00   0.000000000000000E+00   0.000000000000000E+00   0.000000000000000E+00
   9.913269325500000E-01   3.554566334700000E+00   3.225483777100000E-01   1.094776254200000E+00   5.742131792700000E-01   0.000000000000000E+00   0.000000000000000E+00   0.000000000000000E+00   0.000000000000000E+00
   9.915689573100001E-01   3.554295578400000E+00   3.225474871100000E-01   1.114800294200000E+00   5.240565404500001E-01   0.000000000000000E+00   0.000000000000000E+00   0.000000000000000E+00   0.000000000000000E+00
   9.917794512900000E-01   3.554566241400000E+00   3.225483774100000E-01   1.094783257300000E+00   5.741956011200000E-01   0.000000000000000E+00   0.000000000000000E+00   0.000000000000000E+00   0.000000000000000E+00
   9.919899452700000E-01   3.554426974300000E+00   3.225479193100000E-01   1.105082679400000E+00   5.483974753600001E-01   0.000000000000000E+00   0.000000000000000E+00   0.000000000000000E+00   0.000000000000000E+00
   9.922004392500000E-01   3.554566124000000E+00   3.225483770300000E-01   1.094792052900000E+00   5.741735217500000E-01   0.000000000000000E+00   0.000000000000000E+00   0.000000000000000E+00   0.000000000000000E+00
   9.924109332300000E-01   3.554296328800000E+00   3.225474895600000E-01   1.114744002700000E+00   5.241978491900000E-01   0.000000000000000E+00   0.000000000000000E+00   0.000000000000000E+00   0.000000000000000E+00
   9.925839171700001E-01   3.554566013800000E+00   3.225483766700000E-01   1.094800325300000E+00   5.741527532900000E-01   0.000000000000000E+00   0.000000000000000E+00   0.000000000000000E+00   0.000000000000000E+00
   9.927569011100000E-01   3.554427285400000E+00   3.225479203300000E-01   1.105059329100000E+00   5.484560984700000E-01   0.000000000000000E+00   0.000000000000000E+00   0.000000000000000E+00   0.000000000000000E+00
   9.929298850600000E-01   3.554565871700000E+00   3.225483762000000E-01   1.094810983300000E+00   5.741259925100000E-01   0.000000000000000E+00   0.000000000000000E+00   0.000000000000000E+00   0.000000000000000E+00
   9.931028690000000E-01   3.554297236700000E+00   3.225474925200000E-01   1.114675792400000E+00   5.243691194900000E-01   0.000000000000000E+00   0.000000000000000E+00   0.000000000000000E+00   0.000000000000000E+00
   9.932418654400000E-01   3.554565737000000E+00   3.225483757600000E-01   1.094821128700000E+00   5.741005145300000E-01   0.000000000000000E+00   0.000000000000000E+00   0.000000000000000E+00   0.000000000000000E+00
   9.933808618900000E-01   3.554427666300000E+00   3.225479215700000E-01   1.105030695100000E+00   5.485280073500000E-01   0.000000000000000E+00   0.000000000000000E+00   0.000000000000000E+00   0.000000000000000E+00
   9.935198583300000E-01   3.554565561300000E+00   3.225483751900000E-01   1.094834323900000E+00   5.740673721300000E-01   0.000000000000000E+00   0.000000000000000E+00   0.000000000000000E+00   0.000000000000000E+00
   9.936588547800000E-01   3.554298358400000E+00   3.225474961700000E-01   1.114591344300000E+00   5.245812331600000E-01   0.000000000000000E+00   0.000000000000000E+00   0.000000000000000E+00   0.000000000000000E+00
   9.937843745800000E-01   3.554565405300000E+00   3.225483746800000E-01   1.094846108800000E+00   5.740377648500000E-01   0.000000000000000E+00   0.000000000000000E+00   0.000000000000000E+00   0.000000000000000E+00
   9.939098943700000E-01   3.554428107600000E+00   3.225479230000000E-01   1.104997427300000E+00   5.486115858900000E-01   0.000000000000000E+00   0.000000000000000E+00   0.000000000000000E+00   0.000000000000000E+00
   9.940354141700000E-01   3.554565212500000E+00   3.225483740500000E-01   1.094860631400000E+00   5.740012718000000E-01   0.000000000000000E+00   0.000000000000000E+00   0.000000000000000E+00   0.000000000000000E+00
   9.941609339600000E-01   3.554299589600000E+00   3.225475001800000E-01   1.114498400600000E+00   5.248147915700000E-01   0.000000000000000E+00   0.000000000000000E+00   0.000000000000000E+00   0.000000000000000E+00
   9.942970882500000E-01   3.554565056700000E+00   3.225483735500000E-01   1.094872453700000E+00   5.739715549700000E-01   0.000000000000000E+00   0.000000000000000E+00   0.000000000000000E+00   0.000000000000000E+00
   9.944332425400000E-01   3.554428549100000E+00   3.225479244400000E-01   1.104964040000000E+00   5.486955065700000E-01   0.000000000000000E+00   0.000000000000000E+00   0.000000000000000E+00   0.000000000000000E+00
   9.945693968300000E-01   3.554564880700000E+00   3.225483729700000E-01   1.094885758700000E+00   5.739381037500000E-01   0.000000000000000E+00   0.000000000000000E+00   0.000000000000000E+00   0.000000000000000E+00
   9.947055511200000E-01   3.554300713400000E+00   3.225475038300000E-01   1.114413250200000E+00   5.250288818700000E-01   0.000000000000000E+00   0.000000000000000E+00   0.000000000000000E+00   0.000000000000000E+00
   9.948354450000000E-01   3.554564728900000E+00   3.225483724800000E-01   1.094897305800000E+00   5.739090624700000E-01   0.000000000000000E+00   0.000000000000000E+00   0.000000000000000E+00   0.000000000000000E+00
   9.949653388700000E-01   3.554428978500000E+00   3.225479258300000E-01   1.104931439400000E+00   5.487774970800000E-01   0.000000000000000E+00   0.000000000000000E+00   0.000000000000000E+00   0.000000000000000E+00
   9.950952327400000E-01   3.554564546300000E+00   3.225483718900000E-01   1.094911165800000E+00   5.738741943100000E-01   0.000000000000000E+00   0.000000000000000E+00   0.000000000000000E+00   0.000000000000000E+00
   9.952251266100000E-01   3.554301879200000E+00   3.225475076000000E-01   1.114324547900000E+00   5.252520411500000E-01   0.000000000000000E+00   0.000000000000000E+00   0.000000000000000E+00   0.000000000000000E+00
   9.953327458500000E-01   3.554564376700000E+00   3.225483713400000E-01   1.094924127500000E+00   5.738415739800000E-01   0.000000000000000E+00   0.000000000000000E+00   0.000000000000000E+00   0.000000000000000E+00
   9.954403650800000E-01   3.554429458100000E+00   3.225479273800000E-01   1.104894859600000E+00   5.488695605600000E-01   0.000000000000000E+00   0.000000000000000E+00   0.000000000000000E+00   0.000000000000000E+00
   9.955479843200000E-01   3.554564158800000E+00   3.225483706400000E-01   1.094940738000000E+00   5.737997522500000E-01   0.000000000000000E+00   0.000000000000000E+00   0.000000000000000E+00   0.000000000000000E+00
   9.956556035500000E-01   3.554303268200000E+00   3.225475120900000E-01   1.114218243700000E+00   5.255197058200000E-01   0.000000000000000E+00   0.000000000000000E+00   0.000000000000000E+00   0.000000000000000E+00
   9.957304419000000E-01   3.554563935700000E+00   3.225483699200000E-01   1.094957892700000E+00   5.737565391300000E-01   0.000000000000000E+00   0.000000000000000E+00   0.000000000000000E+00   0.000000000000000E+00
   9.958052802500000E-01   3.554430087700000E+00   3.225479294100000E-01   1.104846484800000E+00   5.489914372800000E-01   0.000000000000000E+00   0.000000000000000E+00   0.000000000000000E+00   0.000000000000000E+00
   9.958801186000000E-01   3.554563627800000E+00   3.225483689200000E-01   1.094981550000000E+00   5.736968958300001E-01   0.000000000000000E+00   0.000000000000000E+00   0.000000000000000E+00   0.000000000000000E+00
   9.959549569400000E-01   3.554305229900000E+00   3.225475183900000E-01   1.114066843400000E+00   5.259014368500000E-01   0.000000000000000E+00   0.000000000000000E+00   0.000000000000000E+00   0.000000000000000E+00
   9.960297714500000E-01   3.554563371600000E+00   3.225483681000000E-01   1.095001544700000E+00   5.736464347100000E-01   0.000000000000000E+00   0.000000000000000E+00   0.000000000000000E+00   0.000000000000000E+00
   9.961045859700000E-01   3.554430814700000E+00   3.225479317300000E-01   1.104790028900000E+00   5.491339158200000E-01   0.000000000000000E+00   0.000000000000000E+00   0.000000000000000E+00   0.000000000000000E+00
   9.961794004800000E-01   3.554563071400000E+00   3.225483671400000E-01   1.095024934200000E+00   5.735873456700000E-01   0.000000000000000E+00   0.000000000000000E+00   0.000000000000000E+00   0.000000000000000E+00
   9.962542149900000E-01   3.554307143000000E+00   3.225475244900000E-01   1.113917159000000E+00   5.262796215900000E-01   0.000000000000000E+00   0.000000000000000E+00   0.000000000000000E+00   0.000000000000000E+00
   9.963438469200000E-01   3.554562843200000E+00   3.225483664200000E-01   1.095043054300000E+00   5.735415036800000E-01   0.000000000000000E+00   0.000000000000000E+00   0.000000000000000E+00   0.000000000000000E+00
   9.964334788500000E-01   3.554431464000000E+00   3.225479338000000E-01   1.104738827400000E+00   5.492634287000000E-01   0.000000000000000E+00   0.000000000000000E+00   0.000000000000000E+00   0.000000000000000E+00
   9.965231107800000E-01   3.554562599700000E+00   3.225483656500000E-01   1.095062360400000E+00   5.734926097500000E-01   0.000000000000000E+00   0.000000000000000E+00   0.000000000000000E+00   0.000000000000000E+00
   9.966127427100000E-01   3.554308695600000E+00   3.225475293900000E-01   1.113793606200000E+00   5.265925531200000E-01   0.000000000000000E+00   0.000000000000000E+00   0.000000000000000E+00   0.000000000000000E+00
   9.967069881700000E-01   3.554562402300000E+00   3.225483650300000E-01   1.095078283100000E+00   5.734522269300000E-01   0.000000000000000E+00   0.000000000000000E+00   0.000000000000000E+00   0.000000000000000E+00
   9.968012336400000E-01   3.554432024000000E+00   3.225479355500000E-01   1.104693860700000E+00   5.493774674100000E-01   0.000000000000000E+00   0.000000000000000E+00   0.000000000000000E+00   0.000000000000000E+00
   9.968954791000000E-01   3.554562177400000E+00   3.225483643300000E-01   1.095096455400000E+00   5.734060765400000E-01   0.000000000000000E+00   0.000000000000000E+00   0.000000000000000E+00   0.000000000000000E+00
   9.969897245600000E-01   3.554310128500000E+00   3.225475338600000E-01   1.113677309900000E+00   5.268879260900000E-01   0.000000000000000E+00   0.000000000000000E+00   0.000000000000000E+00   0.000000000000000E+00
   9.970708531000000E-01   3.554561975500000E+00   3.225483637000000E-01   1.095113068800000E+00   5.733638198300000E-01   0.000000000000000E+00   0.000000000000000E+00   0.000000000000000E+00   0.000000000000000E+00
   9.971519816400000E-01   3.554432594700000E+00   3.225479373200000E-01   1.104646982700000E+00   5.494967293100000E-01   0.000000000000000E+00   0.000000000000000E+00   0.000000000000000E+00   0.000000000000000E+00
   9.972331101800000E-01   3.554561723800000E+00   3.225483629300000E-01   1.095133939600000E+00   5.733106222900000E-01   0.000000000000000E+00   0.000000000000000E+00   0.000000000000000E+00   0.000000000000000E+00
   9.973142387200000E-01   3.554311731300000E+00   3.225475387800000E-01   1.113543749400000E+00   5.272284079500000E-01   0.000000000000000E+00   0.000000000000000E+00   0.000000000000000E+00   0.000000000000000E+00
   9.973936214700000E-01   3.554561514500000E+00   3.225483622900000E-01   1.095151760000000E+00   5.732650895200000E-01   0.000000000000000E+00   0.000000000000000E+00   0.000000000000000E+00   0.000000000000000E+00
   9.974730042300000E-01   3.554433188100000E+00   3.225479391200000E-01   1.104596672900000E+00   5.496252856300000E-01   0.000000000000000E+00   0.000000000000000E+00   0.000000000000000E+00   0.000000000000000E+00
   9.975523869800000E-01   3.554561270200000E+00   3.225483615600000E-01   1.095172809200000E+00   5.732111615300000E-01   0.000000000000000E+00   0.000000000000000E+00   0.000000000000000E+00   0.000000000000000E+00
   9.976317697400000E-01   3.554313287500000E+00   3.225475434500000E-01   1.113409050600000E+00   5.275735683400000E-01   0.000000000000000E+00   0.000000000000000E+00   0.000000000000000E+00   0.000000000000000E+00
   9.977373705700000E-01   3.554561096200000E+00   3.225483610500000E-01   1.095188357100000E+00   5.731711857000000E-01   0.000000000000000E+00   0.000000000000000E+00   0.000000000000000E+00   0.000000000000000E+00
   9.978429714000000E-01   3.554433685100000E+00   3.225479405900000E-01   1.104552715000000E+00   5.497382423600000E-01   0.000000000000000E+00   0.000000000000000E+00   0.000000000000000E+00   0.000000000000000E+00
   9.979485722300000E-01   3.554560923000000E+00   3.225483605500000E-01   1.095203981000000E+00   5.731309224400000E-01   0.000000000000000E+00   0.000000000000000E+00   0.000000000000000E+00   0.000000000000000E+00
   9.980541730600000E-01   3.554314389900000E+00   3.225475466400000E-01   1.113309067200000E+00   5.278312654900000E-01   0.000000000000000E+00   0.000000000000000E+00   0.000000000000000E+00   0.000000000000000E+00
   9.981136962500000E-01   3.554560723700000E+00   3.225483599800000E-01   1.095222329200000E+00   5.730835448300000E-01   0.000000000000000E+00   0.000000000000000E+00   0.000000000000000E+00   0.000000000000000E+00
   9.981732194400000E-01   3.554434237100000E+00   3.225479421500000E-01   1.104501088800000E+00   5.498718041800000E-01   0.000000000000000E+00   0.000000000000000E+00   0.000000000000000E+00   0.000000000000000E+00
   9.982327426299999E-01   3.554560441500000E+00   3.225483592000000E-01   1.095249598000000E+00   5.730126592700000E-01   0.000000000000000E+00   0.000000000000000E+00   0.000000000000000E+00   0.000000000000000E+00
   9.982922658200000E-01   3.554316174900000E+00   3.225475515200000E-01   1.113134607300000E+00   5.282850054200000E-01   0.000000000000000E+00   0.000000000000000E+00   0.000000000000000E+00   0.000000000000000E+00
   9.983387975600000E-01   3.554560188800000E+00   3.225483585400000E-01   1.095275742500000E+00   5.729442688200000E-01   0.000000000000000E+00   0.000000000000000E+00   0.000000000000000E+00   0.000000000000000E+00
   9.983853293100000E-01   3.554434939000000E+00   3.225479439500000E-01   1.104427474500000E+00   5.500647531600000E-01   0.000000000000000E+00   0.000000000000000E+00   0.000000000000000E+00   0.000000000000000E+00
   9.984318610500000E-01   3.554559892200000E+00   3.225483578400000E-01   1.095309672300000E+00   5.728544754300000E-01   0.000000000000000E+00   0.000000000000000E+00   0.000000000000000E+00   0.000000000000000E+00
   9.984783927999999E-01   3.554318033700000E+00   3.225475557700000E-01   1.112917635400000E+00   5.288598844300000E-01   0.000000000000000E+00   0.000000000000000E+00   0.000000000000000E+00   0.000000000000000E+00
   9.985164468800000E-01   3.554559657400000E+00   3.225483574000000E-01   1.095341196300000E+00   5.727699970400000E-01   0.000000000000000E+00   0.000000000000000E+00   0.000000000000000E+00   0.000000000000000E+00
   9.985545009700000E-01   3.554435579600000E+00   3.225479450900000E-01   1.104338815300000E+00   5.503031806899999E-01   0.000000000000000E+00   0.000000000000000E+00   0.000000000000000E+00   0.000000000000000E+00
   9.985925550500000E-01   3.554559442400000E+00   3.225483572500000E-01   1.095380896800000E+00   5.726611712000000E-01   0.000000000000000E+00   0.000000000000000E+00   0.000000000000000E+00   0.000000000000000E+00
   9.986306091400000E-01   3.554319353800000E+00   3.225475564800000E-01   1.112664061800000E+00   5.295569114300001E-01   0.000000000000000E+00   0.000000000000000E+00   0.000000000000000E+00   0.000000000000000E+00
   9.986680800100000E-01   3.554559372700000E+00   3.225483576900000E-01   1.095413844300000E+00   5.725681639400000E-01   0.000000000000000E+00   0.000000000000000E+00   0.000000000000000E+00   0.000000000000000E+00
   9.987055508900000E-01   3.554435846100000E+00   3.225479443000000E-01   1.104245923000000E+00   5.505658797100000E-01   0.000000000000000E+00   0.000000000000000E+00   0.000000000000000E+00   0.000000000000000E+00
   9.987430217600000E-01   3.554559483300000E+00   3.225483592000000E-01   1.095451384200000E+00   5.724579198400001E-01   0.000000000000000E+00   0.000000000000000E+00   0.000000000000000E+00   0.000000000000000E+00
   9.987804926400000E-01   3.554319137300000E+00   3.225475500100000E-01   1.112424461400000E+00   5.302630943400000E-01   0.000000000000000E+00   0.000000000000000E+00   0.000000000000000E+00   0.000000000000000E+00
   9.988182564900000E-01   3.554560014700000E+00   3.225483629700000E-01   1.095481475300000E+00   5.723641509800000E-01   0.000000000000000E+00   0.000000000000000E+00   0.000000000000000E+00   0.000000000000000E+00
   9.988560203300000E-01   3.554436096800000E+00   3.225479446000000E-01   1.104160389400000E+00   5.508299161500000E-01   0.000000000000000E+00   0.000000000000000E+00   0.000000000000000E+00   0.000000000000000E+00
   9.988937841800000E-01   3.554561986300000E+00   3.225483754600000E-01   1.095514070300000E+00   5.722529762100000E-01   0.000000000000000E+00   0.000000000000000E+00   0.000000000000000E+00   0.000000000000000E+00
   9.989315480299999E-01   3.554319817400000E+00   3.225475532600000E-01   1.112211481500000E+00   5.309689063700000E-01   0.000000000000000E+00   0.000000000000000E+00   0.000000000000000E+00   0.000000000000000E+00
   9.989828595800000E-01   3.554572610600000E+00   3.225484414100000E-01   1.095531892700000E+00   5.721650541800000E-01   0.000000000000000E+00   0.000000000000000E+00   0.000000000000000E+00   0.000000000000000E+00
   9.990341711200000E-01   3.554466591400000E+00   3.225481350800000E-01   1.104082614500000E+00   5.510453027200000E-01   0.000000000000000E+00   0.000000000000000E+00   0.000000000000000E+00   0.000000000000000E+00
   9.990854826700000E-01   3.554652664000000E+00   3.225489396500000E-01   1.095517752300000E+00   5.720392057300000E-01   0.000000000000000E+00   0.000000000000000E+00   0.000000000000000E+00   0.000000000000000E+00
   9.991367942200000E-01   3.554572152700000E+00   3.225491286500000E-01   1.111968054400000E+00   5.313640713600000E-01   0.000000000000000E+00   0.000000000000000E+00   0.000000000000000E+00   0.000000000000000E+00
   9.991712323200000E-01   3.555091750000000E+00   3.225516744900000E-01   1.095346043300000E+00   5.717146600000000E-01   0.000000000000000E+00   0.000000000000000E+00   0.000000000000000E+00   0.000000000000000E+00
   9.992056704200000E-01   3.555492306300000E+00   3.225545287500000E-01   1.103578863700000E+00   5.507463080500000E-01   0.000000000000000E+00   0.000000000000000E+00   0.000000000000000E+00   0.000000000000000E+00
   9.992401085200000E-01   3.556694828500000E+00   3.225616623700000E-01   1.094668019800000E+00   5.707259383000000E-01   0.000000000000000E+00   0.000000000000000E+00   0.000000000000000E+00   0.000000000000000E+00
   9.992745466200000E-01   3.558585830800000E+00   3.225741610800000E-01   1.110072794400000E+00   5.300400458300000E-01   0.000000000000000E+00   0.000000000000000E+00   0.000000000000000E+00   0.000000000000000E+00
   9.993024502400000E-01   3.562117763600000E+00   3.225954846000000E-01   1.092322554000000E+00   5.677063801900000E-01   0.000000000000000E+00   0.000000000000000E+00   0.000000000000000E+00   0.000000000000000E+00
   9.993303538500000E-01   3.567657982400000E+00   3.226304554000000E-01   1.098254749700000E+00   5.446373946800001E-01   0.000000000000000E+00   0.000000000000000E+00   0.000000000000000E+00   0.000000000000000E+00
   9.993582574700000E-01   3.577683648700000E+00   3.226927966300000E-01   1.085631876800000E+00   5.593634389100000E-01   0.000000000000000E+00   0.000000000000000E+00   0.000000000000000E+00   0.000000000000000E+00
   9.993861610800000E-01   3.594403758800000E+00   3.227985061200000E-01   1.094727863900000E+00   5.125418323499999E-01   0.000000000000000E+00   0.000000000000000E+00   0.000000000000000E+00   0.000000000000000E+00
   9.994122227400000E-01   3.621080916600000E+00   3.229660595400000E-01   1.067550053700000E+00   5.374358501800000E-01   0.000000000000000E+00   0.000000000000000E+00   0.000000000000000E+00   0.000000000000000E+00
   9.994382844000000E-01   3.663020202300000E+00   3.232331374400000E-01   1.059216295600000E+00   4.983686075700000E-01   0.000000000000000E+00   0.000000000000000E+00   0.000000000000000E+00   0.000000000000000E+00
   9.994643460600000E-01   3.728090670700000E+00   3.236516854300000E-01   1.026361716200000E+00   4.892007383200000E-01   0.000000000000000E+00   0.000000000000000E+00   0.000000000000000E+00   0.000000000000000E+00
   9.994904077200000E-01   3.823079674100000E+00   3.242759564300000E-01   1.009660550800000E+00   4.156320830400000E-01   0.000000000000000E+00   0.000000000000000E+00   0.000000000000000E+00   0.000000000000000E+00
   9.995177335400000E-01   3.963013678500000E+00   3.252188869600000E-01   9.497019161800000E-01   4.053896721600000E-01   0.000000000000000E+00   0.000000000000000E+00   0.000000000000000E+00   0.000000000000000E+00
   9.995450593700000E-01   4.145537053900000E+00   3.264992309500000E-01   9.087071363900000E-01   3.369762372300000E-01   0.000000000000000E+00   0.000000000000000E+00   0.000000000000000E+00   0.000000000000000E+00
   9.995723852000000E-01   4.368261999300000E+00   3.281389361700000E-01   8.485244069500000E-01   3.065382398100000E-01   0.000000000000000E+00   0.000000000000000E+00   0.000000000000000E+00   0.000000000000000E+00
   9.995997110200000E-01   4.622103650600000E+00   3.301238746500000E-01   8.155448066400000E-01   2.280998485400000E-01   0.000000000000000E+00   0.000000000000000E+00   0.000000000000000E+00   0.000000000000000E+00
   9.996198898899999E-01   4.824006884400000E+00   3.317959580800000E-01   7.645776704900000E-01   2.348449811700000E-01   0.000000000000000E+00   0.000000000000000E+00   0.000000000000000E+00   0.000000000000000E+00
   9.996400687500000E-01   5.032363914200000E+00   3.336216582800000E-01   7.419168969600000E-01   1.929712249600000E-01   0.000000000000000E+00   0.000000000000000E+00   0.000000000000000E+00   0.000000000000000E+00
   9.996602476200001E-01   5.244062964600000E+00   3.355872268700000E-01   7.047438761900000E-01   1.895154430000000E-01   0.000000000000000E+00   0.000000000000000E+00   0.000000000000000E+00   0.000000000000000E+00
   9.996804264800000E-01   5.455040956800000E+00   3.376738892600000E-01   6.959258416300000E-01   1.382829304500000E-01   0.000000000000000E+00   0.000000000000000E+00   0.000000000000000E+00   0.000000000000000E+00
   9.996946763800000E-01   5.602870562700000E+00   3.392150412300000E-01   6.626190239500001E-01   1.605330357800000E-01   0.000000000000000E+00   0.000000000000000E+00   0.000000000000000E+00   0.000000000000000E+00
   9.997089262800000E-01   5.748024210900000E+00   3.408037218900000E-01   6.559470247600000E-01   1.338759148500000E-01   0.000000000000000E+00   0.000000000000000E+00   0.000000000000000E+00   0.000000000000000E+00
   9.997231761800000E-01   5.890633260400000E+00   3.424383774400000E-01   6.331754725800000E-01   1.416693296700000E-01   0.000000000000000E+00   0.000000000000000E+00   0.000000000000000E+00   0.000000000000000E+00
   9.997374260900000E-01   6.029503942300000E+00   3.441126428600000E-01   6.365704418800000E-01   1.019951092500000E-01   0.000000000000000E+00   0.000000000000000E+00   0.000000000000000E+00   0.000000000000000E+00
   9.997508673800000E-01   6.157658089400000E+00   3.457283887700000E-01   6.085242053900000E-01   1.268414971000000E-01   0.000000000000000E+00   0.000000000000000E+00   0.000000000000000E+00   0.000000000000000E+00
   9.997643086800000E-01   6.281873507600000E+00   3.473735159600000E-01   6.061915200700000E-01   1.047230833900000E-01   0.000000000000000E+00   0.000000000000000E+00   0.000000000000000E+00   0.000000000000000E+00
   9.997777499800000E-01   6.402692905600000E+00   3.490482257500000E-01   5.876917587400000E-01   1.149571325200000E-01   0.000000000000000E+00   0.000000000000000E+00   0.000000000000000E+00   0.000000000000000E+00
   9.997911912800000E-01   6.519318024700000E+00   3.507479937700000E-01   5.943733962200000E-01   7.964469387100000E-02   0.000000000000000E+00   0.000000000000000E+00   0.000000000000000E+00   0.000000000000000E+00
   9.998026848800000E-01   6.616481789300000E+00   3.522227536700000E-01   5.706507410600000E-01   1.057079984800000E-01   0.000000000000000E+00   0.000000000000000E+00   0.000000000000000E+00   0.000000000000000E+00
   9.998141784900000E-01   6.710404200600000E+00   3.537129715800000E-01   5.716059702400000E-01   8.678180947000000E-02   0.000000000000000E+00   0.000000000000000E+00   0.000000000000000E+00   0.000000000000000E+00
   9.998256721000000E-01   6.801762584500000E+00   3.552200497300000E-01   5.565722941600000E-01   9.833523565100000E-02   0.000000000000000E+00   0.000000000000000E+00   0.000000000000000E+00   0.000000000000000E+00
   9.998371657000000E-01   6.889915308400000E+00   3.567407958500000E-01   5.655878958400000E-01   6.644170354200001E-02   0.000000000000000E+00   0.000000000000000E+00   0.000000000000000E+00   0.000000000000000E+00
   9.998461220000000E-01   6.957123100200000E+00   3.579372653800000E-01   5.451807108600000E-01   9.256832420699999E-02   0.000000000000000E+00   0.000000000000000E+00   0.000000000000000E+00   0.000000000000000E+00
   9.998550783000000E-01   7.022269754600000E+00   3.591406399000000E-01   5.483093190100000E-01   7.596315354700001E-02   0.000000000000000E+00   0.000000000000000E+00   0.000000000000000E+00   0.000000000000000E+00
   9.998640346000000E-01   7.086018046800000E+00   3.603528177500000E-01   5.359709070799999E-01   8.796579641600000E-02   0.000000000000000E+00   0.000000000000000E+00   0.000000000000000E+00   0.000000000000000E+00
   9.998729909000000E-01   7.147768549200000E+00   3.615713219600000E-01   5.463575354300000E-01   5.904528781700000E-02   0.000000000000000E+00   0.000000000000000E+00   0.000000000000000E+00   0.000000000000000E+00
   9.998803663200000E-01   7.197851992400000E+00   3.625817522200000E-01   5.281229604600000E-01   8.413807660200000E-02   0.000000000000000E+00   0.000000000000000E+00   0.000000000000000E+00   0.000000000000000E+00
   9.998877417299999E-01   7.246501094700000E+00   3.635957148300000E-01   5.321069538099999E-01   6.919553081700000E-02   0.000000000000000E+00   0.000000000000000E+00   0.000000000000000E+00   0.000000000000000E+00
   9.998951171500000E-01   7.294336259100000E+00   3.646151553700000E-01   5.214510522900000E-01   8.087727002500000E-02   0.000000000000000E+00   0.000000000000000E+00   0.000000000000000E+00   0.000000000000000E+00
   9.999024925700000E-01   7.340789510600000E+00   3.656379119700000E-01   5.320546957300000E-01   5.451043787500000E-02   0.000000000000000E+00   0.000000000000000E+00   0.000000000000000E+00   0.000000000000000E+00
   9.999085897300000E-01   7.378831611000000E+00   3.664881291900000E-01   5.156636223800000E-01   7.809880618999999E-02   0.000000000000000E+00   0.000000000000000E+00   0.000000000000000E+00   0.000000000000000E+00
   9.999146868800000E-01   7.415849620400000E+00   3.673400912100000E-01   5.199810120100000E-01   6.463224021800000E-02   0.000000000000000E+00   0.000000000000000E+00   0.000000000000000E+00   0.000000000000000E+00
   9.999207840400000E-01   7.452415436900000E+00   3.681956694100000E-01   5.106745874500001E-01   7.565921123800000E-02   0.000000000000000E+00   0.000000000000000E+00   0.000000000000000E+00   0.000000000000000E+00
   9.999268812000000E-01   7.487997989700000E+00   3.690529305500000E-01   5.209771260300000E-01   5.179180350700000E-02   0.000000000000000E+00   0.000000000000000E+00   0.000000000000000E+00   0.000000000000000E+00
   9.999317726300000E-01   7.516443646900000E+00   3.697439151500000E-01   5.063591128800000E-01   7.356807294300000E-02   0.000000000000000E+00   0.000000000000000E+00   0.000000000000000E+00   0.000000000000000E+00
   9.999366640700000E-01   7.544164287500000E+00   3.704355464200000E-01   5.107332041700000E-01   6.155404049700000E-02   0.000000000000000E+00   0.000000000000000E+00   0.000000000000000E+00   0.000000000000000E+00
   9.999415555000000E-01   7.571678868300000E+00   3.711295639500000E-01   5.026757528800000E-01   7.170552255100000E-02   0.000000000000000E+00   0.000000000000000E+00   0.000000000000000E+00   0.000000000000000E+00
   9.999464469400000E-01   7.598501278400000E+00   3.718242455100000E-01   5.123441568500000E-01   5.046046663600000E-02   0.000000000000000E+00   0.000000000000000E+00   0.000000000000000E+00   0.000000000000000E+00
   9.999503117900000E-01   7.619746566100000E+00   3.723754307200000E-01   4.994853185800000E-01   7.009475264900000E-02   0.000000000000000E+00   0.000000000000000E+00   0.000000000000000E+00   0.000000000000000E+00
   9.999541766300000E-01   7.640468288500000E+00   3.729266606100000E-01   5.036598935700000E-01   5.956388530800000E-02   0.000000000000000E+00   0.000000000000000E+00   0.000000000000000E+00   0.000000000000000E+00
   9.999580414800000E-01   7.661127950300000E+00   3.734795012400000E-01   4.967785170500000E-01   6.862847160100000E-02   0.000000000000000E+00   0.000000000000000E+00   0.000000000000000E+00   0.000000000000000E+00
   9.999619063300000E-01   7.681293468900000E+00   3.740324438700000E-01   5.054948310300000E-01   5.017043791800000E-02   0.000000000000000E+00   0.000000000000000E+00   0.000000000000000E+00   0.000000000000000E+00
   9.999648876400000E-01   7.696976491800000E+00   3.744606322100000E-01   4.944469716600000E-01   6.735486401500000E-02   0.000000000000000E+00   0.000000000000000E+00   0.000000000000000E+00   0.000000000000000E+00
   9.999678689500000E-01   7.712277762600000E+00   3.748885553800000E-01   4.982235267500000E-01   5.838232728400000E-02   0.000000000000000E+00   0.000000000000000E+00   0.000000000000000E+00   0.000000000000000E+00
   9.999708502600000E-01   7.727595756600000E+00   3.753175740500000E-01   4.925012379000000E-01   6.617262824600000E-02   0.000000000000000E+00   0.000000000000000E+00   0.000000000000000E+00   0.000000000000000E+00
   9.999738315700000E-01   7.742560878400000E+00   3.757464077500000E-01   4.999971076000000E-01   5.070806785100000E-02   0.000000000000000E+00   0.000000000000000E+00   0.000000000000000E+00   0.000000000000000E+00
   9.999760506599999E-01   7.753851774000000E+00   3.760667843900000E-01   4.908490652300000E-01   6.514390670400000E-02   0.000000000000000E+00   0.000000000000000E+00   0.000000000000000E+00   0.000000000000000E+00
   9.999782697400000E-01   7.764866018100000E+00   3.763867698100000E-01   4.940634524400000E-01   5.783034213200000E-02   0.000000000000000E+00   0.000000000000000E+00   0.000000000000000E+00   0.000000000000000E+00
   9.999804888200000E-01   7.775932657200000E+00   3.767074908000000E-01   4.895178489000000E-01   6.417442099900000E-02   0.000000000000000E+00   0.000000000000000E+00   0.000000000000000E+00   0.000000000000000E+00
   9.999827079000000E-01   7.786751670500000E+00   3.770279106500000E-01   4.955774904000000E-01   5.192830019500000E-02   0.000000000000000E+00   0.000000000000000E+00   0.000000000000000E+00   0.000000000000000E+00
   9.999843252100000E-01   7.794777567200000E+00   3.772622629600000E-01   4.884495002300000E-01   6.334209513700000E-02   0.000000000000000E+00   0.000000000000000E+00   0.000000000000000E+00   0.000000000000000E+00
   9.999859425099999E-01   7.802602368500000E+00   3.774962035900000E-01   4.910567507900000E-01   5.778851430000000E-02   0.000000000000000E+00   0.000000000000000E+00   0.000000000000000E+00   0.000000000000000E+00
   9.999875598200000E-01   7.810473380300000E+00   3.777305642000000E-01   4.879324955000000E-01   6.262294551000000E-02   0.000000000000000E+00   0.000000000000000E+00   0.000000000000000E+00   0.000000000000000E+00
   9.999891771300000E-01   7.818145760700000E+00   3.779644537100000E-01   4.930888665500000E-01   5.385558511900000E-02   0.000000000000000E+00   0.000000000000000E+00   0.000000000000000E+00   0.000000000000000E+00
   9.999902809400000E-01   7.823450462900000E+00   3.781243818500000E-01   4.890445825700000E-01   6.235699324100000E-02   0.000000000000000E+00   0.000000000000000E+00   0.000000000000000E+00   0.000000000000000E+00
   9.999913847600000E-01   7.828552048400000E+00   3.782835756300000E-01   4.929065646000000E-01   5.905396907500000E-02   0.000000000000000E+00   0.000000000000000E+00   0.000000000000000E+00   0.000000000000000E+00
   9.999924885700000E-01   7.833556503200000E+00   3.784422355400000E-01   4.948440520700000E-01   6.321668336900001E-02   0.000000000000000E+00   0.000000000000000E+00   0.000000000000000E+00   0.000000000000000E+00
   9.999935923900000E-01   7.838168188200000E+00   3.785990086600000E-01   5.060094494600000E-01   5.958221190600000E-02   0.000000000000000E+00   0.000000000000000E+00   0.000000000000000E+00   0.000000000000000E+00
   9.999942673800000E-01   7.840796642300000E+00   3.786936904100000E-01   5.117687387199999E-01   6.687820420500000E-02   0.000000000000000E+00   0.000000000000000E+00   0.000000000000000E+00   0.000000000000000E+00
   9.999949423600000E-01   7.843014664700000E+00   3.787862605700000E-01   5.265821802300000E-01   6.823608754799999E-02   0.000000000000000E+00   0.000000000000000E+00   0.000000000000000E+00   0.000000000000000E+00
   9.999956173500000E-01   7.844714117300000E+00   3.788759101000000E-01   5.474769808500000E-01   7.559102701200000E-02   0.000000000000000E+00   0.000000000000000E+00   0.000000000000000E+00   0.000000000000000E+00
   9.999962923300000E-01   7.845434433100000E+00   3.789602903800000E-01   5.853150186900000E-01   8.275260715299999E-02   0.000000000000000E+00   0.000000000000000E+00   0.000000000000000E+00   0.000000000000000E+00
   9.999966662000001E-01   7.845219719100000E+00   3.790036419800000E-01   6.144510493300001E-01   9.384848985200001E-02   0.000000000000000E+00   0.000000000000000E+00   0.000000000000000E+00   0.000000000000000E+00
   9.999970400600000E-01   7.844263251300000E+00   3.790430904100000E-01   6.571031355700000E-01   1.057933999300000E-01   0.000000000000000E+00   0.000000000000000E+00   0.000000000000000E+00   0.000000000000000E+00
   9.999974139200000E-01   7.842245217400000E+00   3.790769572000000E-01   7.173553230500000E-01   1.259457316500000E-01   0.000000000000000E+00   0.000000000000000E+00   0.000000000000000E+00   0.000000000000000E+00
   9.999977877900000E-01   7.838488654400000E+00   3.791019466500000E-01   8.091098153800000E-01   1.574821497400000E-01   0.000000000000000E+00   0.000000000000000E+00   0.000000000000000E+00   0.000000000000000E+00
   9.999979780300000E-01   7.835566255200000E+00   3.791095865800000E-01   8.739407864800000E-01   1.834124844200000E-01   0.000000000000000E+00   0.000000000000000E+00   0.000000000000000E+00   0.000000000000000E+00
   9.999981682800000E-01   7.831612590200000E+00   3.791121762400000E-01   9.585378360900000E-01   2.184793364200000E-01   0.000000000000000E+00   0.000000000000000E+00   0.000000000000000E+00   0.000000000000000E+00
   9.999983585200000E-01   7.826192914400000E+00   3.791077125900000E-01   1.071281353200000E+00   2.700705222400000E-01   0.000000000000000E+00   0.000000000000000E+00   0.000000000000000E+00   0.000000000000000E+00
   9.999985487600000E-01   7.818552986700000E+00   3.790928094600000E-01   1.227809893100000E+00   3.494244211800000E-01   0.000000000000000E+00   0.000000000000000E+00   0.000000000000000E+00   0.000000000000000E+00
   9.999986585100000E-01   7.812665470500000E+00   3.790773839400000E-01   1.347491044700000E+00   4.168224587200000E-01   0.000000000000000E+00   0.000000000000000E+00   0.000000000000000E+00   0.000000000000000E+00
   9.999987682600000E-01   7.805219856600000E+00   3.790548985400000E-01   1.498534796400000E+00   5.090603482300000E-01   0.000000000000000E+00   0.000000000000000E+00   0.000000000000000E+00   0.000000000000000E+00
   9.999988780100000E-01   7.795592515900000E+00   3.790226860200000E-01   1.693476783900000E+00   6.407355952600000E-01   0.000000000000000E+00   0.000000000000000E+00   0.000000000000000E+00   0.000000000000000E+00
   9.999989877600000E-01   7.782774272900000E+00   3.789764928300000E-01   1.952769397100000E+00   8.366272772800000E-01   0.000000000000000E+00   0.000000000000000E+00   0.000000000000000E+00   0.000000000000000E+00
   9.999990563400000E-01   7.772453102200000E+00   3.789376486700000E-01   2.161000863000000E+00   1.011327886500000E+00   0.000000000000000E+00   0.000000000000000E+00   0.000000000000000E+00   0.000000000000000E+00
   9.999991249200000E-01   7.759639916000000E+00   3.788881859800000E-01   2.418740013200000E+00   1.247595270000000E+00   0.000000000000000E+00   0.000000000000000E+00   0.000000000000000E+00   0.000000000000000E+00
   9.999991935000000E-01   7.743404255700000E+00   3.788243119600000E-01   2.743385982700000E+00   1.577369260900000E+00   0.000000000000000E+00   0.000000000000000E+00   0.000000000000000E+00   0.000000000000000E+00
   9.999992620800000E-01   7.722311666600000E+00   3.787402354500000E-01   3.161407745900000E+00   2.052734174900000E+00   0.000000000000000E+00   0.000000000000000E+00   0.000000000000000E+00   0.000000000000000E+00
   9.999993089500000E-01   7.704006834100000E+00   3.786667642300000E-01   3.519994349200000E+00   2.505910414100000E+00   0.000000000000000E+00   0.000000000000000E+00   0.000000000000000E+00   0.000000000000000E+00
   9.999993558100000E-01   7.681363890500000E+00   3.785756008800000E-01   3.957974428400000E+00   3.113850541600000E+00   0.000000000000000E+00   0.000000000000000E+00   0.000000000000000E+00   0.000000000000000E+00
   9.999994026800000E-01   7.652848764000000E+00   3.784606894700000E-01   4.499894270500000E+00   3.949813456000000E+00   0.000000000000000E+00   0.000000000000000E+00   0.000000000000000E+00   0.000000000000000E+00
   9.999994495500000E-01   7.616187048300000E+00   3.783131094600000E-01   5.180884946600000E+00   5.128402393600000E+00   0.000000000000000E+00   0.000000000000000E+00   0.000000000000000E+00   0.000000000000000E+00
   9.999994844700000E-01   7.581625166600000E+00   3.781743047600000E-01   5.806513624200000E+00   6.336833039500000E+00   0.000000000000000E+00   0.000000000000000E+00   0.000000000000000E+00   0.000000000000000E+00
   9.999995193900000E-01   7.538690594000000E+00   3.780023858500000E-01   6.562750117300000E+00   7.954368474600000E+00   0.000000000000000E+00   0.000000000000000E+00   0.000000000000000E+00   0.000000000000000E+00
   9.999995543100000E-01   7.484544599700000E+00   3.777863878500000E-01   7.484167185800000E+00   1.016118183300000E+01   0.000000000000000E+00   0.000000000000000E+00   0.000000000000000E+00   0.000000000000000E+00
   9.999995892300000E-01   7.415136754600000E+00   3.775107348600000E-01   8.616643788899999E+00   1.322739837200000E+01   0.000000000000000E+00   0.000000000000000E+00   0.000000000000000E+00   0.000000000000000E+00
   9.999996166900000E-01   7.346193947000000E+00   3.772381119000000E-01   9.691335079800000E+00   1.650449807900000E+01   0.000000000000000E+00   0.000000000000000E+00   0.000000000000000E+00   0.000000000000000E+00
   9.999996441400000E-01   7.260486301200000E+00   3.769005802300000E-01   1.096460712600000E+01   2.085492650100000E+01   0.000000000000000E+00   0.000000000000000E+00   0.000000000000000E+00   0.000000000000000E+00
   9.999996716000000E-01   7.152898012200000E+00   3.764786715900000E-01   1.247297745400000E+01   2.669339106300000E+01   0.000000000000000E+00   0.000000000000000E+00   0.000000000000000E+00   0.000000000000000E+00
   9.999996990600000E-01   7.016662693100000E+00   3.759467140300000E-01   1.425589369900000E+01   3.459432193200000E+01   0.000000000000000E+00   0.000000000000000E+00   0.000000000000000E+00   0.000000000000000E+00
   9.999997205800000E-01   6.884277489400000E+00   3.754317205300000E-01   1.586755650400000E+01   4.273169597900000E+01   0.000000000000000E+00   0.000000000000000E+00   0.000000000000000E+00   0.000000000000000E+00
   9.999997421100000E-01   6.723834586700000E+00   3.748095877200000E-01   1.767971330500000E+01   5.310399564500000E+01   0.000000000000000E+00   0.000000000000000E+00   0.000000000000000E+00   0.000000000000000E+00
   9.999997636300000E-01   6.529438326400000E+00   3.740581069200000E-01   1.969102869600000E+01   6.629970758499999E+01   0.000000000000000E+00   0.000000000000000E+00   0.000000000000000E+00   0.000000000000000E+00
   9.999997851500000E-01   6.294711583800000E+00   3.731533097000000E-01   2.188155548900000E+01   8.298782903700000E+01   0.000000000000000E+00   0.000000000000000E+00   0.000000000000000E+00   0.000000000000000E+00
   9.999998054900000E-01   6.030214658500000E+00   3.721363247500000E-01   2.407359929000000E+01   1.025929082800000E+02   0.000000000000000E+00   0.000000000000000E+00   0.000000000000000E+00   0.000000000000000E+00
   9.999998258300000E-01   5.719713491400000E+00   3.709450387200000E-01   2.631257803400000E+01   1.264674537000000E+02   0.000000000000000E+00   0.000000000000000E+00   0.000000000000000E+00   0.000000000000000E+00
   9.999998461600000E-01   5.361061009700000E+00   3.695715256000000E-01   2.849556848600000E+01   1.549144604500000E+02   0.000000000000000E+00   0.000000000000000E+00   0.000000000000000E+00   0.000000000000000E+00
   9.999998664999999E-01   4.955729087000000E+00   3.680214802300000E-01   3.048528367700000E+01   1.878548433000000E+02   0.000000000000000E+00   0.000000000000000E+00   0.000000000000000E+00   0.000000000000000E+00
   9.999998833500000E-01   4.588727998300000E+00   3.666193562000000E-01   3.187833350300000E+01   2.181154730500000E+02   0.000000000000000E+00   0.000000000000000E+00   0.000000000000000E+00   0.000000000000000E+00
   9.999999002000000E-01   4.200248076600000E+00   3.651359463100000E-01   3.294532381400000E+01   2.503033999800000E+02   0.000000000000000E+00   0.000000000000000E+00   0.000000000000000E+00   0.000000000000000E+00
   9.999999170500000E-01   3.798994344900000E+00   3.636040315900000E-01   3.361408506200000E+01   2.833809302900000E+02   0.000000000000000E+00   0.000000000000000E+00   0.000000000000000E+00   0.000000000000000E+00
   9.999999339000000E-01   3.395282187000000E+00   3.620624365900000E-01   3.383726866500000E+01   3.160763946000000E+02   0.000000000000000E+00   0.000000000000000E+00   0.000000000000000E+00   0.000000000000000E+00
   9.999999504200000E-01   3.007484890900000E+00   3.605807563500000E-01   3.361023602700000E+01   3.464341852200000E+02   0.000000000000000E+00   0.000000000000000E+00   0.000000000000000E+00   0.000000000000000E+00
   9.999999669500000E-01   2.637345877700000E+00   3.591651613200000E-01   3.296352246900000E+01   3.738544891700000E+02   0.000000000000000E+00   0.000000000000000E+00   0.000000000000000E+00   0.000000000000000E+00
   9.999999834700000E-01   2.292662283700000E+00   3.578450710600000E-01   3.194678176900000E+01   3.973167053900000E+02   0.000000000000000E+00   0.000000000000000E+00   0.000000000000000E+00   0.000000000000000E+00
   1.000000000000000E+00   1.978880643800000E+00   3.566411074200000E-01   3.063135817700000E+01   4.161077818400000E+02   0.000000000000000E+00   0.000000000000000E+00   0.000000000000000E+00   0.000000000000000E+00
