   0.000000000000000E+00   4.925167714400000E-01   9.999999955900000E-01   1.684197937200000E+00   1.822900929700000E+00   0.000000000000000E+00   0.000000000000000E+00   0.000000000000000E+00   0.000000000000000E+00
   3.855331176700000E-04   6.339587040900000E-01   8.739506723400000E-01   1.589165597800000E+00   1.646622123200000E+00   0.000000000000000E+00   0.000000000000000E+00   0.000000000000000E+00   0.000000000000000E+00
   7.710662353300000E-04   7.951261237800000E-01   7.705073482100000E-01   1.536323522700000E+00   1.436777926800000E+00   0.000000000000000E+00   0.000000000000000E+00   0.000000000000000E+00   0.000000000000000E+00
   1.156599353000000E-03   9.771423661500001E-01   6.851784784200000E-01   1.470422524400000E+00   1.315165757500000E+00   0.000000000000000E+00   0.000000000000000E+00   0.000000000000000E+00   0.000000000000000E+00
   1.542132470700000E-03   1.176898820700000E+00   6.146418932300000E-01   1.441754070000000E+00   1.138580625200000E+00   0.000000000000000E+00   0.000000000000000E+00   0.000000000000000E+00   0.000000000000000E+00
   1.846041135900000E-03   1.346406040100000E+00   5.678174542900000E-01   1.385785793400000E+00   1.107487536000000E+00   0.000000000000000E+00   0.000000000000000E+00   0.000000000000000E+00   0.000000000000000E+00
   2.149949801200000E-03   1.522804291400000E+00   5.276300602000000E-01   1.363552685300000E+00   1.006594290000000E+00   0.000000000000000E+00   0.000000000000000E+00   0.000000000000000E+00   0.000000000000000E+00
   2.453858466400000E-03   1.704720851100000E+00   4.932482070800000E-01   1.322404366900000E+00   9.684447752499999E-01   0.000000000000000E+00   0.000000000000000E+00   0.000000000000000E+00   0.000000000000000E+00
   2.757767131700000E-03   1.887971045100000E+00   4.639479790800000E-01   1.314662785800000E+00   8.583146646299999E-01   0.000000000000000E+00   0.000000000000000E+00   0.000000000000000E+00   0.000000000000000E+00
   3.126959465600000E-03   2.109488730300000E+00   4.342972037900000E-01   1.262481562300000E+00   8.496957951100000E-01   0.000000000000000E+00   0.000000000000000E+00   0.000000000000000E+00   0.000000000000000E+00
   3.496151799500000E-03   2.322317485500000E+00   4.102304212500000E-01   1.244745915500000E+00   7.706037603200000E-01   0.000000000000000E+00   0.000000000000000E+00   0.000000000000000E+00   0.000000000000000E+00
   3.865344133500000E-03   2.522042552500000E+00   3.908759232400000E-01   1.209016355300000E+00   7.534815829200000E-01   0.000000000000000E+00   0.000000000000000E+00   0.000000000000000E+00   0.000000000000000E+00
   4.234536467400000E-03   2.702885223500000E+00   3.754513079900000E-01   1.207882261300000E+00   6.644961589000000E-01   0.000000000000000E+00   0.000000000000000E+00   0.000000000000000E+00   0.000000000000000E+00
   4.701167842300000E-03   2.902332566500000E+00   3.605291117400000E-01   1.164242583700000E+00   6.793738924900000E-01   0.000000000000000E+00   0.000000000000000E+00   0.000000000000000E+00   0.000000000000000E+00
   5.167799217300000E-03   3.065229717100000E+00   3.496063647500000E-01   1.156729018200000E+00   6.240119257800000E-01   0.000000000000000E+00   0.000000000000000E+00   0.000000000000000E+00   0.000000000000000E+00
   5.634430592300000E-03   3.194454629900000E+00   3.417089515200000E-01   1.132071028600000E+00   6.294582086500000E-01   0.000000000000000E+00   0.000000000000000E+00   0.000000000000000E+00   0.000000000000000E+00
   6.101061967200000E-03   3.292822469100000E+00   3.360498991500000E-01   1.142280485200000E+00   5.617298466100000E-01   0.000000000000000E+00   0.000000000000000E+00   0.000000000000000E+00   0.000000000000000E+00
   6.671191331800000E-03   3.380649832300000E+00   3.313117658600000E-01   1.112423283700000E+00   6.002556458500000E-01   0.000000000000000E+00   0.000000000000000E+00   0.000000000000000E+00   0.000000000000000E+00
   7.241320696400000E-03   3.439957792700000E+00   3.282157598700000E-01   1.116949462700000E+00   5.645539071600000E-01   0.000000000000000E+00   0.000000000000000E+00   0.000000000000000E+00   0.000000000000000E+00
   7.811450061000000E-03   3.479920068500000E+00   3.262056148700000E-01   1.102200168900000E+00   5.854234751400000E-01   0.000000000000000E+00   0.000000000000000E+00   0.000000000000000E+00   0.000000000000000E+00
   8.381579425600000E-03   3.505814010100000E+00   3.249020639200000E-01   1.120241140200000E+00   5.296976933400001E-01   0.000000000000000E+00   0.000000000000000E+00   0.000000000000000E+00   0.000000000000000E+00
   9.469536449300001E-03   3.533639196400000E+00   3.235586031200000E-01   1.096740053500000E+00   5.776008602000000E-01   0.000000000000000E+00   0.000000000000000E+00   0.000000000000000E+00   0.000000000000000E+00
   1.055749347300000E-02   3.545309252500000E+00   3.229859592200000E-01   1.106212272400000E+00   5.491775651400000E-01   0.000000000000000E+00   0.000000000000000E+00   0.000000000000000E+00   0.000000000000000E+00
   1.164545049700000E-02   3.550619845100000E+00   3.227381083100000E-01   1.095025173900000E+00   5.751540252900000E-01   0.000000000000000E+00   0.000000000000000E+00   0.000000000000000E+00   0.000000000000000E+00
   1.273340752000000E-02   3.552605740700000E+00   3.226282073600000E-01   1.115495527100000E+00   5.229782796000000E-01   0.000000000000000E+00   0.000000000000000E+00   0.000000000000000E+00   0.000000000000000E+00
   1.617301995800000E-02   3.554540139000000E+00   3.225497370800000E-01   1.094630683900000E+00   5.745897930700000E-01   0.000000000000000E+00   0.000000000000000E+00   0.000000000000000E+00   0.000000000000000E+00
   1.961263239500000E-02   3.554347098500000E+00   3.225516091200000E-01   1.105297420300000E+00   5.478889541200000E-01   0.000000000000000E+00   0.000000000000000E+00   0.000000000000000E+00   0.000000000000000E+00
   2.305224483200000E-02   3.554573106200000E+00   3.225481540800000E-01   1.094627915800000E+00   5.745836708800000E-01   0.000000000000000E+00   0.000000000000000E+00   0.000000000000000E+00   0.000000000000000E+00
   2.649185727000000E-02   3.554242172300000E+00   3.225496926000000E-01   1.115326915000000E+00   5.227529028500000E-01   0.000000000000000E+00   0.000000000000000E+00   0.000000000000000E+00   0.000000000000000E+00
   3.770741863600000E-02   3.554577606300000E+00   3.225479377800000E-01   1.094627771500000E+00   5.745822491400000E-01   0.000000000000000E+00   0.000000000000000E+00   0.000000000000000E+00   0.000000000000000E+00
   4.892298000300000E-02   3.554414861000000E+00   3.225483596500000E-01   1.105289712300000E+00   5.478814467599999E-01   0.000000000000000E+00   0.000000000000000E+00   0.000000000000000E+00   0.000000000000000E+00
   6.013854136900000E-02   3.554573353900000E+00   3.225481416500000E-01   1.094628371300000E+00   5.745824288100000E-01   0.000000000000000E+00   0.000000000000000E+00   0.000000000000000E+00   0.000000000000000E+00
   7.135410273600000E-02   3.554273827400000E+00   3.225481748400000E-01   1.115322628400000E+00   5.227511171400000E-01   0.000000000000000E+00   0.000000000000000E+00   0.000000000000000E+00   0.000000000000000E+00
   9.011386376699999E-02   3.554571827300000E+00   3.225482148000000E-01   1.094628641300000E+00   5.745823559600000E-01   0.000000000000000E+00   0.000000000000000E+00   0.000000000000000E+00   0.000000000000000E+00
   1.088736248000000E-01   3.554420357800000E+00   3.225480961900000E-01   1.105288830100000E+00   5.478814826200000E-01   0.000000000000000E+00   0.000000000000000E+00   0.000000000000000E+00   0.000000000000000E+00
   1.276333858300000E-01   3.554570737100000E+00   3.225482670300000E-01   1.094628853500000E+00   5.745822554800000E-01   0.000000000000000E+00   0.000000000000000E+00   0.000000000000000E+00   0.000000000000000E+00
   1.463931468600000E-01   3.554281181100000E+00   3.225478225400000E-01   1.115321232700000E+00   5.227517063000000E-01   0.000000000000000E+00   0.000000000000000E+00   0.000000000000000E+00   0.000000000000000E+00
   1.658950447600000E-01   3.554570089600000E+00   3.225482980300000E-01   1.094629004000000E+00   5.745821342500000E-01   0.000000000000000E+00   0.000000000000000E+00   0.000000000000000E+00   0.000000000000000E+00
   1.853969426600000E-01   3.554422254200000E+00   3.225480053800000E-01   1.105288398300000E+00   5.478818151400000E-01   0.000000000000000E+00   0.000000000000000E+00   0.000000000000000E+00   0.000000000000000E+00
   2.048988405600000E-01   3.554569552100000E+00   3.225483237500000E-01   1.094629156500000E+00   5.745819644100000E-01   0.000000000000000E+00   0.000000000000000E+00   0.000000000000000E+00   0.000000000000000E+00
   2.244007384600000E-01   3.554284792500000E+00   3.225476497300000E-01   1.115320239400000E+00   5.227527687600000E-01   0.000000000000000E+00   0.000000000000000E+00   0.000000000000000E+00   0.000000000000000E+00
   2.433103056100000E-01   3.554569214600000E+00   3.225483398800000E-01   1.094629275400000E+00   5.745817996700000E-01   0.000000000000000E+00   0.000000000000000E+00   0.000000000000000E+00   0.000000000000000E+00
   2.622198727500000E-01   3.554423225100000E+00   3.225479589800000E-01   1.105288060800000E+00   5.478822777300000E-01   0.000000000000000E+00   0.000000000000000E+00   0.000000000000000E+00   0.000000000000000E+00
   2.811294399000000E-01   3.554568930600000E+00   3.225483534300000E-01   1.094629405400000E+00   5.745815858000000E-01   0.000000000000000E+00   0.000000000000000E+00   0.000000000000000E+00   0.000000000000000E+00
   3.000390070400000E-01   3.554286705800000E+00   3.225475584000000E-01   1.115319397600000E+00   5.227541237700000E-01   0.000000000000000E+00   0.000000000000000E+00   0.000000000000000E+00   0.000000000000000E+00
   3.123821274100000E-01   3.554568698900000E+00   3.225483644700000E-01   1.094629537900000E+00   5.745813450900000E-01   0.000000000000000E+00   0.000000000000000E+00   0.000000000000000E+00   0.000000000000000E+00
   3.247252477700000E-01   3.554423823200000E+00   3.225479305000000E-01   1.105287692400000E+00   5.478829654100000E-01   0.000000000000000E+00   0.000000000000000E+00   0.000000000000000E+00   0.000000000000000E+00
   3.370683681300000E-01   3.554568522300000E+00   3.225483728400000E-01   1.094629711000000E+00   5.745809804699999E-01   0.000000000000000E+00   0.000000000000000E+00   0.000000000000000E+00   0.000000000000000E+00
   3.494114885000000E-01   3.554287983900000E+00   3.225474977800000E-01   1.115318274700000E+00   5.227564362000000E-01   0.000000000000000E+00   0.000000000000000E+00   0.000000000000000E+00   0.000000000000000E+00
   3.631812202300000E-01   3.554568436900000E+00   3.225483768400000E-01   1.094629844800000E+00   5.745806784500000E-01   0.000000000000000E+00   0.000000000000000E+00   0.000000000000000E+00   0.000000000000000E+00
   3.769509519700000E-01   3.554424089500000E+00   3.225479179700000E-01   1.105287312100000E+00   5.478838145800000E-01   0.000000000000000E+00   0.000000000000000E+00   0.000000000000000E+00   0.000000000000000E+00
   3.907206837000000E-01   3.554568375600000E+00   3.225483796900000E-01   1.094629990200000E+00   5.745803377299999E-01   0.000000000000000E+00   0.000000000000000E+00   0.000000000000000E+00   0.000000000000000E+00
   4.044904154300000E-01   3.554288415600000E+00   3.225474776900000E-01   1.115317340300000E+00   5.227586111600000E-01   0.000000000000000E+00   0.000000000000000E+00   0.000000000000000E+00   0.000000000000000E+00
   4.164599129200000E-01   3.554568338600000E+00   3.225483813800000E-01   1.094630121100000E+00   5.745800236300000E-01   0.000000000000000E+00   0.000000000000000E+00   0.000000000000000E+00   0.000000000000000E+00
   4.284294104000000E-01   3.554424194700000E+00   3.225479131700000E-01   1.105286942300000E+00   5.478847013500000E-01   0.000000000000000E+00   0.000000000000000E+00   0.000000000000000E+00   0.000000000000000E+00
   4.403989078900000E-01   3.554568311900000E+00   3.225483825500000E-01   1.094630284000000E+00   5.745796254200000E-01   0.000000000000000E+00   0.000000000000000E+00   0.000000000000000E+00   0.000000000000000E+00
   4.523684053700000E-01   3.554288608600000E+00   3.225474691400000E-01   1.115316296000000E+00   5.227611565500000E-01   0.000000000000000E+00   0.000000000000000E+00   0.000000000000000E+00   0.000000000000000E+00
   4.619632445500000E-01   3.554568295200000E+00   3.225483832400000E-01   1.094630438600000E+00   5.745792437900000E-01   0.000000000000000E+00   0.000000000000000E+00   0.000000000000000E+00   0.000000000000000E+00
   4.715580837300000E-01   3.554424241000000E+00   3.225479112500000E-01   1.105286505800000E+00   5.478857789700000E-01   0.000000000000000E+00   0.000000000000000E+00   0.000000000000000E+00   0.000000000000000E+00
   4.811529229100000E-01   3.554568283800000E+00   3.225483836500000E-01   1.094630639500000E+00   5.745787439300000E-01   0.000000000000000E+00   0.000000000000000E+00   0.000000000000000E+00   0.000000000000000E+00
   4.907477620900000E-01   3.554288694600000E+00   3.225474659000000E-01   1.115315008900000E+00   5.227643538300000E-01   0.000000000000000E+00   0.000000000000000E+00   0.000000000000000E+00   0.000000000000000E+00
   4.997248068200000E-01   3.554568277300000E+00   3.225483838400000E-01   1.094630815800000E+00   5.745783039300000E-01   0.000000000000000E+00   0.000000000000000E+00   0.000000000000000E+00   0.000000000000000E+00
   5.087018515500000E-01   3.554424260300000E+00   3.225479106700000E-01   1.105286008000000E+00   5.478870211700000E-01   0.000000000000000E+00   0.000000000000000E+00   0.000000000000000E+00   0.000000000000000E+00
   5.176788962900000E-01   3.554568272200000E+00   3.225483839400000E-01   1.094631029800000E+00   5.745777687000000E-01   0.000000000000000E+00   0.000000000000000E+00   0.000000000000000E+00   0.000000000000000E+00
   5.266559410200000E-01   3.554288731700000E+00   3.225474650700000E-01   1.115313638900000E+00   5.227677787200000E-01   0.000000000000000E+00   0.000000000000000E+00   0.000000000000000E+00   0.000000000000000E+00
   5.392655506000000E-01   3.554568269300000E+00   3.225483839700000E-01   1.094631185400000E+00   5.745773791800000E-01   0.000000000000000E+00   0.000000000000000E+00   0.000000000000000E+00   0.000000000000000E+00
   5.518751601800000E-01   3.554424269100000E+00   3.225479105500000E-01   1.105285568600000E+00   5.478881209000001E-01   0.000000000000000E+00   0.000000000000000E+00   0.000000000000000E+00   0.000000000000000E+00
   5.644847697499999E-01   3.554568266700000E+00   3.225483839900000E-01   1.094631337600000E+00   5.745769980100000E-01   0.000000000000000E+00   0.000000000000000E+00   0.000000000000000E+00   0.000000000000000E+00
   5.770943793300000E-01   3.554288748600000E+00   3.225474649300000E-01   1.115312664600000E+00   5.227702181500000E-01   0.000000000000000E+00   0.000000000000000E+00   0.000000000000000E+00   0.000000000000000E+00
   5.836022180600000E-01   3.554568263700000E+00   3.225483840000000E-01   1.094631527600000E+00   5.745765221100000E-01   0.000000000000000E+00   0.000000000000000E+00   0.000000000000000E+00   0.000000000000000E+00
   5.901100567799999E-01   3.554424277400000E+00   3.225479105200000E-01   1.105285032000000E+00   5.478894646400000E-01   0.000000000000000E+00   0.000000000000000E+00   0.000000000000000E+00   0.000000000000000E+00
   5.966178955100000E-01   3.554568259500000E+00   3.225483839900000E-01   1.094631822500000E+00   5.745757835000000E-01   0.000000000000000E+00   0.000000000000000E+00   0.000000000000000E+00   0.000000000000000E+00
   6.031257342300000E-01   3.554288776000000E+00   3.225474649300000E-01   1.115310777500000E+00   5.227749451600000E-01   0.000000000000000E+00   0.000000000000000E+00   0.000000000000000E+00   0.000000000000000E+00
   6.095166967800000E-01   3.554568256100000E+00   3.225483839900000E-01   1.094632075400000E+00   5.745751499600000E-01   0.000000000000000E+00   0.000000000000000E+00   0.000000000000000E+00   0.000000000000000E+00
   6.159076593200000E-01   3.554424287300000E+00   3.225479105400000E-01   1.105284318000000E+00   5.478912534400000E-01   0.000000000000000E+00   0.000000000000000E+00   0.000000000000000E+00   0.000000000000000E+00
   6.222986218700000E-01   3.554568252000000E+00   3.225483839700000E-01   1.094632375500000E+00   5.745743979100000E-01   0.000000000000000E+00   0.000000000000000E+00   0.000000000000000E+00   0.000000000000000E+00
   6.286895844100000E-01   3.554288802200000E+00   3.225474650000000E-01   1.115308856300000E+00   5.227797582700000E-01   0.000000000000000E+00   0.000000000000000E+00   0.000000000000000E+00   0.000000000000000E+00
   6.348516975200000E-01   3.554568248500000E+00   3.225483839600000E-01   1.094632635400000E+00   5.745737468300000E-01   0.000000000000000E+00   0.000000000000000E+00   0.000000000000000E+00   0.000000000000000E+00
   6.410138106300000E-01   3.554424297200000E+00   3.225479105700000E-01   1.105283584200000E+00   5.478930917700000E-01   0.000000000000000E+00   0.000000000000000E+00   0.000000000000000E+00   0.000000000000000E+00
   6.471759237400000E-01   3.554568244200000E+00   3.225483839500000E-01   1.094632946700000E+00   5.745729669400000E-01   0.000000000000000E+00   0.000000000000000E+00   0.000000000000000E+00   0.000000000000000E+00
   6.533380368500000E-01   3.554288829100000E+00   3.225474650800000E-01   1.115306864000000E+00   5.227847495600000E-01   0.000000000000000E+00   0.000000000000000E+00   0.000000000000000E+00   0.000000000000000E+00
   6.595297715600000E-01   3.554568240700000E+00   3.225483839400000E-01   1.094633210700000E+00   5.745723056599999E-01   0.000000000000000E+00   0.000000000000000E+00   0.000000000000000E+00   0.000000000000000E+00
   6.657215062600000E-01   3.554424307300000E+00   3.225479106100000E-01   1.105282838900000E+00   5.478949589100000E-01   0.000000000000000E+00   0.000000000000000E+00   0.000000000000000E+00   0.000000000000000E+00
   6.719132409700000E-01   3.554568236500000E+00   3.225483839200000E-01   1.094633520400000E+00   5.745715296000000E-01   0.000000000000000E+00   0.000000000000000E+00   0.000000000000000E+00   0.000000000000000E+00
   6.781049756700001E-01   3.554288855900000E+00   3.225474651700000E-01   1.115304881500000E+00   5.227897163600000E-01   0.000000000000000E+00   0.000000000000000E+00   0.000000000000000E+00   0.000000000000000E+00
   6.851113518500000E-01   3.554568233200000E+00   3.225483839100000E-01   1.094633768400000E+00   5.745709083400000E-01   0.000000000000000E+00   0.000000000000000E+00   0.000000000000000E+00   0.000000000000000E+00
   6.921177280400000E-01   3.554424316700000E+00   3.225479106400000E-01   1.105282138800000E+00   5.478967130800000E-01   0.000000000000000E+00   0.000000000000000E+00   0.000000000000000E+00   0.000000000000000E+00
   6.991241042200000E-01   3.554568229500000E+00   3.225483839000000E-01   1.094634042100000E+00   5.745702225900000E-01   0.000000000000000E+00   0.000000000000000E+00   0.000000000000000E+00   0.000000000000000E+00
   7.061304804000000E-01   3.554288879500000E+00   3.225474652500000E-01   1.115303129700000E+00   5.227941051500000E-01   0.000000000000000E+00   0.000000000000000E+00   0.000000000000000E+00   0.000000000000000E+00
   7.126744961600000E-01   3.554568226200000E+00   3.225483838900000E-01   1.094634283000000E+00   5.745696191400000E-01   0.000000000000000E+00   0.000000000000000E+00   0.000000000000000E+00   0.000000000000000E+00
   7.192185119300000E-01   3.554424325900000E+00   3.225479106700000E-01   1.105281458700000E+00   5.478984169200000E-01   0.000000000000000E+00   0.000000000000000E+00   0.000000000000000E+00   0.000000000000000E+00
   7.257625276900000E-01   3.554568222200000E+00   3.225483838800000E-01   1.094634576000000E+00   5.745688850200000E-01   0.000000000000000E+00   0.000000000000000E+00   0.000000000000000E+00   0.000000000000000E+00
   7.323065434500000E-01   3.554288904900000E+00   3.225474653300000E-01   1.115301254400000E+00   5.227988035000000E-01   0.000000000000000E+00   0.000000000000000E+00   0.000000000000000E+00   0.000000000000000E+00
   7.400782287400000E-01   3.554568219100000E+00   3.225483838700000E-01   1.094634805400000E+00   5.745683103500000E-01   0.000000000000000E+00   0.000000000000000E+00   0.000000000000000E+00   0.000000000000000E+00
   7.478499140200000E-01   3.554424334700000E+00   3.225479107000000E-01   1.105280811000000E+00   5.479000395500000E-01   0.000000000000000E+00   0.000000000000000E+00   0.000000000000000E+00   0.000000000000000E+00
   7.556215993099999E-01   3.554568215800000E+00   3.225483838500000E-01   1.094635052100000E+00   5.745676922600000E-01   0.000000000000000E+00   0.000000000000000E+00   0.000000000000000E+00   0.000000000000000E+00
   7.633932845900000E-01   3.554288926200000E+00   3.225474654000000E-01   1.115299675400000E+00   5.228027592400000E-01   0.000000000000000E+00   0.000000000000000E+00   0.000000000000000E+00   0.000000000000000E+00
   7.712953820900000E-01   3.554568213000000E+00   3.225483838500000E-01   1.094635260100000E+00   5.745671712500000E-01   0.000000000000000E+00   0.000000000000000E+00   0.000000000000000E+00   0.000000000000000E+00
   7.791974795900000E-01   3.554424342600000E+00   3.225479107200000E-01   1.105280223800000E+00   5.479015106400000E-01   0.000000000000000E+00   0.000000000000000E+00   0.000000000000000E+00   0.000000000000000E+00
   7.870995770900000E-01   3.554568209700000E+00   3.225483838300000E-01   1.094635502700000E+00   5.745665634300000E-01   0.000000000000000E+00   0.000000000000000E+00   0.000000000000000E+00   0.000000000000000E+00
   7.950016745900000E-01   3.554288947200000E+00   3.225474654700000E-01   1.115298122700000E+00   5.228066493200000E-01   0.000000000000000E+00   0.000000000000000E+00   0.000000000000000E+00   0.000000000000000E+00
   7.992564284700000E-01   3.554568205800000E+00   3.225483838200000E-01   1.094635797300000E+00   5.745658253500000E-01   0.000000000000000E+00   0.000000000000000E+00   0.000000000000000E+00   0.000000000000000E+00
   8.035111823500000E-01   3.554424353800000E+00   3.225479107600000E-01   1.105279392000000E+00   5.479035945500000E-01   0.000000000000000E+00   0.000000000000000E+00   0.000000000000000E+00   0.000000000000000E+00
   8.077659362200000E-01   3.554568199700000E+00   3.225483838000000E-01   1.094636247800000E+00   5.745646966400000E-01   0.000000000000000E+00   0.000000000000000E+00   0.000000000000000E+00   0.000000000000000E+00
   8.120206901000000E-01   3.554288986100000E+00   3.225474656000000E-01   1.115295239300000E+00   5.228138731200000E-01   0.000000000000000E+00   0.000000000000000E+00   0.000000000000000E+00   0.000000000000000E+00
   8.160150818900000E-01   3.554568194300000E+00   3.225483837800000E-01   1.094636643200000E+00   5.745637060400000E-01   0.000000000000000E+00   0.000000000000000E+00   0.000000000000000E+00   0.000000000000000E+00
   8.200094736800000E-01   3.554424368900000E+00   3.225479108100000E-01   1.105278275600000E+00   5.479063915100000E-01   0.000000000000000E+00   0.000000000000000E+00   0.000000000000000E+00   0.000000000000000E+00
   8.240038654700000E-01   3.554568187800000E+00   3.225483837600000E-01   1.094637123000000E+00   5.745625039700000E-01   0.000000000000000E+00   0.000000000000000E+00   0.000000000000000E+00   0.000000000000000E+00
   8.279982572600000E-01   3.554289027600000E+00   3.225474657400000E-01   1.115292168500000E+00   5.228215663500000E-01   0.000000000000000E+00   0.000000000000000E+00   0.000000000000000E+00   0.000000000000000E+00
   8.316882284500000E-01   3.554568182100000E+00   3.225483837400000E-01   1.094637547700000E+00   5.745614401700000E-01   0.000000000000000E+00   0.000000000000000E+00   0.000000000000000E+00   0.000000000000000E+00
   8.353781996500000E-01   3.554424385100000E+00   3.225479108600000E-01   1.105277076700000E+00   5.479093951800000E-01   0.000000000000000E+00   0.000000000000000E+00   0.000000000000000E+00   0.000000000000000E+00
   8.390681708500000E-01   3.554568175100000E+00   3.225483837200000E-01   1.094638067000000E+00   5.745601391900000E-01   0.000000000000000E+00   0.000000000000000E+00   0.000000000000000E+00   0.000000000000000E+00
   8.427581420400000E-01   3.554289072500000E+00   3.225474658800000E-01   1.115288845100000E+00   5.228298926200000E-01   0.000000000000000E+00   0.000000000000000E+00   0.000000000000000E+00   0.000000000000000E+00
   8.457928827400000E-01   3.554568168500000E+00   3.225483837000000E-01   1.094638556000000E+00   5.745589140900000E-01   0.000000000000000E+00   0.000000000000000E+00   0.000000000000000E+00   0.000000000000000E+00
   8.488276234400000E-01   3.554424403700000E+00   3.225479109200000E-01   1.105275696000000E+00   5.479128542100000E-01   0.000000000000000E+00   0.000000000000000E+00   0.000000000000000E+00   0.000000000000000E+00
   8.518623641400001E-01   3.554568160000000E+00   3.225483836700000E-01   1.094639187200000E+00   5.745573325800000E-01   0.000000000000000E+00   0.000000000000000E+00   0.000000000000000E+00   0.000000000000000E+00
   8.548971048400000E-01   3.554289127000000E+00   3.225474660600000E-01   1.115284805000000E+00   5.228400142800000E-01   0.000000000000000E+00   0.000000000000000E+00   0.000000000000000E+00   0.000000000000000E+00
   8.581183090500000E-01   3.554568152900000E+00   3.225483836500000E-01   1.094639708200000E+00   5.745560273800000E-01   0.000000000000000E+00   0.000000000000000E+00   0.000000000000000E+00   0.000000000000000E+00
   8.613395132600000E-01   3.554424423600000E+00   3.225479109900000E-01   1.105274225000000E+00   5.479165395200000E-01   0.000000000000000E+00   0.000000000000000E+00   0.000000000000000E+00   0.000000000000000E+00
   8.645607174800000E-01   3.554568144900000E+00   3.225483836200000E-01   1.094640302800000E+00   5.745545377800000E-01   0.000000000000000E+00   0.000000000000000E+00   0.000000000000000E+00   0.000000000000000E+00
   8.677819216900000E-01   3.554289178400000E+00   3.225474662300000E-01   1.115280999700000E+00   5.228495477000000E-01   0.000000000000000E+00   0.000000000000000E+00   0.000000000000000E+00   0.000000000000000E+00
   8.703488313500000E-01   3.554568137200000E+00   3.225483836000000E-01   1.094640872500000E+00   5.745531104000000E-01   0.000000000000000E+00   0.000000000000000E+00   0.000000000000000E+00   0.000000000000000E+00
   8.729157410100000E-01   3.554424445300000E+00   3.225479110600000E-01   1.105272616400000E+00   5.479205696700000E-01   0.000000000000000E+00   0.000000000000000E+00   0.000000000000000E+00   0.000000000000000E+00
   8.754826506700000E-01   3.554568127100000E+00   3.225483835600000E-01   1.094641618400000E+00   5.745512416100000E-01   0.000000000000000E+00   0.000000000000000E+00   0.000000000000000E+00   0.000000000000000E+00
   8.780495603300000E-01   3.554289242900000E+00   3.225474664400000E-01   1.115276225800000E+00   5.228615079500000E-01   0.000000000000000E+00   0.000000000000000E+00   0.000000000000000E+00   0.000000000000000E+00
   8.807056537400000E-01   3.554568118700000E+00   3.225483835400000E-01   1.094642241700000E+00   5.745496800500000E-01   0.000000000000000E+00   0.000000000000000E+00   0.000000000000000E+00   0.000000000000000E+00
   8.833617471600000E-01   3.554424469100000E+00   3.225479111400000E-01   1.105270856500000E+00   5.479249788100000E-01   0.000000000000000E+00   0.000000000000000E+00   0.000000000000000E+00   0.000000000000000E+00
   8.860178405700000E-01   3.554568109000000E+00   3.225483835000000E-01   1.094642962400000E+00   5.745478745400000E-01   0.000000000000000E+00   0.000000000000000E+00   0.000000000000000E+00   0.000000000000000E+00
   8.886739339900001E-01   3.554289305200000E+00   3.225474666500000E-01   1.115271613500000E+00   5.228730632300000E-01   0.000000000000000E+00   0.000000000000000E+00   0.000000000000000E+00   0.000000000000000E+00
   8.909106987400000E-01   3.554568099900000E+00   3.225483834700000E-01   1.094643632300000E+00   5.745461962200000E-01   0.000000000000000E+00   0.000000000000000E+00   0.000000000000000E+00   0.000000000000000E+00
   8.931474634900000E-01   3.554424494600000E+00   3.225479112200000E-01   1.105268965000000E+00   5.479297174900000E-01   0.000000000000000E+00   0.000000000000000E+00   0.000000000000000E+00   0.000000000000000E+00
   8.953842282400000E-01   3.554568088400000E+00   3.225483834400000E-01   1.094644487800000E+00   5.745440529000000E-01   0.000000000000000E+00   0.000000000000000E+00   0.000000000000000E+00   0.000000000000000E+00
   8.976209929900000E-01   3.554289379100000E+00   3.225474668900000E-01   1.115266138200000E+00   5.228867804600000E-01   0.000000000000000E+00   0.000000000000000E+00   0.000000000000000E+00   0.000000000000000E+00
   8.997860518800000E-01   3.554568078400000E+00   3.225483834000000E-01   1.094645226900000E+00   5.745422012300000E-01   0.000000000000000E+00   0.000000000000000E+00   0.000000000000000E+00   0.000000000000000E+00
   9.019511107800000E-01   3.554424522800000E+00   3.225479113200000E-01   1.105266878200000E+00   5.479349457400000E-01   0.000000000000000E+00   0.000000000000000E+00   0.000000000000000E+00   0.000000000000000E+00
   9.041161696800000E-01   3.554568066500000E+00   3.225483833600000E-01   1.094646110400000E+00   5.745399876900000E-01   0.000000000000000E+00   0.000000000000000E+00   0.000000000000000E+00   0.000000000000000E+00
   9.062812285800000E-01   3.554289455500000E+00   3.225474671400000E-01   1.115260483600000E+00   5.229009470800000E-01   0.000000000000000E+00   0.000000000000000E+00   0.000000000000000E+00   0.000000000000000E+00
   9.088793725500000E-01   3.554568057200000E+00   3.225483833300000E-01   1.094646798700000E+00   5.745382633300000E-01   0.000000000000000E+00   0.000000000000000E+00   0.000000000000000E+00   0.000000000000000E+00
   9.114775165300000E-01   3.554424549100000E+00   3.225479114000000E-01   1.105264934700000E+00   5.479398146400000E-01   0.000000000000000E+00   0.000000000000000E+00   0.000000000000000E+00   0.000000000000000E+00
   9.140756605100000E-01   3.554568047200000E+00   3.225483833000000E-01   1.094647534700000E+00   5.745364193600000E-01   0.000000000000000E+00   0.000000000000000E+00   0.000000000000000E+00   0.000000000000000E+00
   9.166738044900000E-01   3.554289519100000E+00   3.225474673500000E-01   1.115255773100000E+00   5.229127484500000E-01   0.000000000000000E+00   0.000000000000000E+00   0.000000000000000E+00   0.000000000000000E+00
   9.188926307000000E-01   3.554568038100000E+00   3.225483832700000E-01   1.094648213700000E+00   5.745347182500000E-01   0.000000000000000E+00   0.000000000000000E+00   0.000000000000000E+00   0.000000000000000E+00
   9.211114569100000E-01   3.554424574900000E+00   3.225479114900000E-01   1.105263017600000E+00   5.479446176800000E-01   0.000000000000000E+00   0.000000000000000E+00   0.000000000000000E+00   0.000000000000000E+00
   9.233302831100000E-01   3.554568026400000E+00   3.225483832300000E-01   1.094649075300000E+00   5.745325597499999E-01   0.000000000000000E+00   0.000000000000000E+00   0.000000000000000E+00   0.000000000000000E+00
   9.255491093200000E-01   3.554289593500000E+00   3.225474676000000E-01   1.115250259100000E+00   5.229265628799999E-01   0.000000000000000E+00   0.000000000000000E+00   0.000000000000000E+00   0.000000000000000E+00
   9.273338263999999E-01   3.554568015300000E+00   3.225483832000000E-01   1.094649896600000E+00   5.745305022000000E-01   0.000000000000000E+00   0.000000000000000E+00   0.000000000000000E+00   0.000000000000000E+00
   9.291185434800000E-01   3.554424606300000E+00   3.225479115900000E-01   1.105260698800000E+00   5.479504270400000E-01   0.000000000000000E+00   0.000000000000000E+00   0.000000000000000E+00   0.000000000000000E+00
   9.309032605599999E-01   3.554568000900000E+00   3.225483831500000E-01   1.094650967300000E+00   5.745278197000000E-01   0.000000000000000E+00   0.000000000000000E+00   0.000000000000000E+00   0.000000000000000E+00
   9.326879776400000E-01   3.554289686100000E+00   3.225474679000000E-01   1.115243406600000E+00   5.229437308700000E-01   0.000000000000000E+00   0.000000000000000E+00   0.000000000000000E+00   0.000000000000000E+00
   9.342246975700000E-01   3.554567987600000E+00   3.225483831000000E-01   1.094651950600000E+00   5.745253560900000E-01   0.000000000000000E+00   0.000000000000000E+00   0.000000000000000E+00   0.000000000000000E+00
   9.357614175000000E-01   3.554424643800000E+00   3.225479117100000E-01   1.105257922400000E+00   5.479573829500000E-01   0.000000000000000E+00   0.000000000000000E+00   0.000000000000000E+00   0.000000000000000E+00
   9.372981374300000E-01   3.554567970800000E+00   3.225483830500000E-01   1.094653193500000E+00   5.745222421300000E-01   0.000000000000000E+00   0.000000000000000E+00   0.000000000000000E+00   0.000000000000000E+00
   9.388348573600001E-01   3.554289793500000E+00   3.225474682500000E-01   1.115235451800000E+00   5.229636602000000E-01   0.000000000000000E+00   0.000000000000000E+00   0.000000000000000E+00   0.000000000000000E+00
   9.401962292400000E-01   3.554567955600000E+00   3.225483830000000E-01   1.094654317800000E+00   5.745194254700000E-01   0.000000000000000E+00   0.000000000000000E+00   0.000000000000000E+00   0.000000000000000E+00
   9.415576011200000E-01   3.554424686600000E+00   3.225479118500000E-01   1.105254748100000E+00   5.479653356800001E-01   0.000000000000000E+00   0.000000000000000E+00   0.000000000000000E+00   0.000000000000000E+00
   9.429189730000000E-01   3.554567936700000E+00   3.225483829400000E-01   1.094655720100000E+00   5.745159122900000E-01   0.000000000000000E+00   0.000000000000000E+00   0.000000000000000E+00   0.000000000000000E+00
   9.442803448800000E-01   3.554289914700000E+00   3.225474686500000E-01   1.115226477300000E+00   5.229861445800000E-01   0.000000000000000E+00   0.000000000000000E+00   0.000000000000000E+00   0.000000000000000E+00
   9.457002708400000E-01   3.554567921000000E+00   3.225483828900000E-01   1.094656887100000E+00   5.745129884900000E-01   0.000000000000000E+00   0.000000000000000E+00   0.000000000000000E+00   0.000000000000000E+00
   9.471201968000000E-01   3.554424731100000E+00   3.225479120000000E-01   1.105251452900000E+00   5.479735911800000E-01   0.000000000000000E+00   0.000000000000000E+00   0.000000000000000E+00   0.000000000000000E+00
   9.485401227600000E-01   3.554567902800000E+00   3.225483828300000E-01   1.094658230800000E+00   5.745096220300000E-01   0.000000000000000E+00   0.000000000000000E+00   0.000000000000000E+00   0.000000000000000E+00
   9.499600487099999E-01   3.554290030800000E+00   3.225474690300000E-01   1.115217877500000E+00   5.230076898900000E-01   0.000000000000000E+00   0.000000000000000E+00   0.000000000000000E+00   0.000000000000000E+00
   9.516651294200000E-01   3.554567888700000E+00   3.225483827800000E-01   1.094659277200000E+00   5.745070005700000E-01   0.000000000000000E+00   0.000000000000000E+00   0.000000000000000E+00   0.000000000000000E+00
   9.533702101300000E-01   3.554424771000000E+00   3.225479121300000E-01   1.105248498400000E+00   5.479809932000000E-01   0.000000000000000E+00   0.000000000000000E+00   0.000000000000000E+00   0.000000000000000E+00
   9.550752908400000E-01   3.554567873600000E+00   3.225483827300000E-01   1.094660395600000E+00   5.745041985000000E-01   0.000000000000000E+00   0.000000000000000E+00   0.000000000000000E+00   0.000000000000000E+00
   9.567803715500000E-01   3.554290127400000E+00   3.225474693500000E-01   1.115210719600000E+00   5.230256231600000E-01   0.000000000000000E+00   0.000000000000000E+00   0.000000000000000E+00   0.000000000000000E+00
   9.576974156600000E-01   3.554567855200000E+00   3.225483826700000E-01   1.094661754500000E+00   5.745007938900000E-01   0.000000000000000E+00   0.000000000000000E+00   0.000000000000000E+00   0.000000000000000E+00
   9.586144597600000E-01   3.554424822800000E+00   3.225479123000000E-01   1.105244662000000E+00   5.479906048299999E-01   0.000000000000000E+00   0.000000000000000E+00   0.000000000000000E+00   0.000000000000000E+00
   9.595315038700000E-01   3.554567827200000E+00   3.225483825800000E-01   1.094663832700000E+00   5.744955872700001E-01   0.000000000000000E+00   0.000000000000000E+00   0.000000000000000E+00   0.000000000000000E+00
   9.604485479700000E-01   3.554290307000000E+00   3.225474699400000E-01   1.115197419100000E+00   5.230589455000000E-01   0.000000000000000E+00   0.000000000000000E+00   0.000000000000000E+00   0.000000000000000E+00
   9.614070519800000E-01   3.554567803800000E+00   3.225483825000000E-01   1.094665560200000E+00   5.744912592000000E-01   0.000000000000000E+00   0.000000000000000E+00   0.000000000000000E+00   0.000000000000000E+00
   9.623655559800000E-01   3.554424888700000E+00   3.225479125200000E-01   1.105239784200000E+00   5.480028254400000E-01   0.000000000000000E+00   0.000000000000000E+00   0.000000000000000E+00   0.000000000000000E+00
   9.633240599900000E-01   3.554567777000000E+00   3.225483824100000E-01   1.094667546900000E+00   5.744862818599999E-01   0.000000000000000E+00   0.000000000000000E+00   0.000000000000000E+00   0.000000000000000E+00
   9.642825639900000E-01   3.554290478700000E+00   3.225474705100000E-01   1.115184704400000E+00   5.230908005000000E-01   0.000000000000000E+00   0.000000000000000E+00   0.000000000000000E+00   0.000000000000000E+00
   9.651558828600000E-01   3.554567753100000E+00   3.225483823300000E-01   1.094669317200000E+00   5.744818464800000E-01   0.000000000000000E+00   0.000000000000000E+00   0.000000000000000E+00   0.000000000000000E+00
   9.660292017400000E-01   3.554424956200000E+00   3.225479127400000E-01   1.105234785700000E+00   5.480153484900000E-01   0.000000000000000E+00   0.000000000000000E+00   0.000000000000000E+00   0.000000000000000E+00
   9.669025206100000E-01   3.554567723700000E+00   3.225483822400000E-01   1.094671495900000E+00   5.744763882100000E-01   0.000000000000000E+00   0.000000000000000E+00   0.000000000000000E+00   0.000000000000000E+00
   9.677758394800000E-01   3.554290667000000E+00   3.225474711300000E-01   1.115170761300000E+00   5.231257334600000E-01   0.000000000000000E+00   0.000000000000000E+00   0.000000000000000E+00   0.000000000000000E+00
   9.683917883199999E-01   3.554567693500000E+00   3.225483821400000E-01   1.094673733800000E+00   5.744707814200000E-01   0.000000000000000E+00   0.000000000000000E+00   0.000000000000000E+00   0.000000000000000E+00
   9.690077371600000E-01   3.554425041500000E+00   3.225479130200000E-01   1.105228467800000E+00   5.480311772499999E-01   0.000000000000000E+00   0.000000000000000E+00   0.000000000000000E+00   0.000000000000000E+00
   9.696236859900000E-01   3.554567651800000E+00   3.225483820000000E-01   1.094676819400000E+00   5.744630506300000E-01   0.000000000000000E+00   0.000000000000000E+00   0.000000000000000E+00   0.000000000000000E+00
   9.702396348300000E-01   3.554290933600000E+00   3.225474720000000E-01   1.115151013000000E+00   5.231752105100000E-01   0.000000000000000E+00   0.000000000000000E+00   0.000000000000000E+00   0.000000000000000E+00
   9.708612083100000E-01   3.554567616600000E+00   3.225483818800000E-01   1.094679428800000E+00   5.744565132700000E-01   0.000000000000000E+00   0.000000000000000E+00   0.000000000000000E+00   0.000000000000000E+00
   9.714827817800000E-01   3.554425141000000E+00   3.225479133500000E-01   1.105221100300000E+00   5.480496357700000E-01   0.000000000000000E+00   0.000000000000000E+00   0.000000000000000E+00   0.000000000000000E+00
   9.721043552600001E-01   3.554567575300000E+00   3.225483817500000E-01   1.094682482700000E+00   5.744488619000000E-01   0.000000000000000E+00   0.000000000000000E+00   0.000000000000000E+00   0.000000000000000E+00
   9.727259287300000E-01   3.554291197500000E+00   3.225474728700000E-01   1.115131467700000E+00   5.232241792900000E-01   0.000000000000000E+00   0.000000000000000E+00   0.000000000000000E+00   0.000000000000000E+00
   9.733028167400000E-01   3.554567539000000E+00   3.225483816300000E-01   1.094685177500000E+00   5.744421103700000E-01   0.000000000000000E+00   0.000000000000000E+00   0.000000000000000E+00   0.000000000000000E+00
   9.738797047500000E-01   3.554425243700000E+00   3.225479136900000E-01   1.105213491800000E+00   5.480686982200000E-01   0.000000000000000E+00   0.000000000000000E+00   0.000000000000000E+00   0.000000000000000E+00
   9.744565927600000E-01   3.554567494600000E+00   3.225483814800000E-01   1.094688463800000E+00   5.744338768600000E-01   0.000000000000000E+00   0.000000000000000E+00   0.000000000000000E+00   0.000000000000000E+00
   9.750334807600000E-01   3.554291481500000E+00   3.225474738000000E-01   1.115110435400000E+00   5.232768737900000E-01   0.000000000000000E+00   0.000000000000000E+00   0.000000000000000E+00   0.000000000000000E+00
   9.755897999000001E-01   3.554567456200000E+00   3.225483813600000E-01   1.094691306900000E+00   5.744267536400000E-01   0.000000000000000E+00   0.000000000000000E+00   0.000000000000000E+00   0.000000000000000E+00
   9.761461190300000E-01   3.554425352100000E+00   3.225479140400000E-01   1.105205464300000E+00   5.480888104600000E-01   0.000000000000000E+00   0.000000000000000E+00   0.000000000000000E+00   0.000000000000000E+00
   9.767024381600000E-01   3.554567410200000E+00   3.225483812100000E-01   1.094694710100000E+00   5.744182272300000E-01   0.000000000000000E+00   0.000000000000000E+00   0.000000000000000E+00   0.000000000000000E+00
   9.772587573000000E-01   3.554291775500000E+00   3.225474747700000E-01   1.115088655100000E+00   5.233314428800000E-01   0.000000000000000E+00   0.000000000000000E+00   0.000000000000000E+00   0.000000000000000E+00
   9.777510645100000E-01   3.554567368700000E+00   3.225483810700000E-01   1.094697788800000E+00   5.744105136200000E-01   0.000000000000000E+00   0.000000000000000E+00   0.000000000000000E+00   0.000000000000000E+00
   9.782433717300000E-01   3.554425469400000E+00   3.225479144300000E-01   1.105196772000000E+00   5.481105885799999E-01   0.000000000000000E+00   0.000000000000000E+00   0.000000000000000E+00   0.000000000000000E+00
   9.787356789400000E-01   3.554567316800000E+00   3.225483809000000E-01   1.094701628900000E+00   5.744008926600001E-01   0.000000000000000E+00   0.000000000000000E+00   0.000000000000000E+00   0.000000000000000E+00
   9.792279861600000E-01   3.554292107300000E+00   3.225474758600000E-01   1.115064078900000E+00   5.233930171000000E-01   0.000000000000000E+00   0.000000000000000E+00   0.000000000000000E+00   0.000000000000000E+00
   9.796339690100000E-01   3.554567268100000E+00   3.225483807400000E-01   1.094705237300000E+00   5.743918518200000E-01   0.000000000000000E+00   0.000000000000000E+00   0.000000000000000E+00   0.000000000000000E+00
   9.800399518600000E-01   3.554425606900000E+00   3.225479148800000E-01   1.105186584600000E+00   5.481361124600000E-01   0.000000000000000E+00   0.000000000000000E+00   0.000000000000000E+00   0.000000000000000E+00
   9.804459347100000E-01   3.554567205400000E+00   3.225483805300000E-01   1.094709885800000E+00   5.743802051800000E-01   0.000000000000000E+00   0.000000000000000E+00   0.000000000000000E+00   0.000000000000000E+00
   9.808519175600000E-01   3.554292508800000E+00   3.225474771800000E-01   1.115034328500000E+00   5.234675557200000E-01   0.000000000000000E+00   0.000000000000000E+00   0.000000000000000E+00   0.000000000000000E+00
   9.811867978200000E-01   3.554567146400000E+00   3.225483803400000E-01   1.094714252700000E+00   5.743692639800000E-01   0.000000000000000E+00   0.000000000000000E+00   0.000000000000000E+00   0.000000000000000E+00
   9.815216780800000E-01   3.554425773400000E+00   3.225479154300000E-01   1.105174256400000E+00   5.481670005900000E-01   0.000000000000000E+00   0.000000000000000E+00   0.000000000000000E+00   0.000000000000000E+00
   9.818565583300000E-01   3.554567070500000E+00   3.225483800900000E-01   1.094719876400000E+00   5.743551738800000E-01   0.000000000000000E+00   0.000000000000000E+00   0.000000000000000E+00   0.000000000000000E+00
   9.821914385900000E-01   3.554292994700000E+00   3.225474787700000E-01   1.114998336900000E+00   5.235577325400000E-01   0.000000000000000E+00   0.000000000000000E+00   0.000000000000000E+00   0.000000000000000E+00
   9.824839683900000E-01   3.554567001400000E+00   3.225483798600000E-01   1.094724997000000E+00   5.743423441100000E-01   0.000000000000000E+00   0.000000000000000E+00   0.000000000000000E+00   0.000000000000000E+00
   9.827764981900000E-01   3.554425968500000E+00   3.225479160700000E-01   1.105159800000000E+00   5.482032212700000E-01   0.000000000000000E+00   0.000000000000000E+00   0.000000000000000E+00   0.000000000000000E+00
   9.830690280000000E-01   3.554566914600000E+00   3.225483795800000E-01   1.094731419100000E+00   5.743262535800000E-01   0.000000000000000E+00   0.000000000000000E+00   0.000000000000000E+00   0.000000000000000E+00
   9.833615578000000E-01   3.554293549500000E+00   3.225474806000000E-01   1.114957235800000E+00   5.236607121400000E-01   0.000000000000000E+00   0.000000000000000E+00   0.000000000000000E+00   0.000000000000000E+00
   9.836947324899999E-01   3.554566845600000E+00   3.225483793500000E-01   1.094736537800000E+00   5.743134284200000E-01   0.000000000000000E+00   0.000000000000000E+00   0.000000000000000E+00   0.000000000000000E+00
   9.840279071800000E-01   3.554426163600000E+00   3.225479167100000E-01   1.105145345400000E+00   5.482394377799999E-01   0.000000000000000E+00   0.000000000000000E+00   0.000000000000000E+00   0.000000000000000E+00
   9.843610818800000E-01   3.554566769700000E+00   3.225483791000000E-01   1.094742162500000E+00   5.742993354300000E-01   0.000000000000000E+00   0.000000000000000E+00   0.000000000000000E+00   0.000000000000000E+00
   9.846942565700000E-01   3.554294035300000E+00   3.225474821900000E-01   1.114921237700000E+00   5.237509074400000E-01   0.000000000000000E+00   0.000000000000000E+00   0.000000000000000E+00   0.000000000000000E+00
   9.852443562900000E-01   3.554566718000000E+00   3.225483789300000E-01   1.094745995700000E+00   5.742897310200000E-01   0.000000000000000E+00   0.000000000000000E+00   0.000000000000000E+00   0.000000000000000E+00
   9.857944560100000E-01   3.554426309700000E+00   3.225479171900000E-01   1.105134518500000E+00   5.482665653100000E-01   0.000000000000000E+00   0.000000000000000E+00   0.000000000000000E+00   0.000000000000000E+00
   9.863445557200000E-01   3.554566672100000E+00   3.225483787800000E-01   1.094749396000000E+00   5.742812111100000E-01   0.000000000000000E+00   0.000000000000000E+00   0.000000000000000E+00   0.000000000000000E+00
   9.868946554400000E-01   3.554294328900000E+00   3.225474831600000E-01   1.114899475400000E+00   5.238054349000000E-01   0.000000000000000E+00   0.000000000000000E+00   0.000000000000000E+00   0.000000000000000E+00
   9.871389863700000E-01   3.554566608700000E+00   3.225483785700000E-01   1.094754093200000E+00   5.742694417899999E-01   0.000000000000000E+00   0.000000000000000E+00   0.000000000000000E+00   0.000000000000000E+00
   9.873833173000000E-01   3.554426488600000E+00   3.225479177800000E-01   1.105121264500000E+00   5.482997746100000E-01   0.000000000000000E+00   0.000000000000000E+00   0.000000000000000E+00   0.000000000000000E+00
   9.876276482300000E-01   3.554566505500000E+00   3.225483782300000E-01   1.094761731600000E+00   5.742503029500000E-01   0.000000000000000E+00   0.000000000000000E+00   0.000000000000000E+00   0.000000000000000E+00
   9.878719791700000E-01   3.554294988500000E+00   3.225474853300000E-01   1.114850589800000E+00   5.239279239100000E-01   0.000000000000000E+00   0.000000000000000E+00   0.000000000000000E+00   0.000000000000000E+00
   9.880906764300000E-01   3.554566413000000E+00   3.225483779300000E-01   1.094768594400000E+00   5.742331070900000E-01   0.000000000000000E+00   0.000000000000000E+00   0.000000000000000E+00   0.000000000000000E+00
   9.883093737000000E-01   3.554426750000000E+00   3.225479186300000E-01   1.105101889900000E+00   5.483483208300000E-01   0.000000000000000E+00   0.000000000000000E+00   0.000000000000000E+00   0.000000000000000E+00
   9.885280709700000E-01   3.554566298100000E+00   3.225483775500000E-01   1.094777099700000E+00   5.742117956500000E-01   0.000000000000000E+00   0.000000000000000E+00   0.000000000000000E+00   0.000000000000000E+00
   9.887467682400000E-01   3.554295723000000E+00   3.225474877400000E-01   1.114796155900000E+00   5.240643176499999E-01   0.000000000000000E+00   0.000000000000000E+00   0.000000000000000E+00   0.000000000000000E+00
   9.890518179400000E-01   3.554566214700000E+00   3.225483772800000E-01   1.094783293800000E+00   5.741962749800000E-01   0.000000000000000E+00   0.000000000000000E+00   0.000000000000000E+00   0.000000000000000E+00
   9.893568676500000E-01   3.554426986000000E+00   3.225479194100000E-01   1.105084394100000E+00   5.483921600800000E-01   0.000000000000000E+00   0.000000000000000E+00   0.000000000000000E+00   0.000000000000000E+00
   9.896619173500000E-01   3.554566132700000E+00   3.225483770100000E-01   1.094789373100000E+00   5.741810420200000E-01   0.000000000000000E+00   0.000000000000000E+00   0.000000000000000E+00   0.000000000000000E+00
   9.899669670600000E-01   3.554296247700000E+00   3.225474894600000E-01   1.114757248800000E+00   5.241618088300000E-01   0.000000000000000E+00   0.000000000000000E+00   0.000000000000000E+00   0.000000000000000E+00
   9.901670227700000E-01   3.554566044800000E+00   3.225483767200000E-01   1.094795889800000E+00   5.741647123800000E-01   0.000000000000000E+00   0.000000000000000E+00   0.000000000000000E+00   0.000000000000000E+00
   9.903670784900001E-01   3.554427234100000E+00   3.225479202300000E-01   1.105066002800000E+00   5.484382444600000E-01   0.000000000000000E+00   0.000000000000000E+00   0.000000000000000E+00   0.000000000000000E+00
   9.905671342100000E-01   3.554565920000000E+00   3.225483763100000E-01   1.094805130200000E+00   5.741415581700000E-01   0.000000000000000E+00   0.000000000000000E+00   0.000000000000000E+00   0.000000000000000E+00
   9.907671899300000E-01   3.554297045400000E+00   3.225474920800000E-01   1.114698110900000E+00   5.243099964900000E-01   0.000000000000000E+00   0.000000000000000E+00   0.000000000000000E+00   0.000000000000000E+00
   9.909796963100000E-01   3.554565817500000E+00   3.225483759700000E-01   1.094812739300000E+00   5.741224907900000E-01   0.000000000000000E+00   0.000000000000000E+00   0.000000000000000E+00   0.000000000000000E+00
   9.911922026900000E-01   3.554427523900000E+00   3.225479211800000E-01   1.105044516300000E+00   5.484920861400000E-01   0.000000000000000E+00   0.000000000000000E+00   0.000000000000000E+00   0.000000000000000E+00
   9.914047090700000E-01   3.554565700500000E+00   3.225483755900000E-01   1.094821405800000E+00   5.741007737700000E-01   0.000000000000000E+00   0.000000000000000E+00   0.000000000000000E+00   0.000000000000000E+00
   9.916172154400000E-01   3.554297793300000E+00   3.225474945400000E-01   1.114642645600000E+00   5.244489860200000E-01   0.000000000000000E+00   0.000000000000000E+00   0.000000000000000E+00   0.000000000000000E+00
   9.918103287900000E-01   3.554565596500000E+00   3.225483752500000E-01   1.094829128600000E+00   5.740814206900000E-01   0.000000000000000E+00   0.000000000000000E+00   0.000000000000000E+00   0.000000000000000E+00
   9.920034421400000E-01   3.554427817900000E+00   3.225479221400000E-01   1.105022713400000E+00   5.485467225800000E-01   0.000000000000000E+00   0.000000000000000E+00   0.000000000000000E+00   0.000000000000000E+00
   9.921965554800000E-01   3.554565468300000E+00   3.225483748200000E-01   1.094838629100000E+00   5.740576127900000E-01   0.000000000000000E+00   0.000000000000000E+00   0.000000000000000E+00   0.000000000000000E+00
   9.923896688300000E-01   3.554298613100000E+00   3.225474972300000E-01   1.114581842500000E+00   5.246013573800000E-01   0.000000000000000E+00   0.000000000000000E+00   0.000000000000000E+00   0.000000000000000E+00
   9.925794650500001E-01   3.554565358800000E+00   3.225483744600000E-01   1.094846758900000E+00   5.740372391000000E-01   0.000000000000000E+00   0.000000000000000E+00   0.000000000000000E+00   0.000000000000000E+00
   9.927692612800000E-01   3.554428127300000E+00   3.225479231600000E-01   1.104999759200000E+00   5.486042466400000E-01   0.000000000000000E+00   0.000000000000000E+00   0.000000000000000E+00   0.000000000000000E+00
   9.929590575100000E-01   3.554565228900000E+00   3.225483740400000E-01   1.094856386600000E+00   5.740131114700000E-01   0.000000000000000E+00   0.000000000000000E+00   0.000000000000000E+00   0.000000000000000E+00
   9.931488537399999E-01   3.554299443300000E+00   3.225474999600000E-01   1.114520225600000E+00   5.247557751200000E-01   0.000000000000000E+00   0.000000000000000E+00   0.000000000000000E+00   0.000000000000000E+00
   9.932861946600000E-01   3.554565097900000E+00   3.225483736100000E-01   1.094866116000000E+00   5.739887278500000E-01   0.000000000000000E+00   0.000000000000000E+00   0.000000000000000E+00   0.000000000000000E+00
   9.934235355800000E-01   3.554428497300000E+00   3.225479243700000E-01   1.104972303700000E+00   5.486730545700000E-01   0.000000000000000E+00   0.000000000000000E+00   0.000000000000000E+00   0.000000000000000E+00
   9.935608765000000E-01   3.554564919200000E+00   3.225483730200000E-01   1.094879356600000E+00   5.739555443700000E-01   0.000000000000000E+00   0.000000000000000E+00   0.000000000000000E+00   0.000000000000000E+00
   9.936982174200000E-01   3.554300585000000E+00   3.225475037000000E-01   1.114435486500000E+00   5.249681512900000E-01   0.000000000000000E+00   0.000000000000000E+00   0.000000000000000E+00   0.000000000000000E+00
   9.938368926600000E-01   3.554564769100000E+00   3.225483725300000E-01   1.094890525100000E+00   5.739275518900000E-01   0.000000000000000E+00   0.000000000000000E+00   0.000000000000000E+00   0.000000000000000E+00
   9.939755679100000E-01   3.554428922100000E+00   3.225479257700000E-01   1.104940768000000E+00   5.487520934000000E-01   0.000000000000000E+00   0.000000000000000E+00   0.000000000000000E+00   0.000000000000000E+00
   9.941142431500000E-01   3.554564593200000E+00   3.225483719500000E-01   1.094903565000000E+00   5.738948687700000E-01   0.000000000000000E+00   0.000000000000000E+00   0.000000000000000E+00   0.000000000000000E+00
   9.942529183900000E-01   3.554301709000000E+00   3.225475073900000E-01   1.114352031600000E+00   5.251773251100000E-01   0.000000000000000E+00   0.000000000000000E+00   0.000000000000000E+00   0.000000000000000E+00
   9.944050917200000E-01   3.554564451300000E+00   3.225483714800000E-01   1.094914126600000E+00   5.738683953500000E-01   0.000000000000000E+00   0.000000000000000E+00   0.000000000000000E+00   0.000000000000000E+00
   9.945572650600000E-01   3.554429323700000E+00   3.225479270800000E-01   1.104910941200000E+00   5.488268552600000E-01   0.000000000000000E+00   0.000000000000000E+00   0.000000000000000E+00   0.000000000000000E+00
   9.947094383900000E-01   3.554564292000000E+00   3.225483709600000E-01   1.094925946500000E+00   5.738387672400000E-01   0.000000000000000E+00   0.000000000000000E+00   0.000000000000000E+00   0.000000000000000E+00
   9.948616117200000E-01   3.554302727100000E+00   3.225475107300000E-01   1.114276384300000E+00   5.253669465100000E-01   0.000000000000000E+00   0.000000000000000E+00   0.000000000000000E+00   0.000000000000000E+00
   9.950059516700001E-01   3.554564153700000E+00   3.225483705100000E-01   1.094936240200000E+00   5.738129629399999E-01   0.000000000000000E+00   0.000000000000000E+00   0.000000000000000E+00   0.000000000000000E+00
   9.951502916200000E-01   3.554429714700000E+00   3.225479283700000E-01   1.104881879300000E+00   5.488997067400000E-01   0.000000000000000E+00   0.000000000000000E+00   0.000000000000000E+00   0.000000000000000E+00
   9.952946315700000E-01   3.554563986700000E+00   3.225483699600000E-01   1.094948636600000E+00   5.737818870500000E-01   0.000000000000000E+00   0.000000000000000E+00   0.000000000000000E+00   0.000000000000000E+00
   9.954389715100000E-01   3.554303794100000E+00   3.225475142300000E-01   1.114197048200000E+00   5.255658339600000E-01   0.000000000000000E+00   0.000000000000000E+00   0.000000000000000E+00   0.000000000000000E+00
   9.955709668800000E-01   3.554563839100000E+00   3.225483694700000E-01   1.094959637500000E+00   5.737543070900000E-01   0.000000000000000E+00   0.000000000000000E+00   0.000000000000000E+00   0.000000000000000E+00
   9.957029622400000E-01   3.554430132300000E+00   3.225479297400000E-01   1.104850823600000E+00   5.489775648000000E-01   0.000000000000000E+00   0.000000000000000E+00   0.000000000000000E+00   0.000000000000000E+00
   9.958349576000000E-01   3.554563657500000E+00   3.225483688800000E-01   1.094973117000000E+00   5.737205119100000E-01   0.000000000000000E+00   0.000000000000000E+00   0.000000000000000E+00   0.000000000000000E+00
   9.959669529600000E-01   3.554304953700000E+00   3.225475180300000E-01   1.114110780000000E+00   5.257821252300000E-01   0.000000000000000E+00   0.000000000000000E+00   0.000000000000000E+00   0.000000000000000E+00
   9.961229364200000E-01   3.554563516300000E+00   3.225483684200000E-01   1.094983660300000E+00   5.736940754600000E-01   0.000000000000000E+00   0.000000000000000E+00   0.000000000000000E+00   0.000000000000000E+00
   9.962789198699999E-01   3.554430532300000E+00   3.225479310500000E-01   1.104821043800000E+00   5.490522334400000E-01   0.000000000000000E+00   0.000000000000000E+00   0.000000000000000E+00   0.000000000000000E+00
   9.964349033300000E-01   3.554563363700000E+00   3.225483679200000E-01   1.094995004800000E+00   5.736656290600000E-01   0.000000000000000E+00   0.000000000000000E+00   0.000000000000000E+00   0.000000000000000E+00
   9.965908867900000E-01   3.554305928200000E+00   3.225475212300000E-01   1.114038175800000E+00   5.259641838500000E-01   0.000000000000000E+00   0.000000000000000E+00   0.000000000000000E+00   0.000000000000000E+00
   9.966936052800000E-01   3.554563201200000E+00   3.225483673800000E-01   1.095007123300000E+00   5.736352387100000E-01   0.000000000000000E+00   0.000000000000000E+00   0.000000000000000E+00   0.000000000000000E+00
   9.967963237700000E-01   3.554430991000000E+00   3.225479325500000E-01   1.104786859400000E+00   5.491379597700000E-01   0.000000000000000E+00   0.000000000000000E+00   0.000000000000000E+00   0.000000000000000E+00
   9.968990422500000E-01   3.554562970900000E+00   3.225483666300000E-01   1.095024242300000E+00   5.735923055400000E-01   0.000000000000000E+00   0.000000000000000E+00   0.000000000000000E+00   0.000000000000000E+00
   9.970017607400000E-01   3.554307397500000E+00   3.225475260400000E-01   1.113928615800000E+00   5.262389604700000E-01   0.000000000000000E+00   0.000000000000000E+00   0.000000000000000E+00   0.000000000000000E+00
   9.970958028000000E-01   3.554562768300000E+00   3.225483659600000E-01   1.095039408300000E+00   5.735542636199999E-01   0.000000000000000E+00   0.000000000000000E+00   0.000000000000000E+00   0.000000000000000E+00
   9.971898448500000E-01   3.554431564700000E+00   3.225479344300000E-01   1.104744048300000E+00   5.492453442100000E-01   0.000000000000000E+00   0.000000000000000E+00   0.000000000000000E+00   0.000000000000000E+00
   9.972838869100000E-01   3.554562519200000E+00   3.225483651500000E-01   1.095057957800000E+00   5.735077300000000E-01   0.000000000000000E+00   0.000000000000000E+00   0.000000000000000E+00   0.000000000000000E+00
   9.973779289600000E-01   3.554308987000000E+00   3.225475312400000E-01   1.113809900800000E+00   5.265367810200000E-01   0.000000000000000E+00   0.000000000000000E+00   0.000000000000000E+00   0.000000000000000E+00
   9.974711287000000E-01   3.554562309000000E+00   3.225483644600000E-01   1.095073729500000E+00   5.734681557900000E-01   0.000000000000000E+00   0.000000000000000E+00   0.000000000000000E+00   0.000000000000000E+00
   9.975643284300000E-01   3.554432160300000E+00   3.225479363700000E-01   1.104699516700000E+00   5.493570795000000E-01   0.000000000000000E+00   0.000000000000000E+00   0.000000000000000E+00   0.000000000000000E+00
   9.976575281700000E-01   3.554562060300000E+00   3.225483636500000E-01   1.095092289500000E+00   5.734215792600000E-01   0.000000000000000E+00   0.000000000000000E+00   0.000000000000000E+00   0.000000000000000E+00
   9.977507279100000E-01   3.554310573600000E+00   3.225475364200000E-01   1.113691119300000E+00   5.268348765200001E-01   0.000000000000000E+00   0.000000000000000E+00   0.000000000000000E+00   0.000000000000000E+00
   9.978378473800000E-01   3.554561844200000E+00   3.225483629400000E-01   1.095108547800000E+00   5.733807676600000E-01   0.000000000000000E+00   0.000000000000000E+00   0.000000000000000E+00   0.000000000000000E+00
   9.979249668500000E-01   3.554432772400000E+00   3.225479383700000E-01   1.104653620100000E+00   5.494722873200000E-01   0.000000000000000E+00   0.000000000000000E+00   0.000000000000000E+00   0.000000000000000E+00
   9.980120863300000E-01   3.554561581000000E+00   3.225483620800000E-01   1.095128228400000E+00   5.733313558100001E-01   0.000000000000000E+00   0.000000000000000E+00   0.000000000000000E+00   0.000000000000000E+00
   9.980992058000000E-01   3.554312249700000E+00   3.225475418900000E-01   1.113565166600000E+00   5.271511203100000E-01   0.000000000000000E+00   0.000000000000000E+00   0.000000000000000E+00   0.000000000000000E+00
   9.981571467400000E-01   3.554561304300000E+00   3.225483611800000E-01   1.095149091000000E+00   5.732789596100000E-01   0.000000000000000E+00   0.000000000000000E+00   0.000000000000000E+00   0.000000000000000E+00
   9.982150876900000E-01   3.554433553100000E+00   3.225479409100000E-01   1.104594815000000E+00   5.496199884400000E-01   0.000000000000000E+00   0.000000000000000E+00   0.000000000000000E+00   0.000000000000000E+00
   9.982730286300000E-01   3.554560914700000E+00   3.225483599000000E-01   1.095178342500000E+00   5.732054617100000E-01   0.000000000000000E+00   0.000000000000000E+00   0.000000000000000E+00   0.000000000000000E+00
   9.983309695800000E-01   3.554314729100000E+00   3.225475499500000E-01   1.113377964500000E+00   5.276215281000000E-01   0.000000000000000E+00   0.000000000000000E+00   0.000000000000000E+00   0.000000000000000E+00
   9.983804751299999E-01   3.554560562600000E+00   3.225483587600000E-01   1.095205146500000E+00   5.731380692200000E-01   0.000000000000000E+00   0.000000000000000E+00   0.000000000000000E+00   0.000000000000000E+00
   9.984299806900000E-01   3.554434550300000E+00   3.225479441400000E-01   1.104519200000000E+00   5.498101177300000E-01   0.000000000000000E+00   0.000000000000000E+00   0.000000000000000E+00   0.000000000000000E+00
   9.984794862500000E-01   3.554560117600000E+00   3.225483573200000E-01   1.095238859800000E+00   5.730532384100000E-01   0.000000000000000E+00   0.000000000000000E+00   0.000000000000000E+00   0.000000000000000E+00
   9.985289918100000E-01   3.554317559600000E+00   3.225475591100000E-01   1.113162212500000E+00   5.281644795900000E-01   0.000000000000000E+00   0.000000000000000E+00   0.000000000000000E+00   0.000000000000000E+00
   9.985745681500000E-01   3.554559733500000E+00   3.225483560800000E-01   1.095268505500000E+00   5.729785595400000E-01   0.000000000000000E+00   0.000000000000000E+00   0.000000000000000E+00   0.000000000000000E+00
   9.986201445000000E-01   3.554435640200000E+00   3.225479476500000E-01   1.104435540100000E+00   5.500208776400000E-01   0.000000000000000E+00   0.000000000000000E+00   0.000000000000000E+00   0.000000000000000E+00
   9.986657208400000E-01   3.554559266800000E+00   3.225483545800000E-01   1.095304475600000E+00   5.728878273600000E-01   0.000000000000000E+00   0.000000000000000E+00   0.000000000000000E+00   0.000000000000000E+00
   9.987112971900000E-01   3.554320531200000E+00   3.225475686400000E-01   1.112932025500000E+00   5.287452132800000E-01   0.000000000000000E+00   0.000000000000000E+00   0.000000000000000E+00   0.000000000000000E+00
   9.987556982100000E-01   3.554558880600000E+00   3.225483533600000E-01   1.095335156600000E+00   5.728102885000000E-01   0.000000000000000E+00   0.000000000000000E+00   0.000000000000000E+00   0.000000000000000E+00
   9.988000992300000E-01   3.554436752600000E+00   3.225479512200000E-01   1.104348923400000E+00   5.502397745800000E-01   0.000000000000000E+00   0.000000000000000E+00   0.000000000000000E+00   0.000000000000000E+00
   9.988445002500000E-01   3.554558439900000E+00   3.225483520100000E-01   1.095371343000000E+00   5.727186136100000E-01   0.000000000000000E+00   0.000000000000000E+00   0.000000000000000E+00   0.000000000000000E+00
   9.988889012700000E-01   3.554323484700000E+00   3.225475781000000E-01   1.112700405000000E+00   5.293319168400000E-01   0.000000000000000E+00   0.000000000000000E+00   0.000000000000000E+00   0.000000000000000E+00
   9.989452302700000E-01   3.554558242200000E+00   3.225483518200000E-01   1.095398471400000E+00   5.726494594100000E-01   0.000000000000000E+00   0.000000000000000E+00   0.000000000000000E+00   0.000000000000000E+00
   9.990015592800000E-01   3.554438156600000E+00   3.225479570200000E-01   1.104271831100000E+00   5.504348323300000E-01   0.000000000000000E+00   0.000000000000000E+00   0.000000000000000E+00   0.000000000000000E+00
   9.990578882800000E-01   3.554559142500000E+00   3.225483584900000E-01   1.095425904900000E+00   5.725775275300000E-01   0.000000000000000E+00   0.000000000000000E+00   0.000000000000000E+00   0.000000000000000E+00
   9.991142172900001E-01   3.554330048400000E+00   3.225476121900000E-01   1.112519456600000E+00   5.297856886500000E-01   0.000000000000000E+00   0.000000000000000E+00   0.000000000000000E+00   0.000000000000000E+00
   9.991455791300000E-01   3.554565815800000E+00   3.225484013100000E-01   1.095455851800000E+00   5.724893824500000E-01   0.000000000000000E+00   0.000000000000000E+00   0.000000000000000E+00   0.000000000000000E+00
   9.991769409800000E-01   3.554454744500000E+00   3.225480568800000E-01   1.104172296300000E+00   5.506638548500000E-01   0.000000000000000E+00   0.000000000000000E+00   0.000000000000000E+00   0.000000000000000E+00
   9.992083028300000E-01   3.554586965300000E+00   3.225485348700000E-01   1.095495273400000E+00   5.723517564900000E-01   0.000000000000000E+00   0.000000000000000E+00   0.000000000000000E+00   0.000000000000000E+00
   9.992396646700000E-01   3.554386178100000E+00   3.225479503700000E-01   1.112183547700000E+00   5.305638328300000E-01   0.000000000000000E+00   0.000000000000000E+00   0.000000000000000E+00   0.000000000000000E+00
   9.992629343000000E-01   3.554648067400000E+00   3.225489172500000E-01   1.095516303900000E+00   5.721939712500000E-01   0.000000000000000E+00   0.000000000000000E+00   0.000000000000000E+00   0.000000000000000E+00
   9.992862039200000E-01   3.554587312400000E+00   3.225488779900000E-01   1.103980195000000E+00   5.509446499700000E-01   0.000000000000000E+00   0.000000000000000E+00   0.000000000000000E+00   0.000000000000000E+00
   9.993094735500000E-01   3.554791894100000E+00   3.225498154300000E-01   1.095515780600000E+00   5.719500367100000E-01   0.000000000000000E+00   0.000000000000000E+00   0.000000000000000E+00   0.000000000000000E+00
   9.993327431700000E-01   3.554711352900000E+00   3.225499629900000E-01   1.111642788300000E+00   5.314567486000000E-01   0.000000000000000E+00   0.000000000000000E+00   0.000000000000000E+00   0.000000000000000E+00
   9.993557953600000E-01   3.555161433300000E+00   3.225521193400000E-01   1.095405333200000E+00   5.716103467700000E-01   0.000000000000000E+00   0.000000000000000E+00   0.000000000000000E+00   0.000000000000000E+00
   9.993788475399999E-01   3.555408406500000E+00   3.225539896500000E-01   1.103476530700000E+00   5.509023823900000E-01   0.000000000000000E+00   0.000000000000000E+00   0.000000000000000E+00   0.000000000000000E+00
   9.994018997300000E-01   3.556099933400000E+00   3.225579690400000E-01   1.095052521700000E+00   5.709406101600000E-01   0.000000000000000E+00   0.000000000000000E+00   0.000000000000000E+00   0.000000000000000E+00
   9.994249519100000E-01   3.556799269900000E+00   3.225629659700000E-01   1.110363736400000E+00   5.314012743600000E-01   0.000000000000000E+00   0.000000000000000E+00   0.000000000000000E+00   0.000000000000000E+00
   9.994542579700000E-01   3.559030234900000E+00   3.225762392400000E-01   1.093814219400000E+00   5.692463472500000E-01   0.000000000000000E+00   0.000000000000000E+00   0.000000000000000E+00   0.000000000000000E+00
   9.994835640400000E-01   3.562524049800000E+00   3.225983638900000E-01   1.100261402700000E+00   5.474595071300000E-01   0.000000000000000E+00   0.000000000000000E+00   0.000000000000000E+00   0.000000000000000E+00
   9.995128701000000E-01   3.569119369300000E+00   3.226392317400000E-01   1.089483996900000E+00   5.637721834200000E-01   0.000000000000000E+00   0.000000000000000E+00   0.000000000000000E+00   0.000000000000000E+00
   9.995421761600000E-01   3.580495852100000E+00   3.227110834000000E-01   1.099892826100000E+00   5.197692055799999E-01   0.000000000000000E+00   0.000000000000000E+00   0.000000000000000E+00   0.000000000000000E+00
   9.995572318000000E-01   3.589790207600000E+00   3.227687673300000E-01   1.080733653600000E+00   5.529218666900000E-01   0.000000000000000E+00   0.000000000000000E+00   0.000000000000000E+00   0.000000000000000E+00
   9.995722874300000E-01   3.601755851800000E+00   3.228443678000000E-01   1.083475472600000E+00   5.277138618600000E-01   0.000000000000000E+00   0.000000000000000E+00   0.000000000000000E+00   0.000000000000000E+00
   9.995873430700000E-01   3.617862622500000E+00   3.229456906500000E-01   1.069162590200000E+00   5.386852884400000E-01   0.000000000000000E+00   0.000000000000000E+00   0.000000000000000E+00   0.000000000000000E+00
   9.996023987100000E-01   3.638627461900000E+00   3.230779693000000E-01   1.075540051300000E+00   4.926873349100000E-01   0.000000000000000E+00   0.000000000000000E+00   0.000000000000000E+00   0.000000000000000E+00
   9.996180921600000E-01   3.667461072100000E+00   3.232611436800000E-01   1.049486356600000E+00   5.151632778800000E-01   0.000000000000000E+00   0.000000000000000E+00   0.000000000000000E+00   0.000000000000000E+00
   9.996337856100000E-01   3.704408346000000E+00   3.234988851500000E-01   1.042979461000000E+00   4.807841164600000E-01   0.000000000000000E+00   0.000000000000000E+00   0.000000000000000E+00   0.000000000000000E+00
   9.996494790600000E-01   3.751795602600000E+00   3.238060178300000E-01   1.018227844000000E+00   4.789370985800000E-01   0.000000000000000E+00   0.000000000000000E+00   0.000000000000000E+00   0.000000000000000E+00
   9.996651725100000E-01   3.810640426800000E+00   3.241933983400000E-01   1.012391719600000E+00   4.223083338700000E-01   0.000000000000000E+00   0.000000000000000E+00   0.000000000000000E+00   0.000000000000000E+00
   9.996848944900000E-01   3.904018375000000E+00   3.248172593000000E-01   9.678566660800000E-01   4.234518147200000E-01   0.000000000000000E+00   0.000000000000000E+00   0.000000000000000E+00   0.000000000000000E+00
   9.997046164700000E-01   4.019421933800000E+00   3.256090364600000E-01   9.415076514500000E-01   3.711237652400000E-01   0.000000000000000E+00   0.000000000000000E+00   0.000000000000000E+00   0.000000000000000E+00
   9.997243384500000E-01   4.157486498400000E+00   3.265844698400000E-01   8.976195531100000E-01   3.516668701200000E-01   0.000000000000000E+00   0.000000000000000E+00   0.000000000000000E+00   0.000000000000000E+00
   9.997440604300000E-01   4.315882142100000E+00   3.277458882800000E-01   8.748632688300000E-01   2.841640252800000E-01   0.000000000000000E+00   0.000000000000000E+00   0.000000000000000E+00   0.000000000000000E+00
   9.997563020000000E-01   4.423671557300000E+00   3.285610141600000E-01   8.374633618800000E-01   2.953059887600000E-01   0.000000000000000E+00   0.000000000000000E+00   0.000000000000000E+00   0.000000000000000E+00
   9.997685435600000E-01   4.536964483400000E+00   3.294434293500000E-01   8.224721314500000E-01   2.595538262100000E-01   0.000000000000000E+00   0.000000000000000E+00   0.000000000000000E+00   0.000000000000000E+00
   9.997807851200000E-01   4.655391694400000E+00   3.303924389300000E-01   7.934304468000000E-01   2.569833013500000E-01   0.000000000000000E+00   0.000000000000000E+00   0.000000000000000E+00   0.000000000000000E+00
   9.997930266800000E-01   4.777360590300000E+00   3.314025776100000E-01   7.868005779100000E-01   2.098724790100000E-01   0.000000000000000E+00   0.000000000000000E+00   0.000000000000000E+00   0.000000000000000E+00
   9.998037867000000E-01   4.887425784300000E+00   3.323405348400000E-01   7.552888597800000E-01   2.259062905200000E-01   0.000000000000000E+00   0.000000000000000E+00   0.000000000000000E+00   0.000000000000000E+00
   9.998145467100000E-01   4.998746113700000E+00   3.333199791100000E-01   7.458613928800000E-01   1.980926625600000E-01   0.000000000000000E+00   0.000000000000000E+00   0.000000000000000E+00   0.000000000000000E+00
   9.998253067300000E-01   5.111318543300000E+00   3.343404348300000E-01   7.229433341900000E-01   2.010322847400000E-01   0.000000000000000E+00   0.000000000000000E+00   0.000000000000000E+00   0.000000000000000E+00
   9.998360667500000E-01   5.224036254000000E+00   3.353974183700000E-01   7.216126694300000E-01   1.621226089000000E-01   0.000000000000000E+00   0.000000000000000E+00   0.000000000000000E+00   0.000000000000000E+00
   9.998454973300001E-01   5.323240011100000E+00   3.363543003900000E-01   6.956069352499999E-01   1.811316006700000E-01   0.000000000000000E+00   0.000000000000000E+00   0.000000000000000E+00   0.000000000000000E+00
   9.998549279200000E-01   5.421802884100000E+00   3.373355257800000E-01   6.906550900500000E-01   1.589833659500000E-01   0.000000000000000E+00   0.000000000000000E+00   0.000000000000000E+00   0.000000000000000E+00
   9.998643585100000E-01   5.520017112300000E+00   3.383415691100000E-01   6.725739725200000E-01   1.650944183300000E-01   0.000000000000000E+00   0.000000000000000E+00   0.000000000000000E+00   0.000000000000000E+00
   9.998737890900000E-01   5.617113197300000E+00   3.393691755200000E-01   6.748519535200000E-01   1.320247506100000E-01   0.000000000000000E+00   0.000000000000000E+00   0.000000000000000E+00   0.000000000000000E+00
   9.998816083500000E-01   5.697237594700000E+00   3.402387267000000E-01   6.534797589900000E-01   1.523491454400000E-01   0.000000000000000E+00   0.000000000000000E+00   0.000000000000000E+00   0.000000000000000E+00
   9.998894276100000E-01   5.776251681300000E+00   3.411211391800000E-01   6.518676951600000E-01   1.342923459600000E-01   0.000000000000000E+00   0.000000000000000E+00   0.000000000000000E+00   0.000000000000000E+00
   9.998972468700000E-01   5.854585190000000E+00   3.420175528200000E-01   6.376513316400000E-01   1.420838838700000E-01   0.000000000000000E+00   0.000000000000000E+00   0.000000000000000E+00   0.000000000000000E+00
   9.999050661200000E-01   5.931657284600000E+00   3.429256096200000E-01   6.423400021900000E-01   1.136136544600000E-01   0.000000000000000E+00   0.000000000000000E+00   0.000000000000000E+00   0.000000000000000E+00
   9.999112957000000E-01   5.992665206400000E+00   3.436588881900000E-01   6.245372833500000E-01   1.338266437900000E-01   0.000000000000000E+00   0.000000000000000E+00   0.000000000000000E+00   0.000000000000000E+00
   9.999175252700000E-01   6.052694827100000E+00   3.443985302600000E-01   6.250224715400000E-01   1.187526940300000E-01   0.000000000000000E+00   0.000000000000000E+00   0.000000000000000E+00   0.000000000000000E+00
   9.999237548400000E-01   6.112199629200000E+00   3.451459202900000E-01   6.137126830900000E-01   1.270902771200000E-01   0.000000000000000E+00   0.000000000000000E+00   0.000000000000000E+00   0.000000000000000E+00
   9.999299844100000E-01   6.170695117600000E+00   3.458992178200000E-01   6.196538982799999E-01   1.024860684800000E-01   0.000000000000000E+00   0.000000000000000E+00   0.000000000000000E+00   0.000000000000000E+00
   9.999349475400000E-01   6.217070608500000E+00   3.465051721100000E-01   6.045847504500000E-01   1.215214163800000E-01   0.000000000000000E+00   0.000000000000000E+00   0.000000000000000E+00   0.000000000000000E+00
   9.999399106700000E-01   6.262691982400000E+00   3.471142808100000E-01   6.061227291300000E-01   1.087574234100000E-01   0.000000000000000E+00   0.000000000000000E+00   0.000000000000000E+00   0.000000000000000E+00
   9.999448738100000E-01   6.307986514100000E+00   3.477279227300000E-01   5.969399747500000E-01   1.168381350900000E-01   0.000000000000000E+00   0.000000000000000E+00   0.000000000000000E+00   0.000000000000000E+00
   9.999498369399999E-01   6.352532983000000E+00   3.483445690400000E-01   6.031581906700000E-01   9.567779702199999E-02   0.000000000000000E+00   0.000000000000000E+00   0.000000000000000E+00   0.000000000000000E+00
   9.999536903700000E-01   6.387044475600000E+00   3.488268608900000E-01   5.904807636100000E-01   1.129227768900000E-01   0.000000000000000E+00   0.000000000000000E+00   0.000000000000000E+00   0.000000000000000E+00
   9.999575438000000E-01   6.421012425500000E+00   3.493105521900000E-01   5.925018207700000E-01   1.022123939000000E-01   0.000000000000000E+00   0.000000000000000E+00   0.000000000000000E+00   0.000000000000000E+00
   9.999613972300000E-01   6.454818429300000E+00   3.497969095300000E-01   5.850949333500000E-01   1.095796137200000E-01   0.000000000000000E+00   0.000000000000000E+00   0.000000000000000E+00   0.000000000000000E+00
   9.999652506600000E-01   6.488099783600000E+00   3.502846539700000E-01   5.910028317800000E-01   9.179515017300000E-02   0.000000000000000E+00   0.000000000000000E+00   0.000000000000000E+00   0.000000000000000E+00
   9.999681688800000E-01   6.513330562000000E+00   3.506562043800000E-01   5.805466268800000E-01   1.067603748400000E-01   0.000000000000000E+00   0.000000000000000E+00   0.000000000000000E+00   0.000000000000000E+00
   9.999710870900000E-01   6.538180885300000E+00   3.510282381100000E-01   5.826340490400000E-01   9.800220002800000E-02   0.000000000000000E+00   0.000000000000000E+00   0.000000000000000E+00   0.000000000000000E+00
   9.999740053000000E-01   6.562975787600000E+00   3.514018492300000E-01   5.767861865400000E-01   1.043167671400000E-01   0.000000000000000E+00   0.000000000000000E+00   0.000000000000000E+00   0.000000000000000E+00
   9.999769235200000E-01   6.587414195200000E+00   3.517759929500000E-01   5.819323055600000E-01   8.995238136900000E-02   0.000000000000000E+00   0.000000000000000E+00   0.000000000000000E+00   0.000000000000000E+00
   9.999790115800000E-01   6.604977940200000E+00   3.520450305900000E-01   5.736710196400000E-01   1.022613330500000E-01   0.000000000000000E+00   0.000000000000000E+00   0.000000000000000E+00   0.000000000000000E+00
   9.999810996500000E-01   6.622286773900000E+00   3.523140782600000E-01   5.755588820799999E-01   9.547046278599999E-02   0.000000000000000E+00   0.000000000000000E+00   0.000000000000000E+00   0.000000000000000E+00
   9.999831877100001E-01   6.639600239700000E+00   3.525840140400000E-01   5.712118352700000E-01   1.004859304600000E-01   0.000000000000000E+00   0.000000000000000E+00   0.000000000000000E+00   0.000000000000000E+00
   9.999852757800000E-01   6.656680821800000E+00   3.528540128100000E-01   5.753616413400000E-01   8.972483167100000E-02   0.000000000000000E+00   0.000000000000000E+00   0.000000000000000E+00   0.000000000000000E+00
   9.999866954700000E-01   6.668371635800000E+00   3.530383256400000E-01   5.694669846600000E-01   9.907331174700000E-02   0.000000000000000E+00   0.000000000000000E+00   0.000000000000000E+00   0.000000000000000E+00
   9.999881151600000E-01   6.679881114300000E+00   3.532223783700000E-01   5.713262065600000E-01   9.440267959900001E-02   0.000000000000000E+00   0.000000000000000E+00   0.000000000000000E+00   0.000000000000000E+00
   9.999895348600000E-01   6.691373418300000E+00   3.534066769000000E-01   5.693366576500000E-01   9.823227237000000E-02   0.000000000000000E+00   0.000000000000000E+00   0.000000000000000E+00   0.000000000000000E+00
   9.999909545500000E-01   6.702623175400000E+00   3.535903187600000E-01   5.744681916700000E-01   9.183243511800000E-02   0.000000000000000E+00   0.000000000000000E+00   0.000000000000000E+00   0.000000000000000E+00
   9.999918932900000E-01   6.710004517900000E+00   3.537115111400000E-01   5.737242596500000E-01   9.897175006500000E-02   0.000000000000000E+00   0.000000000000000E+00   0.000000000000000E+00   0.000000000000000E+00
   9.999928320200000E-01   6.717099792700000E+00   3.538315092000000E-01   5.802915790399999E-01   9.791439897800000E-02   0.000000000000000E+00   0.000000000000000E+00   0.000000000000000E+00   0.000000000000000E+00
   9.999937707600000E-01   6.723871195400000E+00   3.539498718600000E-01   5.888245934500000E-01   1.033321529800000E-01   0.000000000000000E+00   0.000000000000000E+00   0.000000000000000E+00   0.000000000000000E+00
   9.999947095000000E-01   6.729921318500000E+00   3.540646454500000E-01   6.093152507400000E-01   1.058159842400000E-01   0.000000000000000E+00   0.000000000000000E+00   0.000000000000000E+00   0.000000000000000E+00
   9.999952342400000E-01   6.732855435500000E+00   3.541264022300000E-01   6.245571975100001E-01   1.150203695600000E-01   0.000000000000000E+00   0.000000000000000E+00   0.000000000000000E+00   0.000000000000000E+00
   9.999957589800000E-01   6.735188681600000E+00   3.541850980800000E-01   6.499930751800000E-01   1.226686339200000E-01   0.000000000000000E+00   0.000000000000000E+00   0.000000000000000E+00   0.000000000000000E+00
   9.999962837300000E-01   6.736680113900000E+00   3.542393994500000E-01   6.866188864600000E-01   1.373595577500000E-01   0.000000000000000E+00   0.000000000000000E+00   0.000000000000000E+00   0.000000000000000E+00
   9.999968084700001E-01   6.736771992900000E+00   3.542865516700000E-01   7.449247859700000E-01   1.587838442400000E-01   0.000000000000000E+00   0.000000000000000E+00   0.000000000000000E+00   0.000000000000000E+00
   9.999970930600000E-01   6.735949535600000E+00   3.543076826600000E-01   7.892009457800000E-01   1.787793481700000E-01   0.000000000000000E+00   0.000000000000000E+00   0.000000000000000E+00   0.000000000000000E+00
   9.999973776400000E-01   6.734189812300000E+00   3.543241508500000E-01   8.488439949300000E-01   2.049841326100000E-01   0.000000000000000E+00   0.000000000000000E+00   0.000000000000000E+00   0.000000000000000E+00
   9.999976622300000E-01   6.731100753300000E+00   3.543340821900000E-01   9.299171353900000E-01   2.441053019600000E-01   0.000000000000000E+00   0.000000000000000E+00   0.000000000000000E+00   0.000000000000000E+00
   9.999979468200000E-01   6.725984727900000E+00   3.543342516900000E-01   1.045153532600000E+00   3.042494440700000E-01   0.000000000000000E+00   0.000000000000000E+00   0.000000000000000E+00   0.000000000000000E+00
   9.999981079600000E-01   6.721770036300000E+00   3.543281071100000E-01   1.132818366800000E+00   3.547547490000000E-01   0.000000000000000E+00   0.000000000000000E+00   0.000000000000000E+00   0.000000000000000E+00
   9.999982690900000E-01   6.716180826100000E+00   3.543155683700000E-01   1.244541644000000E+00   4.236008200600000E-01   0.000000000000000E+00   0.000000000000000E+00   0.000000000000000E+00   0.000000000000000E+00
   9.999984302300000E-01   6.708669340200000E+00   3.542942287200000E-01   1.390107831500000E+00   5.219438458500000E-01   0.000000000000000E+00   0.000000000000000E+00   0.000000000000000E+00   0.000000000000000E+00
   9.999985913600000E-01   6.698342324500000E+00   3.542602292200000E-01   1.585884255400000E+00   6.685066394400000E-01   0.000000000000000E+00   0.000000000000000E+00   0.000000000000000E+00   0.000000000000000E+00
   9.999986901800000E-01   6.690020262400000E+00   3.542305734000000E-01   1.741378497400000E+00   7.969919952200000E-01   0.000000000000000E+00   0.000000000000000E+00   0.000000000000000E+00   0.000000000000000E+00
   9.999987890000001E-01   6.679576609600000E+00   3.541916575700000E-01   1.934759374900000E+00   9.705346542200000E-01   0.000000000000000E+00   0.000000000000000E+00   0.000000000000000E+00   0.000000000000000E+00
   9.999988878200000E-01   6.666219340400000E+00   3.541401891900000E-01   2.179692205300000E+00   1.212925217900000E+00   0.000000000000000E+00   0.000000000000000E+00   0.000000000000000E+00   0.000000000000000E+00
   9.999989866400000E-01   6.648719178600000E+00   3.540711154400000E-01   2.497287151000000E+00   1.563189552500000E+00   0.000000000000000E+00   0.000000000000000E+00   0.000000000000000E+00   0.000000000000000E+00
   9.999990528600000E-01   6.633760851900000E+00   3.540112575200000E-01   2.765704715600000E+00   1.891043395200000E+00   0.000000000000000E+00   0.000000000000000E+00   0.000000000000000E+00   0.000000000000000E+00
   9.999991190700001E-01   6.615236660400000E+00   3.539365818400000E-01   3.094424954000000E+00   2.330394099900000E+00   0.000000000000000E+00   0.000000000000000E+00   0.000000000000000E+00   0.000000000000000E+00
   9.999991852800000E-01   6.591885331300000E+00   3.538420401400000E-01   3.502542045400000E+00   2.934740270600000E+00   0.000000000000000E+00   0.000000000000000E+00   0.000000000000000E+00   0.000000000000000E+00
   9.999992515000000E-01   6.561826337300000E+00   3.537201635600000E-01   4.017733665200000E+00   3.788271181100000E+00   0.000000000000000E+00   0.000000000000000E+00   0.000000000000000E+00   0.000000000000000E+00
   9.999993013800000E-01   6.533098625700000E+00   3.536037721800000E-01   4.499110051800000E+00   4.677420012200000E+00   0.000000000000000E+00   0.000000000000000E+00   0.000000000000000E+00   0.000000000000000E+00
   9.999993512599999E-01   6.497251487300000E+00   3.534588399500000E-01   5.085356036100000E+00   5.876460431300000E+00   0.000000000000000E+00   0.000000000000000E+00   0.000000000000000E+00   0.000000000000000E+00
   9.999994011400000E-01   6.451781644500000E+00   3.532756081800000E-01   5.805895717200000E+00   7.528515174200000E+00   0.000000000000000E+00   0.000000000000000E+00   0.000000000000000E+00   0.000000000000000E+00
   9.999994510200000E-01   6.393055927600000E+00   3.530399911800000E-01   6.700723370600000E+00   9.851953139800001E+00   0.000000000000000E+00   0.000000000000000E+00   0.000000000000000E+00   0.000000000000000E+00
   9.999994904100000E-01   6.333955119600000E+00   3.528039462800000E-01   7.562708094500000E+00   1.238032046500000E+01   0.000000000000000E+00   0.000000000000000E+00   0.000000000000000E+00   0.000000000000000E+00
   9.999995298000000E-01   6.259755235800000E+00   3.525089279300000E-01   8.595232472299999E+00   1.578589938500000E+01   0.000000000000000E+00   0.000000000000000E+00   0.000000000000000E+00   0.000000000000000E+00
   9.999995691800000E-01   6.165533051100000E+00   3.521360964000000E-01   9.832518330499999E+00   2.043260126500000E+01   0.000000000000000E+00   0.000000000000000E+00   0.000000000000000E+00   0.000000000000000E+00
   9.999996085700000E-01   6.044638388700000E+00   3.516600998700000E-01   1.131250196500000E+01   2.683467796200000E+01   0.000000000000000E+00   0.000000000000000E+00   0.000000000000000E+00   0.000000000000000E+00
   9.999996362200000E-01   5.939289712400000E+00   3.512470418300000E-01   1.251372540900000E+01   3.275283835500000E+01   0.000000000000000E+00   0.000000000000000E+00   0.000000000000000E+00   0.000000000000000E+00
   9.999996638600001E-01   5.812842915500000E+00   3.507529597500000E-01   1.385854845900000E+01   4.020519146900000E+01   0.000000000000000E+00   0.000000000000000E+00   0.000000000000000E+00   0.000000000000000E+00
   9.999996915000000E-01   5.661044015500000E+00   3.501617742700000E-01   1.534700396300000E+01   4.957369216400000E+01   0.000000000000000E+00   0.000000000000000E+00   0.000000000000000E+00   0.000000000000000E+00
   9.999997191500000E-01   5.479263366200000E+00   3.494560297100000E-01   1.696748153000000E+01   6.128925761100000E+01   0.000000000000000E+00   0.000000000000000E+00   0.000000000000000E+00   0.000000000000000E+00
   9.999997450600000E-01   5.277466984800000E+00   3.486747534500000E-01   1.858134984800000E+01   7.480355653399999E+01   0.000000000000000E+00   0.000000000000000E+00   0.000000000000000E+00   0.000000000000000E+00
   9.999997709800000E-01   5.041846148500000E+00   3.477647340800000E-01   2.024350587300000E+01   9.111194518500000E+01   0.000000000000000E+00   0.000000000000000E+00   0.000000000000000E+00   0.000000000000000E+00
   9.999997968900000E-01   4.770295355200000E+00   3.467181467200000E-01   2.189099564800000E+01   1.104229059200000E+02   0.000000000000000E+00   0.000000000000000E+00   0.000000000000000E+00   0.000000000000000E+00
   9.999998228100000E-01   4.462840426400000E+00   3.455352203000000E-01   2.343806760400000E+01   1.327258154700000E+02   0.000000000000000E+00   0.000000000000000E+00   0.000000000000000E+00   0.000000000000000E+00
   9.999998449700001E-01   4.173477479300000E+00   3.444232726100000E-01   2.460668669700000E+01   1.539296385300000E+02   0.000000000000000E+00   0.000000000000000E+00   0.000000000000000E+00   0.000000000000000E+00
   9.999998671400000E-01   3.863889866400000E+00   3.432345311800000E-01   2.556236109200000E+01   1.766180714600000E+02   0.000000000000000E+00   0.000000000000000E+00   0.000000000000000E+00   0.000000000000000E+00
   9.999998893099999E-01   3.539933845300000E+00   3.419911305200000E-01   2.624563414500000E+01   2.000980345600000E+02   0.000000000000000E+00   0.000000000000000E+00   0.000000000000000E+00   0.000000000000000E+00
   9.999999114700000E-01   3.209037603400000E+00   3.407211166600000E-01   2.661082973000000E+01   2.234819048000000E+02   0.000000000000000E+00   0.000000000000000E+00   0.000000000000000E+00   0.000000000000000E+00
   9.999999335999999E-01   2.880057575900000E+00   3.394579535000000E-01   2.663449409700000E+01   2.457275793400000E+02   0.000000000000000E+00   0.000000000000000E+00   0.000000000000000E+00   0.000000000000000E+00
   9.999999557400000E-01   2.560778258900000E+00   3.382310070600000E-01   2.632021110600000E+01   2.658705596300000E+02   0.000000000000000E+00   0.000000000000000E+00   0.000000000000000E+00   0.000000000000000E+00
   9.999999778699999E-01   2.258502490200000E+00   3.370678901000000E-01   2.569477046900000E+01   2.830452043500000E+02   0.000000000000000E+00   0.000000000000000E+00   0.000000000000000E+00   0.000000000000000E+00
   1.000000000000000E+00   1.978880643800000E+00   3.359900232500000E-01   2.480580696300000E+01   2.966090128600000E+02   0.000000000000000E+00   0.000000000000000E+00   0.000000000000000E+00   0.000000000000000E+00
