   0.000000000000000E+00   4.926130195100000E-01   9.999999955900000E-01   1.684297597300000E+00   1.823002936700000E+00   0.000000000000000E+00   0.000000000000000E+00   0.000000000000000E+00   0.000000000000000E+00
   3.467955132700000E-04   6.188478266000000E-01   8.855097027800000E-01   1.596067653900000E+00   1.667272566800000E+00   0.000000000000000E+00   0.000000000000000E+00   0.000000000000000E+00   0.000000000000000E+00
   6.935910265500000E-04   7.610444653100000E-01   7.897177816199999E-01   1.548367570200000E+00   1.470425905800000E+00   0.000000000000000E+00   0.000000000000000E+00   0.000000000000000E+00   0.000000000000000E+00
   1.040386539800000E-03   9.203037859800000E-01   7.092066043900001E-01   1.486356806800000E+00   1.357065491000000E+00   0.000000000000000E+00   0.000000000000000E+00   0.000000000000000E+00   0.000000000000000E+00
   1.387182053100000E-03   1.094398058900000E+00   6.413828689700000E-01   1.460977822400000E+00   1.185764976900000E+00   0.000000000000000E+00   0.000000000000000E+00   0.000000000000000E+00   0.000000000000000E+00
   1.692502284000000E-03   1.259908444700000E+00   5.905863727200000E-01   1.403307834800000E+00   1.148465882800000E+00   0.000000000000000E+00   0.000000000000000E+00   0.000000000000000E+00   0.000000000000000E+00
   1.997822514900000E-03   1.433600464300000E+00   5.469717819700000E-01   1.379713271800000E+00   1.042376296700000E+00   0.000000000000000E+00   0.000000000000000E+00   0.000000000000000E+00   0.000000000000000E+00
   2.303142745800000E-03   1.614153387400000E+00   5.096214487700000E-01   1.337255401100000E+00   9.997954357300000E-01   0.000000000000000E+00   0.000000000000000E+00   0.000000000000000E+00   0.000000000000000E+00
   2.608462976600000E-03   1.797753402500000E+00   4.777476142000000E-01   1.328363998500000E+00   8.857183753500000E-01   0.000000000000000E+00   0.000000000000000E+00   0.000000000000000E+00   0.000000000000000E+00
   3.091927466200000E-03   2.088758690800000E+00   4.368553443300000E-01   1.265329361900000E+00   8.551060799400000E-01   0.000000000000000E+00   0.000000000000000E+00   0.000000000000000E+00   0.000000000000000E+00
   3.575391955700000E-03   2.366454235900000E+00   4.057069781200000E-01   1.239094126300000E+00   7.604673555100000E-01   0.000000000000000E+00   0.000000000000000E+00   0.000000000000000E+00   0.000000000000000E+00
   4.058856445300000E-03   2.619599220900000E+00   3.823479597000000E-01   1.197169087500000E+00   7.333651658900000E-01   0.000000000000000E+00   0.000000000000000E+00   0.000000000000000E+00   0.000000000000000E+00
   4.542320934800000E-03   2.838021364900000E+00   3.651023562800000E-01   1.192216758600000E+00   6.387538195500000E-01   0.000000000000000E+00   0.000000000000000E+00   0.000000000000000E+00   0.000000000000000E+00
   5.035876168000000E-03   3.022974637000000E+00   3.523497470600000E-01   1.150737258400000E+00   6.581397561700000E-01   0.000000000000000E+00   0.000000000000000E+00   0.000000000000000E+00   0.000000000000000E+00
   5.529431401300000E-03   3.167970168400000E+00   3.432647035600000E-01   1.145575222100000E+00   6.068812841100000E-01   0.000000000000000E+00   0.000000000000000E+00   0.000000000000000E+00   0.000000000000000E+00
   6.022986634500000E-03   3.278623833000000E+00   3.368702726200000E-01   1.123100045300000E+00   6.160529730199999E-01   0.000000000000000E+00   0.000000000000000E+00   0.000000000000000E+00   0.000000000000000E+00
   6.516541867700000E-03   3.359624342300000E+00   3.324053717600000E-01   1.135321876600000E+00   5.513246880600000E-01   0.000000000000000E+00   0.000000000000000E+00   0.000000000000000E+00   0.000000000000000E+00
   7.174685158700000E-03   3.434402614000000E+00   3.285116264700000E-01   1.106855115500000E+00   5.921939346400000E-01   0.000000000000000E+00   0.000000000000000E+00   0.000000000000000E+00   0.000000000000000E+00
   7.832828449799999E-03   3.480928690700000E+00   3.261448302300000E-01   1.112767351800000E+00   5.584696853800000E-01   0.000000000000000E+00   0.000000000000000E+00   0.000000000000000E+00   0.000000000000000E+00
   8.490971740799999E-03   3.510002507600000E+00   3.247137064400000E-01   1.099124413600000E+00   5.810551065500000E-01   0.000000000000000E+00   0.000000000000000E+00   0.000000000000000E+00   0.000000000000000E+00
   9.149115031799999E-03   3.527356192200000E+00   3.238475804900000E-01   1.118094559700000E+00   5.264845078300000E-01   0.000000000000000E+00   0.000000000000000E+00   0.000000000000000E+00   0.000000000000000E+00
   1.062529918400000E-02   3.546111247400000E+00   3.229552585400000E-01   1.095467812000000E+00   5.758333218100000E-01   0.000000000000000E+00   0.000000000000000E+00   0.000000000000000E+00   0.000000000000000E+00
   1.210148333500000E-02   3.551602451900000E+00   3.226832181300000E-01   1.105591632500000E+00   5.482384727800000E-01   0.000000000000000E+00   0.000000000000000E+00   0.000000000000000E+00   0.000000000000000E+00
   1.357766748700000E-02   3.553640190000000E+00   3.225929727200000E-01   1.094708969700000E+00   5.747498636800000E-01   0.000000000000000E+00   0.000000000000000E+00   0.000000000000000E+00   0.000000000000000E+00
   1.505385163900000E-02   3.553993999300000E+00   3.225615664300000E-01   1.115395928500000E+00   5.226785350299999E-01   0.000000000000000E+00   0.000000000000000E+00   0.000000000000000E+00   0.000000000000000E+00
   1.984262145000000E-02   3.554588598700000E+00   3.225474195300000E-01   1.094614046600000E+00   5.746121979900000E-01   0.000000000000000E+00   0.000000000000000E+00   0.000000000000000E+00   0.000000000000000E+00
   2.463139126100000E-02   3.554400637100000E+00   3.225490303600000E-01   1.105307364500000E+00   5.478429644400000E-01   0.000000000000000E+00   0.000000000000000E+00   0.000000000000000E+00   0.000000000000000E+00
   2.942016107200000E-02   3.554574502600000E+00   3.225480954200000E-01   1.094615869500000E+00   5.746132083100000E-01   0.000000000000000E+00   0.000000000000000E+00   0.000000000000000E+00   0.000000000000000E+00
   3.420893088300000E-02   3.554266860100000E+00   3.225484786300000E-01   1.115365840900000E+00   5.226459162200000E-01   0.000000000000000E+00   0.000000000000000E+00   0.000000000000000E+00   0.000000000000000E+00
   4.995012265000000E-02   3.554573293000000E+00   3.225481532900000E-01   1.094616214000000E+00   5.746128228400000E-01   0.000000000000000E+00   0.000000000000000E+00   0.000000000000000E+00   0.000000000000000E+00
   6.569131441700000E-02   3.554418857400000E+00   3.225481567700000E-01   1.105304898800000E+00   5.478419330600000E-01   0.000000000000000E+00   0.000000000000000E+00   0.000000000000000E+00   0.000000000000000E+00
   8.143250618400000E-02   3.554571578800000E+00   3.225482354300000E-01   1.094616509000000E+00   5.746127616700000E-01   0.000000000000000E+00   0.000000000000000E+00   0.000000000000000E+00   0.000000000000000E+00
   9.717369795100000E-02   3.554278686900000E+00   3.225479118300000E-01   1.115363866800000E+00   5.226461851500001E-01   0.000000000000000E+00   0.000000000000000E+00   0.000000000000000E+00   0.000000000000000E+00
   1.156137066000000E-01   3.554570689700000E+00   3.225482780200000E-01   1.094616694800000E+00   5.746126474300000E-01   0.000000000000000E+00   0.000000000000000E+00   0.000000000000000E+00   0.000000000000000E+00
   1.340537152400000E-01   3.554421578900000E+00   3.225480264000000E-01   1.105304352800000E+00   5.478422253900000E-01   0.000000000000000E+00   0.000000000000000E+00   0.000000000000000E+00   0.000000000000000E+00
   1.524937238900000E-01   3.554569992600000E+00   3.225483113800000E-01   1.094616869300000E+00   5.746124855100000E-01   0.000000000000000E+00   0.000000000000000E+00   0.000000000000000E+00   0.000000000000000E+00
   1.709337325400000E-01   3.554283397200000E+00   3.225476863400000E-01   1.115362724800000E+00   5.226471857800000E-01   0.000000000000000E+00   0.000000000000000E+00   0.000000000000000E+00   0.000000000000000E+00
   1.876331124400000E-01   3.554569543600000E+00   3.225483328600000E-01   1.094617007800000E+00   5.746123157400000E-01   0.000000000000000E+00   0.000000000000000E+00   0.000000000000000E+00   0.000000000000000E+00
   2.043324923400000E-01   3.554422852000000E+00   3.225479655100000E-01   1.105303961200000E+00   5.478427039800000E-01   0.000000000000000E+00   0.000000000000000E+00   0.000000000000000E+00   0.000000000000000E+00
   2.210318722400000E-01   3.554569176000000E+00   3.225483504100000E-01   1.094617159900000E+00   5.746120793700000E-01   0.000000000000000E+00   0.000000000000000E+00   0.000000000000000E+00   0.000000000000000E+00
   2.377312521400000E-01   3.554285911100000E+00   3.225475662500000E-01   1.115361734800000E+00   5.226486754100000E-01   0.000000000000000E+00   0.000000000000000E+00   0.000000000000000E+00   0.000000000000000E+00
   2.578458205900000E-01   3.554568983700000E+00   3.225483595700000E-01   1.094617268800000E+00   5.746118821200000E-01   0.000000000000000E+00   0.000000000000000E+00   0.000000000000000E+00   0.000000000000000E+00
   2.779603890400000E-01   3.554423440200000E+00   3.225479374700000E-01   1.105303649200000E+00   5.478432544500000E-01   0.000000000000000E+00   0.000000000000000E+00   0.000000000000000E+00   0.000000000000000E+00
   2.980749574900000E-01   3.554568830100000E+00   3.225483668800000E-01   1.094617379900000E+00   5.746116642000000E-01   0.000000000000000E+00   0.000000000000000E+00   0.000000000000000E+00   0.000000000000000E+00
   3.181895259400000E-01   3.554286940100000E+00   3.225475173200000E-01   1.115361019600000E+00   5.226500635600000E-01   0.000000000000000E+00   0.000000000000000E+00   0.000000000000000E+00   0.000000000000000E+00
   3.379760907300000E-01   3.554568733300000E+00   3.225483714600000E-01   1.094617471500000E+00   5.746114724400000E-01   0.000000000000000E+00   0.000000000000000E+00   0.000000000000000E+00   0.000000000000000E+00
   3.577626555200000E-01   3.554423718900000E+00   3.225479242600000E-01   1.105303389900000E+00   5.478437951100000E-01   0.000000000000000E+00   0.000000000000000E+00   0.000000000000000E+00   0.000000000000000E+00
   3.775492203000000E-01   3.554568650800000E+00   3.225483753500000E-01   1.094617576900000E+00   5.746112403700000E-01   0.000000000000000E+00   0.000000000000000E+00   0.000000000000000E+00   0.000000000000000E+00
   3.973357850900000E-01   3.554287493500000E+00   3.225474912000000E-01   1.115360342300000E+00   5.226515452000000E-01   0.000000000000000E+00   0.000000000000000E+00   0.000000000000000E+00   0.000000000000000E+00
   4.126408899500000E-01   3.554568590100000E+00   3.225483782000000E-01   1.094617677700000E+00   5.746110114000000E-01   0.000000000000000E+00   0.000000000000000E+00   0.000000000000000E+00   0.000000000000000E+00
   4.279459948000000E-01   3.554423883800000E+00   3.225479165300000E-01   1.105303106100000E+00   5.478444425100000E-01   0.000000000000000E+00   0.000000000000000E+00   0.000000000000000E+00   0.000000000000000E+00
   4.432510996600000E-01   3.554568539600000E+00   3.225483805300000E-01   1.094617808300000E+00   5.746107033500000E-01   0.000000000000000E+00   0.000000000000000E+00   0.000000000000000E+00   0.000000000000000E+00
   4.585562045200000E-01   3.554287842700000E+00   3.225474750000000E-01   1.115359503700000E+00   5.226535130300000E-01   0.000000000000000E+00   0.000000000000000E+00   0.000000000000000E+00   0.000000000000000E+00
   4.703296709900000E-01   3.554568505000000E+00   3.225483821100000E-01   1.094617934500000E+00   5.746104001300000E-01   0.000000000000000E+00   0.000000000000000E+00   0.000000000000000E+00   0.000000000000000E+00
   4.821031374700000E-01   3.554423978000000E+00   3.225479122600000E-01   1.105302750100000E+00   5.478452991900000E-01   0.000000000000000E+00   0.000000000000000E+00   0.000000000000000E+00   0.000000000000000E+00
   4.938766039400000E-01   3.554568479500000E+00   3.225483832200000E-01   1.094618100300000E+00   5.746099939400000E-01   0.000000000000000E+00   0.000000000000000E+00   0.000000000000000E+00   0.000000000000000E+00
   5.056500704100000E-01   3.554288027600000E+00   3.225474668600000E-01   1.115358440700000E+00   5.226561095100000E-01   0.000000000000000E+00   0.000000000000000E+00   0.000000000000000E+00   0.000000000000000E+00
   5.158042293100000E-01   3.554568464500000E+00   3.225483838400000E-01   1.094618251500000E+00   5.746096199600000E-01   0.000000000000000E+00   0.000000000000000E+00   0.000000000000000E+00   0.000000000000000E+00
   5.259583882100000E-01   3.554424020900000E+00   3.225479104900000E-01   1.105302322900000E+00   5.478463550300000E-01   0.000000000000000E+00   0.000000000000000E+00   0.000000000000000E+00   0.000000000000000E+00
   5.361125471000000E-01   3.554568453900000E+00   3.225483842200000E-01   1.094618441800000E+00   5.746091463200000E-01   0.000000000000000E+00   0.000000000000000E+00   0.000000000000000E+00   0.000000000000000E+00
   5.462667060000000E-01   3.554288106000000E+00   3.225474639300000E-01   1.115357221900000E+00   5.226591393200000E-01   0.000000000000000E+00   0.000000000000000E+00   0.000000000000000E+00   0.000000000000000E+00
   5.560598956600000E-01   3.554568447800000E+00   3.225483843900000E-01   1.094618606200000E+00   5.746087358700001E-01   0.000000000000000E+00   0.000000000000000E+00   0.000000000000000E+00   0.000000000000000E+00
   5.658530853300000E-01   3.554424039000000E+00   3.225479099400000E-01   1.105301858700000E+00   5.478475138100000E-01   0.000000000000000E+00   0.000000000000000E+00   0.000000000000000E+00   0.000000000000000E+00
   5.756462749900000E-01   3.554568442900000E+00   3.225483844900000E-01   1.094618802800000E+00   5.746082439400000E-01   0.000000000000000E+00   0.000000000000000E+00   0.000000000000000E+00   0.000000000000000E+00
   5.854394646600000E-01   3.554288140800000E+00   3.225474631300000E-01   1.115355963000000E+00   5.226622872200000E-01   0.000000000000000E+00   0.000000000000000E+00   0.000000000000000E+00   0.000000000000000E+00
   5.945586994800000E-01   3.554568439500000E+00   3.225483845400000E-01   1.094618976100000E+00   5.746078102300000E-01   0.000000000000000E+00   0.000000000000000E+00   0.000000000000000E+00   0.000000000000000E+00
   6.036779343100001E-01   3.554424048900000E+00   3.225479098100000E-01   1.105301369600000E+00   5.478487383600000E-01   0.000000000000000E+00   0.000000000000000E+00   0.000000000000000E+00   0.000000000000000E+00
   6.127971691300000E-01   3.554568436000000E+00   3.225483845600000E-01   1.094619187000000E+00   5.746072817200000E-01   0.000000000000000E+00   0.000000000000000E+00   0.000000000000000E+00   0.000000000000000E+00
   6.219164039500000E-01   3.554288164000000E+00   3.225474629500000E-01   1.115354612600000E+00   5.226656695200000E-01   0.000000000000000E+00   0.000000000000000E+00   0.000000000000000E+00   0.000000000000000E+00
   6.295131765700001E-01   3.554568433000000E+00   3.225483845700000E-01   1.094619384300000E+00   5.746067874500000E-01   0.000000000000000E+00   0.000000000000000E+00   0.000000000000000E+00   0.000000000000000E+00
   6.371099491800000E-01   3.554424057300000E+00   3.225479097900000E-01   1.105300812600000E+00   5.478501339300000E-01   0.000000000000000E+00   0.000000000000000E+00   0.000000000000000E+00   0.000000000000000E+00
   6.447067218000000E-01   3.554568429500000E+00   3.225483845600000E-01   1.094619637500000E+00   5.746061530000000E-01   0.000000000000000E+00   0.000000000000000E+00   0.000000000000000E+00   0.000000000000000E+00
   6.523034944200000E-01   3.554288187200000E+00   3.225474629600000E-01   1.115352992200000E+00   5.226697299600001E-01   0.000000000000000E+00   0.000000000000000E+00   0.000000000000000E+00   0.000000000000000E+00
   6.581929940700000E-01   3.554568426100000E+00   3.225483845500000E-01   1.094619883900000E+00   5.746055355700000E-01   0.000000000000000E+00   0.000000000000000E+00   0.000000000000000E+00   0.000000000000000E+00
   6.640824937200001E-01   3.554424066900000E+00   3.225479098100000E-01   1.105300116900000E+00   5.478518772500000E-01   0.000000000000000E+00   0.000000000000000E+00   0.000000000000000E+00   0.000000000000000E+00
   6.699719933700000E-01   3.554568421700000E+00   3.225483845400000E-01   1.094620210400000E+00   5.746047172700000E-01   0.000000000000000E+00   0.000000000000000E+00   0.000000000000000E+00   0.000000000000000E+00
   6.758614930200000E-01   3.554288215600000E+00   3.225474630400000E-01   1.115350902500000E+00   5.226749670700001E-01   0.000000000000000E+00   0.000000000000000E+00   0.000000000000000E+00   0.000000000000000E+00
   6.817885738400000E-01   3.554568417900000E+00   3.225483845300000E-01   1.094620487000000E+00   5.746040239600000E-01   0.000000000000000E+00   0.000000000000000E+00   0.000000000000000E+00   0.000000000000000E+00
   6.877156546700000E-01   3.554424077400000E+00   3.225479098400000E-01   1.105299335800000E+00   5.478538348200001E-01   0.000000000000000E+00   0.000000000000000E+00   0.000000000000000E+00   0.000000000000000E+00
   6.936427354900000E-01   3.554568413600000E+00   3.225483845100000E-01   1.094620811400000E+00   5.746032109500000E-01   0.000000000000000E+00   0.000000000000000E+00   0.000000000000000E+00   0.000000000000000E+00
   6.995698163100000E-01   3.554288243600000E+00   3.225474631300000E-01   1.115348826300000E+00   5.226801703300000E-01   0.000000000000000E+00   0.000000000000000E+00   0.000000000000000E+00   0.000000000000000E+00
   7.065497927800000E-01   3.554568410100000E+00   3.225483845000000E-01   1.094621066400000E+00   5.746025720600000E-01   0.000000000000000E+00   0.000000000000000E+00   0.000000000000000E+00   0.000000000000000E+00
   7.135297692500000E-01   3.554424087100000E+00   3.225479098700000E-01   1.105298616000000E+00   5.478556387700000E-01   0.000000000000000E+00   0.000000000000000E+00   0.000000000000000E+00   0.000000000000000E+00
   7.205097457300000E-01   3.554568406400000E+00   3.225483844900000E-01   1.094621341800000E+00   5.746018817700000E-01   0.000000000000000E+00   0.000000000000000E+00   0.000000000000000E+00   0.000000000000000E+00
   7.274897222000000E-01   3.554288267400000E+00   3.225474632100000E-01   1.115347063500000E+00   5.226845881800000E-01   0.000000000000000E+00   0.000000000000000E+00   0.000000000000000E+00   0.000000000000000E+00
   7.328110673800000E-01   3.554568402800000E+00   3.225483844800000E-01   1.094621612400000E+00   5.746012036100000E-01   0.000000000000000E+00   0.000000000000000E+00   0.000000000000000E+00   0.000000000000000E+00
   7.381324125600000E-01   3.554424097400000E+00   3.225479099100000E-01   1.105297852000000E+00   5.478575535400000E-01   0.000000000000000E+00   0.000000000000000E+00   0.000000000000000E+00   0.000000000000000E+00
   7.434537577400000E-01   3.554568397900000E+00   3.225483844600000E-01   1.094621973600000E+00   5.746002982800000E-01   0.000000000000000E+00   0.000000000000000E+00   0.000000000000000E+00   0.000000000000000E+00
   7.487751029200000E-01   3.554288298500000E+00   3.225474633100000E-01   1.115344751600000E+00   5.226903823200000E-01   0.000000000000000E+00   0.000000000000000E+00   0.000000000000000E+00   0.000000000000000E+00
   7.535877071800000E-01   3.554568393500000E+00   3.225483844500000E-01   1.094622296900000E+00   5.745994881199999E-01   0.000000000000000E+00   0.000000000000000E+00   0.000000000000000E+00   0.000000000000000E+00
   7.584003114500000E-01   3.554424109700000E+00   3.225479099500000E-01   1.105296939300000E+00   5.478598410100000E-01   0.000000000000000E+00   0.000000000000000E+00   0.000000000000000E+00   0.000000000000000E+00
   7.632129157100001E-01   3.554568388200000E+00   3.225483844300000E-01   1.094622696300000E+00   5.745984872400000E-01   0.000000000000000E+00   0.000000000000000E+00   0.000000000000000E+00   0.000000000000000E+00
   7.680255199700000E-01   3.554288333000000E+00   3.225474634200000E-01   1.115342195600000E+00   5.226967879900000E-01   0.000000000000000E+00   0.000000000000000E+00   0.000000000000000E+00   0.000000000000000E+00
   7.738307369100000E-01   3.554568384000000E+00   3.225483844200000E-01   1.094623006700000E+00   5.745977092800000E-01   0.000000000000000E+00   0.000000000000000E+00   0.000000000000000E+00   0.000000000000000E+00
   7.796359538400000E-01   3.554424121600000E+00   3.225479099800000E-01   1.105296062800000E+00   5.478620376100000E-01   0.000000000000000E+00   0.000000000000000E+00   0.000000000000000E+00   0.000000000000000E+00
   7.854411707700000E-01   3.554568379500000E+00   3.225483844000000E-01   1.094623337700000E+00   5.745968796599999E-01   0.000000000000000E+00   0.000000000000000E+00   0.000000000000000E+00   0.000000000000000E+00
   7.912463877000000E-01   3.554288361500000E+00   3.225474635100000E-01   1.115340077000000E+00   5.227020976100000E-01   0.000000000000000E+00   0.000000000000000E+00   0.000000000000000E+00   0.000000000000000E+00
   7.972437257700000E-01   3.554568375800000E+00   3.225483843900000E-01   1.094623614600000E+00   5.745961858100000E-01   0.000000000000000E+00   0.000000000000000E+00   0.000000000000000E+00   0.000000000000000E+00
   8.032410638400000E-01   3.554424132100000E+00   3.225479100200000E-01   1.105295281100000E+00   5.478639967000000E-01   0.000000000000000E+00   0.000000000000000E+00   0.000000000000000E+00   0.000000000000000E+00
   8.092384019100000E-01   3.554568371500000E+00   3.225483843800000E-01   1.094623934900000E+00   5.745953828700000E-01   0.000000000000000E+00   0.000000000000000E+00   0.000000000000000E+00   0.000000000000000E+00
   8.152357399800000E-01   3.554288389100000E+00   3.225474636100000E-01   1.115338026600000E+00   5.227072364799999E-01   0.000000000000000E+00   0.000000000000000E+00   0.000000000000000E+00   0.000000000000000E+00
   8.200510467700000E-01   3.554568367400000E+00   3.225483843600000E-01   1.094624240700000E+00   5.745946166400000E-01   0.000000000000000E+00   0.000000000000000E+00   0.000000000000000E+00   0.000000000000000E+00
   8.248663535600000E-01   3.554424143700000E+00   3.225479100600000E-01   1.105294417800000E+00   5.478661601400000E-01   0.000000000000000E+00   0.000000000000000E+00   0.000000000000000E+00   0.000000000000000E+00
   8.296816603400000E-01   3.554568362000000E+00   3.225483843400000E-01   1.094624639600000E+00   5.745936167300000E-01   0.000000000000000E+00   0.000000000000000E+00   0.000000000000000E+00   0.000000000000000E+00
   8.344969671300000E-01   3.554288423600000E+00   3.225474637200000E-01   1.115335473100000E+00   5.227136358800000E-01   0.000000000000000E+00   0.000000000000000E+00   0.000000000000000E+00   0.000000000000000E+00
   8.378622121800000E-01   3.554568356400000E+00   3.225483843300000E-01   1.094625051800000E+00   5.745925837600000E-01   0.000000000000000E+00   0.000000000000000E+00   0.000000000000000E+00   0.000000000000000E+00
   8.412274572300000E-01   3.554424159400000E+00   3.225479101100000E-01   1.105293254100000E+00   5.478690766800000E-01   0.000000000000000E+00   0.000000000000000E+00   0.000000000000000E+00   0.000000000000000E+00
   8.445927022900001E-01   3.554568348700000E+00   3.225483843000000E-01   1.094625622600000E+00   5.745911532800000E-01   0.000000000000000E+00   0.000000000000000E+00   0.000000000000000E+00   0.000000000000000E+00
   8.479579473400000E-01   3.554288472800000E+00   3.225474638800000E-01   1.115331820100000E+00   5.227227909900000E-01   0.000000000000000E+00   0.000000000000000E+00   0.000000000000000E+00   0.000000000000000E+00
   8.513801318100001E-01   3.554568342300000E+00   3.225483842800000E-01   1.094626103700000E+00   5.745899476200000E-01   0.000000000000000E+00   0.000000000000000E+00   0.000000000000000E+00   0.000000000000000E+00
   8.548023162700000E-01   3.554424177700000E+00   3.225479101700000E-01   1.105291895800000E+00   5.478724809000000E-01   0.000000000000000E+00   0.000000000000000E+00   0.000000000000000E+00   0.000000000000000E+00
   8.582245007400000E-01   3.554568334700000E+00   3.225483842600000E-01   1.094626664800000E+00   5.745885412500000E-01   0.000000000000000E+00   0.000000000000000E+00   0.000000000000000E+00   0.000000000000000E+00
   8.616466852000000E-01   3.554288521200000E+00   3.225474640400000E-01   1.115328228800000E+00   5.227317917500000E-01   0.000000000000000E+00   0.000000000000000E+00   0.000000000000000E+00   0.000000000000000E+00
   8.642761656700000E-01   3.554568327300000E+00   3.225483842300000E-01   1.094627213600000E+00   5.745871657800000E-01   0.000000000000000E+00   0.000000000000000E+00   0.000000000000000E+00   0.000000000000000E+00
   8.669056461300000E-01   3.554424198600000E+00   3.225479102400000E-01   1.105290346200000E+00   5.478763644800000E-01   0.000000000000000E+00   0.000000000000000E+00   0.000000000000000E+00   0.000000000000000E+00
   8.695351266000000E-01   3.554568317500000E+00   3.225483842000000E-01   1.094627943800000E+00   5.745853359100001E-01   0.000000000000000E+00   0.000000000000000E+00   0.000000000000000E+00   0.000000000000000E+00
   8.721646070600000E-01   3.554288584100000E+00   3.225474642500000E-01   1.115323555900000E+00   5.227435029400000E-01   0.000000000000000E+00   0.000000000000000E+00   0.000000000000000E+00   0.000000000000000E+00
   8.743779295900000E-01   3.554568308300000E+00   3.225483841700000E-01   1.094628622600000E+00   5.745836345200001E-01   0.000000000000000E+00   0.000000000000000E+00   0.000000000000000E+00   0.000000000000000E+00
   8.765912521200000E-01   3.554424224400000E+00   3.225479103200000E-01   1.105288429500000E+00   5.478811683000000E-01   0.000000000000000E+00   0.000000000000000E+00   0.000000000000000E+00   0.000000000000000E+00
   8.788045746499999E-01   3.554568296600000E+00   3.225483841300000E-01   1.094629489800000E+00   5.745814612700000E-01   0.000000000000000E+00   0.000000000000000E+00   0.000000000000000E+00   0.000000000000000E+00
   8.810178971800000E-01   3.554288658900000E+00   3.225474644900000E-01   1.115318006200000E+00   5.227574117000000E-01   0.000000000000000E+00   0.000000000000000E+00   0.000000000000000E+00   0.000000000000000E+00
   8.831708623900000E-01   3.554568286600000E+00   3.225483841000000E-01   1.094630237000000E+00   5.745795884400000E-01   0.000000000000000E+00   0.000000000000000E+00   0.000000000000000E+00   0.000000000000000E+00
   8.853238275999999E-01   3.554424252800000E+00   3.225479104200000E-01   1.105286319500000E+00   5.478864562800000E-01   0.000000000000000E+00   0.000000000000000E+00   0.000000000000000E+00   0.000000000000000E+00
   8.874767928100000E-01   3.554568274600000E+00   3.225483840600000E-01   1.094631128200000E+00   5.745773550500000E-01   0.000000000000000E+00   0.000000000000000E+00   0.000000000000000E+00   0.000000000000000E+00
   8.896297580200000E-01   3.554288735700000E+00   3.225474647400000E-01   1.115312303000000E+00   5.227717054000000E-01   0.000000000000000E+00   0.000000000000000E+00   0.000000000000000E+00   0.000000000000000E+00
   8.922679841400000E-01   3.554568265300000E+00   3.225483840300000E-01   1.094631815800000E+00   5.745756315900000E-01   0.000000000000000E+00   0.000000000000000E+00   0.000000000000000E+00   0.000000000000000E+00
   8.949062102599999E-01   3.554424279000000E+00   3.225479105000000E-01   1.105284377800000E+00   5.478913226500000E-01   0.000000000000000E+00   0.000000000000000E+00   0.000000000000000E+00   0.000000000000000E+00
   8.975444363800000E-01   3.554568255500000E+00   3.225483840000000E-01   1.094632542800000E+00   5.745738095800000E-01   0.000000000000000E+00   0.000000000000000E+00   0.000000000000000E+00   0.000000000000000E+00
   9.001826625000000E-01   3.554288798400000E+00   3.225474649500000E-01   1.115307650300000E+00   5.227833662400000E-01   0.000000000000000E+00   0.000000000000000E+00   0.000000000000000E+00   0.000000000000000E+00
   9.021473526800000E-01   3.554568245700000E+00   3.225483839600000E-01   1.094633266600000E+00   5.745719956400001E-01   0.000000000000000E+00   0.000000000000000E+00   0.000000000000000E+00   0.000000000000000E+00
   9.041120428600000E-01   3.554424306500000E+00   3.225479105900000E-01   1.105282334300000E+00   5.478964441800001E-01   0.000000000000000E+00   0.000000000000000E+00   0.000000000000000E+00   0.000000000000000E+00
   9.060767330500000E-01   3.554568232600000E+00   3.225483839200000E-01   1.094634242500000E+00   5.745695498400000E-01   0.000000000000000E+00   0.000000000000000E+00   0.000000000000000E+00   0.000000000000000E+00
   9.080414232300000E-01   3.554288882600000E+00   3.225474652200000E-01   1.115301404700000E+00   5.227990193499999E-01   0.000000000000000E+00   0.000000000000000E+00   0.000000000000000E+00   0.000000000000000E+00
   9.099776498100000E-01   3.554568221300000E+00   3.225483838800000E-01   1.094635077900000E+00   5.745674560300000E-01   0.000000000000000E+00   0.000000000000000E+00   0.000000000000000E+00   0.000000000000000E+00
   9.119138764000000E-01   3.554424338300000E+00   3.225479107000000E-01   1.105279975500000E+00   5.479023560900000E-01   0.000000000000000E+00   0.000000000000000E+00   0.000000000000000E+00   0.000000000000000E+00
   9.138501029800000E-01   3.554568208000000E+00   3.225483838400000E-01   1.094636067700000E+00   5.745649752500001E-01   0.000000000000000E+00   0.000000000000000E+00   0.000000000000000E+00   0.000000000000000E+00
   9.157863295599999E-01   3.554288967900000E+00   3.225474655100000E-01   1.115295069800000E+00   5.228148963600000E-01   0.000000000000000E+00   0.000000000000000E+00   0.000000000000000E+00   0.000000000000000E+00
   9.177100680700000E-01   3.554568196600000E+00   3.225483838000000E-01   1.094636911700000E+00   5.745628601600000E-01   0.000000000000000E+00   0.000000000000000E+00   0.000000000000000E+00   0.000000000000000E+00
   9.196338065900000E-01   3.554424370400000E+00   3.225479108000000E-01   1.105277592700000E+00   5.479083281200000E-01   0.000000000000000E+00   0.000000000000000E+00   0.000000000000000E+00   0.000000000000000E+00
   9.215575451000000E-01   3.554568183200000E+00   3.225483837600000E-01   1.094637907500000E+00   5.745603642600000E-01   0.000000000000000E+00   0.000000000000000E+00   0.000000000000000E+00   0.000000000000000E+00
   9.234812836100000E-01   3.554289053800000E+00   3.225474657900000E-01   1.115288696300000E+00   5.228308701300000E-01   0.000000000000000E+00   0.000000000000000E+00   0.000000000000000E+00   0.000000000000000E+00
   9.251736585300000E-01   3.554568171000000E+00   3.225483837200000E-01   1.094638811700000E+00   5.745580981500000E-01   0.000000000000000E+00   0.000000000000000E+00   0.000000000000000E+00   0.000000000000000E+00
   9.268660334500000E-01   3.554424404800000E+00   3.225479109100000E-01   1.105275039800000E+00   5.479147264100001E-01   0.000000000000000E+00   0.000000000000000E+00   0.000000000000000E+00   0.000000000000000E+00
   9.285584083700000E-01   3.554568155800000E+00   3.225483836700000E-01   1.094639943200000E+00   5.745552622400000E-01   0.000000000000000E+00   0.000000000000000E+00   0.000000000000000E+00   0.000000000000000E+00
   9.302507832900000E-01   3.554289151300000E+00   3.225474661100000E-01   1.115281454600000E+00   5.228490199700000E-01   0.000000000000000E+00   0.000000000000000E+00   0.000000000000000E+00   0.000000000000000E+00
   9.317201351000000E-01   3.554568141900000E+00   3.225483836200000E-01   1.094640977700000E+00   5.745526693200000E-01   0.000000000000000E+00   0.000000000000000E+00   0.000000000000000E+00   0.000000000000000E+00
   9.331894869200000E-01   3.554424444100000E+00   3.225479110400000E-01   1.105272118700000E+00   5.479220473900001E-01   0.000000000000000E+00   0.000000000000000E+00   0.000000000000000E+00   0.000000000000000E+00
   9.346588387300000E-01   3.554568124300000E+00   3.225483835600000E-01   1.094642280400000E+00   5.745494045500000E-01   0.000000000000000E+00   0.000000000000000E+00   0.000000000000000E+00   0.000000000000000E+00
   9.361281905500000E-01   3.554289263600000E+00   3.225474664800000E-01   1.115273117800000E+00   5.228699145200000E-01   0.000000000000000E+00   0.000000000000000E+00   0.000000000000000E+00   0.000000000000000E+00
   9.376971993600000E-01   3.554568109900000E+00   3.225483835200000E-01   1.094643352100000E+00   5.745467183300000E-01   0.000000000000000E+00   0.000000000000000E+00   0.000000000000000E+00   0.000000000000000E+00
   9.392662081699999E-01   3.554424484900000E+00   3.225479111800000E-01   1.105269092500000E+00   5.479296320900000E-01   0.000000000000000E+00   0.000000000000000E+00   0.000000000000000E+00   0.000000000000000E+00
   9.408352169700001E-01   3.554568093500000E+00   3.225483834600000E-01   1.094644571400000E+00   5.745436624600000E-01   0.000000000000000E+00   0.000000000000000E+00   0.000000000000000E+00   0.000000000000000E+00
   9.424042257800000E-01   3.554289368700000E+00   3.225474668200000E-01   1.115265314600000E+00   5.228894721100000E-01   0.000000000000000E+00   0.000000000000000E+00   0.000000000000000E+00   0.000000000000000E+00
   9.440997245000000E-01   3.554568080000000E+00   3.225483834200000E-01   1.094645568800000E+00   5.745411624800000E-01   0.000000000000000E+00   0.000000000000000E+00   0.000000000000000E+00   0.000000000000000E+00
   9.457952232200000E-01   3.554424522800000E+00   3.225479113000000E-01   1.105266276100000E+00   5.479366909400000E-01   0.000000000000000E+00   0.000000000000000E+00   0.000000000000000E+00   0.000000000000000E+00
   9.474907219299999E-01   3.554568064800000E+00   3.225483833700000E-01   1.094646696600000E+00   5.745383359100000E-01   0.000000000000000E+00   0.000000000000000E+00   0.000000000000000E+00   0.000000000000000E+00
   9.491862206500000E-01   3.554289465900000E+00   3.225474671400000E-01   1.115258096900000E+00   5.229075621800000E-01   0.000000000000000E+00   0.000000000000000E+00   0.000000000000000E+00   0.000000000000000E+00
   9.502871306800000E-01   3.554568048400000E+00   3.225483833200000E-01   1.094647913900000E+00   5.745352850600000E-01   0.000000000000000E+00   0.000000000000000E+00   0.000000000000000E+00   0.000000000000000E+00
   9.513880407100000E-01   3.554424569100000E+00   3.225479114500000E-01   1.105262839500000E+00   5.479453043300000E-01   0.000000000000000E+00   0.000000000000000E+00   0.000000000000000E+00   0.000000000000000E+00
   9.524889507400000E-01   3.554568025100000E+00   3.225483832400000E-01   1.094649649700000E+00   5.745309343700000E-01   0.000000000000000E+00   0.000000000000000E+00   0.000000000000000E+00   0.000000000000000E+00
   9.535898607800000E-01   3.554289615500000E+00   3.225474676300000E-01   1.115246987500000E+00   5.229354065700000E-01   0.000000000000000E+00   0.000000000000000E+00   0.000000000000000E+00   0.000000000000000E+00
   9.544745835800000E-01   3.554568002800000E+00   3.225483831700000E-01   1.094651304900000E+00   5.745267857600000E-01   0.000000000000000E+00   0.000000000000000E+00   0.000000000000000E+00   0.000000000000000E+00
   9.553593063900000E-01   3.554424632100000E+00   3.225479116600000E-01   1.105258166300000E+00   5.479570173100000E-01   0.000000000000000E+00   0.000000000000000E+00   0.000000000000000E+00   0.000000000000000E+00
   9.562440291900000E-01   3.554567973700000E+00   3.225483830700000E-01   1.094653463200000E+00   5.745213761600000E-01   0.000000000000000E+00   0.000000000000000E+00   0.000000000000000E+00   0.000000000000000E+00
   9.571287519900000E-01   3.554289801600000E+00   3.225474682400000E-01   1.115233174300000E+00   5.229700279900000E-01   0.000000000000000E+00   0.000000000000000E+00   0.000000000000000E+00   0.000000000000000E+00
   9.579259343700000E-01   3.554567947600000E+00   3.225483829800000E-01   1.094655397700000E+00   5.745165275400000E-01   0.000000000000000E+00   0.000000000000000E+00   0.000000000000000E+00   0.000000000000000E+00
   9.587231167500000E-01   3.554424705600000E+00   3.225479119000000E-01   1.105252704400000E+00   5.479707070700000E-01   0.000000000000000E+00   0.000000000000000E+00   0.000000000000000E+00   0.000000000000000E+00
   9.595202991300000E-01   3.554567915400000E+00   3.225483828800000E-01   1.094657790800000E+00   5.745105293600000E-01   0.000000000000000E+00   0.000000000000000E+00   0.000000000000000E+00   0.000000000000000E+00
   9.603174815100000E-01   3.554290007800000E+00   3.225474689200000E-01   1.115217858400000E+00   5.230084163600000E-01   0.000000000000000E+00   0.000000000000000E+00   0.000000000000000E+00   0.000000000000000E+00
   9.609992273200000E-01   3.554567885700000E+00   3.225483827800000E-01   1.094659996200000E+00   5.745050017100000E-01   0.000000000000000E+00   0.000000000000000E+00   0.000000000000000E+00   0.000000000000000E+00
   9.616809731400000E-01   3.554424789500000E+00   3.225479121800000E-01   1.105246477900000E+00   5.479863135700000E-01   0.000000000000000E+00   0.000000000000000E+00   0.000000000000000E+00   0.000000000000000E+00
   9.623627189500000E-01   3.554567848100000E+00   3.225483826600000E-01   1.094662791600000E+00   5.744979951600000E-01   0.000000000000000E+00   0.000000000000000E+00   0.000000000000000E+00   0.000000000000000E+00
   9.630444647600001E-01   3.554290248700000E+00   3.225474697100000E-01   1.115199968000000E+00   5.230532583200000E-01   0.000000000000000E+00   0.000000000000000E+00   0.000000000000000E+00   0.000000000000000E+00
   9.637537623600000E-01   3.554567816700000E+00   3.225483825500000E-01   1.094665120100000E+00   5.744921585700000E-01   0.000000000000000E+00   0.000000000000000E+00   0.000000000000000E+00   0.000000000000000E+00
   9.644630599600000E-01   3.554424878000000E+00   3.225479124700000E-01   1.105239903000000E+00   5.480027936200000E-01   0.000000000000000E+00   0.000000000000000E+00   0.000000000000000E+00   0.000000000000000E+00
   9.651723575600000E-01   3.554567780600000E+00   3.225483824400000E-01   1.094667803900000E+00   5.744854315600000E-01   0.000000000000000E+00   0.000000000000000E+00   0.000000000000000E+00   0.000000000000000E+00
   9.658816551600000E-01   3.554290480000000E+00   3.225474704700000E-01   1.115182791600000E+00   5.230963112300000E-01   0.000000000000000E+00   0.000000000000000E+00   0.000000000000000E+00   0.000000000000000E+00
   9.666453453300000E-01   3.554567751000000E+00   3.225483823400000E-01   1.094670002700000E+00   5.744799202600001E-01   0.000000000000000E+00   0.000000000000000E+00   0.000000000000000E+00   0.000000000000000E+00
   9.674090355000000E-01   3.554424961600000E+00   3.225479127400000E-01   1.105233694500000E+00   5.480183553600000E-01   0.000000000000000E+00   0.000000000000000E+00   0.000000000000000E+00   0.000000000000000E+00
   9.681727256700000E-01   3.554567717500000E+00   3.225483822300000E-01   1.094672492700000E+00   5.744736788400000E-01   0.000000000000000E+00   0.000000000000000E+00   0.000000000000000E+00   0.000000000000000E+00
   9.689364158400000E-01   3.554290694500000E+00   3.225474711700000E-01   1.115166855400000E+00   5.231362563600001E-01   0.000000000000000E+00   0.000000000000000E+00   0.000000000000000E+00   0.000000000000000E+00
   9.696239865100000E-01   3.554567687400000E+00   3.225483821300000E-01   1.094674725300000E+00   5.744680826300000E-01   0.000000000000000E+00   0.000000000000000E+00   0.000000000000000E+00   0.000000000000000E+00
   9.703115571800000E-01   3.554425046400000E+00   3.225479130200000E-01   1.105227391000000E+00   5.480341557700000E-01   0.000000000000000E+00   0.000000000000000E+00   0.000000000000000E+00   0.000000000000000E+00
   9.709991278400000E-01   3.554567650200000E+00   3.225483820100000E-01   1.094677488100000E+00   5.744611575200000E-01   0.000000000000000E+00   0.000000000000000E+00   0.000000000000000E+00   0.000000000000000E+00
   9.716866985100000E-01   3.554290932500000E+00   3.225474719500000E-01   1.115149173900000E+00   5.231805770600000E-01   0.000000000000000E+00   0.000000000000000E+00   0.000000000000000E+00   0.000000000000000E+00
   9.727029318800000E-01   3.554567623800000E+00   3.225483819200000E-01   1.094679455400000E+00   5.744562261200000E-01   0.000000000000000E+00   0.000000000000000E+00   0.000000000000000E+00   0.000000000000000E+00
   9.737191652500000E-01   3.554425121200000E+00   3.225479132700000E-01   1.105221835400000E+00   5.480480815900000E-01   0.000000000000000E+00   0.000000000000000E+00   0.000000000000000E+00   0.000000000000000E+00
   9.747353986100000E-01   3.554567598600000E+00   3.225483818400000E-01   1.094681322900000E+00   5.744515450300000E-01   0.000000000000000E+00   0.000000000000000E+00   0.000000000000000E+00   0.000000000000000E+00
   9.757516319800000E-01   3.554291093300000E+00   3.225474724800000E-01   1.115137222100000E+00   5.232105360500000E-01   0.000000000000000E+00   0.000000000000000E+00   0.000000000000000E+00   0.000000000000000E+00
   9.762286209100000E-01   3.554567565200000E+00   3.225483817300000E-01   1.094683807000000E+00   5.744453182600000E-01   0.000000000000000E+00   0.000000000000000E+00   0.000000000000000E+00   0.000000000000000E+00
   9.767056098500000E-01   3.554425215600000E+00   3.225479135800000E-01   1.105214823800000E+00   5.480656574700000E-01   0.000000000000000E+00   0.000000000000000E+00   0.000000000000000E+00   0.000000000000000E+00
   9.771825987800000E-01   3.554567511700000E+00   3.225483815500000E-01   1.094687780900000E+00   5.744353568100000E-01   0.000000000000000E+00   0.000000000000000E+00   0.000000000000000E+00   0.000000000000000E+00
   9.776595877199999E-01   3.554291435600000E+00   3.225474736000000E-01   1.115111789000000E+00   5.232742893500000E-01   0.000000000000000E+00   0.000000000000000E+00   0.000000000000000E+00   0.000000000000000E+00
   9.781864483900000E-01   3.554567468400000E+00   3.225483814100000E-01   1.094690996100000E+00   5.744272969999999E-01   0.000000000000000E+00   0.000000000000000E+00   0.000000000000000E+00   0.000000000000000E+00
   9.787133090600000E-01   3.554425337700000E+00   3.225479139800000E-01   1.105205744900000E+00   5.480884158700000E-01   0.000000000000000E+00   0.000000000000000E+00   0.000000000000000E+00   0.000000000000000E+00
   9.792401697200001E-01   3.554567420100000E+00   3.225483812500000E-01   1.094694588300000E+00   5.744182921900000E-01   0.000000000000000E+00   0.000000000000000E+00   0.000000000000000E+00   0.000000000000000E+00
   9.797670303900000E-01   3.554291744900000E+00   3.225474746200000E-01   1.115088799000000E+00   5.233319201700000E-01   0.000000000000000E+00   0.000000000000000E+00   0.000000000000000E+00   0.000000000000000E+00
   9.803154520000000E-01   3.554567379900000E+00   3.225483811200000E-01   1.094697579400000E+00   5.744107940600000E-01   0.000000000000000E+00   0.000000000000000E+00   0.000000000000000E+00   0.000000000000000E+00
   9.808638736000000E-01   3.554425451300000E+00   3.225479143500000E-01   1.105197299200000E+00   5.481095875100001E-01   0.000000000000000E+00   0.000000000000000E+00   0.000000000000000E+00   0.000000000000000E+00
   9.814122952100000E-01   3.554567333500000E+00   3.225483809700000E-01   1.094701025400000E+00   5.744021555200000E-01   0.000000000000000E+00   0.000000000000000E+00   0.000000000000000E+00   0.000000000000000E+00
   9.819607168100000E-01   3.554292041500000E+00   3.225474755900000E-01   1.115066744700000E+00   5.233872068900000E-01   0.000000000000000E+00   0.000000000000000E+00   0.000000000000000E+00   0.000000000000000E+00
   9.823858259800000E-01   3.554567288400000E+00   3.225483808200000E-01   1.094704377200000E+00   5.743937529299999E-01   0.000000000000000E+00   0.000000000000000E+00   0.000000000000000E+00   0.000000000000000E+00
   9.828109351600000E-01   3.554425578600000E+00   3.225479147700000E-01   1.105187836800000E+00   5.481333088500000E-01   0.000000000000000E+00   0.000000000000000E+00   0.000000000000000E+00   0.000000000000000E+00
   9.832360443300000E-01   3.554567228700000E+00   3.225483806300000E-01   1.094708815600000E+00   5.743826262900000E-01   0.000000000000000E+00   0.000000000000000E+00   0.000000000000000E+00   0.000000000000000E+00
   9.836611535000001E-01   3.554292423600000E+00   3.225474768400000E-01   1.115038339200000E+00   5.234584175000000E-01   0.000000000000000E+00   0.000000000000000E+00   0.000000000000000E+00   0.000000000000000E+00
   9.840155461800000E-01   3.554567173000000E+00   3.225483804400000E-01   1.094712961100000E+00   5.743722335800000E-01   0.000000000000000E+00   0.000000000000000E+00   0.000000000000000E+00   0.000000000000000E+00
   9.843699388500000E-01   3.554425736000000E+00   3.225479152800000E-01   1.105176133400000E+00   5.481626490000000E-01   0.000000000000000E+00   0.000000000000000E+00   0.000000000000000E+00   0.000000000000000E+00
   9.847243315300001E-01   3.554567101500000E+00   3.225483802100000E-01   1.094718274400000E+00   5.743589129500000E-01   0.000000000000000E+00   0.000000000000000E+00   0.000000000000000E+00   0.000000000000000E+00
   9.850787242100000E-01   3.554292880800000E+00   3.225474783400000E-01   1.115004334000000E+00   5.235436696800000E-01   0.000000000000000E+00   0.000000000000000E+00   0.000000000000000E+00   0.000000000000000E+00
   9.854337872000000E-01   3.554567040900000E+00   3.225483800100000E-01   1.094722781500000E+00   5.743476132200001E-01   0.000000000000000E+00   0.000000000000000E+00   0.000000000000000E+00   0.000000000000000E+00
   9.857888501900000E-01   3.554425907100000E+00   3.225479158400000E-01   1.105163407400000E+00   5.481945541400000E-01   0.000000000000000E+00   0.000000000000000E+00   0.000000000000000E+00   0.000000000000000E+00
   9.861439131800001E-01   3.554566969800000E+00   3.225483797800000E-01   1.094728073200000E+00   5.743343462200000E-01   0.000000000000000E+00   0.000000000000000E+00   0.000000000000000E+00   0.000000000000000E+00
   9.864989761700000E-01   3.554293336000000E+00   3.225474798400000E-01   1.114970467300000E+00   5.236285786400000E-01   0.000000000000000E+00   0.000000000000000E+00   0.000000000000000E+00   0.000000000000000E+00
   9.868545594300000E-01   3.554566909500000E+00   3.225483795800000E-01   1.094732562900000E+00   5.743230895500000E-01   0.000000000000000E+00   0.000000000000000E+00   0.000000000000000E+00   0.000000000000000E+00
   9.872101426800000E-01   3.554426077500000E+00   3.225479164000000E-01   1.105150730600000E+00   5.482263376700000E-01   0.000000000000000E+00   0.000000000000000E+00   0.000000000000000E+00   0.000000000000000E+00
   9.875657259400000E-01   3.554566838600000E+00   3.225483793500000E-01   1.094737835200000E+00   5.743098702700000E-01   0.000000000000000E+00   0.000000000000000E+00   0.000000000000000E+00   0.000000000000000E+00
   9.879213091900000E-01   3.554293789300000E+00   3.225474813200000E-01   1.114936724200000E+00   5.237131821800000E-01   0.000000000000000E+00   0.000000000000000E+00   0.000000000000000E+00   0.000000000000000E+00
   9.881595236800000E-01   3.554566763600000E+00   3.225483791000000E-01   1.094743415800000E+00   5.742958777600000E-01   0.000000000000000E+00   0.000000000000000E+00   0.000000000000000E+00   0.000000000000000E+00
   9.883977381700000E-01   3.554426289100000E+00   3.225479171000000E-01   1.105134979900000E+00   5.482658302700000E-01   0.000000000000000E+00   0.000000000000000E+00   0.000000000000000E+00   0.000000000000000E+00
   9.886359526600000E-01   3.554566658100000E+00   3.225483787500000E-01   1.094751264500000E+00   5.742761978599999E-01   0.000000000000000E+00   0.000000000000000E+00   0.000000000000000E+00   0.000000000000000E+00
   9.888741671500000E-01   3.554294463800000E+00   3.225474835300000E-01   1.114886493200000E+00   5.238391340700000E-01   0.000000000000000E+00   0.000000000000000E+00   0.000000000000000E+00   0.000000000000000E+00
   9.890611379699999E-01   3.554566556500000E+00   3.225483784200000E-01   1.094758838900000E+00   5.742572044699999E-01   0.000000000000000E+00   0.000000000000000E+00   0.000000000000000E+00   0.000000000000000E+00
   9.892481087900000E-01   3.554426576200000E+00   3.225479180400000E-01   1.105113600400000E+00   5.483194409200000E-01   0.000000000000000E+00   0.000000000000000E+00   0.000000000000000E+00   0.000000000000000E+00
   9.894350796200000E-01   3.554566422600000E+00   3.225483779800000E-01   1.094768801400000E+00   5.742322216200000E-01   0.000000000000000E+00   0.000000000000000E+00   0.000000000000000E+00   0.000000000000000E+00
   9.896220504400000E-01   3.554295319700000E+00   3.225474863400000E-01   1.114822733200000E+00   5.239990252000000E-01   0.000000000000000E+00   0.000000000000000E+00   0.000000000000000E+00   0.000000000000000E+00
   9.898109431500000E-01   3.554566310000000E+00   3.225483776100000E-01   1.094777208700000E+00   5.742111370800000E-01   0.000000000000000E+00   0.000000000000000E+00   0.000000000000000E+00   0.000000000000000E+00
   9.899998358700000E-01   3.554426894700000E+00   3.225479190800000E-01   1.105089861600000E+00   5.483789744799999E-01   0.000000000000000E+00   0.000000000000000E+00   0.000000000000000E+00   0.000000000000000E+00
   9.901887285800000E-01   3.554566178100000E+00   3.225483771800000E-01   1.094787028900000E+00   5.741865080800000E-01   0.000000000000000E+00   0.000000000000000E+00   0.000000000000000E+00   0.000000000000000E+00
   9.903776212900000E-01   3.554296162700000E+00   3.225474891000000E-01   1.114759884200000E+00   5.241566517000000E-01   0.000000000000000E+00   0.000000000000000E+00   0.000000000000000E+00   0.000000000000000E+00
   9.905623547500000E-01   3.554566065300000E+00   3.225483768100000E-01   1.094795452600000E+00   5.741653796700000E-01   0.000000000000000E+00   0.000000000000000E+00   0.000000000000000E+00   0.000000000000000E+00
   9.907470882100000E-01   3.554427213600000E+00   3.225479201200000E-01   1.105066077700000E+00   5.484386289800000E-01   0.000000000000000E+00   0.000000000000000E+00   0.000000000000000E+00   0.000000000000000E+00
   9.909318216600000E-01   3.554565931100000E+00   3.225483763700000E-01   1.094805451900000E+00   5.741402981600000E-01   0.000000000000000E+00   0.000000000000000E+00   0.000000000000000E+00   0.000000000000000E+00
   9.911165551200000E-01   3.554297020400000E+00   3.225474919000000E-01   1.114695889300000E+00   5.243171742000000E-01   0.000000000000000E+00   0.000000000000000E+00   0.000000000000000E+00   0.000000000000000E+00
   9.913591785200000E-01   3.554565831300000E+00   3.225483760400000E-01   1.094812919800000E+00   5.741215642700001E-01   0.000000000000000E+00   0.000000000000000E+00   0.000000000000000E+00   0.000000000000000E+00
   9.916018019100000E-01   3.554427496100000E+00   3.225479210500000E-01   1.105044983700000E+00   5.484915439800000E-01   0.000000000000000E+00   0.000000000000000E+00   0.000000000000000E+00   0.000000000000000E+00
   9.918444253100001E-01   3.554565729700000E+00   3.225483757100000E-01   1.094820504700000E+00   5.741025360000001E-01   0.000000000000000E+00   0.000000000000000E+00   0.000000000000000E+00   0.000000000000000E+00
   9.920870487000000E-01   3.554297670200000E+00   3.225474940300000E-01   1.114647345900000E+00   5.244389556000000E-01   0.000000000000000E+00   0.000000000000000E+00   0.000000000000000E+00   0.000000000000000E+00
   9.922968979800000E-01   3.554565636900000E+00   3.225483754100000E-01   1.094827444700000E+00   5.740851243300000E-01   0.000000000000000E+00   0.000000000000000E+00   0.000000000000000E+00   0.000000000000000E+00
   9.925067472700000E-01   3.554427758300000E+00   3.225479219100000E-01   1.105025392000000E+00   5.485406972700000E-01   0.000000000000000E+00   0.000000000000000E+00   0.000000000000000E+00   0.000000000000000E+00
   9.927165965500000E-01   3.554565519900000E+00   3.225483750300000E-01   1.094836183600000E+00   5.740631980899999E-01   0.000000000000000E+00   0.000000000000000E+00   0.000000000000000E+00   0.000000000000000E+00
   9.929264458400000E-01   3.554298418300000E+00   3.225474964800000E-01   1.114591417400000E+00   5.245792842000000E-01   0.000000000000000E+00   0.000000000000000E+00   0.000000000000000E+00   0.000000000000000E+00
   9.931311480500000E-01   3.554565419600000E+00   3.225483747000000E-01   1.094843690900000E+00   5.740443599700000E-01   0.000000000000000E+00   0.000000000000000E+00   0.000000000000000E+00   0.000000000000000E+00
   9.933358502700000E-01   3.554428041700000E+00   3.225479228300000E-01   1.105004195400000E+00   5.485938853200000E-01   0.000000000000000E+00   0.000000000000000E+00   0.000000000000000E+00   0.000000000000000E+00
   9.935405524900000E-01   3.554565300200000E+00   3.225483743100000E-01   1.094852615400000E+00   5.740219642200000E-01   0.000000000000000E+00   0.000000000000000E+00   0.000000000000000E+00   0.000000000000000E+00
   9.937452547000000E-01   3.554299181400000E+00   3.225474989700000E-01   1.114534301000000E+00   5.247226177100000E-01   0.000000000000000E+00   0.000000000000000E+00   0.000000000000000E+00   0.000000000000000E+00
   9.939524347900000E-01   3.554565199900000E+00   3.225483739800000E-01   1.094860141100000E+00   5.740030765700000E-01   0.000000000000000E+00   0.000000000000000E+00   0.000000000000000E+00   0.000000000000000E+00
   9.941596148800000E-01   3.554428325400000E+00   3.225479237600000E-01   1.104982945900000E+00   5.486472159200000E-01   0.000000000000000E+00   0.000000000000000E+00   0.000000000000000E+00   0.000000000000000E+00
   9.943667949700000E-01   3.554565082600000E+00   3.225483736000000E-01   1.094868925000000E+00   5.739810296000000E-01   0.000000000000000E+00   0.000000000000000E+00   0.000000000000000E+00   0.000000000000000E+00
   9.945739750700000E-01   3.554299931300000E+00   3.225475014200000E-01   1.114478084700000E+00   5.248637191400000E-01   0.000000000000000E+00   0.000000000000000E+00   0.000000000000000E+00   0.000000000000000E+00
   9.947125626300000E-01   3.554564958600000E+00   3.225483731900000E-01   1.094878224400000E+00   5.739576859800000E-01   0.000000000000000E+00   0.000000000000000E+00   0.000000000000000E+00   0.000000000000000E+00
   9.948511502000000E-01   3.554428675200000E+00   3.225479249000000E-01   1.104956707100000E+00   5.487130825900000E-01   0.000000000000000E+00   0.000000000000000E+00   0.000000000000000E+00   0.000000000000000E+00
   9.949897377700000E-01   3.554564784100000E+00   3.225483726200000E-01   1.094891293000000E+00   5.739248763900000E-01   0.000000000000000E+00   0.000000000000000E+00   0.000000000000000E+00   0.000000000000000E+00
   9.951283253400000E-01   3.554301044700000E+00   3.225475050500000E-01   1.114394447300000E+00   5.250737031900000E-01   0.000000000000000E+00   0.000000000000000E+00   0.000000000000000E+00   0.000000000000000E+00
   9.952086138500000E-01   3.554564583200000E+00   3.225483719600000E-01   1.094906402600000E+00   5.738869355900000E-01   0.000000000000000E+00   0.000000000000000E+00   0.000000000000000E+00   0.000000000000000E+00
   9.952889023500000E-01   3.554429241600000E+00   3.225479267400000E-01   1.104914110900000E+00   5.488200508300000E-01   0.000000000000000E+00   0.000000000000000E+00   0.000000000000000E+00   0.000000000000000E+00
   9.953691908600000E-01   3.554564284700000E+00   3.225483709900000E-01   1.094928783400000E+00   5.738307198000000E-01   0.000000000000000E+00   0.000000000000000E+00   0.000000000000000E+00   0.000000000000000E+00
   9.954494793699999E-01   3.554302946400000E+00   3.225475112400000E-01   1.114251213600000E+00   5.254334939000000E-01   0.000000000000000E+00   0.000000000000000E+00   0.000000000000000E+00   0.000000000000000E+00
   9.955193003500000E-01   3.554564016300000E+00   3.225483701200000E-01   1.094949135500000E+00   5.737795777600000E-01   0.000000000000000E+00   0.000000000000000E+00   0.000000000000000E+00   0.000000000000000E+00
   9.955891213300000E-01   3.554430002200000E+00   3.225479292200000E-01   1.104856677500000E+00   5.489643756500000E-01   0.000000000000000E+00   0.000000000000000E+00   0.000000000000000E+00   0.000000000000000E+00
   9.956589423100000E-01   3.554563678700000E+00   3.225483690200000E-01   1.094974593300000E+00   5.737155778100000E-01   0.000000000000000E+00   0.000000000000000E+00   0.000000000000000E+00   0.000000000000000E+00
   9.957287633000000E-01   3.554305098200000E+00   3.225475182300000E-01   1.114088288300000E+00   5.258431066700000E-01   0.000000000000000E+00   0.000000000000000E+00   0.000000000000000E+00   0.000000000000000E+00
   9.958160685000000E-01   3.554563425700000E+00   3.225483682000000E-01   1.094993941300000E+00   5.736669044100000E-01   0.000000000000000E+00   0.000000000000000E+00   0.000000000000000E+00   0.000000000000000E+00
   9.959033737100000E-01   3.554430722100000E+00   3.225479315500000E-01   1.104801998300000E+00   5.491019160600000E-01   0.000000000000000E+00   0.000000000000000E+00   0.000000000000000E+00   0.000000000000000E+00
   9.959906789200000E-01   3.554563160700000E+00   3.225483673400000E-01   1.095014085000000E+00   5.736162080000000E-01   0.000000000000000E+00   0.000000000000000E+00   0.000000000000000E+00   0.000000000000000E+00
   9.960779841200000E-01   3.554306788000000E+00   3.225475237000000E-01   1.113959372900000E+00   5.261675720900000E-01   0.000000000000000E+00   0.000000000000000E+00   0.000000000000000E+00   0.000000000000000E+00
   9.961596496000000E-01   3.554562931400000E+00   3.225483666000000E-01   1.095031714900000E+00   5.735718095500000E-01   0.000000000000000E+00   0.000000000000000E+00   0.000000000000000E+00   0.000000000000000E+00
   9.962413150700000E-01   3.554431371800000E+00   3.225479336500000E-01   1.104752231500000E+00   5.492272487600000E-01   0.000000000000000E+00   0.000000000000000E+00   0.000000000000000E+00   0.000000000000000E+00
   9.963229805500000E-01   3.554562653300000E+00   3.225483657000000E-01   1.095053035200000E+00   5.735180818800000E-01   0.000000000000000E+00   0.000000000000000E+00   0.000000000000000E+00   0.000000000000000E+00
   9.964046460200000E-01   3.554308561800000E+00   3.225475294100000E-01   1.113822927900000E+00   5.265114390300000E-01   0.000000000000000E+00   0.000000000000000E+00   0.000000000000000E+00   0.000000000000000E+00
   9.965148199100000E-01   3.554562451700000E+00   3.225483650600000E-01   1.095068720700000E+00   5.734785162800000E-01   0.000000000000000E+00   0.000000000000000E+00   0.000000000000000E+00   0.000000000000000E+00
   9.966249937900000E-01   3.554431945500000E+00   3.225479354900000E-01   1.104707896900000E+00   5.493390599700000E-01   0.000000000000000E+00   0.000000000000000E+00   0.000000000000000E+00   0.000000000000000E+00
   9.967351676700000E-01   3.554562249600000E+00   3.225483644100000E-01   1.095084378900000E+00   5.734389980500000E-01   0.000000000000000E+00   0.000000000000000E+00   0.000000000000000E+00   0.000000000000000E+00
   9.968453415500000E-01   3.554309851500000E+00   3.225475335400000E-01   1.113722718100000E+00   5.267643605200000E-01   0.000000000000000E+00   0.000000000000000E+00   0.000000000000000E+00   0.000000000000000E+00
   9.969848601100000E-01   3.554562098400000E+00   3.225483639300000E-01   1.095096236700000E+00   5.734090459000000E-01   0.000000000000000E+00   0.000000000000000E+00   0.000000000000000E+00   0.000000000000000E+00
   9.971243786700000E-01   3.554432374600000E+00   3.225479368600000E-01   1.104674394400000E+00   5.494236742400000E-01   0.000000000000000E+00   0.000000000000000E+00   0.000000000000000E+00   0.000000000000000E+00
   9.972638972300000E-01   3.554561941500000E+00   3.225483634300000E-01   1.095108512700000E+00   5.733780208300000E-01   0.000000000000000E+00   0.000000000000000E+00   0.000000000000000E+00   0.000000000000000E+00
   9.974034157900000E-01   3.554310852400000E+00   3.225475367200000E-01   1.113644153800000E+00   5.269629241600000E-01   0.000000000000000E+00   0.000000000000000E+00   0.000000000000000E+00   0.000000000000000E+00
   9.974866734600000E-01   3.554561764700000E+00   3.225483628700000E-01   1.095122439600000E+00   5.733428046000000E-01   0.000000000000000E+00   0.000000000000000E+00   0.000000000000000E+00   0.000000000000000E+00
   9.975699311400000E-01   3.554432872000000E+00   3.225479384400000E-01   1.104635136200000E+00   5.495229801300000E-01   0.000000000000000E+00   0.000000000000000E+00   0.000000000000000E+00   0.000000000000000E+00
   9.976531888100000E-01   3.554561507000000E+00   3.225483620500000E-01   1.095142832400000E+00   5.732911674900000E-01   0.000000000000000E+00   0.000000000000000E+00   0.000000000000000E+00   0.000000000000000E+00
   9.977364464900000E-01   3.554312493700000E+00   3.225475419100000E-01   1.113513647300000E+00   5.272934144600000E-01   0.000000000000000E+00   0.000000000000000E+00   0.000000000000000E+00   0.000000000000000E+00
   9.978086621300000E-01   3.554561276600000E+00   3.225483613300000E-01   1.095161392500000E+00   5.732441051100000E-01   0.000000000000000E+00   0.000000000000000E+00   0.000000000000000E+00   0.000000000000000E+00
   9.978808777800000E-01   3.554433523900000E+00   3.225479404800000E-01   1.104582765900000E+00   5.496557994300000E-01   0.000000000000000E+00   0.000000000000000E+00   0.000000000000000E+00   0.000000000000000E+00
   9.979530934200000E-01   3.554560989700000E+00   3.225483604300000E-01   1.095184616800000E+00   5.731851047600000E-01   0.000000000000000E+00   0.000000000000000E+00   0.000000000000000E+00   0.000000000000000E+00
   9.980253090700000E-01   3.554314320300000E+00   3.225475476000000E-01   1.113365025700000E+00   5.276710377400000E-01   0.000000000000000E+00   0.000000000000000E+00   0.000000000000000E+00   0.000000000000000E+00
   9.980986660200000E-01   3.554560755500000E+00   3.225483597100000E-01   1.095204067900000E+00   5.731355776800000E-01   0.000000000000000E+00   0.000000000000000E+00   0.000000000000000E+00   0.000000000000000E+00
   9.981720229800000E-01   3.554434188600000E+00   3.225479425300000E-01   1.104527841700000E+00   5.497956502400000E-01   0.000000000000000E+00   0.000000000000000E+00   0.000000000000000E+00   0.000000000000000E+00
   9.982453799300000E-01   3.554560485800000E+00   3.225483588800000E-01   1.095226616200000E+00   5.730780288200000E-01   0.000000000000000E+00   0.000000000000000E+00   0.000000000000000E+00   0.000000000000000E+00
   9.983187368899999E-01   3.554316033400000E+00   3.225475528200000E-01   1.113220735000000E+00   5.280393758400000E-01   0.000000000000000E+00   0.000000000000000E+00   0.000000000000000E+00   0.000000000000000E+00
   9.983680370200000E-01   3.554560209400000E+00   3.225483580500000E-01   1.095250319200000E+00   5.730173935800000E-01   0.000000000000000E+00   0.000000000000000E+00   0.000000000000000E+00   0.000000000000000E+00
   9.984173371500000E-01   3.554434961200000E+00   3.225479448500000E-01   1.104461102700000E+00   5.499665888700001E-01   0.000000000000000E+00   0.000000000000000E+00   0.000000000000000E+00   0.000000000000000E+00
   9.984666372800000E-01   3.554559837700000E+00   3.225483569500000E-01   1.095283253100000E+00   5.729326870000000E-01   0.000000000000000E+00   0.000000000000000E+00   0.000000000000000E+00   0.000000000000000E+00
   9.985159374100000E-01   3.554318388000000E+00   3.225475597100000E-01   1.113010031900000E+00   5.285815918900000E-01   0.000000000000000E+00   0.000000000000000E+00   0.000000000000000E+00   0.000000000000000E+00
   9.985606740800000E-01   3.554559529100000E+00   3.225483560800000E-01   1.095312329000000E+00   5.728574496000000E-01   0.000000000000000E+00   0.000000000000000E+00   0.000000000000000E+00   0.000000000000000E+00
   9.986054107500000E-01   3.554435831700000E+00   3.225479473000000E-01   1.104379103300000E+00   5.501789489700000E-01   0.000000000000000E+00   0.000000000000000E+00   0.000000000000000E+00   0.000000000000000E+00
   9.986501474100000E-01   3.554559176800000E+00   3.225483551400000E-01   1.095347657700000E+00   5.727652430400000E-01   0.000000000000000E+00   0.000000000000000E+00   0.000000000000000E+00   0.000000000000000E+00
   9.986948840800000E-01   3.554320613200000E+00   3.225475655900000E-01   1.112784074600000E+00   5.291718848700000E-01   0.000000000000000E+00   0.000000000000000E+00   0.000000000000000E+00   0.000000000000000E+00
   9.987369025800000E-01   3.554558909500000E+00   3.225483545100000E-01   1.095378162600000E+00   5.726847683300000E-01   0.000000000000000E+00   0.000000000000000E+00   0.000000000000000E+00   0.000000000000000E+00
   9.987789210800000E-01   3.554436604600000E+00   3.225479491800000E-01   1.104293072200000E+00   5.504061433000000E-01   0.000000000000000E+00   0.000000000000000E+00   0.000000000000000E+00   0.000000000000000E+00
   9.988209395800000E-01   3.554558651200000E+00   3.225483540900000E-01   1.095414434200000E+00   5.725876419400000E-01   0.000000000000000E+00   0.000000000000000E+00   0.000000000000000E+00   0.000000000000000E+00
   9.988629580800000E-01   3.554322407000000E+00   3.225475692400000E-01   1.112552135800000E+00   5.297937012600000E-01   0.000000000000000E+00   0.000000000000000E+00   0.000000000000000E+00   0.000000000000000E+00
   9.989015260100000E-01   3.554558575500000E+00   3.225483545800000E-01   1.095445897600000E+00   5.725016780200000E-01   0.000000000000000E+00   0.000000000000000E+00   0.000000000000000E+00   0.000000000000000E+00
   9.989400939400001E-01   3.554437393900000E+00   3.225479514000000E-01   1.104204202700000E+00   5.506485743500000E-01   0.000000000000000E+00   0.000000000000000E+00   0.000000000000000E+00   0.000000000000000E+00
   9.989786618700000E-01   3.554558952800000E+00   3.225483579600000E-01   1.095483186800000E+00   5.723963486400000E-01   0.000000000000000E+00   0.000000000000000E+00   0.000000000000000E+00   0.000000000000000E+00
   9.990172298000000E-01   3.554324491600000E+00   3.225475757400000E-01   1.112312076900000E+00   5.304659726199999E-01   0.000000000000000E+00   0.000000000000000E+00   0.000000000000000E+00   0.000000000000000E+00
   9.990563117300000E-01   3.554561465300000E+00   3.225483743200000E-01   1.095512614200000E+00   5.723063483800001E-01   0.000000000000000E+00   0.000000000000000E+00   0.000000000000000E+00   0.000000000000000E+00
   9.990953936700000E-01   3.554443996200000E+00   3.225479905600000E-01   1.104115225600000E+00   5.508954741900000E-01   0.000000000000000E+00   0.000000000000000E+00   0.000000000000000E+00   0.000000000000000E+00
   9.991344756000000E-01   3.554573709800000E+00   3.225484512000000E-01   1.095541459300000E+00   5.721960784000000E-01   0.000000000000000E+00   0.000000000000000E+00   0.000000000000000E+00   0.000000000000000E+00
   9.991735575300000E-01   3.554355740200000E+00   3.225477667500000E-01   1.112080375300000E+00   5.311136708500001E-01   0.000000000000000E+00   0.000000000000000E+00   0.000000000000000E+00   0.000000000000000E+00
   9.992160533700000E-01   3.554639918100000E+00   3.225488639000000E-01   1.095538823200000E+00   5.720755051200000E-01   0.000000000000000E+00   0.000000000000000E+00   0.000000000000000E+00   0.000000000000000E+00
   9.992585492000000E-01   3.554626910900000E+00   3.225491294400000E-01   1.103960657100000E+00   5.510371818000001E-01   0.000000000000000E+00   0.000000000000000E+00   0.000000000000000E+00   0.000000000000000E+00
   9.993010450399999E-01   3.555007181200000E+00   3.225511520400000E-01   1.095405989700000E+00   5.717816844400000E-01   0.000000000000000E+00   0.000000000000000E+00   0.000000000000000E+00   0.000000000000000E+00
   9.993435408700000E-01   3.555385608100000E+00   3.225541837500000E-01   1.111451906300000E+00   5.311784286100000E-01   0.000000000000000E+00   0.000000000000000E+00   0.000000000000000E+00   0.000000000000000E+00
   9.993698323300000E-01   3.556382281200000E+00   3.225597207300000E-01   1.094834055800000E+00   5.709357339900000E-01   0.000000000000000E+00   0.000000000000000E+00   0.000000000000000E+00   0.000000000000000E+00
   9.993961237900000E-01   3.557537351300000E+00   3.225672695800000E-01   1.102609978500000E+00   5.497834836200000E-01   0.000000000000000E+00   0.000000000000000E+00   0.000000000000000E+00   0.000000000000000E+00
   9.994224152600000E-01   3.559844703900000E+00   3.225813074200000E-01   1.093358916100000E+00   5.689233101700000E-01   0.000000000000000E+00   0.000000000000000E+00   0.000000000000000E+00   0.000000000000000E+00
   9.994487067200000E-01   3.563294378100000E+00   3.226035243800000E-01   1.107792058200000E+00   5.279964023900000E-01   0.000000000000000E+00   0.000000000000000E+00   0.000000000000000E+00   0.000000000000000E+00
   9.994793788900000E-01   3.571229718200000E+00   3.226524367000000E-01   1.088455861900000E+00   5.627766111500000E-01   0.000000000000000E+00   0.000000000000000E+00   0.000000000000000E+00   0.000000000000000E+00
   9.995100510600000E-01   3.585102745300000E+00   3.227396832200000E-01   1.090705671800000E+00   5.357115594800000E-01   0.000000000000000E+00   0.000000000000000E+00   0.000000000000000E+00   0.000000000000000E+00
   9.995407232200000E-01   3.610432149300000E+00   3.228987052000000E-01   1.071995063400000E+00   5.427188659400000E-01   0.000000000000000E+00   0.000000000000000E+00   0.000000000000000E+00   0.000000000000000E+00
   9.995713953900000E-01   3.654331220800000E+00   3.231779864100000E-01   1.070078937300000E+00   4.837969122100000E-01   0.000000000000000E+00   0.000000000000000E+00   0.000000000000000E+00   0.000000000000000E+00
   9.995896324400000E-01   3.694160618200000E+00   3.234324712500000E-01   1.039063085800000E+00   5.037565158000000E-01   0.000000000000000E+00   0.000000000000000E+00   0.000000000000000E+00   0.000000000000000E+00
   9.996078694900000E-01   3.746765695700000E+00   3.237736032600000E-01   1.027825752600000E+00   4.625401552700000E-01   0.000000000000000E+00   0.000000000000000E+00   0.000000000000000E+00   0.000000000000000E+00
   9.996261065399999E-01   3.815426053800000E+00   3.242243173900000E-01   9.960495924100000E-01   4.549268570300000E-01   0.000000000000000E+00   0.000000000000000E+00   0.000000000000000E+00   0.000000000000000E+00
   9.996443435800000E-01   3.901594118200000E+00   3.248017243600000E-01   9.839243575300000E-01   3.888855846500000E-01   0.000000000000000E+00   0.000000000000000E+00   0.000000000000000E+00   0.000000000000000E+00
   9.996603279500000E-01   3.993390556000000E+00   3.254281701600000E-01   9.411349263300000E-01   3.961553630900000E-01   0.000000000000000E+00   0.000000000000000E+00   0.000000000000000E+00   0.000000000000000E+00
   9.996763123100000E-01   4.099606946300000E+00   3.261718637800000E-01   9.201729291500000E-01   3.487886918800000E-01   0.000000000000000E+00   0.000000000000000E+00   0.000000000000000E+00   0.000000000000000E+00
   9.996922966800000E-01   4.220297596700000E+00   3.270392690000000E-01   8.821006546000000E-01   3.373446056300000E-01   0.000000000000000E+00   0.000000000000000E+00   0.000000000000000E+00   0.000000000000000E+00
   9.997082810400000E-01   4.353456358100000E+00   3.280279770200000E-01   8.674654516700000E-01   2.753233814600000E-01   0.000000000000000E+00   0.000000000000000E+00   0.000000000000000E+00   0.000000000000000E+00
   9.997240609500000E-01   4.496282525000000E+00   3.291232649200000E-01   8.226746897900000E-01   2.828509770400000E-01   0.000000000000000E+00   0.000000000000000E+00   0.000000000000000E+00   0.000000000000000E+00
   9.997398408500000E-01   4.647389128000000E+00   3.303279371800000E-01   8.025405192600000E-01   2.418001982700000E-01   0.000000000000000E+00   0.000000000000000E+00   0.000000000000000E+00   0.000000000000000E+00
   9.997556207600000E-01   4.805337873500000E+00   3.316375336100000E-01   7.678799316300000E-01   2.367635741700000E-01   0.000000000000000E+00   0.000000000000000E+00   0.000000000000000E+00   0.000000000000000E+00
   9.997714006600000E-01   4.967385107200000E+00   3.330418677800000E-01   7.582751174700000E-01   1.851526589200000E-01   0.000000000000000E+00   0.000000000000000E+00   0.000000000000000E+00   0.000000000000000E+00
   9.997830811300000E-01   5.089509307600000E+00   3.341400223500000E-01   7.255974422700000E-01   2.039465919800000E-01   0.000000000000000E+00   0.000000000000000E+00   0.000000000000000E+00   0.000000000000000E+00
   9.997947615900000E-01   5.211923583700000E+00   3.352817366200000E-01   7.170621182000000E-01   1.759394856500000E-01   0.000000000000000E+00   0.000000000000000E+00   0.000000000000000E+00   0.000000000000000E+00
   9.998064420500000E-01   5.334640472700000E+00   3.364662123000000E-01   6.938559392300000E-01   1.808201565900000E-01   0.000000000000000E+00   0.000000000000000E+00   0.000000000000000E+00   0.000000000000000E+00
   9.998181225200000E-01   5.456476500200000E+00   3.376883158300000E-01   6.942616008900000E-01   1.407679929800000E-01   0.000000000000000E+00   0.000000000000000E+00   0.000000000000000E+00   0.000000000000000E+00
   9.998275432700000E-01   5.554462171300000E+00   3.387019301000000E-01   6.683809323500000E-01   1.632479495200000E-01   0.000000000000000E+00   0.000000000000000E+00   0.000000000000000E+00   0.000000000000000E+00
   9.998369640200000E-01   5.651203045800000E+00   3.397363750500000E-01   6.654110763600000E-01   1.413709285700000E-01   0.000000000000000E+00   0.000000000000000E+00   0.000000000000000E+00   0.000000000000000E+00
   9.998463847700000E-01   5.747114660000000E+00   3.407925110700000E-01   6.479658201800000E-01   1.497267517200000E-01   0.000000000000000E+00   0.000000000000000E+00   0.000000000000000E+00   0.000000000000000E+00
   9.998558055200000E-01   5.841438664400000E+00   3.418670886600000E-01   6.526790930200000E-01   1.158091454200000E-01   0.000000000000000E+00   0.000000000000000E+00   0.000000000000000E+00   0.000000000000000E+00
   9.998641627600000E-01   5.924386398500000E+00   3.428373679700000E-01   6.305196461100000E-01   1.386440947900000E-01   0.000000000000000E+00   0.000000000000000E+00   0.000000000000000E+00   0.000000000000000E+00
   9.998725199900000E-01   6.005811223500000E+00   3.438202719900000E-01   6.299774109500000E-01   1.200962467300000E-01   0.000000000000000E+00   0.000000000000000E+00   0.000000000000000E+00   0.000000000000000E+00
   9.998808772200000E-01   6.086214910600000E+00   3.448171160600000E-01   6.155566773800000E-01   1.294113846100000E-01   0.000000000000000E+00   0.000000000000000E+00   0.000000000000000E+00   0.000000000000000E+00
   9.998892344600000E-01   6.164980292300000E+00   3.458253367600000E-01   6.219023759700000E-01   9.943642974500000E-02   0.000000000000000E+00   0.000000000000000E+00   0.000000000000000E+00   0.000000000000000E+00
   9.998959375499999E-01   6.227555460900000E+00   3.466439383600000E-01   6.031596631400000E-01   1.219856392700000E-01   0.000000000000000E+00   0.000000000000000E+00   0.000000000000000E+00   0.000000000000000E+00
   9.999026406300000E-01   6.288909446100000E+00   3.474687784400000E-01   6.045742154100000E-01   1.062166069400000E-01   0.000000000000000E+00   0.000000000000000E+00   0.000000000000000E+00   0.000000000000000E+00
   9.999093437200000E-01   6.349558632600000E+00   3.483014258400000E-01   5.929117725100000E-01   1.159119279500000E-01   0.000000000000000E+00   0.000000000000000E+00   0.000000000000000E+00   0.000000000000000E+00
   9.999160468000000E-01   6.408973451900000E+00   3.491398460200000E-01   6.003736683000001E-01   8.960663595700000E-02   0.000000000000000E+00   0.000000000000000E+00   0.000000000000000E+00   0.000000000000000E+00
   9.999214264400000E-01   6.456328605400000E+00   3.498186934400000E-01   5.842558924500000E-01   1.108832958500000E-01   0.000000000000000E+00   0.000000000000000E+00   0.000000000000000E+00   0.000000000000000E+00
   9.999268060700000E-01   6.502775801800000E+00   3.505006219000000E-01   5.866239786900000E-01   9.729437238999999E-02   0.000000000000000E+00   0.000000000000000E+00   0.000000000000000E+00   0.000000000000000E+00
   9.999321857000000E-01   6.548800357600000E+00   3.511871952100000E-01   5.769874159500000E-01   1.066356114700000E-01   0.000000000000000E+00   0.000000000000000E+00   0.000000000000000E+00   0.000000000000000E+00
   9.999375653300000E-01   6.593931753200000E+00   3.518766946100000E-01   5.846307456900000E-01   8.364685046299999E-02   0.000000000000000E+00   0.000000000000000E+00   0.000000000000000E+00   0.000000000000000E+00
   9.999419503100000E-01   6.630581461500000E+00   3.524425941800000E-01   5.707149906900000E-01   1.030237814400000E-01   0.000000000000000E+00   0.000000000000000E+00   0.000000000000000E+00   0.000000000000000E+00
   9.999463353000000E-01   6.666553194100000E+00   3.530100201200000E-01   5.733984569200000E-01   9.132504477200000E-02   0.000000000000000E+00   0.000000000000000E+00   0.000000000000000E+00   0.000000000000000E+00
   9.999507202800000E-01   6.702284815300000E+00   3.535804208300000E-01   5.653464155800000E-01   9.987013347100000E-02   0.000000000000000E+00   0.000000000000000E+00   0.000000000000000E+00   0.000000000000000E+00
   9.999551052600000E-01   6.737360932800000E+00   3.541523193500000E-01   5.725557377200000E-01   8.003110254300000E-02   0.000000000000000E+00   0.000000000000000E+00   0.000000000000000E+00   0.000000000000000E+00
   9.999585026500000E-01   6.764531173100000E+00   3.545979291900000E-01   5.607753275700000E-01   9.719589835100000E-02   0.000000000000000E+00   0.000000000000000E+00   0.000000000000000E+00   0.000000000000000E+00
   9.999619000300000E-01   6.791222525800000E+00   3.550440873800000E-01   5.635097877400000E-01   8.734555766600000E-02   0.000000000000000E+00   0.000000000000000E+00   0.000000000000000E+00   0.000000000000000E+00
   9.999652974200000E-01   6.817816704800000E+00   3.554920774900000E-01   5.569518935300000E-01   9.485475489400000E-02   0.000000000000000E+00   0.000000000000000E+00   0.000000000000000E+00   0.000000000000000E+00
   9.999686948099999E-01   6.843957528100000E+00   3.559406564500000E-01   5.634011284200000E-01   7.828217665800000E-02   0.000000000000000E+00   0.000000000000000E+00   0.000000000000000E+00   0.000000000000000E+00
   9.999712659700000E-01   6.863811023000000E+00   3.562817891200000E-01   5.537041246200000E-01   9.285693475700001E-02   0.000000000000000E+00   0.000000000000000E+00   0.000000000000000E+00   0.000000000000000E+00
   9.999738371300000E-01   6.883329515600000E+00   3.566229766900000E-01   5.561983719300000E-01   8.484746126000001E-02   0.000000000000000E+00   0.000000000000000E+00   0.000000000000000E+00   0.000000000000000E+00
   9.999764082900000E-01   6.902831423400000E+00   3.569652987400000E-01   5.510193920799999E-01   9.108061354900000E-02   0.000000000000000E+00   0.000000000000000E+00   0.000000000000000E+00   0.000000000000000E+00
   9.999789794500000E-01   6.922025441700000E+00   3.573077484500000E-01   5.563792403100000E-01   7.787584545600000E-02   0.000000000000000E+00   0.000000000000000E+00   0.000000000000000E+00   0.000000000000000E+00
   9.999808685900000E-01   6.936224055700000E+00   3.575604334900000E-01   5.487640650800000E-01   8.956371866300000E-02   0.000000000000000E+00   0.000000000000000E+00   0.000000000000000E+00   0.000000000000000E+00
   9.999827577300000E-01   6.950192274200000E+00   3.578129566300000E-01   5.508265607600000E-01   8.341524486200000E-02   0.000000000000000E+00   0.000000000000000E+00   0.000000000000000E+00   0.000000000000000E+00
   9.999846468600000E-01   6.964178060100000E+00   3.580661580700000E-01   5.470034321900000E-01   8.822156967600001E-02   0.000000000000000E+00   0.000000000000000E+00   0.000000000000000E+00   0.000000000000000E+00
   9.999865360000000E-01   6.977952992900000E+00   3.583192384100000E-01   5.512279749900000E-01   7.849442990699999E-02   0.000000000000000E+00   0.000000000000000E+00   0.000000000000000E+00   0.000000000000000E+00
   9.999878745000000E-01   6.987787220000000E+00   3.584991464800000E-01   5.459975256200000E-01   8.721346864000000E-02   0.000000000000000E+00   0.000000000000000E+00   0.000000000000000E+00   0.000000000000000E+00
   9.999892130100000E-01   6.997440878700000E+00   3.586786801700000E-01   5.482049129800000E-01   8.311600247100000E-02   0.000000000000000E+00   0.000000000000000E+00   0.000000000000000E+00   0.000000000000000E+00
   9.999905515100000E-01   7.007053973500000E+00   3.588582351400000E-01   5.472128224500000E-01   8.689616984600000E-02   0.000000000000000E+00   0.000000000000000E+00   0.000000000000000E+00   0.000000000000000E+00
   9.999918900200000E-01   7.016382579900000E+00   3.590367808400000E-01   5.536940295300000E-01   8.158529120900000E-02   0.000000000000000E+00   0.000000000000000E+00   0.000000000000000E+00   0.000000000000000E+00
   9.999927067600000E-01   7.021980130700000E+00   3.591452196600000E-01   5.546171083000000E-01   8.851862397500000E-02   0.000000000000000E+00   0.000000000000000E+00   0.000000000000000E+00   0.000000000000000E+00
   9.999935235000000E-01   7.027273888300000E+00   3.592522752500000E-01   5.629148760900000E-01   8.825159302700000E-02   0.000000000000000E+00   0.000000000000000E+00   0.000000000000000E+00   0.000000000000000E+00
   9.999943402400000E-01   7.032216999200000E+00   3.593574735900000E-01   5.739931184000000E-01   9.392692477800001E-02   0.000000000000000E+00   0.000000000000000E+00   0.000000000000000E+00   0.000000000000000E+00
   9.999951569800000E-01   7.036441479000000E+00   3.594589925600000E-01   5.970715014900000E-01   9.748789277500000E-02   0.000000000000000E+00   0.000000000000000E+00   0.000000000000000E+00   0.000000000000000E+00
   9.999956315200000E-01   7.038432582100000E+00   3.595154633800000E-01   6.150578878200000E-01   1.066648484000000E-01   0.000000000000000E+00   0.000000000000000E+00   0.000000000000000E+00   0.000000000000000E+00
   9.999961060600000E-01   7.039817344600000E+00   3.595688048200000E-01   6.433959394200000E-01   1.150656165700000E-01   0.000000000000000E+00   0.000000000000000E+00   0.000000000000000E+00   0.000000000000000E+00
   9.999965806000000E-01   7.040353891800000E+00   3.596176957600000E-01   6.837223472600000E-01   1.301974397300000E-01   0.000000000000000E+00   0.000000000000000E+00   0.000000000000000E+00   0.000000000000000E+00
   9.999970551400000E-01   7.039507572600000E+00   3.596594962300000E-01   7.462571430500000E-01   1.525386707800000E-01   0.000000000000000E+00   0.000000000000000E+00   0.000000000000000E+00   0.000000000000000E+00
   9.999973116000000E-01   7.038197269000000E+00   3.596777435300000E-01   7.931635065300000E-01   1.725672250100000E-01   0.000000000000000E+00   0.000000000000000E+00   0.000000000000000E+00   0.000000000000000E+00
   9.999975680500000E-01   7.035985096300000E+00   3.596915035100000E-01   8.554092934600001E-01   1.989815498200000E-01   0.000000000000000E+00   0.000000000000000E+00   0.000000000000000E+00   0.000000000000000E+00
   9.999978245100000E-01   7.032502141600000E+00   3.596990237400000E-01   9.390920291000000E-01   2.378666860500000E-01   0.000000000000000E+00   0.000000000000000E+00   0.000000000000000E+00   0.000000000000000E+00
   9.999980809700000E-01   7.027105037100000E+00   3.596973408500000E-01   1.056352127900000E+00   2.970564303400000E-01   0.000000000000000E+00   0.000000000000000E+00   0.000000000000000E+00   0.000000000000000E+00
   9.999982280700001E-01   7.022753412800000E+00   3.596904415900000E-01   1.145872056700000E+00   3.468204054700000E-01   0.000000000000000E+00   0.000000000000000E+00   0.000000000000000E+00   0.000000000000000E+00
   9.999983751700000E-01   7.017092866400000E+00   3.596774655300000E-01   1.259169400000000E+00   4.143322288600000E-01   0.000000000000000E+00   0.000000000000000E+00   0.000000000000000E+00   0.000000000000000E+00
   9.999985222700000E-01   7.009613984000000E+00   3.596561810700000E-01   1.405692927900000E+00   5.099891801000001E-01   0.000000000000000E+00   0.000000000000000E+00   0.000000000000000E+00   0.000000000000000E+00
   9.999986693800000E-01   6.999496314200000E+00   3.596230519300000E-01   1.600972645700000E+00   6.511537162300000E-01   0.000000000000000E+00   0.000000000000000E+00   0.000000000000000E+00   0.000000000000000E+00
   9.999987607000000E-01   6.991334229200000E+00   3.595941702800000E-01   1.756917011800000E+00   7.753956220000000E-01   0.000000000000000E+00   0.000000000000000E+00   0.000000000000000E+00   0.000000000000000E+00
   9.999988520200001E-01   6.981164677600000E+00   3.595565379100000E-01   1.949962523800000E+00   9.423434571100000E-01   0.000000000000000E+00   0.000000000000000E+00   0.000000000000000E+00   0.000000000000000E+00
   9.999989433399999E-01   6.968254349400000E+00   3.595071100600000E-01   2.193213029100000E+00   1.173971137000000E+00   0.000000000000000E+00   0.000000000000000E+00   0.000000000000000E+00   0.000000000000000E+00
   9.999990346600000E-01   6.951475307500000E+00   3.594412545400000E-01   2.506710184000000E+00   1.506021369300000E+00   0.000000000000000E+00   0.000000000000000E+00   0.000000000000000E+00   0.000000000000000E+00
   9.999990959100000E-01   6.937221004900000E+00   3.593844898300000E-01   2.770479416600000E+00   1.814709141300000E+00   0.000000000000000E+00   0.000000000000000E+00   0.000000000000000E+00   0.000000000000000E+00
   9.999991571600000E-01   6.919677601900000E+00   3.593140612800000E-01   3.091939964100000E+00   2.225504963000000E+00   0.000000000000000E+00   0.000000000000000E+00   0.000000000000000E+00   0.000000000000000E+00
   9.999992183999999E-01   6.897713848700000E+00   3.592254416100000E-01   3.488963515000000E+00   2.785947579100000E+00   0.000000000000000E+00   0.000000000000000E+00   0.000000000000000E+00   0.000000000000000E+00
   9.999992796500000E-01   6.869658623500000E+00   3.591119929100000E-01   3.987250396200000E+00   3.570163464200000E+00   0.000000000000000E+00   0.000000000000000E+00   0.000000000000000E+00   0.000000000000000E+00
   9.999993273200000E-01   6.842059905900000E+00   3.590004034700000E-01   4.467354070200000E+00   4.410869555600000E+00   0.000000000000000E+00   0.000000000000000E+00   0.000000000000000E+00   0.000000000000000E+00
   9.999993749900000E-01   6.807600955300000E+00   3.588613026600000E-01   5.053257585500000E+00   5.546571373300000E+00   0.000000000000000E+00   0.000000000000000E+00   0.000000000000000E+00   0.000000000000000E+00
   9.999994226600000E-01   6.763840681400000E+00   3.586851712900000E-01   5.775441561000000E+00   7.115454879100000E+00   0.000000000000000E+00   0.000000000000000E+00   0.000000000000000E+00   0.000000000000000E+00
   9.999994703200000E-01   6.707210730800000E+00   3.584581712300000E-01   6.675853606600000E+00   9.330061019000000E+00   0.000000000000000E+00   0.000000000000000E+00   0.000000000000000E+00   0.000000000000000E+00
   9.999995124300000E-01   6.642384745400000E+00   3.581995248600000E-01   7.661628612200000E+00   1.208956906500000E+01   0.000000000000000E+00   0.000000000000000E+00   0.000000000000000E+00   0.000000000000000E+00
   9.999995545400000E-01   6.558333931600000E+00   3.578658365900000E-01   8.875869314599999E+00   1.596805923200000E+01   0.000000000000000E+00   0.000000000000000E+00   0.000000000000000E+00   0.000000000000000E+00
   9.999995966500000E-01   6.447648115200000E+00   3.574287663900000E-01   1.037333084800000E+01   2.151995783500000E+01   0.000000000000000E+00   0.000000000000000E+00   0.000000000000000E+00   0.000000000000000E+00
   9.999996387600000E-01   6.299783539300000E+00   3.568481616900000E-01   1.221780233800000E+01   2.957382349700000E+01   0.000000000000000E+00   0.000000000000000E+00   0.000000000000000E+00   0.000000000000000E+00
   9.999996631300000E-01   6.191762109100000E+00   3.564258326700000E-01   1.346509262400000E+01   3.584062239700000E+01   0.000000000000000E+00   0.000000000000000E+00   0.000000000000000E+00   0.000000000000000E+00
   9.999996875000000E-01   6.063045996200000E+00   3.559241870400000E-01   1.485387560900000E+01   4.365803413200000E+01   0.000000000000000E+00   0.000000000000000E+00   0.000000000000000E+00   0.000000000000000E+00
   9.999997118800000E-01   5.909670907400000E+00   3.553282579000000E-01   1.638361802000000E+01   5.339420676300000E+01   0.000000000000000E+00   0.000000000000000E+00   0.000000000000000E+00   0.000000000000000E+00
   9.999997362500000E-01   5.727345708700000E+00   3.546218814300000E-01   1.804321400100000E+01   6.546264356800000E+01   0.000000000000000E+00   0.000000000000000E+00   0.000000000000000E+00   0.000000000000000E+00
   9.999997615100000E-01   5.503240386500000E+00   3.537559817100000E-01   1.987174400600000E+01   8.089162154300000E+01   0.000000000000000E+00   0.000000000000000E+00   0.000000000000000E+00   0.000000000000000E+00
   9.999997867700000E-01   5.239181612300000E+00   3.527382211300000E-01   2.175746112700000E+01   9.973226654600001E+01   0.000000000000000E+00   0.000000000000000E+00   0.000000000000000E+00   0.000000000000000E+00
   9.999998120200000E-01   4.932639808900000E+00   3.515592078400000E-01   2.361966160600000E+01   1.222570585600000E+02   0.000000000000000E+00   0.000000000000000E+00   0.000000000000000E+00   0.000000000000000E+00
   9.999998372800000E-01   4.583991370100000E+00   3.502205172600000E-01   2.534718120300000E+01   1.484384939900000E+02   0.000000000000000E+00   0.000000000000000E+00   0.000000000000000E+00   0.000000000000000E+00
   9.999998576200000E-01   4.275370568500000E+00   3.490368799700000E-01   2.655390059300000E+01   1.718700787300000E+02   0.000000000000000E+00   0.000000000000000E+00   0.000000000000000E+00   0.000000000000000E+00
   9.999998779700000E-01   3.946735741700000E+00   3.477773304400000E-01   2.752012010400000E+01   1.968401870900000E+02   0.000000000000000E+00   0.000000000000000E+00   0.000000000000000E+00   0.000000000000000E+00
   9.999998983100000E-01   3.604589051800000E+00   3.464664129900000E-01   2.818517454800000E+01   2.225774340200000E+02   0.000000000000000E+00   0.000000000000000E+00   0.000000000000000E+00   0.000000000000000E+00
   9.999999186500000E-01   3.256947693500000E+00   3.451343655200000E-01   2.850468794200000E+01   2.481147939500000E+02   0.000000000000000E+00   0.000000000000000E+00   0.000000000000000E+00   0.000000000000000E+00
   9.999999389899999E-01   2.912676603200000E+00   3.438146230300000E-01   2.845860955900000E+01   2.723689207800000E+02   0.000000000000000E+00   0.000000000000000E+00   0.000000000000000E+00   0.000000000000000E+00
   9.999999593200000E-01   2.580294503700000E+00   3.425393259100000E-01   2.805516909000000E+01   2.942879334900000E+02   0.000000000000000E+00   0.000000000000000E+00   0.000000000000000E+00   0.000000000000000E+00
   9.999999796600000E-01   2.267180855900000E+00   3.413363570000000E-01   2.732724487600000E+01   3.129736918700000E+02   0.000000000000000E+00   0.000000000000000E+00   0.000000000000000E+00   0.000000000000000E+00
   1.000000000000000E+00   1.978880643800000E+00   3.402267272700000E-01   2.632850292600000E+01   3.277729412300000E+02   0.000000000000000E+00   0.000000000000000E+00   0.000000000000000E+00   0.000000000000000E+00
