   0.000000000000000E+00   4.925825358700000E-01   9.999999955900000E-01   1.684249669200000E+00   1.822949318500000E+00   0.000000000000000E+00   0.000000000000000E+00   0.000000000000000E+00   0.000000000000000E+00
   3.552095528700000E-04   6.221146679300000E-01   8.829796500500000E-01   1.594566262300000E+00   1.662755370500000E+00   0.000000000000000E+00   0.000000000000000E+00   0.000000000000000E+00   0.000000000000000E+00
   7.104191057400000E-04   7.683732760600001E-01   7.854817328300000E-01   1.545713974600000E+00   1.462988462300000E+00   0.000000000000000E+00   0.000000000000000E+00   0.000000000000000E+00   0.000000000000000E+00
   1.065628658600000E-03   9.325058712600000E-01   7.038696052600000E-01   1.482853429800000E+00   1.347770241300000E+00   0.000000000000000E+00   0.000000000000000E+00   0.000000000000000E+00   0.000000000000000E+00
   1.420838211500000E-03   1.112078650200000E+00   6.353988729900000E-01   1.456712542700000E+00   1.175215042400000E+00   0.000000000000000E+00   0.000000000000000E+00   0.000000000000000E+00   0.000000000000000E+00
   1.751160766100000E-03   1.292707240900000E+00   5.816801020100000E-01   1.396536787100000E+00   1.132502148600000E+00   0.000000000000000E+00   0.000000000000000E+00   0.000000000000000E+00   0.000000000000000E+00
   2.081483320800000E-03   1.482480409900000E+00   5.361494286100000E-01   1.370753610700000E+00   1.022413698600000E+00   0.000000000000000E+00   0.000000000000000E+00   0.000000000000000E+00   0.000000000000000E+00
   2.411805875400000E-03   1.679378232500000E+00   4.976876746900000E-01   1.326491636700000E+00   9.770123102000000E-01   0.000000000000000E+00   0.000000000000000E+00   0.000000000000000E+00   0.000000000000000E+00
   2.742128430000000E-03   1.878560795200000E+00   4.653419015400000E-01   1.316086292300000E+00   8.610574742000000E-01   0.000000000000000E+00   0.000000000000000E+00   0.000000000000000E+00   0.000000000000000E+00
   3.257087268600000E-03   2.185816129800000E+00   4.252236996700000E-01   1.252110674000000E+00   8.303706752500000E-01   0.000000000000000E+00   0.000000000000000E+00   0.000000000000000E+00   0.000000000000000E+00
   3.772046107100000E-03   2.472921668600000E+00   3.953654401000000E-01   1.225687118700000E+00   7.369314163800000E-01   0.000000000000000E+00   0.000000000000000E+00   0.000000000000000E+00   0.000000000000000E+00
   4.287004945700000E-03   2.727560025400000E+00   3.735411369800000E-01   1.184370725900000E+00   7.120363800400000E-01   0.000000000000000E+00   0.000000000000000E+00   0.000000000000000E+00   0.000000000000000E+00
   4.801963784200000E-03   2.939934975000000E+00   3.578647636400000E-01   1.180644645500000E+00   6.202869116700001E-01   0.000000000000000E+00   0.000000000000000E+00   0.000000000000000E+00   0.000000000000000E+00
   5.338961397600000E-03   3.116637724000000E+00   3.464040556800000E-01   1.140469064600000E+00   6.422787156400001E-01   0.000000000000000E+00   0.000000000000000E+00   0.000000000000000E+00   0.000000000000000E+00
   5.875959011000000E-03   3.248767126300000E+00   3.385418619100000E-01   1.136933478900000E+00   5.938694925500000E-01   0.000000000000000E+00   0.000000000000000E+00   0.000000000000000E+00   0.000000000000000E+00
   6.412956624400000E-03   3.345067253800000E+00   3.332147484900000E-01   1.116118820100000E+00   6.057237097400000E-01   0.000000000000000E+00   0.000000000000000E+00   0.000000000000000E+00   0.000000000000000E+00
   6.949954237800000E-03   3.412226569200000E+00   3.296312238500000E-01   1.129867729800000E+00   5.433688224700000E-01   0.000000000000000E+00   0.000000000000000E+00   0.000000000000000E+00   0.000000000000000E+00
   7.763471073400000E-03   3.477265669100000E+00   3.263390092300000E-01   1.102459468500000E+00   5.858480136100001E-01   0.000000000000000E+00   0.000000000000000E+00   0.000000000000000E+00   0.000000000000000E+00
   8.576987908900000E-03   3.512650539300000E+00   3.245737457600000E-01   1.109538345100000E+00   5.538426582300000E-01   0.000000000000000E+00   0.000000000000000E+00   0.000000000000000E+00   0.000000000000000E+00
   9.390504744399999E-03   3.532188968200000E+00   3.236292483400000E-01   1.096873551400000E+00   5.778417542399999E-01   0.000000000000000E+00   0.000000000000000E+00   0.000000000000000E+00   0.000000000000000E+00
   1.020402158000000E-02   3.542351080400000E+00   3.231213440600000E-01   1.116580057500000E+00   5.243244061400000E-01   0.000000000000000E+00   0.000000000000000E+00   0.000000000000000E+00   0.000000000000000E+00
   1.244235987500000E-02   3.552694233500000E+00   3.226384114700000E-01   1.094802649200000E+00   5.748898338600000E-01   0.000000000000000E+00   0.000000000000000E+00   0.000000000000000E+00   0.000000000000000E+00
   1.468069817000000E-02   3.553900461900000E+00   3.225729891300000E-01   1.105360787600000E+00   5.479072774200000E-01   0.000000000000000E+00   0.000000000000000E+00   0.000000000000000E+00   0.000000000000000E+00
   1.691903646400000E-02   3.554463760300000E+00   3.225534201300000E-01   1.094624963500000E+00   5.746340973500000E-01   0.000000000000000E+00   0.000000000000000E+00   0.000000000000000E+00   0.000000000000000E+00
   1.915737475900000E-02   3.554214262400000E+00   3.225509960900000E-01   1.115377648000000E+00   5.226377588300000E-01   0.000000000000000E+00   0.000000000000000E+00   0.000000000000000E+00   0.000000000000000E+00
   2.638334961700000E-02   3.554579255500000E+00   3.225478688600000E-01   1.094613794200000E+00   5.746163503700000E-01   0.000000000000000E+00   0.000000000000000E+00   0.000000000000000E+00   0.000000000000000E+00
   3.360932447500000E-02   3.554413778000000E+00   3.225483984200000E-01   1.105307676800000E+00   5.478372111199999E-01   0.000000000000000E+00   0.000000000000000E+00   0.000000000000000E+00   0.000000000000000E+00
   4.083529933400000E-02   3.554572792600000E+00   3.225481787100000E-01   1.094614712000000E+00   5.746166075000000E-01   0.000000000000000E+00   0.000000000000000E+00   0.000000000000000E+00   0.000000000000000E+00
   4.806127419200000E-02   3.554275338100000E+00   3.225480674300000E-01   1.115369786100000E+00   5.226332905600000E-01   0.000000000000000E+00   0.000000000000000E+00   0.000000000000000E+00   0.000000000000000E+00
   6.518729797300001E-02   3.554571435400000E+00   3.225482437000000E-01   1.094615009600000E+00   5.746163980200000E-01   0.000000000000000E+00   0.000000000000000E+00   0.000000000000000E+00   0.000000000000000E+00
   8.231332175500000E-02   3.554420792900000E+00   3.225480622200000E-01   1.105306515500000E+00   5.478373469000000E-01   0.000000000000000E+00   0.000000000000000E+00   0.000000000000000E+00   0.000000000000000E+00
   9.943934553700000E-02   3.554570457200000E+00   3.225482905500000E-01   1.094615220500000E+00   5.746162561400000E-01   0.000000000000000E+00   0.000000000000000E+00   0.000000000000000E+00   0.000000000000000E+00
   1.165653693200000E-01   3.554282007000000E+00   3.225477480100000E-01   1.115368395300000E+00   5.226341400700000E-01   0.000000000000000E+00   0.000000000000000E+00   0.000000000000000E+00   0.000000000000000E+00
   1.311928453100000E-01   3.554569817900000E+00   3.225483211400000E-01   1.094615388400000E+00   5.746160875700000E-01   0.000000000000000E+00   0.000000000000000E+00   0.000000000000000E+00   0.000000000000000E+00
   1.458203213000000E-01   3.554422581000000E+00   3.225479766500000E-01   1.105306042900000E+00   5.478378253000000E-01   0.000000000000000E+00   0.000000000000000E+00   0.000000000000000E+00   0.000000000000000E+00
   1.604477973000000E-01   3.554569317600000E+00   3.225483450500000E-01   1.094615570300000E+00   5.746158291200000E-01   0.000000000000000E+00   0.000000000000000E+00   0.000000000000000E+00   0.000000000000000E+00
   1.750752732900000E-01   3.554285500200000E+00   3.225475810200000E-01   1.115367202200000E+00   5.226357524000000E-01   0.000000000000000E+00   0.000000000000000E+00   0.000000000000000E+00   0.000000000000000E+00
   1.883134304600000E-01   3.554569020500000E+00   3.225483592200000E-01   1.094615717800000E+00   5.746155763900000E-01   0.000000000000000E+00   0.000000000000000E+00   0.000000000000000E+00   0.000000000000000E+00
   2.015515876400000E-01   3.554423432800000E+00   3.225479360100000E-01   1.105305625100000E+00   5.478385370600000E-01   0.000000000000000E+00   0.000000000000000E+00   0.000000000000000E+00   0.000000000000000E+00
   2.147897448100000E-01   3.554568802700000E+00   3.225483695700000E-01   1.094615884900000E+00   5.746152428600000E-01   0.000000000000000E+00   0.000000000000000E+00   0.000000000000000E+00   0.000000000000000E+00
   2.280279019900000E-01   3.554287050100000E+00   3.225475073100000E-01   1.115366116900000E+00   5.226378645600001E-01   0.000000000000000E+00   0.000000000000000E+00   0.000000000000000E+00   0.000000000000000E+00
   2.409534791600000E-01   3.554568684400000E+00   3.225483751600000E-01   1.094616021700000E+00   5.746149460600000E-01   0.000000000000000E+00   0.000000000000000E+00   0.000000000000000E+00   0.000000000000000E+00
   2.538790563300000E-01   3.554423783100000E+00   3.225479194500000E-01   1.105305237200000E+00   5.478393727400001E-01   0.000000000000000E+00   0.000000000000000E+00   0.000000000000000E+00   0.000000000000000E+00
   2.668046335000000E-01   3.554568599900000E+00   3.225483791100000E-01   1.094616178900000E+00   5.746145846700000E-01   0.000000000000000E+00   0.000000000000000E+00   0.000000000000000E+00   0.000000000000000E+00
   2.797302106800000E-01   3.554287654200000E+00   3.225474789900000E-01   1.115365104600000E+00   5.226401684600001E-01   0.000000000000000E+00   0.000000000000000E+00   0.000000000000000E+00   0.000000000000000E+00
   2.946218743700000E-01   3.554568558700000E+00   3.225483810100000E-01   1.094616301000000E+00   5.746142940700000E-01   0.000000000000000E+00   0.000000000000000E+00   0.000000000000000E+00   0.000000000000000E+00
   3.095135380700000E-01   3.554423911800000E+00   3.225479135100000E-01   1.105304891000000E+00   5.478401915200000E-01   0.000000000000000E+00   0.000000000000000E+00   0.000000000000000E+00   0.000000000000000E+00
   3.244052017700000E-01   3.554568528000000E+00   3.225483823900000E-01   1.094616433100000E+00   5.746139742800001E-01   0.000000000000000E+00   0.000000000000000E+00   0.000000000000000E+00   0.000000000000000E+00
   3.392968654600000E-01   3.554287866500000E+00   3.225474693800000E-01   1.115364257500000E+00   5.226422127500000E-01   0.000000000000000E+00   0.000000000000000E+00   0.000000000000000E+00   0.000000000000000E+00
   3.542456093200000E-01   3.554568510500000E+00   3.225483831600000E-01   1.094616544400000E+00   5.746137017900000E-01   0.000000000000000E+00   0.000000000000000E+00   0.000000000000000E+00   0.000000000000000E+00
   3.691943531800000E-01   3.554423963500000E+00   3.225479112400000E-01   1.105304576800000E+00   5.478409606100000E-01   0.000000000000000E+00   0.000000000000000E+00   0.000000000000000E+00   0.000000000000000E+00
   3.841430970300000E-01   3.554568496600000E+00   3.225483837300000E-01   1.094616674300000E+00   5.746133808700000E-01   0.000000000000000E+00   0.000000000000000E+00   0.000000000000000E+00   0.000000000000000E+00
   3.990918408900000E-01   3.554287962200000E+00   3.225474653500000E-01   1.115363425300000E+00   5.226442656900000E-01   0.000000000000000E+00   0.000000000000000E+00   0.000000000000000E+00   0.000000000000000E+00
   4.137298611100000E-01   3.554568488200000E+00   3.225483840600000E-01   1.094616785500000E+00   5.746131046900000E-01   0.000000000000000E+00   0.000000000000000E+00   0.000000000000000E+00   0.000000000000000E+00
   4.283678813400000E-01   3.554423988000000E+00   3.225479102800000E-01   1.105304262600000E+00   5.478417403100000E-01   0.000000000000000E+00   0.000000000000000E+00   0.000000000000000E+00   0.000000000000000E+00
   4.430059015600000E-01   3.554568481200000E+00   3.225483843000000E-01   1.094616917500000E+00   5.746127759300000E-01   0.000000000000000E+00   0.000000000000000E+00   0.000000000000000E+00   0.000000000000000E+00
   4.576439217900000E-01   3.554288009900000E+00   3.225474636500000E-01   1.115362580500000E+00   5.226463692900000E-01   0.000000000000000E+00   0.000000000000000E+00   0.000000000000000E+00   0.000000000000000E+00
   4.671552128500000E-01   3.554568475400000E+00   3.225483844900000E-01   1.094617059700000E+00   5.746124209400000E-01   0.000000000000000E+00   0.000000000000000E+00   0.000000000000000E+00   0.000000000000000E+00
   4.766665039200000E-01   3.554424003400000E+00   3.225479098200000E-01   1.105303861200000E+00   5.478427427700000E-01   0.000000000000000E+00   0.000000000000000E+00   0.000000000000000E+00   0.000000000000000E+00
   4.861777949800000E-01   3.554568470200000E+00   3.225483845900000E-01   1.094617262200000E+00   5.746119142200000E-01   0.000000000000000E+00   0.000000000000000E+00   0.000000000000000E+00   0.000000000000000E+00
   4.956890860500000E-01   3.554288046400000E+00   3.225474627900000E-01   1.115361284200000E+00   5.226496118000000E-01   0.000000000000000E+00   0.000000000000000E+00   0.000000000000000E+00   0.000000000000000E+00
   5.062556690800000E-01   3.554568467000000E+00   3.225483846300000E-01   1.094617425600000E+00   5.746115048900000E-01   0.000000000000000E+00   0.000000000000000E+00   0.000000000000000E+00   0.000000000000000E+00
   5.168222521100000E-01   3.554424012900000E+00   3.225479096800000E-01   1.105303399700000E+00   5.478438984500000E-01   0.000000000000000E+00   0.000000000000000E+00   0.000000000000000E+00   0.000000000000000E+00
   5.273888351500000E-01   3.554568464000000E+00   3.225483846600000E-01   1.094617607700000E+00   5.746110485800000E-01   0.000000000000000E+00   0.000000000000000E+00   0.000000000000000E+00   0.000000000000000E+00
   5.379554181800000E-01   3.554288066800000E+00   3.225474626100000E-01   1.115360118700000E+00   5.226525320500000E-01   0.000000000000000E+00   0.000000000000000E+00   0.000000000000000E+00   0.000000000000000E+00
   5.456800374100000E-01   3.554568461100000E+00   3.225483846700000E-01   1.094617790900000E+00   5.746105893500000E-01   0.000000000000000E+00   0.000000000000000E+00   0.000000000000000E+00   0.000000000000000E+00
   5.534046566400000E-01   3.554424020900000E+00   3.225479096500000E-01   1.105302882400000E+00   5.478451951000000E-01   0.000000000000000E+00   0.000000000000000E+00   0.000000000000000E+00   0.000000000000000E+00
   5.611292758799999E-01   3.554568457600000E+00   3.225483846600000E-01   1.094618039900000E+00   5.746099651300000E-01   0.000000000000000E+00   0.000000000000000E+00   0.000000000000000E+00   0.000000000000000E+00
   5.688538951100000E-01   3.554288089800000E+00   3.225474626000000E-01   1.115358525100000E+00   5.226565270500000E-01   0.000000000000000E+00   0.000000000000000E+00   0.000000000000000E+00   0.000000000000000E+00
   5.756046396400000E-01   3.554568454500000E+00   3.225483846600000E-01   1.094618266800000E+00   5.746093962700000E-01   0.000000000000000E+00   0.000000000000000E+00   0.000000000000000E+00   0.000000000000000E+00
   5.823553841800000E-01   3.554424029700000E+00   3.225479096700000E-01   1.105302241700000E+00   5.478468012600000E-01   0.000000000000000E+00   0.000000000000000E+00   0.000000000000000E+00   0.000000000000000E+00
   5.891061287200000E-01   3.554568450600000E+00   3.225483846500000E-01   1.094618551700000E+00   5.746086820400000E-01   0.000000000000000E+00   0.000000000000000E+00   0.000000000000000E+00   0.000000000000000E+00
   5.958568732500000E-01   3.554288114700000E+00   3.225474626700000E-01   1.115356701900000E+00   5.226610981000001E-01   0.000000000000000E+00   0.000000000000000E+00   0.000000000000000E+00   0.000000000000000E+00
   6.041529110600000E-01   3.554568447600000E+00   3.225483846400000E-01   1.094618771300000E+00   5.746081315200000E-01   0.000000000000000E+00   0.000000000000000E+00   0.000000000000000E+00   0.000000000000000E+00
   6.124489488700000E-01   3.554424038100000E+00   3.225479097000000E-01   1.105301621700000E+00   5.478483556900000E-01   0.000000000000000E+00   0.000000000000000E+00   0.000000000000000E+00   0.000000000000000E+00
   6.207449866800000E-01   3.554568444500000E+00   3.225483846300000E-01   1.094619003100000E+00   5.746075503900000E-01   0.000000000000000E+00   0.000000000000000E+00   0.000000000000000E+00   0.000000000000000E+00
   6.290410244900000E-01   3.554288134700000E+00   3.225474627300000E-01   1.115355218500000E+00   5.226648173600000E-01   0.000000000000000E+00   0.000000000000000E+00   0.000000000000000E+00   0.000000000000000E+00
   6.365787273100000E-01   3.554568441700000E+00   3.225483846200000E-01   1.094619210000000E+00   5.746070316000000E-01   0.000000000000000E+00   0.000000000000000E+00   0.000000000000000E+00   0.000000000000000E+00
   6.441164301400000E-01   3.554424045900000E+00   3.225479097200000E-01   1.105301037500000E+00   5.478498205000000E-01   0.000000000000000E+00   0.000000000000000E+00   0.000000000000000E+00   0.000000000000000E+00
   6.516541329600000E-01   3.554568438300000E+00   3.225483846100000E-01   1.094619465000000E+00   5.746063920600000E-01   0.000000000000000E+00   0.000000000000000E+00   0.000000000000000E+00   0.000000000000000E+00
   6.591918357900000E-01   3.554288156600000E+00   3.225474628000000E-01   1.115353586000000E+00   5.226689104200000E-01   0.000000000000000E+00   0.000000000000000E+00   0.000000000000000E+00   0.000000000000000E+00
   6.683031276700000E-01   3.554568435700000E+00   3.225483846000000E-01   1.094619663100000E+00   5.746058954200000E-01   0.000000000000000E+00   0.000000000000000E+00   0.000000000000000E+00   0.000000000000000E+00
   6.774144195600000E-01   3.554424053500000E+00   3.225479097500000E-01   1.105300478200000E+00   5.478512227800000E-01   0.000000000000000E+00   0.000000000000000E+00   0.000000000000000E+00   0.000000000000000E+00
   6.865257114400000E-01   3.554568432800000E+00   3.225483845900000E-01   1.094619874100000E+00   5.746053663800000E-01   0.000000000000000E+00   0.000000000000000E+00   0.000000000000000E+00   0.000000000000000E+00
   6.956370033300000E-01   3.554288174700000E+00   3.225474628600000E-01   1.115352235600000E+00   5.226722962600000E-01   0.000000000000000E+00   0.000000000000000E+00   0.000000000000000E+00   0.000000000000000E+00
   7.026452478800000E-01   3.554568430000000E+00   3.225483845800000E-01   1.094620080400000E+00   5.746048492500000E-01   0.000000000000000E+00   0.000000000000000E+00   0.000000000000000E+00   0.000000000000000E+00
   7.096534924400000E-01   3.554424061300000E+00   3.225479097700000E-01   1.105299895800000E+00   5.478526829100000E-01   0.000000000000000E+00   0.000000000000000E+00   0.000000000000000E+00   0.000000000000000E+00
   7.166617369900000E-01   3.554568426400000E+00   3.225483845700000E-01   1.094620354700000E+00   5.746041615200000E-01   0.000000000000000E+00   0.000000000000000E+00   0.000000000000000E+00   0.000000000000000E+00
   7.236699815500000E-01   3.554288198300000E+00   3.225474629400000E-01   1.115350480100000E+00   5.226766977000000E-01   0.000000000000000E+00   0.000000000000000E+00   0.000000000000000E+00   0.000000000000000E+00
   7.303760511000000E-01   3.554568423200000E+00   3.225483845600000E-01   1.094620593100000E+00   5.746035638100000E-01   0.000000000000000E+00   0.000000000000000E+00   0.000000000000000E+00   0.000000000000000E+00
   7.370821206500000E-01   3.554424070300000E+00   3.225479098000000E-01   1.105299222700000E+00   5.478543705500000E-01   0.000000000000000E+00   0.000000000000000E+00   0.000000000000000E+00   0.000000000000000E+00
   7.437881902000000E-01   3.554568419300000E+00   3.225483845400000E-01   1.094620879700000E+00   5.746028451800000E-01   0.000000000000000E+00   0.000000000000000E+00   0.000000000000000E+00   0.000000000000000E+00
   7.504942597499999E-01   3.554288223000000E+00   3.225474630200000E-01   1.115348645700000E+00   5.226812969700000E-01   0.000000000000000E+00   0.000000000000000E+00   0.000000000000000E+00   0.000000000000000E+00
   7.578995034200000E-01   3.554568416200000E+00   3.225483845300000E-01   1.094621111800000E+00   5.746022632100000E-01   0.000000000000000E+00   0.000000000000000E+00   0.000000000000000E+00   0.000000000000000E+00
   7.653047470900000E-01   3.554424079100000E+00   3.225479098300000E-01   1.105298567400000E+00   5.478560137600000E-01   0.000000000000000E+00   0.000000000000000E+00   0.000000000000000E+00   0.000000000000000E+00
   7.727099907500000E-01   3.554568412700000E+00   3.225483845200000E-01   1.094621371300000E+00   5.746016124900000E-01   0.000000000000000E+00   0.000000000000000E+00   0.000000000000000E+00   0.000000000000000E+00
   7.801152344200000E-01   3.554288245300000E+00   3.225474630900000E-01   1.115346984700000E+00   5.226854615400000E-01   0.000000000000000E+00   0.000000000000000E+00   0.000000000000000E+00   0.000000000000000E+00
   7.859232113100000E-01   3.554568409300000E+00   3.225483845100000E-01   1.094621622300000E+00   5.746009833600000E-01   0.000000000000000E+00   0.000000000000000E+00   0.000000000000000E+00   0.000000000000000E+00
   7.917311882000000E-01   3.554424088700000E+00   3.225479098600000E-01   1.105297858900000E+00   5.478577901200000E-01   0.000000000000000E+00   0.000000000000000E+00   0.000000000000000E+00   0.000000000000000E+00
   7.975391650900000E-01   3.554568404900000E+00   3.225483845000000E-01   1.094621953100000E+00   5.746001537900000E-01   0.000000000000000E+00   0.000000000000000E+00   0.000000000000000E+00   0.000000000000000E+00
   8.033471419800000E-01   3.554288273800000E+00   3.225474631900000E-01   1.115344867100000E+00   5.226907708000000E-01   0.000000000000000E+00   0.000000000000000E+00   0.000000000000000E+00   0.000000000000000E+00
   8.080044771200000E-01   3.554568400600000E+00   3.225483844800000E-01   1.094622269100000E+00   5.745993615900000E-01   0.000000000000000E+00   0.000000000000000E+00   0.000000000000000E+00   0.000000000000000E+00
   8.126618122700000E-01   3.554424100600000E+00   3.225479099000000E-01   1.105296966800000E+00   5.478600268800000E-01   0.000000000000000E+00   0.000000000000000E+00   0.000000000000000E+00   0.000000000000000E+00
   8.173191474100000E-01   3.554568395100000E+00   3.225483844700000E-01   1.094622681600000E+00   5.745983272200000E-01   0.000000000000000E+00   0.000000000000000E+00   0.000000000000000E+00   0.000000000000000E+00
   8.219764825500000E-01   3.554288309200000E+00   3.225474633000000E-01   1.115342226800000E+00   5.226973908000000E-01   0.000000000000000E+00   0.000000000000000E+00   0.000000000000000E+00   0.000000000000000E+00
   8.255230549500000E-01   3.554568389600000E+00   3.225483844500000E-01   1.094623087200000E+00   5.745973103899999E-01   0.000000000000000E+00   0.000000000000000E+00   0.000000000000000E+00   0.000000000000000E+00
   8.290696273500000E-01   3.554424116000000E+00   3.225479099500000E-01   1.105295821700000E+00   5.478628978700000E-01   0.000000000000000E+00   0.000000000000000E+00   0.000000000000000E+00   0.000000000000000E+00
   8.326161997500000E-01   3.554568382400000E+00   3.225483844200000E-01   1.094623628800000E+00   5.745959523100000E-01   0.000000000000000E+00   0.000000000000000E+00   0.000000000000000E+00   0.000000000000000E+00
   8.361627721500000E-01   3.554288355800000E+00   3.225474634500000E-01   1.115338760300000E+00   5.227060824899999E-01   0.000000000000000E+00   0.000000000000000E+00   0.000000000000000E+00   0.000000000000000E+00
   8.398131500200000E-01   3.554568376300000E+00   3.225483844000000E-01   1.094624082600000E+00   5.745948144900000E-01   0.000000000000000E+00   0.000000000000000E+00   0.000000000000000E+00   0.000000000000000E+00
   8.434635278800000E-01   3.554424133300000E+00   3.225479100100000E-01   1.105294540400000E+00   5.478661105700000E-01   0.000000000000000E+00   0.000000000000000E+00   0.000000000000000E+00   0.000000000000000E+00
   8.471139057500000E-01   3.554568369200000E+00   3.225483843800000E-01   1.094624608800000E+00   5.745934953100000E-01   0.000000000000000E+00   0.000000000000000E+00   0.000000000000000E+00   0.000000000000000E+00
   8.507642836200000E-01   3.554288401100000E+00   3.225474636000000E-01   1.115335393000000E+00   5.227145252299999E-01   0.000000000000000E+00   0.000000000000000E+00   0.000000000000000E+00   0.000000000000000E+00
   8.532701895500000E-01   3.554568361800000E+00   3.225483843600000E-01   1.094625158100000E+00   5.745921180700000E-01   0.000000000000000E+00   0.000000000000000E+00   0.000000000000000E+00   0.000000000000000E+00
   8.557760954800000E-01   3.554424154100000E+00   3.225479100800000E-01   1.105292989500000E+00   5.478699991100000E-01   0.000000000000000E+00   0.000000000000000E+00   0.000000000000000E+00   0.000000000000000E+00
   8.582820014000000E-01   3.554568351500000E+00   3.225483843200000E-01   1.094625924300000E+00   5.745901969000000E-01   0.000000000000000E+00   0.000000000000000E+00   0.000000000000000E+00   0.000000000000000E+00
   8.607879073300000E-01   3.554288467000000E+00   3.225474638200000E-01   1.115330489200000E+00   5.227268207100000E-01   0.000000000000000E+00   0.000000000000000E+00   0.000000000000000E+00   0.000000000000000E+00
   8.632753622000000E-01   3.554568342700000E+00   3.225483842900000E-01   1.094626577900000E+00   5.745885581000000E-01   0.000000000000000E+00   0.000000000000000E+00   0.000000000000000E+00   0.000000000000000E+00
   8.657628170800000E-01   3.554424178900000E+00   3.225479101600000E-01   1.105291144000000E+00   5.478746263099999E-01   0.000000000000000E+00   0.000000000000000E+00   0.000000000000000E+00   0.000000000000000E+00
   8.682502719500000E-01   3.554568332400000E+00   3.225483842600000E-01   1.094627349600000E+00   5.745866232700000E-01   0.000000000000000E+00   0.000000000000000E+00   0.000000000000000E+00   0.000000000000000E+00
   8.707377268199999E-01   3.554288533300000E+00   3.225474640400000E-01   1.115325550500000E+00   5.227392036200000E-01   0.000000000000000E+00   0.000000000000000E+00   0.000000000000000E+00   0.000000000000000E+00
   8.733404193800000E-01   3.554568323800000E+00   3.225483842300000E-01   1.094627990900000E+00   5.745850153199999E-01   0.000000000000000E+00   0.000000000000000E+00   0.000000000000000E+00   0.000000000000000E+00
   8.759431119400000E-01   3.554424203200000E+00   3.225479102400000E-01   1.105289333300000E+00   5.478791664200000E-01   0.000000000000000E+00   0.000000000000000E+00   0.000000000000000E+00   0.000000000000000E+00
   8.785458045000000E-01   3.554568313800000E+00   3.225483842000000E-01   1.094628728100000E+00   5.745831667100000E-01   0.000000000000000E+00   0.000000000000000E+00   0.000000000000000E+00   0.000000000000000E+00
   8.811484970600000E-01   3.554288596700000E+00   3.225474642400000E-01   1.115320832000000E+00   5.227510347300000E-01   0.000000000000000E+00   0.000000000000000E+00   0.000000000000000E+00   0.000000000000000E+00
   8.837838238300000E-01   3.554568305500000E+00   3.225483841700000E-01   1.094629350800000E+00   5.745816053500000E-01   0.000000000000000E+00   0.000000000000000E+00   0.000000000000000E+00   0.000000000000000E+00
   8.864191505900000E-01   3.554424226800000E+00   3.225479103100000E-01   1.105287575100000E+00   5.478835749700000E-01   0.000000000000000E+00   0.000000000000000E+00   0.000000000000000E+00   0.000000000000000E+00
   8.890544773500000E-01   3.554568295700000E+00   3.225483841400000E-01   1.094630078800000E+00   5.745797801600000E-01   0.000000000000000E+00   0.000000000000000E+00   0.000000000000000E+00   0.000000000000000E+00
   8.916898041200000E-01   3.554288659300000E+00   3.225474644500000E-01   1.115316173200000E+00   5.227627159400000E-01   0.000000000000000E+00   0.000000000000000E+00   0.000000000000000E+00   0.000000000000000E+00
   8.941283498000000E-01   3.554568287100000E+00   3.225483841100000E-01   1.094630722400000E+00   5.745781663800000E-01   0.000000000000000E+00   0.000000000000000E+00   0.000000000000000E+00   0.000000000000000E+00
   8.965668954800000E-01   3.554424251200000E+00   3.225479103900000E-01   1.105285757800000E+00   5.478881314900000E-01   0.000000000000000E+00   0.000000000000000E+00   0.000000000000000E+00   0.000000000000000E+00
   8.990054411700000E-01   3.554568276500000E+00   3.225483840800000E-01   1.094631508800000E+00   5.745761945000000E-01   0.000000000000000E+00   0.000000000000000E+00   0.000000000000000E+00   0.000000000000000E+00
   9.014439868500000E-01   3.554288726900000E+00   3.225474646700000E-01   1.115311140100000E+00   5.227753359900000E-01   0.000000000000000E+00   0.000000000000000E+00   0.000000000000000E+00   0.000000000000000E+00
   9.036827299800000E-01   3.554568267100000E+00   3.225483840500000E-01   1.094632207000000E+00   5.745744438700000E-01   0.000000000000000E+00   0.000000000000000E+00   0.000000000000000E+00   0.000000000000000E+00
   9.059214731100000E-01   3.554424277700000E+00   3.225479104800000E-01   1.105283786500000E+00   5.478930744000000E-01   0.000000000000000E+00   0.000000000000000E+00   0.000000000000000E+00   0.000000000000000E+00
   9.081602162300000E-01   3.554568255600000E+00   3.225483840100000E-01   1.094633063300000E+00   5.745722967000000E-01   0.000000000000000E+00   0.000000000000000E+00   0.000000000000000E+00   0.000000000000000E+00
   9.103989593600000E-01   3.554288800500000E+00   3.225474649100000E-01   1.115305659600000E+00   5.227890778700000E-01   0.000000000000000E+00   0.000000000000000E+00   0.000000000000000E+00   0.000000000000000E+00
   9.123444890300000E-01   3.554568245100000E+00   3.225483839700000E-01   1.094633845900000E+00   5.745703343800000E-01   0.000000000000000E+00   0.000000000000000E+00   0.000000000000000E+00   0.000000000000000E+00
   9.142900187000000E-01   3.554424307400000E+00   3.225479105800000E-01   1.105281576900000E+00   5.478986149400000E-01   0.000000000000000E+00   0.000000000000000E+00   0.000000000000000E+00   0.000000000000000E+00
   9.162355483600000E-01   3.554568231900000E+00   3.225483839300000E-01   1.094634830900000E+00   5.745678645100000E-01   0.000000000000000E+00   0.000000000000000E+00   0.000000000000000E+00   0.000000000000000E+00
   9.181810780300000E-01   3.554288885200000E+00   3.225474651900000E-01   1.115299355500000E+00   5.228048850400000E-01   0.000000000000000E+00   0.000000000000000E+00   0.000000000000000E+00   0.000000000000000E+00
   9.198541344200000E-01   3.554568219700000E+00   3.225483838900000E-01   1.094635736200000E+00   5.745655945800000E-01   0.000000000000000E+00   0.000000000000000E+00   0.000000000000000E+00   0.000000000000000E+00
   9.215271908100000E-01   3.554424341700000E+00   3.225479106900000E-01   1.105279020900000E+00   5.479050239900000E-01   0.000000000000000E+00   0.000000000000000E+00   0.000000000000000E+00   0.000000000000000E+00
   9.232002472100000E-01   3.554568204300000E+00   3.225483838400000E-01   1.094636881100000E+00   5.745627236900001E-01   0.000000000000000E+00   0.000000000000000E+00   0.000000000000000E+00   0.000000000000000E+00
   9.248733036000000E-01   3.554288983600000E+00   3.225474655100000E-01   1.115292027900000E+00   5.228232588000000E-01   0.000000000000000E+00   0.000000000000000E+00   0.000000000000000E+00   0.000000000000000E+00
   9.268285129200000E-01   3.554568192200000E+00   3.225483838000000E-01   1.094637783900000E+00   5.745604600400001E-01   0.000000000000000E+00   0.000000000000000E+00   0.000000000000000E+00   0.000000000000000E+00
   9.287837222300001E-01   3.554424376000000E+00   3.225479108000000E-01   1.105276471800000E+00   5.479114156200000E-01   0.000000000000000E+00   0.000000000000000E+00   0.000000000000000E+00   0.000000000000000E+00
   9.307389315500000E-01   3.554568179100000E+00   3.225483837600000E-01   1.094638763200000E+00   5.745580044700000E-01   0.000000000000000E+00   0.000000000000000E+00   0.000000000000000E+00   0.000000000000000E+00
   9.326941408700000E-01   3.554289067800000E+00   3.225474657900000E-01   1.115285760400000E+00   5.228389744500000E-01   0.000000000000000E+00   0.000000000000000E+00   0.000000000000000E+00   0.000000000000000E+00
   9.340002761900000E-01   3.554568165100000E+00   3.225483837100000E-01   1.094639802200000E+00   5.745553990200000E-01   0.000000000000000E+00   0.000000000000000E+00   0.000000000000000E+00   0.000000000000000E+00
   9.353064115200000E-01   3.554424415400000E+00   3.225479109300000E-01   1.105273538200000E+00   5.479187716400000E-01   0.000000000000000E+00   0.000000000000000E+00   0.000000000000000E+00   0.000000000000000E+00
   9.366125468399999E-01   3.554568145400000E+00   3.225483836500000E-01   1.094641267500000E+00   5.745517249600000E-01   0.000000000000000E+00   0.000000000000000E+00   0.000000000000000E+00   0.000000000000000E+00
   9.379186821700000E-01   3.554289193700000E+00   3.225474662000000E-01   1.115276383100000E+00   5.228624884700001E-01   0.000000000000000E+00   0.000000000000000E+00   0.000000000000000E+00   0.000000000000000E+00
   9.392372063400000E-01   3.554568128800000E+00   3.225483835900000E-01   1.094642506700000E+00   5.745486175800000E-01   0.000000000000000E+00   0.000000000000000E+00   0.000000000000000E+00   0.000000000000000E+00
   9.405557305200000E-01   3.554424462400000E+00   3.225479110900000E-01   1.105270039300000E+00   5.479275454300000E-01   0.000000000000000E+00   0.000000000000000E+00   0.000000000000000E+00   0.000000000000000E+00
   9.418742546900000E-01   3.554568109300000E+00   3.225483835300000E-01   1.094643957200000E+00   5.745449801400000E-01   0.000000000000000E+00   0.000000000000000E+00   0.000000000000000E+00   0.000000000000000E+00
   9.431927788700000E-01   3.554289318400000E+00   3.225474666100000E-01   1.115267099400000E+00   5.228857680600000E-01   0.000000000000000E+00   0.000000000000000E+00   0.000000000000000E+00   0.000000000000000E+00
   9.446239584000000E-01   3.554568093400000E+00   3.225483834800000E-01   1.094645141400000E+00   5.745420108900000E-01   0.000000000000000E+00   0.000000000000000E+00   0.000000000000000E+00   0.000000000000000E+00
   9.460551379300000E-01   3.554424507200000E+00   3.225479112300000E-01   1.105266695900000E+00   5.479359293500000E-01   0.000000000000000E+00   0.000000000000000E+00   0.000000000000000E+00   0.000000000000000E+00
   9.474863174700000E-01   3.554568075500000E+00   3.225483834200000E-01   1.094646477000000E+00   5.745386616300000E-01   0.000000000000000E+00   0.000000000000000E+00   0.000000000000000E+00   0.000000000000000E+00
   9.489174970000001E-01   3.554289433100000E+00   3.225474669900000E-01   1.115258551300000E+00   5.229072033400000E-01   0.000000000000000E+00   0.000000000000000E+00   0.000000000000000E+00   0.000000000000000E+00
   9.503425169400000E-01   3.554568060200000E+00   3.225483833700000E-01   1.094647614400000E+00   5.745358093600000E-01   0.000000000000000E+00   0.000000000000000E+00   0.000000000000000E+00   0.000000000000000E+00
   9.517675368800000E-01   3.554424550400000E+00   3.225479113800000E-01   1.105263484300000E+00   5.479439828100000E-01   0.000000000000000E+00   0.000000000000000E+00   0.000000000000000E+00   0.000000000000000E+00
   9.531925568200000E-01   3.554568042200000E+00   3.225483833100000E-01   1.094648955100000E+00   5.745324474100000E-01   0.000000000000000E+00   0.000000000000000E+00   0.000000000000000E+00   0.000000000000000E+00
   9.546175767600000E-01   3.554289548300000E+00   3.225474673600000E-01   1.115249970900000E+00   5.229287198300000E-01   0.000000000000000E+00   0.000000000000000E+00   0.000000000000000E+00   0.000000000000000E+00
   9.556794376300000E-01   3.554568024300000E+00   3.225483832500000E-01   1.094650289200000E+00   5.745291018599999E-01   0.000000000000000E+00   0.000000000000000E+00   0.000000000000000E+00   0.000000000000000E+00
   9.567412985100000E-01   3.554424600900000E+00   3.225479115400000E-01   1.105259717600000E+00   5.479534284299999E-01   0.000000000000000E+00   0.000000000000000E+00   0.000000000000000E+00   0.000000000000000E+00
   9.578031593800000E-01   3.554568000200000E+00   3.225483831700000E-01   1.094652087300000E+00   5.745245929200000E-01   0.000000000000000E+00   0.000000000000000E+00   0.000000000000000E+00   0.000000000000000E+00
   9.588650202600000E-01   3.554289702800000E+00   3.225474678700000E-01   1.115238463500000E+00   5.229575770000000E-01   0.000000000000000E+00   0.000000000000000E+00   0.000000000000000E+00   0.000000000000000E+00
   9.597056151300000E-01   3.554567977000000E+00   3.225483830900000E-01   1.094653816200000E+00   5.745202573000000E-01   0.000000000000000E+00   0.000000000000000E+00   0.000000000000000E+00   0.000000000000000E+00
   9.605462100000000E-01   3.554424666400000E+00   3.225479117600000E-01   1.105254836300000E+00   5.479656693200000E-01   0.000000000000000E+00   0.000000000000000E+00   0.000000000000000E+00   0.000000000000000E+00
   9.613868048799999E-01   3.554567946500000E+00   3.225483829900000E-01   1.094656085600000E+00   5.745145661100000E-01   0.000000000000000E+00   0.000000000000000E+00   0.000000000000000E+00   0.000000000000000E+00
   9.622273997500000E-01   3.554289897700000E+00   3.225474685100000E-01   1.115223939100000E+00   5.229940006300000E-01   0.000000000000000E+00   0.000000000000000E+00   0.000000000000000E+00   0.000000000000000E+00
   9.628730166500000E-01   3.554567916700000E+00   3.225483829000000E-01   1.094658305000000E+00   5.745090003300000E-01   0.000000000000000E+00   0.000000000000000E+00   0.000000000000000E+00   0.000000000000000E+00
   9.635186335500000E-01   3.554424750500000E+00   3.225479120300000E-01   1.105248570400000E+00   5.479813828400000E-01   0.000000000000000E+00   0.000000000000000E+00   0.000000000000000E+00   0.000000000000000E+00
   9.641642504500000E-01   3.554567877100000E+00   3.225483827700000E-01   1.094661256700000E+00   5.745015980900000E-01   0.000000000000000E+00   0.000000000000000E+00   0.000000000000000E+00   0.000000000000000E+00
   9.648098673500000E-01   3.554290151100000E+00   3.225474693400000E-01   1.115205048500000E+00   5.230413750200000E-01   0.000000000000000E+00   0.000000000000000E+00   0.000000000000000E+00   0.000000000000000E+00
   9.652835526200000E-01   3.554567837300000E+00   3.225483826400000E-01   1.094664219400000E+00   5.744941680300000E-01   0.000000000000000E+00   0.000000000000000E+00   0.000000000000000E+00   0.000000000000000E+00
   9.657572378900000E-01   3.554424862800000E+00   3.225479124000000E-01   1.105240206600000E+00   5.480023584500000E-01   0.000000000000000E+00   0.000000000000000E+00   0.000000000000000E+00   0.000000000000000E+00
   9.662309231600000E-01   3.554567783400000E+00   3.225483824600000E-01   1.094668236600000E+00   5.744840930300000E-01   0.000000000000000E+00   0.000000000000000E+00   0.000000000000000E+00   0.000000000000000E+00
   9.667046084199999E-01   3.554290496000000E+00   3.225474704700000E-01   1.115179338100000E+00   5.231058551000000E-01   0.000000000000000E+00   0.000000000000000E+00   0.000000000000000E+00   0.000000000000000E+00
   9.671550395200000E-01   3.554567736500000E+00   3.225483823100000E-01   1.094671736600000E+00   5.744753151000001E-01   0.000000000000000E+00   0.000000000000000E+00   0.000000000000000E+00   0.000000000000000E+00
   9.676054706100000E-01   3.554424995300000E+00   3.225479128300000E-01   1.105230324600000E+00   5.480271424299999E-01   0.000000000000000E+00   0.000000000000000E+00   0.000000000000000E+00   0.000000000000000E+00
   9.680559017100000E-01   3.554567679900000E+00   3.225483821200000E-01   1.094675954100000E+00   5.744647373500000E-01   0.000000000000000E+00   0.000000000000000E+00   0.000000000000000E+00   0.000000000000000E+00
   9.685063328000000E-01   3.554290858000000E+00   3.225474716500000E-01   1.115152346200000E+00   5.231735527500000E-01   0.000000000000000E+00   0.000000000000000E+00   0.000000000000000E+00   0.000000000000000E+00
   9.690571399300000E-01   3.554567636300000E+00   3.225483819800000E-01   1.094679209200000E+00   5.744565728700000E-01   0.000000000000000E+00   0.000000000000000E+00   0.000000000000000E+00   0.000000000000000E+00
   9.696079470700000E-01   3.554425118500000E+00   3.225479132400000E-01   1.105221132400000E+00   5.480501977100000E-01   0.000000000000000E+00   0.000000000000000E+00   0.000000000000000E+00   0.000000000000000E+00
   9.701587542000000E-01   3.554567590100000E+00   3.225483818300000E-01   1.094682652700000E+00   5.744479359800000E-01   0.000000000000000E+00   0.000000000000000E+00   0.000000000000000E+00   0.000000000000000E+00
   9.707095613300000E-01   3.554291153500000E+00   3.225474726200000E-01   1.115130308100000E+00   5.232288289200000E-01   0.000000000000000E+00   0.000000000000000E+00   0.000000000000000E+00   0.000000000000000E+00
   9.712148345500000E-01   3.554567549200000E+00   3.225483816900000E-01   1.094685709400000E+00   5.744402689000000E-01   0.000000000000000E+00   0.000000000000000E+00   0.000000000000000E+00   0.000000000000000E+00
   9.717201077700000E-01   3.554425234200000E+00   3.225479136100000E-01   1.105212502100000E+00   5.480718449000000E-01   0.000000000000000E+00   0.000000000000000E+00   0.000000000000000E+00   0.000000000000000E+00
   9.722253809900000E-01   3.554567498900000E+00   3.225483815300000E-01   1.094689457600000E+00   5.744308672000000E-01   0.000000000000000E+00   0.000000000000000E+00   0.000000000000000E+00   0.000000000000000E+00
   9.727306542100000E-01   3.554291474900000E+00   3.225474736700000E-01   1.115106319600000E+00   5.232889998500000E-01   0.000000000000000E+00   0.000000000000000E+00   0.000000000000000E+00   0.000000000000000E+00
   9.732392457900000E-01   3.554567456400000E+00   3.225483813900000E-01   1.094692630700000E+00   5.744229078100000E-01   0.000000000000000E+00   0.000000000000000E+00   0.000000000000000E+00   0.000000000000000E+00
   9.737478373800000E-01   3.554425354300000E+00   3.225479140100000E-01   1.105203542700000E+00   5.480943185700000E-01   0.000000000000000E+00   0.000000000000000E+00   0.000000000000000E+00   0.000000000000000E+00
   9.742564289700000E-01   3.554567406600000E+00   3.225483812300000E-01   1.094696348700000E+00   5.744135814000000E-01   0.000000000000000E+00   0.000000000000000E+00   0.000000000000000E+00   0.000000000000000E+00
   9.747650205600000E-01   3.554291793700000E+00   3.225474747200000E-01   1.115082524600000E+00   5.233486889000000E-01   0.000000000000000E+00   0.000000000000000E+00   0.000000000000000E+00   0.000000000000000E+00
   9.752997927100000E-01   3.554567365400000E+00   3.225483810900000E-01   1.094699429200000E+00   5.744058538600000E-01   0.000000000000000E+00   0.000000000000000E+00   0.000000000000000E+00   0.000000000000000E+00
   9.758345648700000E-01   3.554425470800000E+00   3.225479143900000E-01   1.105194844600000E+00   5.481161380800000E-01   0.000000000000000E+00   0.000000000000000E+00   0.000000000000000E+00   0.000000000000000E+00
   9.763693370300000E-01   3.554567318100000E+00   3.225483809400000E-01   1.094702959800000E+00   5.743969969200000E-01   0.000000000000000E+00   0.000000000000000E+00   0.000000000000000E+00   0.000000000000000E+00
   9.769041091900000E-01   3.554292096300000E+00   3.225474757100000E-01   1.115059928600000E+00   5.234053733900000E-01   0.000000000000000E+00   0.000000000000000E+00   0.000000000000000E+00   0.000000000000000E+00
   9.773893076700000E-01   3.554567275900000E+00   3.225483808000000E-01   1.094706111900000E+00   5.743890892800000E-01   0.000000000000000E+00   0.000000000000000E+00   0.000000000000000E+00   0.000000000000000E+00
   9.778745061500000E-01   3.554425589900000E+00   3.225479147800000E-01   1.105185945100000E+00   5.481384643000000E-01   0.000000000000000E+00   0.000000000000000E+00   0.000000000000000E+00   0.000000000000000E+00
   9.783597046300000E-01   3.554567223800000E+00   3.225483806300000E-01   1.094709997200000E+00   5.743793419200000E-01   0.000000000000000E+00   0.000000000000000E+00   0.000000000000000E+00   0.000000000000000E+00
   9.788449031200001E-01   3.554292429200000E+00   3.225474768000000E-01   1.115035062500000E+00   5.234677565600000E-01   0.000000000000000E+00   0.000000000000000E+00   0.000000000000000E+00   0.000000000000000E+00
   9.792565092500000E-01   3.554567175700000E+00   3.225483804700000E-01   1.094713592300000E+00   5.743703225100000E-01   0.000000000000000E+00   0.000000000000000E+00   0.000000000000000E+00   0.000000000000000E+00
   9.796681153900000E-01   3.554425725800000E+00   3.225479152200000E-01   1.105175795400000E+00   5.481639281900000E-01   0.000000000000000E+00   0.000000000000000E+00   0.000000000000000E+00   0.000000000000000E+00
   9.800797215200000E-01   3.554567114500000E+00   3.225483802700000E-01   1.094718164200000E+00   5.743588519000000E-01   0.000000000000000E+00   0.000000000000000E+00   0.000000000000000E+00   0.000000000000000E+00
   9.804913276600000E-01   3.554292820700000E+00   3.225474780800000E-01   1.115005802300000E+00   5.235411685900000E-01   0.000000000000000E+00   0.000000000000000E+00   0.000000000000000E+00   0.000000000000000E+00
   9.808649745100000E-01   3.554567060000000E+00   3.225483800900000E-01   1.094722244000000E+00   5.743486156199999E-01   0.000000000000000E+00   0.000000000000000E+00   0.000000000000000E+00   0.000000000000000E+00
   9.812386213600000E-01   3.554425879900000E+00   3.225479157300000E-01   1.105164276900000E+00   5.481928285700000E-01   0.000000000000000E+00   0.000000000000000E+00   0.000000000000000E+00   0.000000000000000E+00
   9.816122682100000E-01   3.554566992700000E+00   3.225483798700000E-01   1.094727270200000E+00   5.743360040700000E-01   0.000000000000000E+00   0.000000000000000E+00   0.000000000000000E+00   0.000000000000000E+00
   9.819859150600000E-01   3.554293250900000E+00   3.225474794800000E-01   1.114973634300000E+00   5.236218826600000E-01   0.000000000000000E+00   0.000000000000000E+00   0.000000000000000E+00   0.000000000000000E+00
   9.824388630699999E-01   3.554566940700000E+00   3.225483797000000E-01   1.094731164100000E+00   5.743262332100000E-01   0.000000000000000E+00   0.000000000000000E+00   0.000000000000000E+00   0.000000000000000E+00
   9.828918110800000E-01   3.554426026900000E+00   3.225479162100000E-01   1.105153280800000E+00   5.482204205300000E-01   0.000000000000000E+00   0.000000000000000E+00   0.000000000000000E+00   0.000000000000000E+00
   9.833447590900000E-01   3.554566885400000E+00   3.225483795200000E-01   1.094735302400000E+00   5.743158488300000E-01   0.000000000000000E+00   0.000000000000000E+00   0.000000000000000E+00   0.000000000000000E+00
   9.837977070900000E-01   3.554293604900000E+00   3.225474806400000E-01   1.114947149500000E+00   5.236883427400000E-01   0.000000000000000E+00   0.000000000000000E+00   0.000000000000000E+00   0.000000000000000E+00
   9.844118011600000E-01   3.554566844600000E+00   3.225483793900000E-01   1.094738355400000E+00   5.743081872800000E-01   0.000000000000000E+00   0.000000000000000E+00   0.000000000000000E+00   0.000000000000000E+00
   9.850258952399999E-01   3.554426142100000E+00   3.225479165800000E-01   1.105144659000000E+00   5.482420566700000E-01   0.000000000000000E+00   0.000000000000000E+00   0.000000000000000E+00   0.000000000000000E+00
   9.856399893100000E-01   3.554566803900000E+00   3.225483792600000E-01   1.094741403100000E+00   5.743005389800000E-01   0.000000000000000E+00   0.000000000000000E+00   0.000000000000000E+00   0.000000000000000E+00
   9.862540833800000E-01   3.554293865500000E+00   3.225474814900000E-01   1.114927644300000E+00   5.237372919100000E-01   0.000000000000000E+00   0.000000000000000E+00   0.000000000000000E+00   0.000000000000000E+00
   9.867639338100000E-01   3.554566765800000E+00   3.225483791300000E-01   1.094744256800000E+00   5.742933773600000E-01   0.000000000000000E+00   0.000000000000000E+00   0.000000000000000E+00   0.000000000000000E+00
   9.872737842300000E-01   3.554426249700000E+00   3.225479169400000E-01   1.105136602300000E+00   5.482622758100000E-01   0.000000000000000E+00   0.000000000000000E+00   0.000000000000000E+00   0.000000000000000E+00
   9.877836346600000E-01   3.554566716800000E+00   3.225483789700000E-01   1.094747922400000E+00   5.742841777600000E-01   0.000000000000000E+00   0.000000000000000E+00   0.000000000000000E+00   0.000000000000000E+00
   9.882934850900000E-01   3.554294178700000E+00   3.225474825200000E-01   1.114904184400000E+00   5.237961693800000E-01   0.000000000000000E+00   0.000000000000000E+00   0.000000000000000E+00   0.000000000000000E+00
   9.886253425500000E-01   3.554566664100000E+00   3.225483788000000E-01   1.094751871300000E+00   5.742742668000000E-01   0.000000000000000E+00   0.000000000000000E+00   0.000000000000000E+00   0.000000000000000E+00
   9.889572000000000E-01   3.554426398500000E+00   3.225479174200000E-01   1.105125455900000E+00   5.482902513400000E-01   0.000000000000000E+00   0.000000000000000E+00   0.000000000000000E+00   0.000000000000000E+00
   9.892890574600000E-01   3.554566589000000E+00   3.225483785500000E-01   1.094757491900000E+00   5.742601594800000E-01   0.000000000000000E+00   0.000000000000000E+00   0.000000000000000E+00   0.000000000000000E+00
   9.896209149100000E-01   3.554294658700000E+00   3.225474840800000E-01   1.114868212900000E+00   5.238864564300000E-01   0.000000000000000E+00   0.000000000000000E+00   0.000000000000000E+00   0.000000000000000E+00
   9.898834362900000E-01   3.554566517000000E+00   3.225483783200000E-01   1.094762894400000E+00   5.742465984600000E-01   0.000000000000000E+00   0.000000000000000E+00   0.000000000000000E+00   0.000000000000000E+00
   9.901459576700000E-01   3.554426602000000E+00   3.225479180900000E-01   1.105110205200000E+00   5.483285326100000E-01   0.000000000000000E+00   0.000000000000000E+00   0.000000000000000E+00   0.000000000000000E+00
   9.904084790400000E-01   3.554566422400000E+00   3.225483780100000E-01   1.094769980200000E+00   5.742288109800000E-01   0.000000000000000E+00   0.000000000000000E+00   0.000000000000000E+00   0.000000000000000E+00
   9.906710004200000E-01   3.554295263400000E+00   3.225474860600000E-01   1.114822864000000E+00   5.240002966800000E-01   0.000000000000000E+00   0.000000000000000E+00   0.000000000000000E+00   0.000000000000000E+00
   9.909257297700000E-01   3.554566341100000E+00   3.225483777400000E-01   1.094776086100000E+00   5.742134820300000E-01   0.000000000000000E+00   0.000000000000000E+00   0.000000000000000E+00   0.000000000000000E+00
   9.911804591200000E-01   3.554426831700000E+00   3.225479188400000E-01   1.105092965800000E+00   5.483718128400000E-01   0.000000000000000E+00   0.000000000000000E+00   0.000000000000000E+00   0.000000000000000E+00
   9.914351884700000E-01   3.554566244100000E+00   3.225483774300000E-01   1.094783366100000E+00   5.741952037300000E-01   0.000000000000000E+00   0.000000000000000E+00   0.000000000000000E+00   0.000000000000000E+00
   9.916899178200000E-01   3.554295883900000E+00   3.225474880800000E-01   1.114776271900000E+00   5.241172782200000E-01   0.000000000000000E+00   0.000000000000000E+00   0.000000000000000E+00   0.000000000000000E+00
   9.919232807600000E-01   3.554566158200000E+00   3.225483771500000E-01   1.094789827600000E+00   5.741789789300000E-01   0.000000000000000E+00   0.000000000000000E+00   0.000000000000000E+00   0.000000000000000E+00
   9.921566437000000E-01   3.554427074500000E+00   3.225479196300000E-01   1.105074723500000E+00   5.484176193200000E-01   0.000000000000000E+00   0.000000000000000E+00   0.000000000000000E+00   0.000000000000000E+00
   9.923900066500000E-01   3.554566052700000E+00   3.225483768000000E-01   1.094797748100000E+00   5.741590885700000E-01   0.000000000000000E+00   0.000000000000000E+00   0.000000000000000E+00   0.000000000000000E+00
   9.926233695900000E-01   3.554296558000000E+00   3.225474902800000E-01   1.114725581000000E+00   5.242445770700001E-01   0.000000000000000E+00   0.000000000000000E+00   0.000000000000000E+00   0.000000000000000E+00
   9.928099755599999E-01   3.554565952300000E+00   3.225483764700000E-01   1.094805312100000E+00   5.741400910300000E-01   0.000000000000000E+00   0.000000000000000E+00   0.000000000000000E+00   0.000000000000000E+00
   9.929965815400000E-01   3.554427358300000E+00   3.225479205500000E-01   1.105053372900000E+00   5.484712430799999E-01   0.000000000000000E+00   0.000000000000000E+00   0.000000000000000E+00   0.000000000000000E+00
   9.931831875200000E-01   3.554565821100000E+00   3.225483760500000E-01   1.094815178900000E+00   5.741153067200000E-01   0.000000000000000E+00   0.000000000000000E+00   0.000000000000000E+00   0.000000000000000E+00
   9.933697935000000E-01   3.554297396400000E+00   3.225474930100000E-01   1.114662434000000E+00   5.244031977000000E-01   0.000000000000000E+00   0.000000000000000E+00   0.000000000000000E+00   0.000000000000000E+00
   9.935363981100001E-01   3.554565703600000E+00   3.225483756600000E-01   1.094824050700000E+00   5.740930179300000E-01   0.000000000000000E+00   0.000000000000000E+00   0.000000000000000E+00   0.000000000000000E+00
   9.937030027300000E-01   3.554427690500000E+00   3.225479216300000E-01   1.105028327900000E+00   5.485341645600000E-01   0.000000000000000E+00   0.000000000000000E+00   0.000000000000000E+00   0.000000000000000E+00
   9.938696073400000E-01   3.554565557600000E+00   3.225483751900000E-01   1.094835051300000E+00   5.740653760100000E-01   0.000000000000000E+00   0.000000000000000E+00   0.000000000000000E+00   0.000000000000000E+00
   9.940362119600000E-01   3.554298329300000E+00   3.225474960400000E-01   1.114592030300000E+00   5.245801073300000E-01   0.000000000000000E+00   0.000000000000000E+00   0.000000000000000E+00   0.000000000000000E+00
   9.942298246500000E-01   3.554565443000000E+00   3.225483748200000E-01   1.094843727200000E+00   5.740435706300000E-01   0.000000000000000E+00   0.000000000000000E+00   0.000000000000000E+00   0.000000000000000E+00
   9.944234373400000E-01   3.554428014700000E+00   3.225479226900000E-01   1.105003824800000E+00   5.485957470100000E-01   0.000000000000000E+00   0.000000000000000E+00   0.000000000000000E+00   0.000000000000000E+00
   9.946170500300000E-01   3.554565318400000E+00   3.225483744100000E-01   1.094853150400000E+00   5.740198835200000E-01   0.000000000000000E+00   0.000000000000000E+00   0.000000000000000E+00   0.000000000000000E+00
   9.948106627200000E-01   3.554299126100000E+00   3.225474986300000E-01   1.114531722500000E+00   5.247317058300000E-01   0.000000000000000E+00   0.000000000000000E+00   0.000000000000000E+00   0.000000000000000E+00
   9.949582490900000E-01   3.554565196500000E+00   3.225483740100000E-01   1.094862391800000E+00   5.739966489100000E-01   0.000000000000000E+00   0.000000000000000E+00   0.000000000000000E+00   0.000000000000000E+00
   9.951058354600000E-01   3.554428358900000E+00   3.225479238000000E-01   1.104977744300000E+00   5.486613208900000E-01   0.000000000000000E+00   0.000000000000000E+00   0.000000000000000E+00   0.000000000000000E+00
   9.952534218300000E-01   3.554565034100000E+00   3.225483734900000E-01   1.094874693300000E+00   5.739657125600000E-01   0.000000000000000E+00   0.000000000000000E+00   0.000000000000000E+00   0.000000000000000E+00
   9.954010081900000E-01   3.554300163300000E+00   3.225475020000000E-01   1.114452993700000E+00   5.249297005700000E-01   0.000000000000000E+00   0.000000000000000E+00   0.000000000000000E+00   0.000000000000000E+00
   9.955212113300000E-01   3.554564881500000E+00   3.225483729900000E-01   1.094886310700000E+00   5.739364879200000E-01   0.000000000000000E+00   0.000000000000000E+00   0.000000000000000E+00   0.000000000000000E+00
   9.956414144600000E-01   3.554428790100000E+00   3.225479252000000E-01   1.104944957400000E+00   5.487438018200000E-01   0.000000000000000E+00   0.000000000000000E+00   0.000000000000000E+00   0.000000000000000E+00
   9.957616175900000E-01   3.554564684100000E+00   3.225483723500000E-01   1.094901320600000E+00   5.738987159400000E-01   0.000000000000000E+00   0.000000000000000E+00   0.000000000000000E+00   0.000000000000000E+00
   9.958818207200000E-01   3.554301423600000E+00   3.225475060700000E-01   1.114356932600000E+00   5.251714447800000E-01   0.000000000000000E+00   0.000000000000000E+00   0.000000000000000E+00   0.000000000000000E+00
   9.960033220900000E-01   3.554564519100000E+00   3.225483718200000E-01   1.094913966100000E+00   5.738668790700000E-01   0.000000000000000E+00   0.000000000000000E+00   0.000000000000000E+00   0.000000000000000E+00
   9.961248234600000E-01   3.554429257300000E+00   3.225479267100000E-01   1.104909250900000E+00   5.488336961000000E-01   0.000000000000000E+00   0.000000000000000E+00   0.000000000000000E+00   0.000000000000000E+00
   9.962463248300000E-01   3.554564326200000E+00   3.225483712000000E-01   1.094928712700000E+00   5.738297377200000E-01   0.000000000000000E+00   0.000000000000000E+00   0.000000000000000E+00   0.000000000000000E+00
   9.963678262000000E-01   3.554302654800000E+00   3.225475100500000E-01   1.114262556200000E+00   5.254091530400000E-01   0.000000000000000E+00   0.000000000000000E+00   0.000000000000000E+00   0.000000000000000E+00
   9.964910331900000E-01   3.554564165400000E+00   3.225483706800000E-01   1.094941116500000E+00   5.737984805200000E-01   0.000000000000000E+00   0.000000000000000E+00   0.000000000000000E+00   0.000000000000000E+00
   9.966142401800000E-01   3.554429712800000E+00   3.225479281800000E-01   1.104874226800000E+00   5.489219542700000E-01   0.000000000000000E+00   0.000000000000000E+00   0.000000000000000E+00   0.000000000000000E+00
   9.967374471700000E-01   3.554563977800000E+00   3.225483700700000E-01   1.094955557900000E+00   5.737620715600000E-01   0.000000000000000E+00   0.000000000000000E+00   0.000000000000000E+00   0.000000000000000E+00
   9.968606541600000E-01   3.554303852200000E+00   3.225475138900000E-01   1.114170133800000E+00   5.256421743100000E-01   0.000000000000000E+00   0.000000000000000E+00   0.000000000000000E+00   0.000000000000000E+00
   9.969564614700001E-01   3.554563797500000E+00   3.225483695000000E-01   1.094969544200000E+00   5.737267902900000E-01   0.000000000000000E+00   0.000000000000000E+00   0.000000000000000E+00   0.000000000000000E+00
   9.970522687800000E-01   3.554430221900000E+00   3.225479298100000E-01   1.104834765300000E+00   5.490215088700000E-01   0.000000000000000E+00   0.000000000000000E+00   0.000000000000000E+00   0.000000000000000E+00
   9.971480760900000E-01   3.554563560100000E+00   3.225483687400000E-01   1.094987966300000E+00   5.736802827000000E-01   0.000000000000000E+00   0.000000000000000E+00   0.000000000000000E+00   0.000000000000000E+00
   9.972438834000000E-01   3.554305365900000E+00   3.225475187300000E-01   1.114052237000000E+00   5.259398307399999E-01   0.000000000000000E+00   0.000000000000000E+00   0.000000000000000E+00   0.000000000000000E+00
   9.973304429099999E-01   3.554563351200000E+00   3.225483680700000E-01   1.095004387800000E+00   5.736387877100000E-01   0.000000000000000E+00   0.000000000000000E+00   0.000000000000000E+00   0.000000000000000E+00
   9.974170024100000E-01   3.554430813400000E+00   3.225479316900000E-01   1.104788415600000E+00   5.491386361300000E-01   0.000000000000000E+00   0.000000000000000E+00   0.000000000000000E+00   0.000000000000000E+00
   9.975035619100000E-01   3.554563094400000E+00   3.225483672500000E-01   1.095024578300000E+00   5.735877145500000E-01   0.000000000000000E+00   0.000000000000000E+00   0.000000000000000E+00   0.000000000000000E+00
   9.975901214200000E-01   3.554307002600000E+00   3.225475239200000E-01   1.113923024600000E+00   5.262667101300000E-01   0.000000000000000E+00   0.000000000000000E+00   0.000000000000000E+00   0.000000000000000E+00
   9.976746632800000E-01   3.554562878300000E+00   3.225483665700000E-01   1.095041853100000E+00   5.735439602300000E-01   0.000000000000000E+00   0.000000000000000E+00   0.000000000000000E+00   0.000000000000000E+00
   9.977592051500001E-01   3.554431425900000E+00   3.225479336200000E-01   1.104739644600000E+00   5.492621691800000E-01   0.000000000000000E+00   0.000000000000000E+00   0.000000000000000E+00   0.000000000000000E+00
   9.978437470200000E-01   3.554562622900000E+00   3.225483657700000E-01   1.095062301800000E+00   5.734920953600000E-01   0.000000000000000E+00   0.000000000000000E+00   0.000000000000000E+00   0.000000000000000E+00
   9.979282888900000E-01   3.554308629500000E+00   3.225475290300000E-01   1.113792161300000E+00   5.265986588700000E-01   0.000000000000000E+00   0.000000000000000E+00   0.000000000000000E+00   0.000000000000000E+00
   9.980013216200000E-01   3.554562394300000E+00   3.225483650600000E-01   1.095080952200000E+00   5.734447166700000E-01   0.000000000000000E+00   0.000000000000000E+00   0.000000000000000E+00   0.000000000000000E+00
   9.980743543500000E-01   3.554432072300000E+00   3.225479356400000E-01   1.104687021200000E+00   5.493958814000000E-01   0.000000000000000E+00   0.000000000000000E+00   0.000000000000000E+00   0.000000000000000E+00
   9.981473870799999E-01   3.554562109800000E+00   3.225483641700000E-01   1.095104330100000E+00   5.733852001400001E-01   0.000000000000000E+00   0.000000000000000E+00   0.000000000000000E+00   0.000000000000000E+00
   9.982204198100000E-01   3.554310440200000E+00   3.225475346200000E-01   1.113642558300000E+00   5.269795874800000E-01   0.000000000000000E+00   0.000000000000000E+00   0.000000000000000E+00   0.000000000000000E+00
   9.982921422800000E-01   3.554561874100000E+00   3.225483634600000E-01   1.095124242400000E+00   5.733343777600000E-01   0.000000000000000E+00   0.000000000000000E+00   0.000000000000000E+00   0.000000000000000E+00
   9.983638647600001E-01   3.554432740700000E+00   3.225479376800000E-01   1.104630805300000E+00   5.495393734200000E-01   0.000000000000000E+00   0.000000000000000E+00   0.000000000000000E+00   0.000000000000000E+00
   9.984355872300000E-01   3.554561599700000E+00   3.225483626300000E-01   1.095147705800000E+00   5.732743220800000E-01   0.000000000000000E+00   0.000000000000000E+00   0.000000000000000E+00   0.000000000000000E+00
   9.985073097000000E-01   3.554312186900000E+00   3.225475398700000E-01   1.113492413100000E+00   5.273639718200001E-01   0.000000000000000E+00   0.000000000000000E+00   0.000000000000000E+00   0.000000000000000E+00
   9.985811372000000E-01   3.554561380600000E+00   3.225483619800000E-01   1.095167210000000E+00   5.732242241700000E-01   0.000000000000000E+00   0.000000000000000E+00   0.000000000000000E+00   0.000000000000000E+00
   9.986549647000000E-01   3.554433369500000E+00   3.225479395500000E-01   1.104575725100000E+00   5.496808394500000E-01   0.000000000000000E+00   0.000000000000000E+00   0.000000000000000E+00   0.000000000000000E+00
   9.987287921900000E-01   3.554561145600000E+00   3.225483613400000E-01   1.095189644100000E+00   5.731663703100000E-01   0.000000000000000E+00   0.000000000000000E+00   0.000000000000000E+00   0.000000000000000E+00
   9.988026196899999E-01   3.554313834600000E+00   3.225475448600000E-01   1.113348792800000E+00   5.277341854499999E-01   0.000000000000000E+00   0.000000000000000E+00   0.000000000000000E+00   0.000000000000000E+00
   9.988449329600000E-01   3.554561019900000E+00   3.225483615100000E-01   1.095215603900000E+00   5.730989990200001E-01   0.000000000000000E+00   0.000000000000000E+00   0.000000000000000E+00   0.000000000000000E+00
   9.988872462300000E-01   3.554434528000000E+00   3.225479441200000E-01   1.104502430800000E+00   5.498702233100000E-01   0.000000000000000E+00   0.000000000000000E+00   0.000000000000000E+00   0.000000000000000E+00
   9.989295594900000E-01   3.554561397000000E+00   3.225483652100000E-01   1.095253507300000E+00   5.729987318899999E-01   0.000000000000000E+00   0.000000000000000E+00   0.000000000000000E+00   0.000000000000000E+00
   9.989718727600000E-01   3.554318350800000E+00   3.225475643900000E-01   1.113103341300000E+00   5.283723596300000E-01   0.000000000000000E+00   0.000000000000000E+00   0.000000000000000E+00   0.000000000000000E+00
   9.990060857000000E-01   3.554564582900000E+00   3.225483862700000E-01   1.095287750900000E+00   5.729024240400000E-01   0.000000000000000E+00   0.000000000000000E+00   0.000000000000000E+00   0.000000000000000E+00
   9.990402986400000E-01   3.554443852500000E+00   3.225479988000000E-01   1.104398108200000E+00   5.501320978899999E-01   0.000000000000000E+00   0.000000000000000E+00   0.000000000000000E+00   0.000000000000000E+00
   9.990745115800000E-01   3.554577517200000E+00   3.225484683100000E-01   1.095327277000000E+00   5.727732760399999E-01   0.000000000000000E+00   0.000000000000000E+00   0.000000000000000E+00   0.000000000000000E+00
   9.991087245200000E-01   3.554353681500000E+00   3.225477753000000E-01   1.112799191600000E+00   5.291359735000000E-01   0.000000000000000E+00   0.000000000000000E+00   0.000000000000000E+00   0.000000000000000E+00
   9.991386032400000E-01   3.554625008500000E+00   3.225487653400000E-01   1.095346571100000E+00   5.726368556700000E-01   0.000000000000000E+00   0.000000000000000E+00   0.000000000000000E+00   0.000000000000000E+00
   9.991684819500000E-01   3.554555321000000E+00   3.225486900100000E-01   1.104236695900000E+00   5.503853181100000E-01   0.000000000000000E+00   0.000000000000000E+00   0.000000000000000E+00   0.000000000000000E+00
   9.991983606700000E-01   3.554779183000000E+00   3.225497270600000E-01   1.095327323600000E+00   5.724151813400000E-01   0.000000000000000E+00   0.000000000000000E+00   0.000000000000000E+00   0.000000000000000E+00
   9.992282393900001E-01   3.554721770600000E+00   3.225500612400000E-01   1.112330696800000E+00   5.298278601999999E-01   0.000000000000000E+00   0.000000000000000E+00   0.000000000000000E+00   0.000000000000000E+00
   9.992582966700000E-01   3.555304580200000E+00   3.225530012300000E-01   1.095136080400000E+00   5.720151403000000E-01   0.000000000000000E+00   0.000000000000000E+00   0.000000000000000E+00   0.000000000000000E+00
   9.992883539600000E-01   3.555804347100000E+00   3.225564707600000E-01   1.103581385600000E+00   5.500473530900000E-01   0.000000000000000E+00   0.000000000000000E+00   0.000000000000000E+00   0.000000000000000E+00
   9.993184112400000E-01   3.557076667700000E+00   3.225640456900000E-01   1.094403898300000E+00   5.709259873700000E-01   0.000000000000000E+00   0.000000000000000E+00   0.000000000000000E+00   0.000000000000000E+00
   9.993484685200000E-01   3.558947139400000E+00   3.225763981100000E-01   1.110216696100000E+00   5.284545000400001E-01   0.000000000000000E+00   0.000000000000000E+00   0.000000000000000E+00   0.000000000000000E+00
   9.993752554500001E-01   3.562528744200000E+00   3.225980553600000E-01   1.092065812800000E+00   5.678925847000000E-01   0.000000000000000E+00   0.000000000000000E+00   0.000000000000000E+00   0.000000000000000E+00
   9.994020423800000E-01   3.568088943000000E+00   3.226331372600000E-01   1.098150479400000E+00   5.438760577200000E-01   0.000000000000000E+00   0.000000000000000E+00   0.000000000000000E+00   0.000000000000000E+00
   9.994288293000000E-01   3.577879713700000E+00   3.226940368800000E-01   1.085500823600000E+00   5.596811359500000E-01   0.000000000000000E+00   0.000000000000000E+00   0.000000000000000E+00   0.000000000000000E+00
   9.994556162300000E-01   3.593920861100000E+00   3.227954158000000E-01   1.095023657500000E+00   5.112899159099999E-01   0.000000000000000E+00   0.000000000000000E+00   0.000000000000000E+00   0.000000000000000E+00
   9.994762162700001E-01   3.613688012600000E+00   3.229193025600000E-01   1.070562101200000E+00   5.414683624900000E-01   0.000000000000000E+00   0.000000000000000E+00   0.000000000000000E+00   0.000000000000000E+00
   9.994968163100000E-01   3.641953179500000E+00   3.230988086200000E-01   1.067471949900000E+00   5.075695007100000E-01   0.000000000000000E+00   0.000000000000000E+00   0.000000000000000E+00   0.000000000000000E+00
   9.995174163400000E-01   3.682620823600000E+00   3.233582709100000E-01   1.043351838800000E+00   5.091243397800000E-01   0.000000000000000E+00   0.000000000000000E+00   0.000000000000000E+00   0.000000000000000E+00
   9.995380163799999E-01   3.738798703600000E+00   3.237220788800000E-01   1.038492949400000E+00   4.466931135000000E-01   0.000000000000000E+00   0.000000000000000E+00   0.000000000000000E+00   0.000000000000000E+00
   9.995501274100000E-01   3.781191907400000E+00   3.239984847500000E-01   1.007641309500000E+00   4.681511753500000E-01   0.000000000000000E+00   0.000000000000000E+00   0.000000000000000E+00   0.000000000000000E+00
   9.995622384300000E-01   3.830717027500000E+00   3.243261935000000E-01   9.990357219700000E-01   4.304284998800000E-01   0.000000000000000E+00   0.000000000000000E+00   0.000000000000000E+00   0.000000000000000E+00
   9.995743494600000E-01   3.888573172100000E+00   3.247130179900000E-01   9.724137150300000E-01   4.292243870700000E-01   0.000000000000000E+00   0.000000000000000E+00   0.000000000000000E+00   0.000000000000000E+00
   9.995864604800000E-01   3.954474644300000E+00   3.251614356100000E-01   9.679206529300000E-01   3.722539458400000E-01   0.000000000000000E+00   0.000000000000000E+00   0.000000000000000E+00   0.000000000000000E+00
   9.996016735900000E-01   4.049987063300000E+00   3.258218218300000E-01   9.253955230399999E-01   3.800200603800000E-01   0.000000000000000E+00   0.000000000000000E+00   0.000000000000000E+00   0.000000000000000E+00
   9.996168867000000E-01   4.158290852700000E+00   3.265906902500000E-01   9.051766549900000E-01   3.341601186200000E-01   0.000000000000000E+00   0.000000000000000E+00   0.000000000000000E+00   0.000000000000000E+00
   9.996320998100000E-01   4.279195840400000E+00   3.274721497300000E-01   8.684343942600000E-01   3.243584478100000E-01   0.000000000000000E+00   0.000000000000000E+00   0.000000000000000E+00   0.000000000000000E+00
   9.996473129200000E-01   4.410668516900000E+00   3.284624468800000E-01   8.552673478400000E-01   2.646015819600000E-01   0.000000000000000E+00   0.000000000000000E+00   0.000000000000000E+00   0.000000000000000E+00
   9.996607114400000E-01   4.534662205700000E+00   3.294246857500000E-01   8.153121488500000E-01   2.763455854200000E-01   0.000000000000000E+00   0.000000000000000E+00   0.000000000000000E+00   0.000000000000000E+00
   9.996741099499999E-01   4.664127889000000E+00   3.304642221200000E-01   7.995296050000000E-01   2.394538474400000E-01   0.000000000000000E+00   0.000000000000000E+00   0.000000000000000E+00   0.000000000000000E+00
   9.996875084700000E-01   4.798430595500000E+00   3.315790806800000E-01   7.690449382500000E-01   2.375513624800000E-01   0.000000000000000E+00   0.000000000000000E+00   0.000000000000000E+00   0.000000000000000E+00
   9.997009069900000E-01   4.935639382000000E+00   3.327620938600000E-01   7.628312874500000E-01   1.891983063700000E-01   0.000000000000000E+00   0.000000000000000E+00   0.000000000000000E+00   0.000000000000000E+00
   9.997137025700000E-01   5.069137487400000E+00   3.339539833800000E-01   7.284566790600000E-01   2.059310609300000E-01   0.000000000000000E+00   0.000000000000000E+00   0.000000000000000E+00   0.000000000000000E+00
   9.997264981500000E-01   5.203191928500000E+00   3.351990201100000E-01   7.181625171000000E-01   1.768946152300000E-01   0.000000000000000E+00   0.000000000000000E+00   0.000000000000000E+00   0.000000000000000E+00
   9.997392937400000E-01   5.337616629900000E+00   3.364954894400000E-01   6.935077489300000E-01   1.804678777200000E-01   0.000000000000000E+00   0.000000000000000E+00   0.000000000000000E+00   0.000000000000000E+00
   9.997520893200000E-01   5.471029588900000E+00   3.378372090400000E-01   6.925877055300000E-01   1.399656339600000E-01   0.000000000000000E+00   0.000000000000000E+00   0.000000000000000E+00   0.000000000000000E+00
   9.997660528400000E-01   5.615675134200000E+00   3.393521695000000E-01   6.616680161100000E-01   1.587925955100000E-01   0.000000000000000E+00   0.000000000000000E+00   0.000000000000000E+00   0.000000000000000E+00
   9.997800163600000E-01   5.757733167100000E+00   3.409125450700000E-01   6.543881879500000E-01   1.343181999400000E-01   0.000000000000000E+00   0.000000000000000E+00   0.000000000000000E+00   0.000000000000000E+00
   9.997939798800000E-01   5.897285798300000E+00   3.425166996000000E-01   6.329714226599999E-01   1.404632341500000E-01   0.000000000000000E+00   0.000000000000000E+00   0.000000000000000E+00   0.000000000000000E+00
   9.998079433900000E-01   6.033270973700000E+00   3.441588883800000E-01   6.346855016700000E-01   1.045660957700000E-01   0.000000000000000E+00   0.000000000000000E+00   0.000000000000000E+00   0.000000000000000E+00
   9.998182231600000E-01   6.131540589800000E+00   3.453925103700000E-01   6.113001438800000E-01   1.273685330900000E-01   0.000000000000000E+00   0.000000000000000E+00   0.000000000000000E+00   0.000000000000000E+00
   9.998285029200000E-01   6.227416239900000E+00   3.466432285600000E-01   6.102535334800000E-01   1.084229963000000E-01   0.000000000000000E+00   0.000000000000000E+00   0.000000000000000E+00   0.000000000000000E+00
   9.998387826800000E-01   6.321418562100000E+00   3.479120871200000E-01   5.949309565999999E-01   1.178377389900000E-01   0.000000000000000E+00   0.000000000000000E+00   0.000000000000000E+00   0.000000000000000E+00
   9.998490624500000E-01   6.412899778300000E+00   3.491960544700000E-01   6.012841558200001E-01   8.718715175100000E-02   0.000000000000000E+00   0.000000000000000E+00   0.000000000000000E+00   0.000000000000000E+00
   9.998575341300000E-01   6.487033104700000E+00   3.502672107700000E-01   5.813947088200000E-01   1.102412463100000E-01   0.000000000000000E+00   0.000000000000000E+00   0.000000000000000E+00   0.000000000000000E+00
   9.998660058100000E-01   6.559297864000000E+00   3.513471360800000E-01   5.826607986300000E-01   9.397462763599999E-02   0.000000000000000E+00   0.000000000000000E+00   0.000000000000000E+00   0.000000000000000E+00
   9.998744775000000E-01   6.630253743800000E+00   3.524373694100000E-01   5.701692290800000E-01   1.040691896900000E-01   0.000000000000000E+00   0.000000000000000E+00   0.000000000000000E+00   0.000000000000000E+00
   9.998829491800000E-01   6.699343204800000E+00   3.535355785500000E-01   5.780381770800000E-01   7.669272500700000E-02   0.000000000000000E+00   0.000000000000000E+00   0.000000000000000E+00   0.000000000000000E+00
   9.998903147900000E-01   6.758557418100000E+00   3.544988624000000E-01   5.604372534800000E-01   9.887394952200000E-02   0.000000000000000E+00   0.000000000000000E+00   0.000000000000000E+00   0.000000000000000E+00
   9.998976803900000E-01   6.816288488900000E+00   3.554673653500000E-01   5.627090588100000E-01   8.445369186700000E-02   0.000000000000000E+00   0.000000000000000E+00   0.000000000000000E+00   0.000000000000000E+00
   9.999050460000000E-01   6.873076764200000E+00   3.564427125200000E-01   5.519838973900000E-01   9.440844045400000E-02   0.000000000000000E+00   0.000000000000000E+00   0.000000000000000E+00   0.000000000000000E+00
   9.999124116100000E-01   6.928412364600000E+00   3.574229030100000E-01   5.602458248000000E-01   6.967094671100001E-02   0.000000000000000E+00   0.000000000000000E+00   0.000000000000000E+00   0.000000000000000E+00
   9.999181177799999E-01   6.970848911700000E+00   3.581873866800000E-01   5.449274303600000E-01   9.074014564900000E-02   0.000000000000000E+00   0.000000000000000E+00   0.000000000000000E+00   0.000000000000000E+00
   9.999238239600000E-01   7.012309010000000E+00   3.589541615300000E-01   5.480367852300000E-01   7.808261436100000E-02   0.000000000000000E+00   0.000000000000000E+00   0.000000000000000E+00   0.000000000000000E+00
   9.999295301300000E-01   7.053292332500000E+00   3.597248451700000E-01   5.390959359900001E-01   8.766333042000000E-02   0.000000000000000E+00   0.000000000000000E+00   0.000000000000000E+00   0.000000000000000E+00
   9.999352363100000E-01   7.093329961800000E+00   3.604977209000000E-01   5.474959915099999E-01   6.571098552400000E-02   0.000000000000000E+00   0.000000000000000E+00   0.000000000000000E+00   0.000000000000000E+00
   9.999396968099999E-01   7.124488857500000E+00   3.611051209600000E-01   5.341341895700000E-01   8.506609629100000E-02   0.000000000000000E+00   0.000000000000000E+00   0.000000000000000E+00   0.000000000000000E+00
   9.999441573200000E-01   7.154977365400000E+00   3.617134292500000E-01   5.374870529700000E-01   7.401148835700000E-02   0.000000000000000E+00   0.000000000000000E+00   0.000000000000000E+00   0.000000000000000E+00
   9.999486178300000E-01   7.185245441200000E+00   3.623241465900000E-01   5.299723431000000E-01   8.280714972400000E-02   0.000000000000000E+00   0.000000000000000E+00   0.000000000000000E+00   0.000000000000000E+00
   9.999530783300000E-01   7.214871303800000E+00   3.629357779700000E-01   5.379013298699999E-01   6.365156101300000E-02   0.000000000000000E+00   0.000000000000000E+00   0.000000000000000E+00   0.000000000000000E+00
   9.999566036500001E-01   7.238297270300000E+00   3.634213885000000E-01   5.263763347500000E-01   8.086309241600000E-02   0.000000000000000E+00   0.000000000000000E+00   0.000000000000000E+00   0.000000000000000E+00
   9.999601289700000E-01   7.261243208800000E+00   3.639072466900000E-01   5.296018939100000E-01   7.137429140800000E-02   0.000000000000000E+00   0.000000000000000E+00   0.000000000000000E+00   0.000000000000000E+00
   9.999636542900000E-01   7.284103548200000E+00   3.643946855300000E-01   5.233259917600001E-01   7.911824957499999E-02   0.000000000000000E+00   0.000000000000000E+00   0.000000000000000E+00   0.000000000000000E+00
   9.999671796100000E-01   7.306510804400000E+00   3.648824221300000E-01   5.303854600600000E-01   6.282543104500000E-02   0.000000000000000E+00   0.000000000000000E+00   0.000000000000000E+00   0.000000000000000E+00
   9.999699111600000E-01   7.323955444000000E+00   3.652618800300000E-01   5.206964269100000E-01   7.760971634100000E-02   0.000000000000000E+00   0.000000000000000E+00   0.000000000000000E+00   0.000000000000000E+00
   9.999726427000000E-01   7.341055939600000E+00   3.656412457300000E-01   5.235878475300000E-01   6.971417776300000E-02   0.000000000000000E+00   0.000000000000000E+00   0.000000000000000E+00   0.000000000000000E+00
   9.999753742400000E-01   7.358146180200000E+00   3.660216553900000E-01   5.184909224799999E-01   7.623367063900000E-02   0.000000000000000E+00   0.000000000000000E+00   0.000000000000000E+00   0.000000000000000E+00
   9.999781057900000E-01   7.374919050200000E+00   3.664020456500000E-01   5.244337064300000E-01   6.292070416400000E-02   0.000000000000000E+00   0.000000000000000E+00   0.000000000000000E+00   0.000000000000000E+00
   9.999800757100000E-01   7.387124595100000E+00   3.666774056800000E-01   5.166521612900000E-01   7.505218600499999E-02   0.000000000000000E+00   0.000000000000000E+00   0.000000000000000E+00   0.000000000000000E+00
   9.999820456300000E-01   7.399093023200000E+00   3.669524986100000E-01   5.190883313400000E-01   6.883561730600000E-02   0.000000000000000E+00   0.000000000000000E+00   0.000000000000000E+00   0.000000000000000E+00
   9.999840155600001E-01   7.411091082600000E+00   3.672282331600000E-01   5.152306520600000E-01   7.398445777700000E-02   0.000000000000000E+00   0.000000000000000E+00   0.000000000000000E+00   0.000000000000000E+00
   9.999859854800000E-01   7.422874298500000E+00   3.675037571100000E-01   5.199728431700000E-01   6.389850359900000E-02   0.000000000000000E+00   0.000000000000000E+00   0.000000000000000E+00   0.000000000000000E+00
   9.999873554900000E-01   7.431163318700000E+00   3.676959901300000E-01   5.143775268900000E-01   7.314826999200000E-02   0.000000000000000E+00   0.000000000000000E+00   0.000000000000000E+00   0.000000000000000E+00
   9.999887255000000E-01   7.439274021500000E+00   3.678878238200000E-01   5.166949152000000E-01   6.880166177300000E-02   0.000000000000000E+00   0.000000000000000E+00   0.000000000000000E+00   0.000000000000000E+00
   9.999900955100000E-01   7.447375997300000E+00   3.680797783400000E-01   5.151506115600000E-01   7.274705493100000E-02   0.000000000000000E+00   0.000000000000000E+00   0.000000000000000E+00   0.000000000000000E+00
   9.999914655200000E-01   7.455234530500000E+00   3.682709013300000E-01   5.210533479200000E-01   6.661041518400000E-02   0.000000000000000E+00   0.000000000000000E+00   0.000000000000000E+00   0.000000000000000E+00
   9.999923549700001E-01   7.460288314800000E+00   3.683946787100000E-01   5.207171075600000E-01   7.369397197600000E-02   0.000000000000000E+00   0.000000000000000E+00   0.000000000000000E+00   0.000000000000000E+00
   9.999932444200000E-01   7.465062099400000E+00   3.685171977200000E-01   5.279318735100000E-01   7.256081004499999E-02   0.000000000000000E+00   0.000000000000000E+00   0.000000000000000E+00   0.000000000000000E+00
   9.999941338700000E-01   7.469536929500000E+00   3.686380866900000E-01   5.370423471300000E-01   7.761982860900001E-02   0.000000000000000E+00   0.000000000000000E+00   0.000000000000000E+00   0.000000000000000E+00
   9.999950233200000E-01   7.473338844800000E+00   3.687554889000000E-01   5.581474053000000E-01   7.919952278800001E-02   0.000000000000000E+00   0.000000000000000E+00   0.000000000000000E+00   0.000000000000000E+00
   9.999955239700000E-01   7.475072890400000E+00   3.688192958000000E-01   5.735735422900000E-01   8.751439612900000E-02   0.000000000000000E+00   0.000000000000000E+00   0.000000000000000E+00   0.000000000000000E+00
   9.999960246200000E-01   7.476248725900000E+00   3.688801830700000E-01   5.992031318800000E-01   9.371783491700000E-02   0.000000000000000E+00   0.000000000000000E+00   0.000000000000000E+00   0.000000000000000E+00
   9.999965252700000E-01   7.476655465300000E+00   3.689369385200000E-01   6.357480738300000E-01   1.061637901500000E-01   0.000000000000000E+00   0.000000000000000E+00   0.000000000000000E+00   0.000000000000000E+00
   9.999970259199999E-01   7.475774446800000E+00   3.689869684300000E-01   6.937848573099999E-01   1.237961029500000E-01   0.000000000000000E+00   0.000000000000000E+00   0.000000000000000E+00   0.000000000000000E+00
   9.999972977900000E-01   7.474494101600000E+00   3.690099642700000E-01   7.377818428400000E-01   1.408090705400000E-01   0.000000000000000E+00   0.000000000000000E+00   0.000000000000000E+00   0.000000000000000E+00
   9.999975696600000E-01   7.472342032800000E+00   3.690285497900000E-01   7.972169865199999E-01   1.628589328700000E-01   0.000000000000000E+00   0.000000000000000E+00   0.000000000000000E+00   0.000000000000000E+00
   9.999978415200000E-01   7.468947617600000E+00   3.690409309000000E-01   8.782605021200000E-01   1.962027316100000E-01   0.000000000000000E+00   0.000000000000000E+00   0.000000000000000E+00   0.000000000000000E+00
   9.999981133900000E-01   7.463634472900000E+00   3.690439547400000E-01   9.942742859600000E-01   2.479897484100000E-01   0.000000000000000E+00   0.000000000000000E+00   0.000000000000000E+00   0.000000000000000E+00
   9.999982640500000E-01   7.459467213300000E+00   3.690397774100000E-01   1.081063086400000E+00   2.910786472500000E-01   0.000000000000000E+00   0.000000000000000E+00   0.000000000000000E+00   0.000000000000000E+00
   9.999984147200000E-01   7.454029939400000E+00   3.690296392400000E-01   1.191929921900000E+00   3.500349803200000E-01   0.000000000000000E+00   0.000000000000000E+00   0.000000000000000E+00   0.000000000000000E+00
   9.999985653800000E-01   7.446805172700000E+00   3.690112545400000E-01   1.336898111400000E+00   4.348861817600000E-01   0.000000000000000E+00   0.000000000000000E+00   0.000000000000000E+00   0.000000000000000E+00
   9.999987160400000E-01   7.436937698500000E+00   3.689809132900000E-01   1.532977157900000E+00   5.625470477200000E-01   0.000000000000000E+00   0.000000000000000E+00   0.000000000000000E+00   0.000000000000000E+00
   9.999988070400000E-01   7.429135295600000E+00   3.689543882800000E-01   1.687043574300000E+00   6.736312297800000E-01   0.000000000000000E+00   0.000000000000000E+00   0.000000000000000E+00   0.000000000000000E+00
   9.999988980400000E-01   7.419372210000000E+00   3.689192688200000E-01   1.879160477300000E+00   8.243174231800000E-01   0.000000000000000E+00   0.000000000000000E+00   0.000000000000000E+00   0.000000000000000E+00
   9.999989890400000E-01   7.406900764400000E+00   3.688724390000000E-01   2.123430560000000E+00   1.036065035200000E+00   0.000000000000000E+00   0.000000000000000E+00   0.000000000000000E+00   0.000000000000000E+00
   9.999990800400000E-01   7.390547922000000E+00   3.688090672700000E-01   2.441910519200000E+00   1.344453667200000E+00   0.000000000000000E+00   0.000000000000000E+00   0.000000000000000E+00   0.000000000000000E+00
   9.999991396400000E-01   7.376886399800000E+00   3.687551376800000E-01   2.705977455500000E+00   1.627979773600000E+00   0.000000000000000E+00   0.000000000000000E+00   0.000000000000000E+00   0.000000000000000E+00
   9.999991992500000E-01   7.359999670700000E+00   3.686877782100000E-01   3.029775570200000E+00   2.008312613500000E+00   0.000000000000000E+00   0.000000000000000E+00   0.000000000000000E+00   0.000000000000000E+00
   9.999992588500000E-01   7.338736154900000E+00   3.686023732100000E-01   3.432675670300000E+00   2.532498435500000E+00   0.000000000000000E+00   0.000000000000000E+00   0.000000000000000E+00   0.000000000000000E+00
   9.999993184500000E-01   7.311367148500000E+00   3.684920480000000E-01   3.943065210900000E+00   3.275151606100000E+00   0.000000000000000E+00   0.000000000000000E+00   0.000000000000000E+00   0.000000000000000E+00
   9.999993620400000E-01   7.286037148900000E+00   3.683898621100000E-01   4.406651339700000E+00   4.025708231100000E+00   0.000000000000000E+00   0.000000000000000E+00   0.000000000000000E+00   0.000000000000000E+00
   9.999994056200000E-01   7.254590984600000E+00   3.682631232700000E-01   4.970680647200000E+00   5.033237847500000E+00   0.000000000000000E+00   0.000000000000000E+00   0.000000000000000E+00   0.000000000000000E+00
   9.999994492099999E-01   7.214894784600000E+00   3.681035027000000E-01   5.664130950300000E+00   6.415917815100000E+00   0.000000000000000E+00   0.000000000000000E+00   0.000000000000000E+00   0.000000000000000E+00
   9.999994927900000E-01   7.163837577000000E+00   3.678989241300000E-01   6.527076794600000E+00   8.355117057799999E+00   0.000000000000000E+00   0.000000000000000E+00   0.000000000000000E+00   0.000000000000000E+00
   9.999995302900000E-01   7.107423650400000E+00   3.676738192300000E-01   7.444196325300000E+00   1.068460282600000E+01   0.000000000000000E+00   0.000000000000000E+00   0.000000000000000E+00   0.000000000000000E+00
   9.999995677800000E-01   7.035141837600000E+00   3.673866922700000E-01   8.568764582600000E+00   1.391439432100000E+01   0.000000000000000E+00   0.000000000000000E+00   0.000000000000000E+00   0.000000000000000E+00
   9.999996052800000E-01   6.941050134200000E+00   3.670147899200000E-01   9.953258476700000E+00   1.847897797700000E+01   0.000000000000000E+00   0.000000000000000E+00   0.000000000000000E+00   0.000000000000000E+00
   9.999996427700000E-01   6.816631384000000E+00   3.665256333900000E-01   1.166290559100000E+01   2.503274152800000E+01   0.000000000000000E+00   0.000000000000000E+00   0.000000000000000E+00   0.000000000000000E+00
   9.999996684800000E-01   6.707845356700000E+00   3.660998537900000E-01   1.305697027600000E+01   3.116971681100000E+01   0.000000000000000E+00   0.000000000000000E+00   0.000000000000000E+00   0.000000000000000E+00
   9.999996941900000E-01   6.574290157400000E+00   3.655790591900000E-01   1.465556642600000E+01   3.913600313800000E+01   0.000000000000000E+00   0.000000000000000E+00   0.000000000000000E+00   0.000000000000000E+00
   9.999997199000000E-01   6.409883293900000E+00   3.649402618400000E-01   1.647091665400000E+01   4.949295825200000E+01   0.000000000000000E+00   0.000000000000000E+00   0.000000000000000E+00   0.000000000000000E+00
   9.999997456100000E-01   6.207544327100000E+00   3.641567686600000E-01   1.850175005700000E+01   6.292406122700000E+01   0.000000000000000E+00   0.000000000000000E+00   0.000000000000000E+00   0.000000000000000E+00
   9.999997697400000E-01   5.976190644700000E+00   3.632636727400000E-01   2.058208517200000E+01   7.902911685600000E+01   0.000000000000000E+00   0.000000000000000E+00   0.000000000000000E+00   0.000000000000000E+00
   9.999997938800000E-01   5.698384847400000E+00   3.621941467800000E-01   2.277872679800000E+01   9.920505271300000E+01   0.000000000000000E+00   0.000000000000000E+00   0.000000000000000E+00   0.000000000000000E+00
   9.999998180200000E-01   5.369433465600000E+00   3.609306732400000E-01   2.500390929300000E+01   1.239867518000000E+02   0.000000000000000E+00   0.000000000000000E+00   0.000000000000000E+00   0.000000000000000E+00
   9.999998421600000E-01   4.987842467500000E+00   3.594678169000000E-01   2.712488673200000E+01   1.535973160600000E+02   0.000000000000000E+00   0.000000000000000E+00   0.000000000000000E+00   0.000000000000000E+00
   9.999998622500000E-01   4.632368600100000E+00   3.581069160300000E-01   2.869318077400000E+01   1.817056229100000E+02   0.000000000000000E+00   0.000000000000000E+00   0.000000000000000E+00   0.000000000000000E+00
   9.999998823300000E-01   4.248136796600000E+00   3.566371391200000E-01   2.996994897800000E+01   2.123361202500000E+02   0.000000000000000E+00   0.000000000000000E+00   0.000000000000000E+00   0.000000000000000E+00
   9.999999024200000E-01   3.843833636900000E+00   3.550912500000000E-01   3.085976876500000E+01   2.444713138400000E+02   0.000000000000000E+00   0.000000000000000E+00   0.000000000000000E+00   0.000000000000000E+00
   9.999999225100000E-01   3.430822021900000E+00   3.535120592500000E-01   3.128984566300000E+01   2.767395781900000E+02   0.000000000000000E+00   0.000000000000000E+00   0.000000000000000E+00   0.000000000000000E+00
   9.999999418800000E-01   3.036257318500000E+00   3.520027157500000E-01   3.123699424400000E+01   3.064927556200000E+02   0.000000000000000E+00   0.000000000000000E+00   0.000000000000000E+00   0.000000000000000E+00
   9.999999612500000E-01   2.656813006400000E+00   3.505498864000000E-01   3.073498140500000E+01   3.334597594000000E+02   0.000000000000000E+00   0.000000000000000E+00   0.000000000000000E+00   0.000000000000000E+00
   9.999999806300000E-01   2.302048428500000E+00   3.491896485500000E-01   2.982936036200000E+01   3.564306353700000E+02   0.000000000000000E+00   0.000000000000000E+00   0.000000000000000E+00   0.000000000000000E+00
   1.000000000000000E+00   1.978880643800000E+00   3.479481880300000E-01   2.859465691500000E+01   3.745408156400000E+02   0.000000000000000E+00   0.000000000000000E+00   0.000000000000000E+00   0.000000000000000E+00
