   0.000000000000000E+00   4.926393551700000E-01   9.999999955900000E-01   1.684278088600000E+00   1.822969929200000E+00   0.000000000000000E+00   0.000000000000000E+00   0.000000000000000E+00   0.000000000000000E+00
   3.181089279800000E-04   6.078065678800000E-01   8.942184731900000E-01   1.601278262700000E+00   1.682903232400000E+00   0.000000000000000E+00   0.000000000000000E+00   0.000000000000000E+00   0.000000000000000E+00
   6.362178559700000E-04   7.363225296200000E-01   8.044315642800000E-01   1.557475955100000E+00   1.496232223700000E+00   0.000000000000000E+00   0.000000000000000E+00   0.000000000000000E+00   0.000000000000000E+00
   9.543267839500000E-04   8.793464859900000E-01   7.279122840400000E-01   1.498561121600000E+00   1.389686318900000E+00   0.000000000000000E+00   0.000000000000000E+00   0.000000000000000E+00   0.000000000000000E+00
   1.272435711900000E-03   1.035028340500000E+00   6.625491013000000E-01   1.475672593400000E+00   1.222827422700000E+00   0.000000000000000E+00   0.000000000000000E+00   0.000000000000000E+00   0.000000000000000E+00
   1.573390650900000E-03   1.194345123000000E+00   6.094927432200000E-01   1.417399318200000E+00   1.182170760300000E+00   0.000000000000000E+00   0.000000000000000E+00   0.000000000000000E+00   0.000000000000000E+00
   1.874345589800000E-03   1.362349635900000E+00   5.638076068500000E-01   1.393244812500000E+00   1.073091453900000E+00   0.000000000000000E+00   0.000000000000000E+00   0.000000000000000E+00   0.000000000000000E+00
   2.175300528800000E-03   1.538021465300000E+00   5.245518349100000E-01   1.350299828600000E+00   1.027933258000000E+00   0.000000000000000E+00   0.000000000000000E+00   0.000000000000000E+00   0.000000000000000E+00
   2.476255467800000E-03   1.717865528800000E+00   4.909215534600000E-01   1.340868562600000E+00   9.113945461500000E-01   0.000000000000000E+00   0.000000000000000E+00   0.000000000000000E+00   0.000000000000000E+00
   3.013500703700000E-03   2.042138093700000E+00   4.427697751100000E-01   1.271838966000000E+00   8.674919448500000E-01   0.000000000000000E+00   0.000000000000000E+00   0.000000000000000E+00   0.000000000000000E+00
   3.550745939700000E-03   2.352770848900000E+00   4.070910972600000E-01   1.240833159400000E+00   7.635547368300000E-01   0.000000000000000E+00   0.000000000000000E+00   0.000000000000000E+00   0.000000000000000E+00
   4.087991175700000E-03   2.633845769000000E+00   3.811517563600000E-01   1.195467742800000E+00   7.305107095600000E-01   0.000000000000000E+00   0.000000000000000E+00   0.000000000000000E+00   0.000000000000000E+00
   4.625236411700000E-03   2.871660180200000E+00   3.626527031700000E-01   1.188367127000000E+00   6.325353499900001E-01   0.000000000000000E+00   0.000000000000000E+00   0.000000000000000E+00   0.000000000000000E+00
   5.183524386500000E-03   3.070435492300000E+00   3.492964606900000E-01   1.145510327300000E+00   6.500430908000000E-01   0.000000000000000E+00   0.000000000000000E+00   0.000000000000000E+00   0.000000000000000E+00
   5.741812361400000E-03   3.219389380400000E+00   3.402319521600000E-01   1.140066569800000E+00   5.985500893700000E-01   0.000000000000000E+00   0.000000000000000E+00   0.000000000000000E+00   0.000000000000000E+00
   6.300100336200000E-03   3.327515001600000E+00   3.341671706600000E-01   1.117950879800000E+00   6.084349928600000E-01   0.000000000000000E+00   0.000000000000000E+00   0.000000000000000E+00   0.000000000000000E+00
   6.858388311100000E-03   3.402391790500000E+00   3.301448410500000E-01   1.130895925500000E+00   5.448219707500001E-01   0.000000000000000E+00   0.000000000000000E+00   0.000000000000000E+00   0.000000000000000E+00
   7.593832330600000E-03   3.466703796300000E+00   3.268693062200000E-01   1.103536562200000E+00   5.874103808300000E-01   0.000000000000000E+00   0.000000000000000E+00   0.000000000000000E+00   0.000000000000000E+00
   8.329276350099999E-03   3.503979989800000E+00   3.250005606600000E-01   1.110422946900000E+00   5.550930428500001E-01   0.000000000000000E+00   0.000000000000000E+00   0.000000000000000E+00   0.000000000000000E+00
   9.064720369700000E-03   3.525838528400000E+00   3.239382454700000E-01   1.097514199900000E+00   5.787663942800000E-01   0.000000000000000E+00   0.000000000000000E+00   0.000000000000000E+00   0.000000000000000E+00
   9.800164389200000E-03   3.537979100600000E+00   3.233323953200000E-01   1.117030843100000E+00   5.249281995300000E-01   0.000000000000000E+00   0.000000000000000E+00   0.000000000000000E+00   0.000000000000000E+00
   1.175426228800000E-02   3.551195654700000E+00   3.227104527000000E-01   1.094951264900000E+00   5.751115664100001E-01   0.000000000000000E+00   0.000000000000000E+00   0.000000000000000E+00   0.000000000000000E+00
   1.370836018700000E-02   3.553501759100000E+00   3.225920911900000E-01   1.105404324600000E+00   5.479556322600000E-01   0.000000000000000E+00   0.000000000000000E+00   0.000000000000000E+00   0.000000000000000E+00
   1.566245808500000E-02   3.554343048400000E+00   3.225592212500000E-01   1.094634631600000E+00   5.746579420900000E-01   0.000000000000000E+00   0.000000000000000E+00   0.000000000000000E+00   0.000000000000000E+00
   1.761655598400000E-02   3.554204800700000E+00   3.225514457900000E-01   1.115387082500000E+00   5.226169045300000E-01   0.000000000000000E+00   0.000000000000000E+00   0.000000000000000E+00   0.000000000000000E+00
   2.489331563500000E-02   3.554580737900000E+00   3.225477989600000E-01   1.094611192700000E+00   5.746225597900000E-01   0.000000000000000E+00   0.000000000000000E+00   0.000000000000000E+00   0.000000000000000E+00
   3.217007528600000E-02   3.554412362100000E+00   3.225484647600000E-01   1.105311001600000E+00   5.478290801500000E-01   0.000000000000000E+00   0.000000000000000E+00   0.000000000000000E+00   0.000000000000000E+00
   3.944683493700000E-02   3.554573426400000E+00   3.225481495100000E-01   1.094612194500000E+00   5.746229428400000E-01   0.000000000000000E+00   0.000000000000000E+00   0.000000000000000E+00   0.000000000000000E+00
   4.672359458800000E-02   3.554273476000000E+00   3.225481525700000E-01   1.115378464400000E+00   5.226113198800000E-01   0.000000000000000E+00   0.000000000000000E+00   0.000000000000000E+00   0.000000000000000E+00
   6.425215471900000E-02   3.554571894100000E+00   3.225482229100000E-01   1.094612508000000E+00   5.746227630200000E-01   0.000000000000000E+00   0.000000000000000E+00   0.000000000000000E+00   0.000000000000000E+00
   8.178071485000001E-02   3.554420278000000E+00   3.225480853400000E-01   1.105309754300000E+00   5.478290739800000E-01   0.000000000000000E+00   0.000000000000000E+00   0.000000000000000E+00   0.000000000000000E+00
   9.930927498100001E-02   3.554570792300000E+00   3.225482756900000E-01   1.094612728800000E+00   5.746226452099999E-01   0.000000000000000E+00   0.000000000000000E+00   0.000000000000000E+00   0.000000000000000E+00
   1.168378351100000E-01   3.554280966000000E+00   3.225477937500000E-01   1.115377006600000E+00   5.226120110500000E-01   0.000000000000000E+00   0.000000000000000E+00   0.000000000000000E+00   0.000000000000000E+00
   1.348206116500000E-01   3.554570147600000E+00   3.225483065500000E-01   1.094612886000000E+00   5.746225062500000E-01   0.000000000000000E+00   0.000000000000000E+00   0.000000000000000E+00   0.000000000000000E+00
   1.528033881900000E-01   3.554422169000000E+00   3.225479948100000E-01   1.105309303600000E+00   5.478294562200000E-01   0.000000000000000E+00   0.000000000000000E+00   0.000000000000000E+00   0.000000000000000E+00
   1.707861647200000E-01   3.554569625000000E+00   3.225483315400000E-01   1.094613045600000E+00   5.746223124800000E-01   0.000000000000000E+00   0.000000000000000E+00   0.000000000000000E+00   0.000000000000000E+00
   1.887689412600000E-01   3.554284507100000E+00   3.225476243600000E-01   1.115375964900000E+00   5.226132230200000E-01   0.000000000000000E+00   0.000000000000000E+00   0.000000000000000E+00   0.000000000000000E+00
   2.049183774500000E-01   3.554569289200000E+00   3.225483475900000E-01   1.094613175600000E+00   5.746221193000000E-01   0.000000000000000E+00   0.000000000000000E+00   0.000000000000000E+00   0.000000000000000E+00
   2.210678136400000E-01   3.554423119900000E+00   3.225479493900000E-01   1.105308936400000E+00   5.478300012600000E-01   0.000000000000000E+00   0.000000000000000E+00   0.000000000000000E+00   0.000000000000000E+00
   2.372172498300000E-01   3.554569017400000E+00   3.225483605400000E-01   1.094613322100000E+00   5.746218591500000E-01   0.000000000000000E+00   0.000000000000000E+00   0.000000000000000E+00   0.000000000000000E+00
   2.533666860300000E-01   3.554286374400000E+00   3.225475353100000E-01   1.115375014300000E+00   5.226148697200000E-01   0.000000000000000E+00   0.000000000000000E+00   0.000000000000000E+00   0.000000000000000E+00
   2.700746380200000E-01   3.554568863500000E+00   3.225483678500000E-01   1.094613437200000E+00   5.746216312200000E-01   0.000000000000000E+00   0.000000000000000E+00   0.000000000000000E+00   0.000000000000000E+00
   2.867825900100000E-01   3.554423575000000E+00   3.225479277500000E-01   1.105308609400000E+00   5.478306418600000E-01   0.000000000000000E+00   0.000000000000000E+00   0.000000000000000E+00   0.000000000000000E+00
   3.034905420000000E-01   3.554568742200000E+00   3.225483736000000E-01   1.094613564500000E+00   5.746213595400000E-01   0.000000000000000E+00   0.000000000000000E+00   0.000000000000000E+00   0.000000000000000E+00
   3.201984940000000E-01   3.554287204000000E+00   3.225474960200000E-01   1.115374193900000E+00   5.226166009300000E-01   0.000000000000000E+00   0.000000000000000E+00   0.000000000000000E+00   0.000000000000000E+00
   3.345479315200000E-01   3.554568663400000E+00   3.225483773000000E-01   1.094613678400000E+00   5.746211049300000E-01   0.000000000000000E+00   0.000000000000000E+00   0.000000000000000E+00   0.000000000000000E+00
   3.488973690500000E-01   3.554423795800000E+00   3.225479173600000E-01   1.105308288200000E+00   5.478313610000000E-01   0.000000000000000E+00   0.000000000000000E+00   0.000000000000000E+00   0.000000000000000E+00
   3.632468065700000E-01   3.554568601900000E+00   3.225483801600000E-01   1.094613818600000E+00   5.746207771800000E-01   0.000000000000000E+00   0.000000000000000E+00   0.000000000000000E+00   0.000000000000000E+00
   3.775962441000000E-01   3.554287634300000E+00   3.225474759700000E-01   1.115373292700000E+00   5.226186932800000E-01   0.000000000000000E+00   0.000000000000000E+00   0.000000000000000E+00   0.000000000000000E+00
   3.928067178000000E-01   3.554568568700000E+00   3.225483816800000E-01   1.094613932600000E+00   5.746205039700000E-01   0.000000000000000E+00   0.000000000000000E+00   0.000000000000000E+00   0.000000000000000E+00
   4.080171915000000E-01   3.554423895500000E+00   3.225479128000000E-01   1.105307965600000E+00   5.478321315800000E-01   0.000000000000000E+00   0.000000000000000E+00   0.000000000000000E+00   0.000000000000000E+00
   4.232276652100000E-01   3.554568543200000E+00   3.225483828100000E-01   1.094614061600000E+00   5.746201901300000E-01   0.000000000000000E+00   0.000000000000000E+00   0.000000000000000E+00   0.000000000000000E+00
   4.384381389100000E-01   3.554287810300000E+00   3.225474681000000E-01   1.115372465800000E+00   5.226207000200001E-01   0.000000000000000E+00   0.000000000000000E+00   0.000000000000000E+00   0.000000000000000E+00
   4.517430900900000E-01   3.554568527000000E+00   3.225483835100000E-01   1.094614178400000E+00   5.746199032600000E-01   0.000000000000000E+00   0.000000000000000E+00   0.000000000000000E+00   0.000000000000000E+00
   4.650480412800000E-01   3.554423941400000E+00   3.225479108200000E-01   1.105307635800000E+00   5.478329415300000E-01   0.000000000000000E+00   0.000000000000000E+00   0.000000000000000E+00   0.000000000000000E+00
   4.783529924600000E-01   3.554568514200000E+00   3.225483840200000E-01   1.094614324300000E+00   5.746195421500000E-01   0.000000000000000E+00   0.000000000000000E+00   0.000000000000000E+00   0.000000000000000E+00
   4.916579436400000E-01   3.554287899700000E+00   3.225474644400000E-01   1.115371531700000E+00   5.226230100200000E-01   0.000000000000000E+00   0.000000000000000E+00   0.000000000000000E+00   0.000000000000000E+00
   5.034354359900000E-01   3.554568506200000E+00   3.225483843200000E-01   1.094614455900000E+00   5.746192148100000E-01   0.000000000000000E+00   0.000000000000000E+00   0.000000000000000E+00   0.000000000000000E+00
   5.152129283400000E-01   3.554423964300000E+00   3.225479099800000E-01   1.105307264100000E+00   5.478338657500000E-01   0.000000000000000E+00   0.000000000000000E+00   0.000000000000000E+00   0.000000000000000E+00
   5.269904206900000E-01   3.554568499700000E+00   3.225483845100000E-01   1.094614619800000E+00   5.746188057500000E-01   0.000000000000000E+00   0.000000000000000E+00   0.000000000000000E+00   0.000000000000000E+00
   5.387679130400000E-01   3.554287945300000E+00   3.225474629800000E-01   1.115370482200000E+00   5.226256274000000E-01   0.000000000000000E+00   0.000000000000000E+00   0.000000000000000E+00   0.000000000000000E+00
   5.475155888900000E-01   3.554568494800000E+00   3.225483846400000E-01   1.094614783100000E+00   5.746183976200000E-01   0.000000000000000E+00   0.000000000000000E+00   0.000000000000000E+00   0.000000000000000E+00
   5.562632647400000E-01   3.554423977700000E+00   3.225479096600000E-01   1.105306803000000E+00   5.478350181500000E-01   0.000000000000000E+00   0.000000000000000E+00   0.000000000000000E+00   0.000000000000000E+00
   5.650109405900000E-01   3.554568490400000E+00   3.225483847000000E-01   1.094615003400000E+00   5.746178463200000E-01   0.000000000000000E+00   0.000000000000000E+00   0.000000000000000E+00   0.000000000000000E+00
   5.737586164400000E-01   3.554287976600000E+00   3.225474624600000E-01   1.115369072200000E+00   5.226291553600000E-01   0.000000000000000E+00   0.000000000000000E+00   0.000000000000000E+00   0.000000000000000E+00
   5.829700725100000E-01   3.554568487300000E+00   3.225483847200000E-01   1.094615185800000E+00   5.746173894400000E-01   0.000000000000000E+00   0.000000000000000E+00   0.000000000000000E+00   0.000000000000000E+00
   5.921815285799999E-01   3.554423986700000E+00   3.225479095800000E-01   1.105306287900000E+00   5.478363081299999E-01   0.000000000000000E+00   0.000000000000000E+00   0.000000000000000E+00   0.000000000000000E+00
   6.013929846400000E-01   3.554568484100000E+00   3.225483847200000E-01   1.094615394900000E+00   5.746168657800000E-01   0.000000000000000E+00   0.000000000000000E+00   0.000000000000000E+00   0.000000000000000E+00
   6.106044407100000E-01   3.554287997400000E+00   3.225474623800000E-01   1.115367734300000E+00   5.226325066900001E-01   0.000000000000000E+00   0.000000000000000E+00   0.000000000000000E+00   0.000000000000000E+00
   6.198419365500000E-01   3.554568481600000E+00   3.225483847200000E-01   1.094615572300000E+00   5.746164213000000E-01   0.000000000000000E+00   0.000000000000000E+00   0.000000000000000E+00   0.000000000000000E+00
   6.290794323800000E-01   3.554423993900000E+00   3.225479095800000E-01   1.105305786900000E+00   5.478375631400000E-01   0.000000000000000E+00   0.000000000000000E+00   0.000000000000000E+00   0.000000000000000E+00
   6.383169282200000E-01   3.554568478700000E+00   3.225483847200000E-01   1.094615780700000E+00   5.746158991200000E-01   0.000000000000000E+00   0.000000000000000E+00   0.000000000000000E+00   0.000000000000000E+00
   6.475544240600000E-01   3.554288016100000E+00   3.225474624100000E-01   1.115366400500000E+00   5.226358485800000E-01   0.000000000000000E+00   0.000000000000000E+00   0.000000000000000E+00   0.000000000000000E+00
   6.544431762000000E-01   3.554568475800000E+00   3.225483847100000E-01   1.094615988000000E+00   5.746153796200000E-01   0.000000000000000E+00   0.000000000000000E+00   0.000000000000000E+00   0.000000000000000E+00
   6.613319283400000E-01   3.554424001900000E+00   3.225479096000000E-01   1.105305201500000E+00   5.478390299500000E-01   0.000000000000000E+00   0.000000000000000E+00   0.000000000000000E+00   0.000000000000000E+00
   6.682206804900001E-01   3.554568472000000E+00   3.225483847000000E-01   1.094616267500000E+00   5.746146794600000E-01   0.000000000000000E+00   0.000000000000000E+00   0.000000000000000E+00   0.000000000000000E+00
   6.751094326300000E-01   3.554288040400000E+00   3.225474624800000E-01   1.115364612100000E+00   5.226403295800000E-01   0.000000000000000E+00   0.000000000000000E+00   0.000000000000000E+00   0.000000000000000E+00
   6.829193335900000E-01   3.554568469000000E+00   3.225483846900000E-01   1.094616490900000E+00   5.746141194600000E-01   0.000000000000000E+00   0.000000000000000E+00   0.000000000000000E+00   0.000000000000000E+00
   6.907292345600000E-01   3.554424010500000E+00   3.225479096300000E-01   1.105304570500000E+00   5.478406111500000E-01   0.000000000000000E+00   0.000000000000000E+00   0.000000000000000E+00   0.000000000000000E+00
   6.985391355200000E-01   3.554568465700000E+00   3.225483846800000E-01   1.094616737400000E+00   5.746135019400000E-01   0.000000000000000E+00   0.000000000000000E+00   0.000000000000000E+00   0.000000000000000E+00
   7.063490364800000E-01   3.554288061700000E+00   3.225474625500000E-01   1.115363034900000E+00   5.226442816700000E-01   0.000000000000000E+00   0.000000000000000E+00   0.000000000000000E+00   0.000000000000000E+00
   7.124128037500000E-01   3.554568462500000E+00   3.225483846700000E-01   1.094616977000000E+00   5.746129015100000E-01   0.000000000000000E+00   0.000000000000000E+00   0.000000000000000E+00   0.000000000000000E+00
   7.184765710300000E-01   3.554424019600000E+00   3.225479096600000E-01   1.105303893900000E+00   5.478423064700000E-01   0.000000000000000E+00   0.000000000000000E+00   0.000000000000000E+00   0.000000000000000E+00
   7.245403383000000E-01   3.554568458200000E+00   3.225483846600000E-01   1.094617294400000E+00   5.746121062600000E-01   0.000000000000000E+00   0.000000000000000E+00   0.000000000000000E+00   0.000000000000000E+00
   7.306041055700000E-01   3.554288089100000E+00   3.225474626400000E-01   1.115361003700000E+00   5.226493712400000E-01   0.000000000000000E+00   0.000000000000000E+00   0.000000000000000E+00   0.000000000000000E+00
   7.346751078900000E-01   3.554568453700000E+00   3.225483846400000E-01   1.094617630200000E+00   5.746112649000000E-01   0.000000000000000E+00   0.000000000000000E+00   0.000000000000000E+00   0.000000000000000E+00
   7.387461102100000E-01   3.554424032400000E+00   3.225479097000000E-01   1.105302945800000E+00   5.478446820200000E-01   0.000000000000000E+00   0.000000000000000E+00   0.000000000000000E+00   0.000000000000000E+00
   7.428171125300000E-01   3.554568447300000E+00   3.225483846200000E-01   1.094618102800000E+00   5.746100805700000E-01   0.000000000000000E+00   0.000000000000000E+00   0.000000000000000E+00   0.000000000000000E+00
   7.468881148500000E-01   3.554288129900000E+00   3.225474627700000E-01   1.115357978700000E+00   5.226569509900000E-01   0.000000000000000E+00   0.000000000000000E+00   0.000000000000000E+00   0.000000000000000E+00
   7.505395737800000E-01   3.554568441500000E+00   3.225483846000000E-01   1.094618527600000E+00   5.746090161500000E-01   0.000000000000000E+00   0.000000000000000E+00   0.000000000000000E+00   0.000000000000000E+00
   7.541910327100000E-01   3.554424048600000E+00   3.225479097500000E-01   1.105301746400000E+00   5.478476874200000E-01   0.000000000000000E+00   0.000000000000000E+00   0.000000000000000E+00   0.000000000000000E+00
   7.578424916399999E-01   3.554568434400000E+00   3.225483845800000E-01   1.094619054500000E+00   5.746076959999999E-01   0.000000000000000E+00   0.000000000000000E+00   0.000000000000000E+00   0.000000000000000E+00
   7.614939505700000E-01   3.554288175400000E+00   3.225474629200000E-01   1.115354606800000E+00   5.226653999500001E-01   0.000000000000000E+00   0.000000000000000E+00   0.000000000000000E+00   0.000000000000000E+00
   7.647853338200000E-01   3.554568428100000E+00   3.225483845600000E-01   1.094619526800000E+00   5.746065126100000E-01   0.000000000000000E+00   0.000000000000000E+00   0.000000000000000E+00   0.000000000000000E+00
   7.680767170700000E-01   3.554424066600000E+00   3.225479098100000E-01   1.105300412900000E+00   5.478510287300000E-01   0.000000000000000E+00   0.000000000000000E+00   0.000000000000000E+00   0.000000000000000E+00
   7.713681003200000E-01   3.554568420200000E+00   3.225483845300000E-01   1.094620111100000E+00   5.746050483600000E-01   0.000000000000000E+00   0.000000000000000E+00   0.000000000000000E+00   0.000000000000000E+00
   7.746594835700000E-01   3.554288225900000E+00   3.225474630900000E-01   1.115350866800000E+00   5.226747711600001E-01   0.000000000000000E+00   0.000000000000000E+00   0.000000000000000E+00   0.000000000000000E+00
   7.793960441400000E-01   3.554568414500000E+00   3.225483845100000E-01   1.094620532000000E+00   5.746039937500000E-01   0.000000000000000E+00   0.000000000000000E+00   0.000000000000000E+00   0.000000000000000E+00
   7.841326047100000E-01   3.554424082600000E+00   3.225479098600000E-01   1.105299224500000E+00   5.478540065100000E-01   0.000000000000000E+00   0.000000000000000E+00   0.000000000000000E+00   0.000000000000000E+00
   7.888691652900000E-01   3.554568409000000E+00   3.225483844900000E-01   1.094620938000000E+00   5.746029764600000E-01   0.000000000000000E+00   0.000000000000000E+00   0.000000000000000E+00   0.000000000000000E+00
   7.936057258600000E-01   3.554288260900000E+00   3.225474632000000E-01   1.115348268500000E+00   5.226812818200000E-01   0.000000000000000E+00   0.000000000000000E+00   0.000000000000000E+00   0.000000000000000E+00
   7.972154439500000E-01   3.554568403600000E+00   3.225483844800000E-01   1.094621336900000E+00   5.746019768700000E-01   0.000000000000000E+00   0.000000000000000E+00   0.000000000000000E+00   0.000000000000000E+00
   8.008251620500000E-01   3.554424097800000E+00   3.225479099100000E-01   1.105298098200000E+00   5.478568288400000E-01   0.000000000000000E+00   0.000000000000000E+00   0.000000000000000E+00   0.000000000000000E+00
   8.044348801400000E-01   3.554568396500000E+00   3.225483844500000E-01   1.094621869600000E+00   5.746006422600000E-01   0.000000000000000E+00   0.000000000000000E+00   0.000000000000000E+00   0.000000000000000E+00
   8.080445982400000E-01   3.554288306900000E+00   3.225474633500000E-01   1.115344859700000E+00   5.226898233300000E-01   0.000000000000000E+00   0.000000000000000E+00   0.000000000000000E+00   0.000000000000000E+00
   8.119454612100000E-01   3.554568390600000E+00   3.225483844300000E-01   1.094622305400000E+00   5.745995502900000E-01   0.000000000000000E+00   0.000000000000000E+00   0.000000000000000E+00   0.000000000000000E+00
   8.158463241900000E-01   3.554424114400000E+00   3.225479099700000E-01   1.105296867700000E+00   5.478599120500000E-01   0.000000000000000E+00   0.000000000000000E+00   0.000000000000000E+00   0.000000000000000E+00
   8.197471871599999E-01   3.554568383900000E+00   3.225483844100000E-01   1.094622798100000E+00   5.745983155400000E-01   0.000000000000000E+00   0.000000000000000E+00   0.000000000000000E+00   0.000000000000000E+00
   8.236480501400000E-01   3.554288349500000E+00   3.225474634900000E-01   1.115341705900000E+00   5.226977257200000E-01   0.000000000000000E+00   0.000000000000000E+00   0.000000000000000E+00   0.000000000000000E+00
   8.270250790900000E-01   3.554568377800000E+00   3.225483843900000E-01   1.094623249400000E+00   5.745971847100000E-01   0.000000000000000E+00   0.000000000000000E+00   0.000000000000000E+00   0.000000000000000E+00
   8.304021080400000E-01   3.554424131600000E+00   3.225479100200000E-01   1.105295593400000E+00   5.478631049600000E-01   0.000000000000000E+00   0.000000000000000E+00   0.000000000000000E+00   0.000000000000000E+00
   8.337791369899999E-01   3.554568370200000E+00   3.225483843700000E-01   1.094623818500000E+00   5.745957587300000E-01   0.000000000000000E+00   0.000000000000000E+00   0.000000000000000E+00   0.000000000000000E+00
   8.371561659400000E-01   3.554288398600000E+00   3.225474636500000E-01   1.115338063800000E+00   5.227068519700000E-01   0.000000000000000E+00   0.000000000000000E+00   0.000000000000000E+00   0.000000000000000E+00
   8.401692285900000E-01   3.554568363200000E+00   3.225483843400000E-01   1.094624331400000E+00   5.745944735800000E-01   0.000000000000000E+00   0.000000000000000E+00   0.000000000000000E+00   0.000000000000000E+00
   8.431822912400000E-01   3.554424151100000E+00   3.225479100900000E-01   1.105294145300000E+00   5.478667335800000E-01   0.000000000000000E+00   0.000000000000000E+00   0.000000000000000E+00   0.000000000000000E+00
   8.461953539000000E-01   3.554568354600000E+00   3.225483843200000E-01   1.094624969100000E+00   5.745928757400000E-01   0.000000000000000E+00   0.000000000000000E+00   0.000000000000000E+00   0.000000000000000E+00
   8.492084165500000E-01   3.554288453700000E+00   3.225474638300000E-01   1.115333982600000E+00   5.227170781900000E-01   0.000000000000000E+00   0.000000000000000E+00   0.000000000000000E+00   0.000000000000000E+00
   8.518667456800000E-01   3.554568346800000E+00   3.225483842900000E-01   1.094625547200000E+00   5.745914271200000E-01   0.000000000000000E+00   0.000000000000000E+00   0.000000000000000E+00   0.000000000000000E+00
   8.545250748000000E-01   3.554424173200000E+00   3.225479101600000E-01   1.105292513000000E+00   5.478708237300000E-01   0.000000000000000E+00   0.000000000000000E+00   0.000000000000000E+00   0.000000000000000E+00
   8.571834039300000E-01   3.554568337100000E+00   3.225483842600000E-01   1.094626269800000E+00   5.745896165500000E-01   0.000000000000000E+00   0.000000000000000E+00   0.000000000000000E+00   0.000000000000000E+00
   8.598417330500000E-01   3.554288516100000E+00   3.225474640400000E-01   1.115329358100000E+00   5.227286658900000E-01   0.000000000000000E+00   0.000000000000000E+00   0.000000000000000E+00   0.000000000000000E+00
   8.628705469800000E-01   3.554568329300000E+00   3.225483842300000E-01   1.094626846300000E+00   5.745881719000000E-01   0.000000000000000E+00   0.000000000000000E+00   0.000000000000000E+00   0.000000000000000E+00
   8.658993609000000E-01   3.554424195100000E+00   3.225479102300000E-01   1.105290885100000E+00   5.478749027900000E-01   0.000000000000000E+00   0.000000000000000E+00   0.000000000000000E+00   0.000000000000000E+00
   8.689281748200000E-01   3.554568320800000E+00   3.225483842000000E-01   1.094627480300000E+00   5.745865832200000E-01   0.000000000000000E+00   0.000000000000000E+00   0.000000000000000E+00   0.000000000000000E+00
   8.719569887400000E-01   3.554288570800000E+00   3.225474642200000E-01   1.115325300400000E+00   5.227388334300000E-01   0.000000000000000E+00   0.000000000000000E+00   0.000000000000000E+00   0.000000000000000E+00
   8.753371241800000E-01   3.554568313900000E+00   3.225483841800000E-01   1.094627991200000E+00   5.745853031900000E-01   0.000000000000000E+00   0.000000000000000E+00   0.000000000000000E+00   0.000000000000000E+00
   8.787172596200000E-01   3.554424214600000E+00   3.225479103000000E-01   1.105289442700000E+00   5.478785170400000E-01   0.000000000000000E+00   0.000000000000000E+00   0.000000000000000E+00   0.000000000000000E+00
   8.820973950700000E-01   3.554568306200000E+00   3.225483841600000E-01   1.094628559200000E+00   5.745838799700000E-01   0.000000000000000E+00   0.000000000000000E+00   0.000000000000000E+00   0.000000000000000E+00
   8.854775305100000E-01   3.554288619800000E+00   3.225474643800000E-01   1.115321665300000E+00   5.227479420200000E-01   0.000000000000000E+00   0.000000000000000E+00   0.000000000000000E+00   0.000000000000000E+00
   8.878908747499999E-01   3.554568298400000E+00   3.225483841300000E-01   1.094629138600000E+00   5.745824280600000E-01   0.000000000000000E+00   0.000000000000000E+00   0.000000000000000E+00   0.000000000000000E+00
   8.903042190000000E-01   3.554424236600000E+00   3.225479103700000E-01   1.105287806700000E+00   5.478826164000000E-01   0.000000000000000E+00   0.000000000000000E+00   0.000000000000000E+00   0.000000000000000E+00
   8.927175632500000E-01   3.554568287700000E+00   3.225483841000000E-01   1.094629933900000E+00   5.745804352400000E-01   0.000000000000000E+00   0.000000000000000E+00   0.000000000000000E+00   0.000000000000000E+00
   8.951309074900000E-01   3.554288688500000E+00   3.225474646100000E-01   1.115316575400000E+00   5.227606960600000E-01   0.000000000000000E+00   0.000000000000000E+00   0.000000000000000E+00   0.000000000000000E+00
   8.970084003200000E-01   3.554568277200000E+00   3.225483840600000E-01   1.094630706300000E+00   5.745784998900000E-01   0.000000000000000E+00   0.000000000000000E+00   0.000000000000000E+00   0.000000000000000E+00
   8.988858931500000E-01   3.554424266100000E+00   3.225479104700000E-01   1.105285626000000E+00   5.478880807299999E-01   0.000000000000000E+00   0.000000000000000E+00   0.000000000000000E+00   0.000000000000000E+00
   9.007633859700001E-01   3.554568263500000E+00   3.225483840200000E-01   1.094631728200000E+00   5.745759392400001E-01   0.000000000000000E+00   0.000000000000000E+00   0.000000000000000E+00   0.000000000000000E+00
   9.026408788000000E-01   3.554288776700000E+00   3.225474649000000E-01   1.115310035200000E+00   5.227770842700000E-01   0.000000000000000E+00   0.000000000000000E+00   0.000000000000000E+00   0.000000000000000E+00
   9.043380707799999E-01   3.554568251100000E+00   3.225483839800000E-01   1.094632642700000E+00   5.745736475100000E-01   0.000000000000000E+00   0.000000000000000E+00   0.000000000000000E+00   0.000000000000000E+00
   9.060352627700000E-01   3.554424300900000E+00   3.225479105800000E-01   1.105283043700000E+00   5.478945513900000E-01   0.000000000000000E+00   0.000000000000000E+00   0.000000000000000E+00   0.000000000000000E+00
   9.077324547500000E-01   3.554568235900000E+00   3.225483839300000E-01   1.094633772700000E+00   5.745708160300000E-01   0.000000000000000E+00   0.000000000000000E+00   0.000000000000000E+00   0.000000000000000E+00
   9.094296467300000E-01   3.554288874300000E+00   3.225474652200000E-01   1.115302803300000E+00   5.227952057200000E-01   0.000000000000000E+00   0.000000000000000E+00   0.000000000000000E+00   0.000000000000000E+00
   9.111790333599999E-01   3.554568223100000E+00   3.225483838800000E-01   1.094634718700000E+00   5.745684457200000E-01   0.000000000000000E+00   0.000000000000000E+00   0.000000000000000E+00   0.000000000000000E+00
   9.129284199900000E-01   3.554424336900000E+00   3.225479107000000E-01   1.105280372800000E+00   5.479012440600000E-01   0.000000000000000E+00   0.000000000000000E+00   0.000000000000000E+00   0.000000000000000E+00
   9.146778066200000E-01   3.554568208300000E+00   3.225483838400000E-01   1.094635814500000E+00   5.745656999400000E-01   0.000000000000000E+00   0.000000000000000E+00   0.000000000000000E+00   0.000000000000000E+00
   9.164271932400000E-01   3.554288968900000E+00   3.225474655300000E-01   1.115295790200000E+00   5.228127787100000E-01   0.000000000000000E+00   0.000000000000000E+00   0.000000000000000E+00   0.000000000000000E+00
   9.182359769300000E-01   3.554568196000000E+00   3.225483837900000E-01   1.094636730400000E+00   5.745634048600000E-01   0.000000000000000E+00   0.000000000000000E+00   0.000000000000000E+00   0.000000000000000E+00
   9.200447606200000E-01   3.554424371800000E+00   3.225479108100000E-01   1.105277786600000E+00   5.479077243400000E-01   0.000000000000000E+00   0.000000000000000E+00   0.000000000000000E+00   0.000000000000000E+00
   9.218535443200000E-01   3.554568181700000E+00   3.225483837500000E-01   1.094637789700000E+00   5.745607503800000E-01   0.000000000000000E+00   0.000000000000000E+00   0.000000000000000E+00   0.000000000000000E+00
   9.236623280100000E-01   3.554289060300000E+00   3.225474658300000E-01   1.115289010500000E+00   5.228297673400000E-01   0.000000000000000E+00   0.000000000000000E+00   0.000000000000000E+00   0.000000000000000E+00
   9.260102247100001E-01   3.554568170900000E+00   3.225483837100000E-01   1.094638586600000E+00   5.745587535800000E-01   0.000000000000000E+00   0.000000000000000E+00   0.000000000000000E+00   0.000000000000000E+00
   9.283581214200000E-01   3.554424402200000E+00   3.225479109100000E-01   1.105275536500000E+00   5.479133625700000E-01   0.000000000000000E+00   0.000000000000000E+00   0.000000000000000E+00   0.000000000000000E+00
   9.307060181300000E-01   3.554568159900000E+00   3.225483836800000E-01   1.094639402400000E+00   5.745567093800000E-01   0.000000000000000E+00   0.000000000000000E+00   0.000000000000000E+00   0.000000000000000E+00
   9.330539148300000E-01   3.554289130700000E+00   3.225474660600000E-01   1.115283789400000E+00   5.228428502300000E-01   0.000000000000000E+00   0.000000000000000E+00   0.000000000000000E+00   0.000000000000000E+00
   9.349432228100000E-01   3.554568149500000E+00   3.225483836400000E-01   1.094640179900000E+00   5.745547612200000E-01   0.000000000000000E+00   0.000000000000000E+00   0.000000000000000E+00   0.000000000000000E+00
   9.368325307900000E-01   3.554424431800000E+00   3.225479110100000E-01   1.105273341400000E+00   5.479188631000000E-01   0.000000000000000E+00   0.000000000000000E+00   0.000000000000000E+00   0.000000000000000E+00
   9.387218387800000E-01   3.554568135800000E+00   3.225483836000000E-01   1.094641193300000E+00   5.745522217600000E-01   0.000000000000000E+00   0.000000000000000E+00   0.000000000000000E+00   0.000000000000000E+00
   9.406111467600000E-01   3.554289218200000E+00   3.225474663500000E-01   1.115277303400000E+00   5.228591027800000E-01   0.000000000000000E+00   0.000000000000000E+00   0.000000000000000E+00   0.000000000000000E+00
   9.419275660899999E-01   3.554568121600000E+00   3.225483835500000E-01   1.094642242000000E+00   5.745495939700000E-01   0.000000000000000E+00   0.000000000000000E+00   0.000000000000000E+00   0.000000000000000E+00
   9.432439854200000E-01   3.554424471700000E+00   3.225479111400000E-01   1.105270380600000E+00   5.479262822500000E-01   0.000000000000000E+00   0.000000000000000E+00   0.000000000000000E+00   0.000000000000000E+00
   9.445604047500000E-01   3.554568102000000E+00   3.225483834900000E-01   1.094643695700000E+00   5.745459511600000E-01   0.000000000000000E+00   0.000000000000000E+00   0.000000000000000E+00   0.000000000000000E+00
   9.458768240900000E-01   3.554289343700000E+00   3.225474667600000E-01   1.115267999400000E+00   5.228824167500000E-01   0.000000000000000E+00   0.000000000000000E+00   0.000000000000000E+00   0.000000000000000E+00
   9.470114269800000E-01   3.554568084000000E+00   3.225483834300000E-01   1.094645030100000E+00   5.745426075900000E-01   0.000000000000000E+00   0.000000000000000E+00   0.000000000000000E+00   0.000000000000000E+00
   9.481460298800000E-01   3.554424522500000E+00   3.225479113100000E-01   1.105266613200000E+00   5.479357225900000E-01   0.000000000000000E+00   0.000000000000000E+00   0.000000000000000E+00   0.000000000000000E+00
   9.492806327700000E-01   3.554568061300000E+00   3.225483833500000E-01   1.094646715700000E+00   5.745383836800000E-01   0.000000000000000E+00   0.000000000000000E+00   0.000000000000000E+00   0.000000000000000E+00
   9.504152356700000E-01   3.554289489200000E+00   3.225474672400000E-01   1.115257211300000E+00   5.229094497600000E-01   0.000000000000000E+00   0.000000000000000E+00   0.000000000000000E+00   0.000000000000000E+00
   9.514698309600000E-01   3.554568041200000E+00   3.225483832900000E-01   1.094648202300000E+00   5.745346583800000E-01   0.000000000000000E+00   0.000000000000000E+00   0.000000000000000E+00   0.000000000000000E+00
   9.525244262600000E-01   3.554424579100000E+00   3.225479114900000E-01   1.105262415700000E+00   5.479462408800000E-01   0.000000000000000E+00   0.000000000000000E+00   0.000000000000000E+00   0.000000000000000E+00
   9.535790215500000E-01   3.554568016800000E+00   3.225483832100000E-01   1.094650014600000E+00   5.745301172000000E-01   0.000000000000000E+00   0.000000000000000E+00   0.000000000000000E+00   0.000000000000000E+00
   9.546336168400000E-01   3.554289645600000E+00   3.225474677500000E-01   1.115245612900000E+00   5.229385133400000E-01   0.000000000000000E+00   0.000000000000000E+00   0.000000000000000E+00   0.000000000000000E+00
   9.557655657200000E-01   3.554567996800000E+00   3.225483831400000E-01   1.094651501800000E+00   5.745263904700000E-01   0.000000000000000E+00   0.000000000000000E+00   0.000000000000000E+00   0.000000000000000E+00
   9.568975145900001E-01   3.554424635800000E+00   3.225479116800000E-01   1.105258216400000E+00   5.479567636100000E-01   0.000000000000000E+00   0.000000000000000E+00   0.000000000000000E+00   0.000000000000000E+00
   9.580294634700000E-01   3.554567974000000E+00   3.225483830700000E-01   1.094653189000000E+00   5.745221625700000E-01   0.000000000000000E+00   0.000000000000000E+00   0.000000000000000E+00   0.000000000000000E+00
   9.591614123400000E-01   3.554289791300000E+00   3.225474682300000E-01   1.115234814800000E+00   5.229655718900000E-01   0.000000000000000E+00   0.000000000000000E+00   0.000000000000000E+00   0.000000000000000E+00
   9.602550733700000E-01   3.554567954300000E+00   3.225483830000000E-01   1.094654647800000E+00   5.745185071700000E-01   0.000000000000000E+00   0.000000000000000E+00   0.000000000000000E+00   0.000000000000000E+00
   9.613487344100000E-01   3.554424691300000E+00   3.225479118600000E-01   1.105254097700000E+00   5.479670846600000E-01   0.000000000000000E+00   0.000000000000000E+00   0.000000000000000E+00   0.000000000000000E+00
   9.624423954400000E-01   3.554567930800000E+00   3.225483829200000E-01   1.094656392800000E+00   5.745141342600000E-01   0.000000000000000E+00   0.000000000000000E+00   0.000000000000000E+00   0.000000000000000E+00
   9.635360564800000E-01   3.554289941900000E+00   3.225474687200000E-01   1.115223646300000E+00   5.229935585100000E-01   0.000000000000000E+00   0.000000000000000E+00   0.000000000000000E+00   0.000000000000000E+00
   9.644629780000000E-01   3.554567909000000E+00   3.225483828500000E-01   1.094658009000000E+00   5.745100842800001E-01   0.000000000000000E+00   0.000000000000000E+00   0.000000000000000E+00   0.000000000000000E+00
   9.653898995300000E-01   3.554424752900000E+00   3.225479120700000E-01   1.105249534500000E+00   5.479785193400000E-01   0.000000000000000E+00   0.000000000000000E+00   0.000000000000000E+00   0.000000000000000E+00
   9.663168210600001E-01   3.554567881200000E+00   3.225483827600000E-01   1.094660066400000E+00   5.745049286800000E-01   0.000000000000000E+00   0.000000000000000E+00   0.000000000000000E+00   0.000000000000000E+00
   9.672437425900000E-01   3.554290119400000E+00   3.225474693100000E-01   1.115210479000000E+00   5.230265544000000E-01   0.000000000000000E+00   0.000000000000000E+00   0.000000000000000E+00   0.000000000000000E+00
   9.681046145900000E-01   3.554567856800000E+00   3.225483826800000E-01   1.094661881600000E+00   5.745003801100000E-01   0.000000000000000E+00   0.000000000000000E+00   0.000000000000000E+00   0.000000000000000E+00
   9.689654865900000E-01   3.554424822000000E+00   3.225479122900000E-01   1.105244409500000E+00   5.479913620400000E-01   0.000000000000000E+00   0.000000000000000E+00   0.000000000000000E+00   0.000000000000000E+00
   9.698263585800000E-01   3.554567826900000E+00   3.225483825800000E-01   1.094664094900000E+00   5.744948337000000E-01   0.000000000000000E+00   0.000000000000000E+00   0.000000000000000E+00   0.000000000000000E+00
   9.706872305799999E-01   3.554290310500000E+00   3.225474699300000E-01   1.115196313600000E+00   5.230620514900000E-01   0.000000000000000E+00   0.000000000000000E+00   0.000000000000000E+00   0.000000000000000E+00
   9.714992587700000E-01   3.554567800800000E+00   3.225483825000000E-01   1.094666032000000E+00   5.744899795500000E-01   0.000000000000000E+00   0.000000000000000E+00   0.000000000000000E+00   0.000000000000000E+00
   9.723112869500000E-01   3.554424895700000E+00   3.225479125300000E-01   1.105238940200000E+00   5.480050675800000E-01   0.000000000000000E+00   0.000000000000000E+00   0.000000000000000E+00   0.000000000000000E+00
   9.731233151399999E-01   3.554567769200000E+00   3.225483823900000E-01   1.094668376300000E+00   5.744841048800000E-01   0.000000000000000E+00   0.000000000000000E+00   0.000000000000000E+00   0.000000000000000E+00
   9.739353433200000E-01   3.554290512700000E+00   3.225474706000000E-01   1.115181310000000E+00   5.230996493900000E-01   0.000000000000000E+00   0.000000000000000E+00   0.000000000000000E+00   0.000000000000000E+00
   9.747164518900000E-01   3.554567741800000E+00   3.225483823000000E-01   1.094670407500000E+00   5.744790149300000E-01   0.000000000000000E+00   0.000000000000000E+00   0.000000000000000E+00   0.000000000000000E+00
   9.754975604500000E-01   3.554424973000000E+00   3.225479127900000E-01   1.105233205300000E+00   5.480194390000001E-01   0.000000000000000E+00   0.000000000000000E+00   0.000000000000000E+00   0.000000000000000E+00
   9.762786690200000E-01   3.554567709000000E+00   3.225483821900000E-01   1.094672842200000E+00   5.744729135700000E-01   0.000000000000000E+00   0.000000000000000E+00   0.000000000000000E+00   0.000000000000000E+00
   9.770597775900000E-01   3.554290722800000E+00   3.225474712900000E-01   1.115165727600000E+00   5.231386981200000E-01   0.000000000000000E+00   0.000000000000000E+00   0.000000000000000E+00   0.000000000000000E+00
   9.776936158700000E-01   3.554567677900000E+00   3.225483820900000E-01   1.094675151100000E+00   5.744671274800000E-01   0.000000000000000E+00   0.000000000000000E+00   0.000000000000000E+00   0.000000000000000E+00
   9.783274541600000E-01   3.554425060900000E+00   3.225479130800000E-01   1.105226686500000E+00   5.480357748000000E-01   0.000000000000000E+00   0.000000000000000E+00   0.000000000000000E+00   0.000000000000000E+00
   9.789612924400000E-01   3.554567637400000E+00   3.225483819600000E-01   1.094678148300000E+00   5.744596166800000E-01   0.000000000000000E+00   0.000000000000000E+00   0.000000000000000E+00   0.000000000000000E+00
   9.795951307300000E-01   3.554290981400000E+00   3.225474721400000E-01   1.115146545800000E+00   5.231867672600000E-01   0.000000000000000E+00   0.000000000000000E+00   0.000000000000000E+00   0.000000000000000E+00
   9.799544193400000E-01   3.554567590000000E+00   3.225483818000000E-01   1.094681667700000E+00   5.744507969500000E-01   0.000000000000000E+00   0.000000000000000E+00   0.000000000000000E+00   0.000000000000000E+00
   9.803137079599999E-01   3.554425194900000E+00   3.225479135200000E-01   1.105216752700000E+00   5.480606689400001E-01   0.000000000000000E+00   0.000000000000000E+00   0.000000000000000E+00   0.000000000000000E+00
   9.806729965700000E-01   3.554567518800000E+00   3.225483815700000E-01   1.094686946300000E+00   5.744375688400000E-01   0.000000000000000E+00   0.000000000000000E+00   0.000000000000000E+00   0.000000000000000E+00
   9.810322851900000E-01   3.554291436800000E+00   3.225474736300000E-01   1.115112763100000E+00   5.232714272900000E-01   0.000000000000000E+00   0.000000000000000E+00   0.000000000000000E+00   0.000000000000000E+00
   9.813621413700000E-01   3.554567455700000E+00   3.225483813600000E-01   1.094691628400000E+00   5.744258353100000E-01   0.000000000000000E+00   0.000000000000000E+00   0.000000000000000E+00   0.000000000000000E+00
   9.816919975500000E-01   3.554425373100000E+00   3.225479141000000E-01   1.105203533600000E+00   5.480937965300000E-01   0.000000000000000E+00   0.000000000000000E+00   0.000000000000000E+00   0.000000000000000E+00
   9.820218537299999E-01   3.554567378300000E+00   3.225483811100000E-01   1.094697365000000E+00   5.744114588200000E-01   0.000000000000000E+00   0.000000000000000E+00   0.000000000000000E+00   0.000000000000000E+00
   9.823517099100000E-01   3.554291931700000E+00   3.225474752600000E-01   1.115076048600000E+00   5.233634369900000E-01   0.000000000000000E+00   0.000000000000000E+00   0.000000000000000E+00   0.000000000000000E+00
   9.827525028500000E-01   3.554567318600000E+00   3.225483809100000E-01   1.094701804100000E+00   5.744003339800000E-01   0.000000000000000E+00   0.000000000000000E+00   0.000000000000000E+00   0.000000000000000E+00
   9.831532958000000E-01   3.554425542000000E+00   3.225479146600000E-01   1.105190997900000E+00   5.481252126400000E-01   0.000000000000000E+00   0.000000000000000E+00   0.000000000000000E+00   0.000000000000000E+00
   9.835540887500001E-01   3.554567255100000E+00   3.225483807000000E-01   1.094706515300000E+00   5.743885269100000E-01   0.000000000000000E+00   0.000000000000000E+00   0.000000000000000E+00   0.000000000000000E+00
   9.839548817000000E-01   3.554292338000000E+00   3.225474765900000E-01   1.115045896600000E+00   5.234390023300000E-01   0.000000000000000E+00   0.000000000000000E+00   0.000000000000000E+00   0.000000000000000E+00
   9.844021686200000E-01   3.554567204000000E+00   3.225483805400000E-01   1.094710308000000E+00   5.743790219100000E-01   0.000000000000000E+00   0.000000000000000E+00   0.000000000000000E+00   0.000000000000000E+00
   9.848494555400000E-01   3.554425686300000E+00   3.225479151300000E-01   1.105180288500000E+00   5.481520522600000E-01   0.000000000000000E+00   0.000000000000000E+00   0.000000000000000E+00   0.000000000000000E+00
   9.852967424600000E-01   3.554567147200000E+00   3.225483803500000E-01   1.094714521800000E+00   5.743684612100000E-01   0.000000000000000E+00   0.000000000000000E+00   0.000000000000000E+00   0.000000000000000E+00
   9.857440293800001E-01   3.554292701300000E+00   3.225474777800000E-01   1.115018928100000E+00   5.235065908900000E-01   0.000000000000000E+00   0.000000000000000E+00   0.000000000000000E+00   0.000000000000000E+00
   9.860180036900000E-01   3.554567083700000E+00   3.225483801400000E-01   1.094719233400000E+00   5.743566528800000E-01   0.000000000000000E+00   0.000000000000000E+00   0.000000000000000E+00   0.000000000000000E+00
   9.862919780000000E-01   3.554425865500000E+00   3.225479157200000E-01   1.105166990600000E+00   5.481853799000000E-01   0.000000000000000E+00   0.000000000000000E+00   0.000000000000000E+00   0.000000000000000E+00
   9.865659523100000E-01   3.554566991200000E+00   3.225483798400000E-01   1.094726097200000E+00   5.743394503000000E-01   0.000000000000000E+00   0.000000000000000E+00   0.000000000000000E+00   0.000000000000000E+00
   9.868399266200000E-01   3.554293293000000E+00   3.225474797300000E-01   1.114974999700000E+00   5.236166877000000E-01   0.000000000000000E+00   0.000000000000000E+00   0.000000000000000E+00   0.000000000000000E+00
   9.870688416000000E-01   3.554566905000000E+00   3.225483795500000E-01   1.094732497300000E+00   5.743234095100000E-01   0.000000000000000E+00   0.000000000000000E+00   0.000000000000000E+00   0.000000000000000E+00
   9.872977565700000E-01   3.554426108900000E+00   3.225479165200000E-01   1.105148923500000E+00   5.482306621500000E-01   0.000000000000000E+00   0.000000000000000E+00   0.000000000000000E+00   0.000000000000000E+00
   9.875266715500000E-01   3.554566794600000E+00   3.225483791900000E-01   1.094740686700000E+00   5.743028836600000E-01   0.000000000000000E+00   0.000000000000000E+00   0.000000000000000E+00   0.000000000000000E+00
   9.877555865200000E-01   3.554293998900000E+00   3.225474820400000E-01   1.114922587200000E+00   5.237480536100000E-01   0.000000000000000E+00   0.000000000000000E+00   0.000000000000000E+00   0.000000000000000E+00
   9.879872899900000E-01   3.554566701700000E+00   3.225483788900000E-01   1.094747594100000E+00   5.742855705700000E-01   0.000000000000000E+00   0.000000000000000E+00   0.000000000000000E+00   0.000000000000000E+00
   9.882189934600000E-01   3.554426371500000E+00   3.225479173800000E-01   1.105129419900000E+00   5.482795468000000E-01   0.000000000000000E+00   0.000000000000000E+00   0.000000000000000E+00   0.000000000000000E+00
   9.884506969300000E-01   3.554566593000000E+00   3.225483785300000E-01   1.094755657900000E+00   5.742653587400000E-01   0.000000000000000E+00   0.000000000000000E+00   0.000000000000000E+00   0.000000000000000E+00
   9.886824003900000E-01   3.554294693800000E+00   3.225474843200000E-01   1.114870979200000E+00   5.238774097500000E-01   0.000000000000000E+00   0.000000000000000E+00   0.000000000000000E+00   0.000000000000000E+00
   9.889447743799999E-01   3.554566506400000E+00   3.225483782400000E-01   1.094762100100000E+00   5.742492105700000E-01   0.000000000000000E+00   0.000000000000000E+00   0.000000000000000E+00   0.000000000000000E+00
   9.892071483600000E-01   3.554426616400000E+00   3.225479181800000E-01   1.105111227200000E+00   5.483251481300000E-01   0.000000000000000E+00   0.000000000000000E+00   0.000000000000000E+00   0.000000000000000E+00
   9.894695223500000E-01   3.554566410800000E+00   3.225483779300000E-01   1.094769198900000E+00   5.742314166000000E-01   0.000000000000000E+00   0.000000000000000E+00   0.000000000000000E+00   0.000000000000000E+00
   9.897318963300000E-01   3.554295305300000E+00   3.225474863300000E-01   1.114825547300000E+00   5.239912915300000E-01   0.000000000000000E+00   0.000000000000000E+00   0.000000000000000E+00   0.000000000000000E+00
   9.899891502200000E-01   3.554566329000000E+00   3.225483776600000E-01   1.094775283900000E+00   5.742161631100000E-01   0.000000000000000E+00   0.000000000000000E+00   0.000000000000000E+00   0.000000000000000E+00
   9.902464041100000E-01   3.554426847600000E+00   3.225479189400000E-01   1.105094046300000E+00   5.483682157799999E-01   0.000000000000000E+00   0.000000000000000E+00   0.000000000000000E+00   0.000000000000000E+00
   9.905036580000000E-01   3.554566231800000E+00   3.225483773400000E-01   1.094782502400000E+00   5.741980681100000E-01   0.000000000000000E+00   0.000000000000000E+00   0.000000000000000E+00   0.000000000000000E+00
   9.907609118900000E-01   3.554295926900000E+00   3.225474883700000E-01   1.114779349200000E+00   5.241070998900000E-01   0.000000000000000E+00   0.000000000000000E+00   0.000000000000000E+00   0.000000000000000E+00
   9.910905352500000E-01   3.554566158500000E+00   3.225483771000000E-01   1.094787955500000E+00   5.741843977700000E-01   0.000000000000000E+00   0.000000000000000E+00   0.000000000000000E+00   0.000000000000000E+00
   9.914201586100000E-01   3.554427054700000E+00   3.225479196200000E-01   1.105078645300000E+00   5.484068237600001E-01   0.000000000000000E+00   0.000000000000000E+00   0.000000000000000E+00   0.000000000000000E+00
   9.917497819700000E-01   3.554566082900000E+00   3.225483768600000E-01   1.094793574100000E+00   5.741703126900000E-01   0.000000000000000E+00   0.000000000000000E+00   0.000000000000000E+00   0.000000000000000E+00
   9.920794053200001E-01   3.554296410400000E+00   3.225474899600000E-01   1.114743390800000E+00   5.241972445600001E-01   0.000000000000000E+00   0.000000000000000E+00   0.000000000000000E+00   0.000000000000000E+00
   9.923379041100000E-01   3.554566010000000E+00   3.225483766200000E-01   1.094799001100000E+00   5.741567072600000E-01   0.000000000000000E+00   0.000000000000000E+00   0.000000000000000E+00   0.000000000000000E+00
   9.925964028900000E-01   3.554427260700000E+00   3.225479203000000E-01   1.105063325600000E+00   5.484452299000000E-01   0.000000000000000E+00   0.000000000000000E+00   0.000000000000000E+00   0.000000000000000E+00
   9.928549016800000E-01   3.554565913900000E+00   3.225483763000000E-01   1.094806146300000E+00   5.741387938600000E-01   0.000000000000000E+00   0.000000000000000E+00   0.000000000000000E+00   0.000000000000000E+00
   9.931134004700000E-01   3.554297025000000E+00   3.225474919700000E-01   1.114697661600000E+00   5.243118906699999E-01   0.000000000000000E+00   0.000000000000000E+00   0.000000000000000E+00   0.000000000000000E+00
   9.932793972700000E-01   3.554565809600000E+00   3.225483759600000E-01   1.094813902800000E+00   5.741193471400000E-01   0.000000000000000E+00   0.000000000000000E+00   0.000000000000000E+00   0.000000000000000E+00
   9.934453940800000E-01   3.554427555000000E+00   3.225479212600000E-01   1.105041438500000E+00   5.485001043400000E-01   0.000000000000000E+00   0.000000000000000E+00   0.000000000000000E+00   0.000000000000000E+00
   9.936113908799999E-01   3.554565660400000E+00   3.225483754700000E-01   1.094824987000000E+00   5.740915563400000E-01   0.000000000000000E+00   0.000000000000000E+00   0.000000000000000E+00   0.000000000000000E+00
   9.937773876900000E-01   3.554297978400000E+00   3.225474950900000E-01   1.114626722900000E+00   5.244897530400000E-01   0.000000000000000E+00   0.000000000000000E+00   0.000000000000000E+00   0.000000000000000E+00
   9.939624755799999E-01   3.554565540900000E+00   3.225483750800000E-01   1.094833900800000E+00   5.740692055700000E-01   0.000000000000000E+00   0.000000000000000E+00   0.000000000000000E+00   0.000000000000000E+00
   9.941475634700000E-01   3.554427893100000E+00   3.225479223700000E-01   1.105016265500000E+00   5.485632233800000E-01   0.000000000000000E+00   0.000000000000000E+00   0.000000000000000E+00   0.000000000000000E+00
   9.943326513700000E-01   3.554565407900000E+00   3.225483746400000E-01   1.094843797500000E+00   5.740443892300000E-01   0.000000000000000E+00   0.000000000000000E+00   0.000000000000000E+00   0.000000000000000E+00
   9.945177392600000E-01   3.554298828800000E+00   3.225474978800000E-01   1.114563384200000E+00   5.246485785400000E-01   0.000000000000000E+00   0.000000000000000E+00   0.000000000000000E+00   0.000000000000000E+00
   9.946886949200000E-01   3.554565290700000E+00   3.225483742600000E-01   1.094852539400000E+00   5.740224668100000E-01   0.000000000000000E+00   0.000000000000000E+00   0.000000000000000E+00   0.000000000000000E+00
   9.948596505700000E-01   3.554428224400000E+00   3.225479234500000E-01   1.104991585400000E+00   5.486251139000000E-01   0.000000000000000E+00   0.000000000000000E+00   0.000000000000000E+00   0.000000000000000E+00
   9.950306062299999E-01   3.554565147400000E+00   3.225483737900000E-01   1.094863207300000E+00   5.739957135500000E-01   0.000000000000000E+00   0.000000000000000E+00   0.000000000000000E+00   0.000000000000000E+00
   9.952015618900000E-01   3.554299744500000E+00   3.225475008800000E-01   1.114495110500000E+00   5.248198007300000E-01   0.000000000000000E+00   0.000000000000000E+00   0.000000000000000E+00   0.000000000000000E+00
   9.953239706900000E-01   3.554565002100000E+00   3.225483733100000E-01   1.094874051900000E+00   5.739685144200000E-01   0.000000000000000E+00   0.000000000000000E+00   0.000000000000000E+00   0.000000000000000E+00
   9.954463795000000E-01   3.554428634700000E+00   3.225479248000000E-01   1.104960985800000E+00   5.487018603700000E-01   0.000000000000000E+00   0.000000000000000E+00   0.000000000000000E+00   0.000000000000000E+00
   9.955687883000000E-01   3.554564803000000E+00   3.225483726600000E-01   1.094888869100000E+00   5.739313491700000E-01   0.000000000000000E+00   0.000000000000000E+00   0.000000000000000E+00   0.000000000000000E+00
   9.956911971100000E-01   3.554301015400000E+00   3.225475050400000E-01   1.114400281800000E+00   5.250576612200000E-01   0.000000000000000E+00   0.000000000000000E+00   0.000000000000000E+00   0.000000000000000E+00
   9.958068734400000E-01   3.554564630500000E+00   3.225483720900000E-01   1.094901789200000E+00   5.738989370100001E-01   0.000000000000000E+00   0.000000000000000E+00   0.000000000000000E+00   0.000000000000000E+00
   9.959225497700001E-01   3.554429123200000E+00   3.225479263900000E-01   1.104924509900000E+00   5.487933642300000E-01   0.000000000000000E+00   0.000000000000000E+00   0.000000000000000E+00   0.000000000000000E+00
   9.960382261100000E-01   3.554564421500000E+00   3.225483714100000E-01   1.094917365300000E+00   5.738598582800000E-01   0.000000000000000E+00   0.000000000000000E+00   0.000000000000000E+00   0.000000000000000E+00
   9.961539024400000E-01   3.554302349300000E+00   3.225475094000000E-01   1.114300595600000E+00   5.253077683100000E-01   0.000000000000000E+00   0.000000000000000E+00   0.000000000000000E+00   0.000000000000000E+00
   9.962738908900000E-01   3.554564248900000E+00   3.225483708500000E-01   1.094930321900000E+00   5.738273456800000E-01   0.000000000000000E+00   0.000000000000000E+00   0.000000000000000E+00   0.000000000000000E+00
   9.963938793500000E-01   3.554429612300000E+00   3.225479279900000E-01   1.104887922800000E+00   5.488851721800000E-01   0.000000000000000E+00   0.000000000000000E+00   0.000000000000000E+00   0.000000000000000E+00
   9.965138678100000E-01   3.554564049200000E+00   3.225483701900000E-01   1.094945237800000E+00   5.737899122400000E-01   0.000000000000000E+00   0.000000000000000E+00   0.000000000000000E+00   0.000000000000000E+00
   9.966338562600000E-01   3.554303623800000E+00   3.225475135700000E-01   1.114205135100000E+00   5.255473456300001E-01   0.000000000000000E+00   0.000000000000000E+00   0.000000000000000E+00   0.000000000000000E+00
   9.967310978400000E-01   3.554563861300000E+00   3.225483695800000E-01   1.094959356300000E+00   5.737544727700000E-01   0.000000000000000E+00   0.000000000000000E+00   0.000000000000000E+00   0.000000000000000E+00
   9.968283394100000E-01   3.554430143600000E+00   3.225479297300000E-01   1.104848081400000E+00   5.489851808600000E-01   0.000000000000000E+00   0.000000000000000E+00   0.000000000000000E+00   0.000000000000000E+00
   9.969255809899999E-01   3.554563617000000E+00   3.225483687800000E-01   1.094977625500000E+00   5.737086059399999E-01   0.000000000000000E+00   0.000000000000000E+00   0.000000000000000E+00   0.000000000000000E+00
   9.970228225600000E-01   3.554305180600000E+00   3.225475186400000E-01   1.114088214300000E+00   5.258408993100000E-01   0.000000000000000E+00   0.000000000000000E+00   0.000000000000000E+00   0.000000000000000E+00
   9.970961641700000E-01   3.554563378400000E+00   3.225483680000000E-01   1.094995619200000E+00   5.736634178300000E-01   0.000000000000000E+00   0.000000000000000E+00   0.000000000000000E+00   0.000000000000000E+00
   9.971695057700000E-01   3.554430818200000E+00   3.225479319200000E-01   1.104797325800000E+00   5.491126497000000E-01   0.000000000000000E+00   0.000000000000000E+00   0.000000000000000E+00   0.000000000000000E+00
   9.972428473800000E-01   3.554563058900000E+00   3.225483669600000E-01   1.095019610300000E+00   5.736031481200000E-01   0.000000000000000E+00   0.000000000000000E+00   0.000000000000000E+00   0.000000000000000E+00
   9.973161889900000E-01   3.554307217900000E+00   3.225475252800000E-01   1.113934674700000E+00   5.262266363400000E-01   0.000000000000000E+00   0.000000000000000E+00   0.000000000000000E+00   0.000000000000000E+00
   9.974031252000000E-01   3.554562813100000E+00   3.225483661600000E-01   1.095038297400000E+00   5.735561782600000E-01   0.000000000000000E+00   0.000000000000000E+00   0.000000000000000E+00   0.000000000000000E+00
   9.974900614200000E-01   3.554431517000000E+00   3.225479342000000E-01   1.104744526800000E+00   5.492453494000000E-01   0.000000000000000E+00   0.000000000000000E+00   0.000000000000000E+00   0.000000000000000E+00
   9.975769976300000E-01   3.554562547800000E+00   3.225483653000000E-01   1.095058330800000E+00   5.735058077600000E-01   0.000000000000000E+00   0.000000000000000E+00   0.000000000000000E+00   0.000000000000000E+00
   9.976639338500000E-01   3.554308909000000E+00   3.225475307600000E-01   1.113806464500000E+00   5.265490155300000E-01   0.000000000000000E+00   0.000000000000000E+00   0.000000000000000E+00   0.000000000000000E+00
   9.977411898100000E-01   3.554562311700000E+00   3.225483645300000E-01   1.095076343900000E+00   5.734604935500000E-01   0.000000000000000E+00   0.000000000000000E+00   0.000000000000000E+00   0.000000000000000E+00
   9.978184457600000E-01   3.554432185500000E+00   3.225479363600000E-01   1.104693688200000E+00   5.493732437600000E-01   0.000000000000000E+00   0.000000000000000E+00   0.000000000000000E+00   0.000000000000000E+00
   9.978957017200000E-01   3.554562018200000E+00   3.225483635800000E-01   1.095098660300000E+00   5.734043226900000E-01   0.000000000000000E+00   0.000000000000000E+00   0.000000000000000E+00   0.000000000000000E+00
   9.979729576800001E-01   3.554310779900000E+00   3.225475368100000E-01   1.113663644200000E+00   5.269085200000000E-01   0.000000000000000E+00   0.000000000000000E+00   0.000000000000000E+00   0.000000000000000E+00
   9.980549828200000E-01   3.554561780600000E+00   3.225483628200000E-01   1.095116974600000E+00   5.733581896500000E-01   0.000000000000000E+00   0.000000000000000E+00   0.000000000000000E+00   0.000000000000000E+00
   9.981370079600000E-01   3.554432860000000E+00   3.225479385400000E-01   1.104641964200000E+00   5.495035287200000E-01   0.000000000000000E+00   0.000000000000000E+00   0.000000000000000E+00   0.000000000000000E+00
   9.982190331000000E-01   3.554561509500000E+00   3.225483619400000E-01   1.095137771000000E+00   5.733057702900000E-01   0.000000000000000E+00   0.000000000000000E+00   0.000000000000000E+00   0.000000000000000E+00
   9.983010582400000E-01   3.554312505600000E+00   3.225475423600000E-01   1.113530553700000E+00   5.272440154700000E-01   0.000000000000000E+00   0.000000000000000E+00   0.000000000000000E+00   0.000000000000000E+00
   9.983568123600000E-01   3.554561229300000E+00   3.225483610400000E-01   1.095159518200000E+00   5.732509127700000E-01   0.000000000000000E+00   0.000000000000000E+00   0.000000000000000E+00   0.000000000000000E+00
   9.984125664800000E-01   3.554433649300000E+00   3.225479410600000E-01   1.104580675200000E+00   5.496581797300000E-01   0.000000000000000E+00   0.000000000000000E+00   0.000000000000000E+00   0.000000000000000E+00
   9.984683206000000E-01   3.554560841000000E+00   3.225483598000000E-01   1.095189714100000E+00   5.731746308000000E-01   0.000000000000000E+00   0.000000000000000E+00   0.000000000000000E+00   0.000000000000000E+00
   9.985240747200000E-01   3.554314973200000E+00   3.225475502200000E-01   1.113337318500000E+00   5.277322543500000E-01   0.000000000000000E+00   0.000000000000000E+00   0.000000000000000E+00   0.000000000000000E+00
   9.985674879999999E-01   3.554560474900000E+00   3.225483586400000E-01   1.095218817000000E+00   5.731009907800000E-01   0.000000000000000E+00   0.000000000000000E+00   0.000000000000000E+00   0.000000000000000E+00
   9.986109012900000E-01   3.554434683600000E+00   3.225479443300000E-01   1.104498647900000E+00   5.498658284300000E-01   0.000000000000000E+00   0.000000000000000E+00   0.000000000000000E+00   0.000000000000000E+00
   9.986543145700000E-01   3.554560001600000E+00   3.225483571500000E-01   1.095256871400000E+00   5.730044300800000E-01   0.000000000000000E+00   0.000000000000000E+00   0.000000000000000E+00   0.000000000000000E+00
   9.986977278600000E-01   3.554317991800000E+00   3.225475596800000E-01   1.113093815900000E+00   5.283503168100000E-01   0.000000000000000E+00   0.000000000000000E+00   0.000000000000000E+00   0.000000000000000E+00
   9.987327198400000E-01   3.554559578800000E+00   3.225483558800000E-01   1.095292736300000E+00   5.729131208100000E-01   0.000000000000000E+00   0.000000000000000E+00   0.000000000000000E+00   0.000000000000000E+00
   9.987677118300000E-01   3.554435924400000E+00   3.225479482200000E-01   1.104397586200000E+00   5.501232762700000E-01   0.000000000000000E+00   0.000000000000000E+00   0.000000000000000E+00   0.000000000000000E+00
   9.988027038200000E-01   3.554559078800000E+00   3.225483544900000E-01   1.095338712100000E+00   5.727953549200000E-01   0.000000000000000E+00   0.000000000000000E+00   0.000000000000000E+00   0.000000000000000E+00
   9.988376958000000E-01   3.554321489000000E+00   3.225475704700000E-01   1.112799583400000E+00   5.291040508900000E-01   0.000000000000000E+00   0.000000000000000E+00   0.000000000000000E+00   0.000000000000000E+00
   9.988680653899999E-01   3.554558768900000E+00   3.225483540800000E-01   1.095380075200000E+00   5.726884679799999E-01   0.000000000000000E+00   0.000000000000000E+00   0.000000000000000E+00   0.000000000000000E+00
   9.988984349800000E-01   3.554437524700000E+00   3.225479539200000E-01   1.104280754700000E+00   5.504244466000000E-01   0.000000000000000E+00   0.000000000000000E+00   0.000000000000000E+00   0.000000000000000E+00
   9.989288045700000E-01   3.554558728300000E+00   3.225483556300000E-01   1.095430915600000E+00   5.725550056900000E-01   0.000000000000000E+00   0.000000000000000E+00   0.000000000000000E+00   0.000000000000000E+00
   9.989591741600000E-01   3.554325799700000E+00   3.225475858400000E-01   1.112472857200000E+00   5.299565247000000E-01   0.000000000000000E+00   0.000000000000000E+00   0.000000000000000E+00   0.000000000000000E+00
   9.989960230800000E-01   3.554560371100000E+00   3.225483671500000E-01   1.095468571200000E+00   5.724515389700000E-01   0.000000000000000E+00   0.000000000000000E+00   0.000000000000000E+00   0.000000000000000E+00
   9.990328719900000E-01   3.554443595900000E+00   3.225479880900000E-01   1.104169455500000E+00   5.507112208700000E-01   0.000000000000000E+00   0.000000000000000E+00   0.000000000000000E+00   0.000000000000000E+00
   9.990697209100000E-01   3.554569095100000E+00   3.225484227500000E-01   1.095504668600000E+00   5.723383494900000E-01   0.000000000000000E+00   0.000000000000000E+00   0.000000000000000E+00   0.000000000000000E+00
   9.991065698200000E-01   3.554350830100000E+00   3.225477338100000E-01   1.112206865700000E+00   5.306379263300000E-01   0.000000000000000E+00   0.000000000000000E+00   0.000000000000000E+00   0.000000000000000E+00
   9.991389625100000E-01   3.554605062800000E+00   3.225486478400000E-01   1.095524234500000E+00   5.722208295300000E-01   0.000000000000000E+00   0.000000000000000E+00   0.000000000000000E+00   0.000000000000000E+00
   9.991713551900000E-01   3.554530471900000E+00   3.225485265200000E-01   1.104032172500000E+00   5.509417879400000E-01   0.000000000000000E+00   0.000000000000000E+00   0.000000000000000E+00   0.000000000000000E+00
   9.992037478800000E-01   3.554734611800000E+00   3.225494559600000E-01   1.095509980400000E+00   5.720285860800000E-01   0.000000000000000E+00   0.000000000000000E+00   0.000000000000000E+00   0.000000000000000E+00
   9.992361405700000E-01   3.554669263500000E+00   3.225497113500000E-01   1.111796795200000E+00   5.312524966200000E-01   0.000000000000000E+00   0.000000000000000E+00   0.000000000000000E+00   0.000000000000000E+00
   9.992606091000000E-01   3.555121956400000E+00   3.225518699900000E-01   1.095380653500000E+00   5.716993299399999E-01   0.000000000000000E+00   0.000000000000000E+00   0.000000000000000E+00   0.000000000000000E+00
   9.992850776200000E-01   3.555365340300000E+00   3.225537264800000E-01   1.103555444200000E+00   5.508359670400000E-01   0.000000000000000E+00   0.000000000000000E+00   0.000000000000000E+00   0.000000000000000E+00
   9.993095461500000E-01   3.556081914300000E+00   3.225578521400000E-01   1.095009748900000E+00   5.710205482100000E-01   0.000000000000000E+00   0.000000000000000E+00   0.000000000000000E+00   0.000000000000000E+00
   9.993340146800000E-01   3.556825542400000E+00   3.225631485900000E-01   1.110545883100000E+00   5.311466183300000E-01   0.000000000000000E+00   0.000000000000000E+00   0.000000000000000E+00   0.000000000000000E+00
   9.993585901800000E-01   3.558684340600000E+00   3.225740751100000E-01   1.093909817700000E+00   5.694862464900000E-01   0.000000000000000E+00   0.000000000000000E+00   0.000000000000000E+00   0.000000000000000E+00
   9.993831656900000E-01   3.561212691800000E+00   3.225901898200000E-01   1.100906170600000E+00   5.481109138000000E-01   0.000000000000000E+00   0.000000000000000E+00   0.000000000000000E+00   0.000000000000000E+00
   9.994077411900000E-01   3.565683578000000E+00   3.226177550500000E-01   1.090905438300000E+00   5.655974033700000E-01   0.000000000000000E+00   0.000000000000000E+00   0.000000000000000E+00   0.000000000000000E+00
   9.994323167000000E-01   3.572522605600000E+00   3.226611916900000E-01   1.103541802600000E+00   5.239384848300001E-01   0.000000000000000E+00   0.000000000000000E+00   0.000000000000000E+00   0.000000000000000E+00
   9.994569129100001E-01   3.584285789500000E+00   3.227342123100000E-01   1.082965379500000E+00   5.557606233200000E-01   0.000000000000000E+00   0.000000000000000E+00   0.000000000000000E+00   0.000000000000000E+00
   9.994815091300000E-01   3.602594905400000E+00   3.228496726400000E-01   1.083279655100000E+00   5.272144384500000E-01   0.000000000000000E+00   0.000000000000000E+00   0.000000000000000E+00   0.000000000000000E+00
   9.995061053500000E-01   3.631847902800000E+00   3.230342354000000E-01   1.063354855700000E+00   5.320379629999999E-01   0.000000000000000E+00   0.000000000000000E+00   0.000000000000000E+00   0.000000000000000E+00
   9.995307015600000E-01   3.676443264000000E+00   3.233193960500000E-01   1.061290090400000E+00   4.748446255000000E-01   0.000000000000000E+00   0.000000000000000E+00   0.000000000000000E+00   0.000000000000000E+00
   9.995528725300000E-01   3.735796889600000E+00   3.237018075600000E-01   1.023750763600000E+00   4.858353491200000E-01   0.000000000000000E+00   0.000000000000000E+00   0.000000000000000E+00   0.000000000000000E+00
   9.995750435000000E-01   3.817343384400000E+00   3.242374478400000E-01   1.003419159100000E+00   4.357235957000000E-01   0.000000000000000E+00   0.000000000000000E+00   0.000000000000000E+00   0.000000000000000E+00
   9.995972144700001E-01   3.925700791400000E+00   3.249642994600000E-01   9.610038535400000E-01   4.168117050200000E-01   0.000000000000000E+00   0.000000000000000E+00   0.000000000000000E+00   0.000000000000000E+00
   9.996193854400000E-01   4.062058557100000E+00   3.259074266000000E-01   9.376741627500000E-01   3.419465930900000E-01   0.000000000000000E+00   0.000000000000000E+00   0.000000000000000E+00   0.000000000000000E+00
   9.996381257800000E-01   4.199639086200000E+00   3.268888346500000E-01   8.870321998800000E-01   3.420702739900000E-01   0.000000000000000E+00   0.000000000000000E+00   0.000000000000000E+00   0.000000000000000E+00
   9.996568661200000E-01   4.354766480500000E+00   3.280373668500000E-01   8.597301717600000E-01   2.914996999300000E-01   0.000000000000000E+00   0.000000000000000E+00   0.000000000000000E+00   0.000000000000000E+00
   9.996756064700000E-01   4.525319479900000E+00   3.293510922500000E-01   8.170154667800000E-01   2.779426648500000E-01   0.000000000000000E+00   0.000000000000000E+00   0.000000000000000E+00   0.000000000000000E+00
   9.996943468100000E-01   4.707173219800000E+00   3.308180681400000E-01   7.997271653600000E-01   2.171680459500000E-01   0.000000000000000E+00   0.000000000000000E+00   0.000000000000000E+00   0.000000000000000E+00
   9.997092205300000E-01   4.857931498000000E+00   3.320861039900000E-01   7.594986739400000E-01   2.301640097100000E-01   0.000000000000000E+00   0.000000000000000E+00   0.000000000000000E+00   0.000000000000000E+00
   9.997240942400000E-01   5.011663145600000E+00   3.334355755300000E-01   7.444960233900000E-01   1.957940175800000E-01   0.000000000000000E+00   0.000000000000000E+00   0.000000000000000E+00   0.000000000000000E+00
   9.997389679599999E-01   5.167498986800000E+00   3.348622802000000E-01   7.149966783600000E-01   1.962079244400000E-01   0.000000000000000E+00   0.000000000000000E+00   0.000000000000000E+00   0.000000000000000E+00
   9.997538416700000E-01   5.323386547700000E+00   3.363572945800000E-01   7.105406343700000E-01   1.507829709500000E-01   0.000000000000000E+00   0.000000000000000E+00   0.000000000000000E+00   0.000000000000000E+00
   9.997661938100000E-01   5.452785772800000E+00   3.376490329000000E-01   6.797431908500000E-01   1.712311709400000E-01   0.000000000000000E+00   0.000000000000000E+00   0.000000000000000E+00   0.000000000000000E+00
   9.997785459400000E-01   5.580681804900000E+00   3.389798306000000E-01   6.732249786800000E-01   1.459460499800000E-01   0.000000000000000E+00   0.000000000000000E+00   0.000000000000000E+00   0.000000000000000E+00
   9.997908980800000E-01   5.707238157500000E+00   3.403489895700000E-01   6.519008053799999E-01   1.526584317300000E-01   0.000000000000000E+00   0.000000000000000E+00   0.000000000000000E+00   0.000000000000000E+00
   9.998032502100000E-01   5.831405841200000E+00   3.417514597600000E-01   6.543202812700000E-01   1.152583917900000E-01   0.000000000000000E+00   0.000000000000000E+00   0.000000000000000E+00   0.000000000000000E+00
   9.998139002999999E-01   5.937039817400000E+00   3.429880838900000E-01   6.291094910200000E-01   1.382656148800000E-01   0.000000000000000E+00   0.000000000000000E+00   0.000000000000000E+00   0.000000000000000E+00
   9.998245503900000E-01   6.040367652600000E+00   3.442456667400000E-01   6.270641840100000E-01   1.177160165100000E-01   0.000000000000000E+00   0.000000000000000E+00   0.000000000000000E+00   0.000000000000000E+00
   9.998352004800000E-01   6.141869873700000E+00   3.455250145900000E-01   6.103376582500000E-01   1.269018452200000E-01   0.000000000000000E+00   0.000000000000000E+00   0.000000000000000E+00   0.000000000000000E+00
   9.998458505600000E-01   6.240825478300000E+00   3.468227271000000E-01   6.161203956600000E-01   9.425815367700000E-02   0.000000000000000E+00   0.000000000000000E+00   0.000000000000000E+00   0.000000000000000E+00
   9.998546688100000E-01   6.321464218700000E+00   3.479126890400000E-01   5.948948026100001E-01   1.179239260100000E-01   0.000000000000000E+00   0.000000000000000E+00   0.000000000000000E+00   0.000000000000000E+00
   9.998634870599999E-01   6.400145675500000E+00   3.490134014700000E-01   5.956295612200000E-01   1.004947603900000E-01   0.000000000000000E+00   0.000000000000000E+00   0.000000000000000E+00   0.000000000000000E+00
   9.998723053100000E-01   6.477431806900000E+00   3.501263431900000E-01   5.821420520100000E-01   1.106933513700000E-01   0.000000000000000E+00   0.000000000000000E+00   0.000000000000000E+00   0.000000000000000E+00
   9.998811235600000E-01   6.552729946400000E+00   3.512489888700000E-01   5.898208336200000E-01   8.168825767300000E-02   0.000000000000000E+00   0.000000000000000E+00   0.000000000000000E+00   0.000000000000000E+00
   9.998883150000000E-01   6.613304522400000E+00   3.521735898500000E-01   5.714704379400000E-01   1.048136754500000E-01   0.000000000000000E+00   0.000000000000000E+00   0.000000000000000E+00   0.000000000000000E+00
   9.998955064300000E-01   6.672436254200000E+00   3.531036623900000E-01   5.737421809000000E-01   8.962898077900000E-02   0.000000000000000E+00   0.000000000000000E+00   0.000000000000000E+00   0.000000000000000E+00
   9.999026978700000E-01   6.730677716300000E+00   3.540408785800000E-01   5.625475749900000E-01   9.993873199400000E-02   0.000000000000000E+00   0.000000000000000E+00   0.000000000000000E+00   0.000000000000000E+00
   9.999098893000000E-01   6.787496093900000E+00   3.549831640900000E-01   5.710248560600000E-01   7.401709072300000E-02   0.000000000000000E+00   0.000000000000000E+00   0.000000000000000E+00   0.000000000000000E+00
   9.999157392300000E-01   6.833271177000000E+00   3.557553306200000E-01   5.549470757900000E-01   9.586814227600000E-02   0.000000000000000E+00   0.000000000000000E+00   0.000000000000000E+00   0.000000000000000E+00
   9.999215891500000E-01   6.878010430400000E+00   3.565302441800000E-01   5.579650641200000E-01   8.251248177000001E-02   0.000000000000000E+00   0.000000000000000E+00   0.000000000000000E+00   0.000000000000000E+00
   9.999274390800000E-01   6.922228745600000E+00   3.573095602600000E-01   5.485052378800001E-01   9.239080084300000E-02   0.000000000000000E+00   0.000000000000000E+00   0.000000000000000E+00   0.000000000000000E+00
   9.999332890000000E-01   6.965439528600000E+00   3.580914870700000E-01   5.570356812700000E-01   6.933287907900000E-02   0.000000000000000E+00   0.000000000000000E+00   0.000000000000000E+00   0.000000000000000E+00
   9.999379381600000E-01   6.999606830400000E+00   3.587165655700000E-01   5.430005722700000E-01   8.945253096500000E-02   0.000000000000000E+00   0.000000000000000E+00   0.000000000000000E+00   0.000000000000000E+00
   9.999425873100000E-01   7.033046407000000E+00   3.593428444800000E-01   5.463194263400000E-01   7.778475197199999E-02   0.000000000000000E+00   0.000000000000000E+00   0.000000000000000E+00   0.000000000000000E+00
   9.999472364699999E-01   7.066224278800000E+00   3.599718704100000E-01   5.383496805000000E-01   8.689771333800000E-02   0.000000000000000E+00   0.000000000000000E+00   0.000000000000000E+00   0.000000000000000E+00
   9.999518856200000E-01   7.098702445200000E+00   3.606020838100000E-01   5.464577554000000E-01   6.672785124699999E-02   0.000000000000000E+00   0.000000000000000E+00   0.000000000000000E+00   0.000000000000000E+00
   9.999555436899999E-01   7.124247015300000E+00   3.611004008700000E-01   5.343514456100000E-01   8.471109369599999E-02   0.000000000000000E+00   0.000000000000000E+00   0.000000000000000E+00   0.000000000000000E+00
   9.999592017600000E-01   7.149274427800000E+00   3.615991026200000E-01   5.376186286100000E-01   7.468758215400000E-02   0.000000000000000E+00   0.000000000000000E+00   0.000000000000000E+00   0.000000000000000E+00
   9.999628598300000E-01   7.174194978400000E+00   3.620995721500000E-01   5.309736283700000E-01   8.276637441900001E-02   0.000000000000000E+00   0.000000000000000E+00   0.000000000000000E+00   0.000000000000000E+00
   9.999665179000000E-01   7.198625694300000E+00   3.626004700100000E-01   5.382664597100000E-01   6.557003302700000E-02   0.000000000000000E+00   0.000000000000000E+00   0.000000000000000E+00   0.000000000000000E+00
   9.999692757400001E-01   7.217122297600000E+00   3.629797443300000E-01   5.281065079100000E-01   8.110116728100000E-02   0.000000000000000E+00   0.000000000000000E+00   0.000000000000000E+00   0.000000000000000E+00
   9.999720335800000E-01   7.235257819700000E+00   3.633589526100000E-01   5.311008092000000E-01   7.277033499299999E-02   0.000000000000000E+00   0.000000000000000E+00   0.000000000000000E+00   0.000000000000000E+00
   9.999747914200000E-01   7.253380447300000E+00   3.637392786100000E-01   5.257444472800000E-01   7.960411809700001E-02   0.000000000000000E+00   0.000000000000000E+00   0.000000000000000E+00   0.000000000000000E+00
   9.999775492600000E-01   7.271169819300000E+00   3.641196132900000E-01   5.319294560700000E-01   6.557908160600000E-02   0.000000000000000E+00   0.000000000000000E+00   0.000000000000000E+00   0.000000000000000E+00
   9.999795450500000E-01   7.284156079800000E+00   3.643959496500000E-01   5.237721953700000E-01   7.832016181400001E-02   0.000000000000000E+00   0.000000000000000E+00   0.000000000000000E+00   0.000000000000000E+00
   9.999815408400000E-01   7.296893418000000E+00   3.646720250700000E-01   5.262948001300000E-01   7.176315501300000E-02   0.000000000000000E+00   0.000000000000000E+00   0.000000000000000E+00   0.000000000000000E+00
   9.999835366299999E-01   7.309660357400000E+00   3.649487883900000E-01   5.222302208600000E-01   7.715990006700001E-02   0.000000000000000E+00   0.000000000000000E+00   0.000000000000000E+00   0.000000000000000E+00
   9.999855324200000E-01   7.322202980900000E+00   3.652253573300000E-01   5.271368904100000E-01   6.652408939000000E-02   0.000000000000000E+00   0.000000000000000E+00   0.000000000000000E+00   0.000000000000000E+00
   9.999869405000000E-01   7.331151733800000E+00   3.654211554200000E-01   5.212049570600000E-01   7.623034991900000E-02   0.000000000000000E+00   0.000000000000000E+00   0.000000000000000E+00   0.000000000000000E+00
   9.999883485700000E-01   7.339916566600000E+00   3.656165727300000E-01   5.234974456000000E-01   7.160250131699999E-02   0.000000000000000E+00   0.000000000000000E+00   0.000000000000000E+00   0.000000000000000E+00
   9.999897566500000E-01   7.348679411600000E+00   3.658121792000000E-01   5.216088845800000E-01   7.569582229100000E-02   0.000000000000000E+00   0.000000000000000E+00   0.000000000000000E+00   0.000000000000000E+00
   9.999911647300000E-01   7.357204161300000E+00   3.660070340400000E-01   5.272747392900000E-01   6.906033712600000E-02   0.000000000000000E+00   0.000000000000000E+00   0.000000000000000E+00   0.000000000000000E+00
   9.999920874000000E-01   7.362756187200000E+00   3.661345047900000E-01   5.263160112000000E-01   7.641400191400000E-02   0.000000000000000E+00   0.000000000000000E+00   0.000000000000000E+00   0.000000000000000E+00
   9.999930100800000E-01   7.368034605300000E+00   3.662607844600000E-01   5.329905868300000E-01   7.496691628000000E-02   0.000000000000000E+00   0.000000000000000E+00   0.000000000000000E+00   0.000000000000000E+00
   9.999939327500000E-01   7.373031699300000E+00   3.663855508000000E-01   5.411149524100000E-01   7.998794494500000E-02   0.000000000000000E+00   0.000000000000000E+00   0.000000000000000E+00   0.000000000000000E+00
   9.999948554200000E-01   7.377372173800000E+00   3.665069548300000E-01   5.610531539700000E-01   8.102791966300001E-02   0.000000000000000E+00   0.000000000000000E+00   0.000000000000000E+00   0.000000000000000E+00
   9.999953788200000E-01   7.379436963900000E+00   3.665735994200000E-01   5.755232825900000E-01   8.944640066200001E-02   0.000000000000000E+00   0.000000000000000E+00   0.000000000000000E+00   0.000000000000000E+00
   9.999959022100000E-01   7.380939313000000E+00   3.666373175300000E-01   6.002922435600000E-01   9.538740806000000E-02   0.000000000000000E+00   0.000000000000000E+00   0.000000000000000E+00   0.000000000000000E+00
   9.999964256000000E-01   7.381665051200000E+00   3.666968701700000E-01   6.358360213000001E-01   1.077982048700000E-01   0.000000000000000E+00   0.000000000000000E+00   0.000000000000000E+00   0.000000000000000E+00
   9.999969489900000E-01   7.381073559200000E+00   3.667495543000000E-01   6.931403505600000E-01   1.252767223800000E-01   0.000000000000000E+00   0.000000000000000E+00   0.000000000000000E+00   0.000000000000000E+00
   9.999972282800000E-01   7.379954287100000E+00   3.667734859600000E-01   7.359636420800000E-01   1.422209071900000E-01   0.000000000000000E+00   0.000000000000000E+00   0.000000000000000E+00   0.000000000000000E+00
   9.999975075700001E-01   7.377965116700000E+00   3.667930189200000E-01   7.940548950900000E-01   1.639727823000000E-01   0.000000000000000E+00   0.000000000000000E+00   0.000000000000000E+00   0.000000000000000E+00
   9.999977868600000E-01   7.374738249900000E+00   3.668063673600000E-01   8.733570080600001E-01   1.969593659600000E-01   0.000000000000000E+00   0.000000000000000E+00   0.000000000000000E+00   0.000000000000000E+00
   9.999980661500000E-01   7.369598463500000E+00   3.668103800500000E-01   9.870936569100000E-01   2.481231089600000E-01   0.000000000000000E+00   0.000000000000000E+00   0.000000000000000E+00   0.000000000000000E+00
   9.999982211700000E-01   7.365524157600000E+00   3.668067545900000E-01   1.072396666100000E+00   2.908262612600000E-01   0.000000000000000E+00   0.000000000000000E+00   0.000000000000000E+00   0.000000000000000E+00
   9.999983761900000E-01   7.360179138200000E+00   3.667971582000000E-01   1.181514312400000E+00   3.492461993400000E-01   0.000000000000000E+00   0.000000000000000E+00   0.000000000000000E+00   0.000000000000000E+00
   9.999985312100000E-01   7.353044834900000E+00   3.667792967900000E-01   1.324375503100000E+00   4.333967796500000E-01   0.000000000000000E+00   0.000000000000000E+00   0.000000000000000E+00   0.000000000000000E+00
   9.999986862300000E-01   7.343262656400000E+00   3.667494406900000E-01   1.517898164300000E+00   5.601270248800000E-01   0.000000000000000E+00   0.000000000000000E+00   0.000000000000000E+00   0.000000000000000E+00
   9.999987797300000E-01   7.335518269800000E+00   3.667232163500000E-01   1.669921537800000E+00   6.703572948300000E-01   0.000000000000000E+00   0.000000000000000E+00   0.000000000000000E+00   0.000000000000000E+00
   9.999988732400000E-01   7.325811531500000E+00   3.666883802800000E-01   1.859654015200000E+00   8.199743178400000E-01   0.000000000000000E+00   0.000000000000000E+00   0.000000000000000E+00   0.000000000000000E+00
   9.999989667400000E-01   7.313392073800000E+00   3.666418021500000E-01   2.101125338100000E+00   1.030409805900000E+00   0.000000000000000E+00   0.000000000000000E+00   0.000000000000000E+00   0.000000000000000E+00
   9.999990602500000E-01   7.297080867700000E+00   3.665786213200000E-01   2.416323306400000E+00   1.337244682800000E+00   0.000000000000000E+00   0.000000000000000E+00   0.000000000000000E+00   0.000000000000000E+00
   9.999991214200000E-01   7.283452451300000E+00   3.665248258100000E-01   2.677623954600000E+00   1.619328797200000E+00   0.000000000000000E+00   0.000000000000000E+00   0.000000000000000E+00   0.000000000000000E+00
   9.999991826000000E-01   7.266591198000000E+00   3.664575573300000E-01   2.998270809000000E+00   1.998039187000000E+00   0.000000000000000E+00   0.000000000000000E+00   0.000000000000000E+00   0.000000000000000E+00
   9.999992437700000E-01   7.245338782200000E+00   3.663721702400000E-01   3.397582126000000E+00   2.520540228200000E+00   0.000000000000000E+00   0.000000000000000E+00   0.000000000000000E+00   0.000000000000000E+00
   9.999993049500000E-01   7.217953868000000E+00   3.662617358600000E-01   3.903913759800000E+00   3.261740542800000E+00   0.000000000000000E+00   0.000000000000000E+00   0.000000000000000E+00   0.000000000000000E+00
   9.999993499800000E-01   7.192391490900000E+00   3.661585663200000E-01   4.367657095300000E+00   4.017669970200000E+00   0.000000000000000E+00   0.000000000000000E+00   0.000000000000000E+00   0.000000000000000E+00
   9.999993950200000E-01   7.160575161800000E+00   3.660302789100000E-01   4.933146975400000E+00   5.035813901800000E+00   0.000000000000000E+00   0.000000000000000E+00   0.000000000000000E+00   0.000000000000000E+00
   9.999994400600000E-01   7.120293552400000E+00   3.658682401300000E-01   5.630071571900000E+00   6.438513053200000E+00   0.000000000000000E+00   0.000000000000000E+00   0.000000000000000E+00   0.000000000000000E+00
   9.999994850900000E-01   7.068308579100000E+00   3.656598780700000E-01   6.499639165700000E+00   8.414374740400000E+00   0.000000000000000E+00   0.000000000000000E+00   0.000000000000000E+00   0.000000000000000E+00
   9.999995250800000E-01   7.008579372100000E+00   3.654215099000000E-01   7.458941987300000E+00   1.088858638400000E+01   0.000000000000000E+00   0.000000000000000E+00   0.000000000000000E+00   0.000000000000000E+00
   9.999995650600000E-01   6.931119197200000E+00   3.651138483500000E-01   8.646060616000000E+00   1.437258250800000E+01   0.000000000000000E+00   0.000000000000000E+00   0.000000000000000E+00   0.000000000000000E+00
   9.999996050500000E-01   6.828928769000000E+00   3.647100987300000E-01   1.012051305400000E+01   1.938141056500000E+01   0.000000000000000E+00   0.000000000000000E+00   0.000000000000000E+00   0.000000000000000E+00
   9.999996450300001E-01   6.691836762900000E+00   3.641714923300000E-01   1.195627518300000E+01   2.670201695400000E+01   0.000000000000000E+00   0.000000000000000E+00   0.000000000000000E+00   0.000000000000000E+00
   9.999996702400000E-01   6.581245270300000E+00   3.637389660000000E-01   1.333163469100000E+01   3.302684734500000E+01   0.000000000000000E+00   0.000000000000000E+00   0.000000000000000E+00   0.000000000000000E+00
   9.999996954500000E-01   6.446531996400000E+00   3.632139616200000E-01   1.489544786200000E+01   4.115015973100000E+01   0.000000000000000E+00   0.000000000000000E+00   0.000000000000000E+00   0.000000000000000E+00
   9.999997206700000E-01   6.282154922600000E+00   3.625755445300000E-01   1.665508931700000E+01   5.158738398000000E+01   0.000000000000000E+00   0.000000000000000E+00   0.000000000000000E+00   0.000000000000000E+00
   9.999997458800000E-01   6.081810086300000E+00   3.617999592500000E-01   1.860449872000000E+01   6.495069652200000E+01   0.000000000000000E+00   0.000000000000000E+00   0.000000000000000E+00   0.000000000000000E+00
   9.999997701400000E-01   5.848852493000000E+00   3.609007719300000E-01   2.063311978500000E+01   8.120586777299999E+01   0.000000000000000E+00   0.000000000000000E+00   0.000000000000000E+00   0.000000000000000E+00
   9.999997944000000E-01   5.570803759600000E+00   3.598303283500000E-01   2.275658435700000E+01   1.014053555200000E+02   0.000000000000000E+00   0.000000000000000E+00   0.000000000000000E+00   0.000000000000000E+00
   9.999998186600000E-01   5.243750026800000E+00   3.585740435100000E-01   2.488615334600000E+01   1.259950239500000E+02   0.000000000000000E+00   0.000000000000000E+00   0.000000000000000E+00   0.000000000000000E+00
   9.999998429200000E-01   4.867023683700000E+00   3.571295847100000E-01   2.689232079300000E+01   1.550961699600000E+02   0.000000000000000E+00   0.000000000000000E+00   0.000000000000000E+00   0.000000000000000E+00
   9.999998627500000E-01   4.524872582500000E+00   3.558193410800000E-01   2.833242228400000E+01   1.819580501100000E+02   0.000000000000000E+00   0.000000000000000E+00   0.000000000000000E+00   0.000000000000000E+00
   9.999998825700001E-01   4.157437173600000E+00   3.544133319200000E-01   2.949385876000000E+01   2.109682575100000E+02   0.000000000000000E+00   0.000000000000000E+00   0.000000000000000E+00   0.000000000000000E+00
   9.999999024000000E-01   3.772701488700000E+00   3.529416724700000E-01   3.029496970000000E+01   2.411859466100000E+02   0.000000000000000E+00   0.000000000000000E+00   0.000000000000000E+00   0.000000000000000E+00
   9.999999222300000E-01   3.380825236200000E+00   3.514426472800000E-01   3.067487432700000E+01   2.713821116100000E+02   0.000000000000000E+00   0.000000000000000E+00   0.000000000000000E+00   0.000000000000000E+00
   9.999999416699999E-01   3.000516582200000E+00   3.499871928700000E-01   3.061164744800000E+01   2.996181656900000E+02   0.000000000000000E+00   0.000000000000000E+00   0.000000000000000E+00   0.000000000000000E+00
   9.999999611100000E-01   2.634610670900000E+00   3.485855808500000E-01   3.012740115900000E+01   3.251770400000000E+02   0.000000000000000E+00   0.000000000000000E+00   0.000000000000000E+00   0.000000000000000E+00
   9.999999805599999E-01   2.291922912700000E+00   3.472710900000000E-01   2.926436996600000E+01   3.469521679800000E+02   0.000000000000000E+00   0.000000000000000E+00   0.000000000000000E+00   0.000000000000000E+00
   1.000000000000000E+00   1.978880643800000E+00   3.460680579000000E-01   2.809083804300000E+01   3.641508827000000E+02   0.000000000000000E+00   0.000000000000000E+00   0.000000000000000E+00   0.000000000000000E+00
