   0.000000000000000E+00   4.926804996000000E-01   9.999999955900000E-01   1.684367405400000E+00   1.823074370600000E+00   0.000000000000000E+00   0.000000000000000E+00   0.000000000000000E+00   0.000000000000000E+00
   3.308145701300000E-04   6.126678712200000E-01   8.903450505400000E-01   1.598940586900000E+00   1.675924277200000E+00   0.000000000000000E+00   0.000000000000000E+00   0.000000000000000E+00   0.000000000000000E+00
   6.616291402600000E-04   7.472360968700000E-01   7.978622784700000E-01   1.553443544900000E+00   1.484725867100000E+00   0.000000000000000E+00   0.000000000000000E+00   0.000000000000000E+00   0.000000000000000E+00
   9.924437103900001E-04   8.973525288300001E-01   7.195285831300000E-01   1.493095922500000E+00   1.375051642100000E+00   0.000000000000000E+00   0.000000000000000E+00   0.000000000000000E+00   0.000000000000000E+00
   1.323258280500000E-03   1.061188184900000E+00   6.530262633900000E-01   1.469161293800000E+00   1.206209581500000E+00   0.000000000000000E+00   0.000000000000000E+00   0.000000000000000E+00   0.000000000000000E+00
   1.625443770000000E-03   1.222807707000000E+00   6.010921147700000E-01   1.411173521700000E+00   1.167220369900000E+00   0.000000000000000E+00   0.000000000000000E+00   0.000000000000000E+00   0.000000000000000E+00
   1.927629259600000E-03   1.392977600800000E+00   5.564134179400000E-01   1.387371477000000E+00   1.059648864900000E+00   0.000000000000000E+00   0.000000000000000E+00   0.000000000000000E+00   0.000000000000000E+00
   2.229814749100000E-03   1.570375748100000E+00   5.180642389700000E-01   1.344678943800000E+00   1.015756967000000E+00   0.000000000000000E+00   0.000000000000000E+00   0.000000000000000E+00   0.000000000000000E+00
   2.532000238600000E-03   1.751595351200000E+00   4.852541752500000E-01   1.335570289800000E+00   9.003843575300000E-01   0.000000000000000E+00   0.000000000000000E+00   0.000000000000000E+00   0.000000000000000E+00
   3.115083544700000E-03   2.102479202700000E+00   4.351566718100000E-01   1.263432493600000E+00   8.515437457600000E-01   0.000000000000000E+00   0.000000000000000E+00   0.000000000000000E+00   0.000000000000000E+00
   3.698166850800000E-03   2.433450132700000E+00   3.991074506700000E-01   1.230623616700000E+00   7.455008322300000E-01   0.000000000000000E+00   0.000000000000000E+00   0.000000000000000E+00   0.000000000000000E+00
   4.281250157000000E-03   2.724938633100000E+00   3.737486815800000E-01   1.184669054300000E+00   7.125573325800000E-01   0.000000000000000E+00   0.000000000000000E+00   0.000000000000000E+00   0.000000000000000E+00
   4.864333463100000E-03   2.962710615700000E+00   3.563060512300000E-01   1.178127343300000E+00   6.162118900600000E-01   0.000000000000000E+00   0.000000000000000E+00   0.000000000000000E+00   0.000000000000000E+00
   5.446143860700000E-03   3.146378408400000E+00   3.445855078000000E-01   1.137232444300000E+00   6.373653497800000E-01   0.000000000000000E+00   0.000000000000000E+00   0.000000000000000E+00   0.000000000000000E+00
   6.027954258300000E-03   3.279287686900000E+00   3.368155537100000E-01   1.133716988400000E+00   5.890349822199999E-01   0.000000000000000E+00   0.000000000000000E+00   0.000000000000000E+00   0.000000000000000E+00
   6.609764655900000E-03   3.372714172900000E+00   3.317335643200000E-01   1.113225385900000E+00   6.015068422500000E-01   0.000000000000000E+00   0.000000000000000E+00   0.000000000000000E+00   0.000000000000000E+00
   7.191575053500000E-03   3.435498838000000E+00   3.284352252600000E-01   1.127503294000000E+00   5.398424277600000E-01   0.000000000000000E+00   0.000000000000000E+00   0.000000000000000E+00   0.000000000000000E+00
   7.864509353800000E-03   3.482889840400000E+00   3.260568940600000E-01   1.101877193500000E+00   5.850380718100000E-01   0.000000000000000E+00   0.000000000000000E+00   0.000000000000000E+00   0.000000000000000E+00
   8.537443654100000E-03   3.511401113200000E+00   3.246358174500000E-01   1.109673932000000E+00   5.540025052600001E-01   0.000000000000000E+00   0.000000000000000E+00   0.000000000000000E+00   0.000000000000000E+00
   9.210377954400000E-03   3.528889620000000E+00   3.237894053500000E-01   1.097201464800000E+00   5.783346210300000E-01   0.000000000000000E+00   0.000000000000000E+00   0.000000000000000E+00   0.000000000000000E+00
   9.883312254800001E-03   3.538995648600000E+00   3.232833594700000E-01   1.116940537500000E+00   5.247511987300000E-01   0.000000000000000E+00   0.000000000000000E+00   0.000000000000000E+00   0.000000000000000E+00
   1.176606622000000E-02   3.551194515800000E+00   3.227104918800000E-01   1.094947826900000E+00   5.751206400900000E-01   0.000000000000000E+00   0.000000000000000E+00   0.000000000000000E+00   0.000000000000000E+00
   1.364882018600000E-02   3.553488057400000E+00   3.225927545800000E-01   1.105410277400000E+00   5.479460653300000E-01   0.000000000000000E+00   0.000000000000000E+00   0.000000000000000E+00   0.000000000000000E+00
   1.553157415100000E-02   3.554329438700000E+00   3.225598740500000E-01   1.094632502100000E+00   5.746687372200000E-01   0.000000000000000E+00   0.000000000000000E+00   0.000000000000000E+00   0.000000000000000E+00
   1.741432811600000E-02   3.554208075200000E+00   3.225512807000000E-01   1.115398812000000E+00   5.225859651800000E-01   0.000000000000000E+00   0.000000000000000E+00   0.000000000000000E+00   0.000000000000000E+00
   2.588139668000000E-02   3.554581986900000E+00   3.225477413700000E-01   1.094607565000000E+00   5.746312283300000E-01   0.000000000000000E+00   0.000000000000000E+00   0.000000000000000E+00   0.000000000000000E+00
   3.434846524300000E-02   3.554410985600000E+00   3.225485277600000E-01   1.105315707200000E+00   5.478177393200000E-01   0.000000000000000E+00   0.000000000000000E+00   0.000000000000000E+00   0.000000000000000E+00
   4.281553380600000E-02   3.554574620000000E+00   3.225480946100000E-01   1.094608535400000E+00   5.746317122200000E-01   0.000000000000000E+00   0.000000000000000E+00   0.000000000000000E+00   0.000000000000000E+00
   5.128260237000000E-02   3.554270120300000E+00   3.225483053700000E-01   1.115391099200000E+00   5.225807352400000E-01   0.000000000000000E+00   0.000000000000000E+00   0.000000000000000E+00   0.000000000000000E+00
   7.013761322600000E-02   3.554572762500000E+00   3.225481836100000E-01   1.094608862700000E+00   5.746316265900000E-01   0.000000000000000E+00   0.000000000000000E+00   0.000000000000000E+00   0.000000000000000E+00
   8.899262408300000E-02   3.554419274600000E+00   3.225481304100000E-01   1.105314475800000E+00   5.478175452000000E-01   0.000000000000000E+00   0.000000000000000E+00   0.000000000000000E+00   0.000000000000000E+00
   1.078476349400000E-01   3.554571471500000E+00   3.225482454700000E-01   1.094609095100000E+00   5.746315550700000E-01   0.000000000000000E+00   0.000000000000000E+00   0.000000000000000E+00   0.000000000000000E+00
   1.267026458000000E-01   3.554278824300000E+00   3.225478882900000E-01   1.115389567800000E+00   5.225811297200000E-01   0.000000000000000E+00   0.000000000000000E+00   0.000000000000000E+00   0.000000000000000E+00
   1.450668897700000E-01   3.554570672100000E+00   3.225482837600000E-01   1.094609263600000E+00   5.746314487100000E-01   0.000000000000000E+00   0.000000000000000E+00   0.000000000000000E+00   0.000000000000000E+00
   1.634311337400000E-01   3.554421580100000E+00   3.225480199900000E-01   1.105313995000000E+00   5.478178385800000E-01   0.000000000000000E+00   0.000000000000000E+00   0.000000000000000E+00   0.000000000000000E+00
   1.817953777100000E-01   3.554570008300000E+00   3.225483155300000E-01   1.094609435400000E+00   5.746312805500000E-01   0.000000000000000E+00   0.000000000000000E+00   0.000000000000000E+00   0.000000000000000E+00
   2.001596216800000E-01   3.554283312100000E+00   3.225476734700000E-01   1.115388444300000E+00   5.225821716800000E-01   0.000000000000000E+00   0.000000000000000E+00   0.000000000000000E+00   0.000000000000000E+00
   2.167387271000000E-01   3.554569580300000E+00   3.225483359900000E-01   1.094609572500000E+00   5.746311060600000E-01   0.000000000000000E+00   0.000000000000000E+00   0.000000000000000E+00   0.000000000000000E+00
   2.333178325100000E-01   3.554422792700000E+00   3.225479620000000E-01   1.105313607500000E+00   5.478183306600000E-01   0.000000000000000E+00   0.000000000000000E+00   0.000000000000000E+00   0.000000000000000E+00
   2.498969379200000E-01   3.554569230800000E+00   3.225483526800000E-01   1.094609723900000E+00   5.746308645800000E-01   0.000000000000000E+00   0.000000000000000E+00   0.000000000000000E+00   0.000000000000000E+00
   2.664760433300000E-01   3.554285705400000E+00   3.225475591800000E-01   1.115387459800000E+00   5.225836948300000E-01   0.000000000000000E+00   0.000000000000000E+00   0.000000000000000E+00   0.000000000000000E+00
   2.829683193600000E-01   3.554569026000000E+00   3.225483624400000E-01   1.094609843500000E+00   5.746306454400000E-01   0.000000000000000E+00   0.000000000000000E+00   0.000000000000000E+00   0.000000000000000E+00
   2.994605953900000E-01   3.554423390700000E+00   3.225479335100000E-01   1.105313267800000E+00   5.478189465500000E-01   0.000000000000000E+00   0.000000000000000E+00   0.000000000000000E+00   0.000000000000000E+00
   3.159528714200000E-01   3.554568863700000E+00   3.225483701400000E-01   1.094609976600000E+00   5.746303756300000E-01   0.000000000000000E+00   0.000000000000000E+00   0.000000000000000E+00   0.000000000000000E+00
   3.324451474500000E-01   3.554286817300000E+00   3.225475063600000E-01   1.115386600600000E+00   5.225854111900000E-01   0.000000000000000E+00   0.000000000000000E+00   0.000000000000000E+00   0.000000000000000E+00
   3.542725833600000E-01   3.554568783200000E+00   3.225483739400000E-01   1.094610071800000E+00   5.746301684900000E-01   0.000000000000000E+00   0.000000000000000E+00   0.000000000000000E+00   0.000000000000000E+00
   3.761000192600000E-01   3.554423642000000E+00   3.225479216200000E-01   1.105312996600000E+00   5.478195279300000E-01   0.000000000000000E+00   0.000000000000000E+00   0.000000000000000E+00   0.000000000000000E+00
   3.979274551700000E-01   3.554568719500000E+00   3.225483769400000E-01   1.094610166400000E+00   5.746299562000000E-01   0.000000000000000E+00   0.000000000000000E+00   0.000000000000000E+00   0.000000000000000E+00
   4.197548910800000E-01   3.554287240900000E+00   3.225474864300000E-01   1.115385993500000E+00   5.225867676300000E-01   0.000000000000000E+00   0.000000000000000E+00   0.000000000000000E+00   0.000000000000000E+00
   4.351851827800000E-01   3.554568668400000E+00   3.225483793300000E-01   1.094610262000000E+00   5.746297363100000E-01   0.000000000000000E+00   0.000000000000000E+00   0.000000000000000E+00   0.000000000000000E+00
   4.506154744900000E-01   3.554423778100000E+00   3.225479152700000E-01   1.105312727300000E+00   5.478201499899999E-01   0.000000000000000E+00   0.000000000000000E+00   0.000000000000000E+00   0.000000000000000E+00
   4.660457662000000E-01   3.554568624400000E+00   3.225483813500000E-01   1.094610391200000E+00   5.746294294099999E-01   0.000000000000000E+00   0.000000000000000E+00   0.000000000000000E+00   0.000000000000000E+00
   4.814760579100000E-01   3.554287544500000E+00   3.225474724200000E-01   1.115385164400000E+00   5.225887286400001E-01   0.000000000000000E+00   0.000000000000000E+00   0.000000000000000E+00   0.000000000000000E+00
   4.942236190500000E-01   3.554568595500000E+00   3.225483826500000E-01   1.094610511300000E+00   5.746291393100000E-01   0.000000000000000E+00   0.000000000000000E+00   0.000000000000000E+00   0.000000000000000E+00
   5.069711802000000E-01   3.554423858300000E+00   3.225479116500000E-01   1.105312388300000E+00   5.478209692700000E-01   0.000000000000000E+00   0.000000000000000E+00   0.000000000000000E+00   0.000000000000000E+00
   5.197187413400000E-01   3.554568573600000E+00   3.225483836000000E-01   1.094610664500000E+00   5.746287633600000E-01   0.000000000000000E+00   0.000000000000000E+00   0.000000000000000E+00   0.000000000000000E+00
   5.324663024800000E-01   3.554287700700000E+00   3.225474656000000E-01   1.115384182400000E+00   5.225911324800000E-01   0.000000000000000E+00   0.000000000000000E+00   0.000000000000000E+00   0.000000000000000E+00
   5.421527907500000E-01   3.554568558900000E+00   3.225483842000000E-01   1.094610814600000E+00   5.746283923200000E-01   0.000000000000000E+00   0.000000000000000E+00   0.000000000000000E+00   0.000000000000000E+00
   5.518392790100000E-01   3.554423898300000E+00   3.225479100300000E-01   1.105311964700000E+00   5.478220171000000E-01   0.000000000000000E+00   0.000000000000000E+00   0.000000000000000E+00   0.000000000000000E+00
   5.615257672800000E-01   3.554568548500000E+00   3.225483845600000E-01   1.094611014300000E+00   5.746278949500000E-01   0.000000000000000E+00   0.000000000000000E+00   0.000000000000000E+00   0.000000000000000E+00
   5.712122555400000E-01   3.554287778300000E+00   3.225474627500000E-01   1.115382902900000E+00   5.225943140700000E-01   0.000000000000000E+00   0.000000000000000E+00   0.000000000000000E+00   0.000000000000000E+00
   5.787224767600000E-01   3.554568541700000E+00   3.225483847600000E-01   1.094611208400000E+00   5.746274104700000E-01   0.000000000000000E+00   0.000000000000000E+00   0.000000000000000E+00   0.000000000000000E+00
   5.862326979800000E-01   3.554423917400000E+00   3.225479094900000E-01   1.105311416800000E+00   5.478233850200001E-01   0.000000000000000E+00   0.000000000000000E+00   0.000000000000000E+00   0.000000000000000E+00
   5.937429192000000E-01   3.554568536300000E+00   3.225483848400000E-01   1.094611465200000E+00   5.746267678900000E-01   0.000000000000000E+00   0.000000000000000E+00   0.000000000000000E+00   0.000000000000000E+00
   6.012531404200000E-01   3.554287818500000E+00   3.225474619600000E-01   1.115381258900000E+00   5.225984258100000E-01   0.000000000000000E+00   0.000000000000000E+00   0.000000000000000E+00   0.000000000000000E+00
   6.074050148300000E-01   3.554568532100000E+00   3.225483848700000E-01   1.094611707400000E+00   5.746261612900000E-01   0.000000000000000E+00   0.000000000000000E+00   0.000000000000000E+00   0.000000000000000E+00
   6.135568892300000E-01   3.554423929400000E+00   3.225479093900000E-01   1.105310732800000E+00   5.478250977500000E-01   0.000000000000000E+00   0.000000000000000E+00   0.000000000000000E+00   0.000000000000000E+00
   6.197087636400000E-01   3.554568527600000E+00   3.225483848700000E-01   1.094612020700000E+00   5.746253766200000E-01   0.000000000000000E+00   0.000000000000000E+00   0.000000000000000E+00   0.000000000000000E+00
   6.258606380500000E-01   3.554287849000000E+00   3.225474618900000E-01   1.115379253900000E+00   5.226034475100000E-01   0.000000000000000E+00   0.000000000000000E+00   0.000000000000000E+00   0.000000000000000E+00
   6.307824448800000E-01   3.554568523400000E+00   3.225483848600000E-01   1.094612320200000E+00   5.746246263200000E-01   0.000000000000000E+00   0.000000000000000E+00   0.000000000000000E+00   0.000000000000000E+00
   6.357042517100000E-01   3.554423941200000E+00   3.225479094100000E-01   1.105309887100000E+00   5.478272162100000E-01   0.000000000000000E+00   0.000000000000000E+00   0.000000000000000E+00   0.000000000000000E+00
   6.406260585300000E-01   3.554568518100000E+00   3.225483848500000E-01   1.094612711600000E+00   5.746236456200000E-01   0.000000000000000E+00   0.000000000000000E+00   0.000000000000000E+00   0.000000000000000E+00
   6.455478653600000E-01   3.554287883300000E+00   3.225474619700000E-01   1.115376748700000E+00   5.226097239200000E-01   0.000000000000000E+00   0.000000000000000E+00   0.000000000000000E+00   0.000000000000000E+00
   6.521769609900000E-01   3.554568514200000E+00   3.225483848400000E-01   1.094613001500000E+00   5.746229194300000E-01   0.000000000000000E+00   0.000000000000000E+00   0.000000000000000E+00   0.000000000000000E+00
   6.588060566200000E-01   3.554423952300000E+00   3.225479094400000E-01   1.105309068700000E+00   5.478292666500000E-01   0.000000000000000E+00   0.000000000000000E+00   0.000000000000000E+00   0.000000000000000E+00
   6.654351522500001E-01   3.554568510200000E+00   3.225483848200000E-01   1.094613292100000E+00   5.746221914100000E-01   0.000000000000000E+00   0.000000000000000E+00   0.000000000000000E+00   0.000000000000000E+00
   6.720642478800000E-01   3.554287908500000E+00   3.225474620500000E-01   1.115374888900000E+00   5.226143832900000E-01   0.000000000000000E+00   0.000000000000000E+00   0.000000000000000E+00   0.000000000000000E+00
   6.765709696400000E-01   3.554568506100000E+00   3.225483848100000E-01   1.094613597200000E+00   5.746214269100000E-01   0.000000000000000E+00   0.000000000000000E+00   0.000000000000000E+00   0.000000000000000E+00
   6.810776914100000E-01   3.554423963900000E+00   3.225479094800000E-01   1.105308207100000E+00   5.478314251900001E-01   0.000000000000000E+00   0.000000000000000E+00   0.000000000000000E+00   0.000000000000000E+00
   6.855844131700000E-01   3.554568500400000E+00   3.225483847900000E-01   1.094614024600000E+00   5.746203561800000E-01   0.000000000000000E+00   0.000000000000000E+00   0.000000000000000E+00   0.000000000000000E+00
   6.900911349300000E-01   3.554287945400000E+00   3.225474621800000E-01   1.115372153700000E+00   5.226212359500000E-01   0.000000000000000E+00   0.000000000000000E+00   0.000000000000000E+00   0.000000000000000E+00
   6.959257453900000E-01   3.554568496000000E+00   3.225483847800000E-01   1.094614346500000E+00   5.746195497000000E-01   0.000000000000000E+00   0.000000000000000E+00   0.000000000000000E+00   0.000000000000000E+00
   7.017603558500000E-01   3.554423976200000E+00   3.225479095200000E-01   1.105307298200000E+00   5.478337023400000E-01   0.000000000000000E+00   0.000000000000000E+00   0.000000000000000E+00   0.000000000000000E+00
   7.075949663100000E-01   3.554568491600000E+00   3.225483847600000E-01   1.094614676600000E+00   5.746187227800000E-01   0.000000000000000E+00   0.000000000000000E+00   0.000000000000000E+00   0.000000000000000E+00
   7.134295767700000E-01   3.554287973900000E+00   3.225474622700000E-01   1.115370041300000E+00   5.226265282200000E-01   0.000000000000000E+00   0.000000000000000E+00   0.000000000000000E+00   0.000000000000000E+00
   7.202632874100000E-01   3.554568488000000E+00   3.225483847500000E-01   1.094614936600000E+00   5.746180713300000E-01   0.000000000000000E+00   0.000000000000000E+00   0.000000000000000E+00   0.000000000000000E+00
   7.270969980600001E-01   3.554423986100000E+00   3.225479095500000E-01   1.105306564000000E+00   5.478355417500000E-01   0.000000000000000E+00   0.000000000000000E+00   0.000000000000000E+00   0.000000000000000E+00
   7.339307087000000E-01   3.554568484200000E+00   3.225483847400000E-01   1.094615218300000E+00   5.746173653900000E-01   0.000000000000000E+00   0.000000000000000E+00   0.000000000000000E+00   0.000000000000000E+00
   7.407644193400000E-01   3.554287998300000E+00   3.225474623500000E-01   1.115368238000000E+00   5.226310462100000E-01   0.000000000000000E+00   0.000000000000000E+00   0.000000000000000E+00   0.000000000000000E+00
   7.467068050400000E-01   3.554568480800000E+00   3.225483847300000E-01   1.094615475800000E+00   5.746167203800000E-01   0.000000000000000E+00   0.000000000000000E+00   0.000000000000000E+00   0.000000000000000E+00
   7.526491907400000E-01   3.554423995900000E+00   3.225479095800000E-01   1.105305837100000E+00   5.478373629600000E-01   0.000000000000000E+00   0.000000000000000E+00   0.000000000000000E+00   0.000000000000000E+00
   7.585915764400000E-01   3.554568476400000E+00   3.225483847100000E-01   1.094615799800000E+00   5.746159086500000E-01   0.000000000000000E+00   0.000000000000000E+00   0.000000000000000E+00   0.000000000000000E+00
   7.645339621300000E-01   3.554288026300000E+00   3.225474624400000E-01   1.115366164500000E+00   5.226362412500000E-01   0.000000000000000E+00   0.000000000000000E+00   0.000000000000000E+00   0.000000000000000E+00
   7.705918362600001E-01   3.554568472700000E+00   3.225483847000000E-01   1.094616072500000E+00   5.746152253100000E-01   0.000000000000000E+00   0.000000000000000E+00   0.000000000000000E+00   0.000000000000000E+00
   7.766497103800000E-01   3.554424006300000E+00   3.225479096200000E-01   1.105305067000000E+00   5.478392924000000E-01   0.000000000000000E+00   0.000000000000000E+00   0.000000000000000E+00   0.000000000000000E+00
   7.827075845000000E-01   3.554568468400000E+00   3.225483846900000E-01   1.094616390300000E+00   5.746144291600001E-01   0.000000000000000E+00   0.000000000000000E+00   0.000000000000000E+00   0.000000000000000E+00
   7.887654586200000E-01   3.554288053800000E+00   3.225474625300000E-01   1.115364130700000E+00   5.226413366000000E-01   0.000000000000000E+00   0.000000000000000E+00   0.000000000000000E+00   0.000000000000000E+00
   7.930681336900000E-01   3.554568464000000E+00   3.225483846700000E-01   1.094616715500000E+00   5.746136144500000E-01   0.000000000000000E+00   0.000000000000000E+00   0.000000000000000E+00   0.000000000000000E+00
   7.973708087600000E-01   3.554424018700000E+00   3.225479096600000E-01   1.105304148800000E+00   5.478415927200000E-01   0.000000000000000E+00   0.000000000000000E+00   0.000000000000000E+00   0.000000000000000E+00
   8.016734838300000E-01   3.554568458000000E+00   3.225483846500000E-01   1.094617162900000E+00   5.746124937000000E-01   0.000000000000000E+00   0.000000000000000E+00   0.000000000000000E+00   0.000000000000000E+00
   8.059761589100000E-01   3.554288092400000E+00   3.225474626600000E-01   1.115361267700000E+00   5.226485094200000E-01   0.000000000000000E+00   0.000000000000000E+00   0.000000000000000E+00   0.000000000000000E+00
   8.096299551300000E-01   3.554568452400000E+00   3.225483846300000E-01   1.094617576800000E+00   5.746114565500000E-01   0.000000000000000E+00   0.000000000000000E+00   0.000000000000000E+00   0.000000000000000E+00
   8.132837513600000E-01   3.554424034500000E+00   3.225479097100000E-01   1.105302980000000E+00   5.478445210900000E-01   0.000000000000000E+00   0.000000000000000E+00   0.000000000000000E+00   0.000000000000000E+00
   8.169375475900000E-01   3.554568445300000E+00   3.225483846100000E-01   1.094618103500000E+00   5.746101370200000E-01   0.000000000000000E+00   0.000000000000000E+00   0.000000000000000E+00   0.000000000000000E+00
   8.205913438100000E-01   3.554288137900000E+00   3.225474628100000E-01   1.115357896900000E+00   5.226569544200000E-01   0.000000000000000E+00   0.000000000000000E+00   0.000000000000000E+00   0.000000000000000E+00
   8.236764860900000E-01   3.554568438700000E+00   3.225483845900000E-01   1.094618592400000E+00   5.746089121700000E-01   0.000000000000000E+00   0.000000000000000E+00   0.000000000000000E+00   0.000000000000000E+00
   8.267616283700000E-01   3.554424053200000E+00   3.225479097700000E-01   1.105301599600000E+00   5.478479794400000E-01   0.000000000000000E+00   0.000000000000000E+00   0.000000000000000E+00   0.000000000000000E+00
   8.298467706400000E-01   3.554568430300000E+00   3.225483845600000E-01   1.094619216000000E+00   5.746073497800001E-01   0.000000000000000E+00   0.000000000000000E+00   0.000000000000000E+00   0.000000000000000E+00
   8.329319129200000E-01   3.554288191800000E+00   3.225474629900000E-01   1.115353905800000E+00   5.226669537200000E-01   0.000000000000000E+00   0.000000000000000E+00   0.000000000000000E+00   0.000000000000000E+00
   8.355355706900000E-01   3.554568422400000E+00   3.225483845300000E-01   1.094619795000000E+00   5.746058991200000E-01   0.000000000000000E+00   0.000000000000000E+00   0.000000000000000E+00   0.000000000000000E+00
   8.381392284500000E-01   3.554424075200000E+00   3.225479098400000E-01   1.105299964800000E+00   5.478520753500000E-01   0.000000000000000E+00   0.000000000000000E+00   0.000000000000000E+00   0.000000000000000E+00
   8.407428862200000E-01   3.554568412500000E+00   3.225483845000000E-01   1.094620533800000E+00   5.746040483000000E-01   0.000000000000000E+00   0.000000000000000E+00   0.000000000000000E+00   0.000000000000000E+00
   8.433465439800000E-01   3.554288255700000E+00   3.225474632000000E-01   1.115349177900000E+00   5.226787989500000E-01   0.000000000000000E+00   0.000000000000000E+00   0.000000000000000E+00   0.000000000000000E+00
   8.454700625500000E-01   3.554568403000000E+00   3.225483844700000E-01   1.094621232600000E+00   5.746022974900000E-01   0.000000000000000E+00   0.000000000000000E+00   0.000000000000000E+00   0.000000000000000E+00
   8.475935811100000E-01   3.554424101900000E+00   3.225479099300000E-01   1.105297991700000E+00   5.478570187100000E-01   0.000000000000000E+00   0.000000000000000E+00   0.000000000000000E+00   0.000000000000000E+00
   8.497170996800000E-01   3.554568390800000E+00   3.225483844300000E-01   1.094622138100000E+00   5.746000289300000E-01   0.000000000000000E+00   0.000000000000000E+00   0.000000000000000E+00   0.000000000000000E+00
   8.518406182500000E-01   3.554288333900000E+00   3.225474634500000E-01   1.115343382900000E+00   5.226933177000000E-01   0.000000000000000E+00   0.000000000000000E+00   0.000000000000000E+00   0.000000000000000E+00
   8.539891306300000E-01   3.554568380500000E+00   3.225483844000000E-01   1.094622903100000E+00   5.745981122200000E-01   0.000000000000000E+00   0.000000000000000E+00   0.000000000000000E+00   0.000000000000000E+00
   8.561376430199999E-01   3.554424131000000E+00   3.225479100300000E-01   1.105295831600000E+00   5.478624305999999E-01   0.000000000000000E+00   0.000000000000000E+00   0.000000000000000E+00   0.000000000000000E+00
   8.582861554000000E-01   3.554568368400000E+00   3.225483843600000E-01   1.094623797700000E+00   5.745958708600000E-01   0.000000000000000E+00   0.000000000000000E+00   0.000000000000000E+00   0.000000000000000E+00
   8.604346677900000E-01   3.554288411200000E+00   3.225474637100000E-01   1.115337657300000E+00   5.227076624200000E-01   0.000000000000000E+00   0.000000000000000E+00   0.000000000000000E+00   0.000000000000000E+00
   8.632392453800000E-01   3.554568359300000E+00   3.225483843300000E-01   1.094624469100000E+00   5.745941888600000E-01   0.000000000000000E+00   0.000000000000000E+00   0.000000000000000E+00   0.000000000000000E+00
   8.660438229800000E-01   3.554424156600000E+00   3.225479101100000E-01   1.105293935900000E+00   5.478671799100000E-01   0.000000000000000E+00   0.000000000000000E+00   0.000000000000000E+00   0.000000000000000E+00
   8.688484005700000E-01   3.554568350100000E+00   3.225483843000000E-01   1.094625154200000E+00   5.745924723600000E-01   0.000000000000000E+00   0.000000000000000E+00   0.000000000000000E+00   0.000000000000000E+00
   8.716529781700000E-01   3.554288470400000E+00   3.225474639000000E-01   1.115333272500000E+00   5.227186480700000E-01   0.000000000000000E+00   0.000000000000000E+00   0.000000000000000E+00   0.000000000000000E+00
   8.742306627700001E-01   3.554568341900000E+00   3.225483842700000E-01   1.094625762100000E+00   5.745909493100000E-01   0.000000000000000E+00   0.000000000000000E+00   0.000000000000000E+00   0.000000000000000E+00
   8.768083473700000E-01   3.554424179800000E+00   3.225479101900000E-01   1.105292219500000E+00   5.478714802400000E-01   0.000000000000000E+00   0.000000000000000E+00   0.000000000000000E+00   0.000000000000000E+00
   8.793860319600000E-01   3.554568331800000E+00   3.225483842400000E-01   1.094626507300000E+00   5.745890822400000E-01   0.000000000000000E+00   0.000000000000000E+00   0.000000000000000E+00   0.000000000000000E+00
   8.819637165600001E-01   3.554288534800000E+00   3.225474641100000E-01   1.115328503100000E+00   5.227305973100000E-01   0.000000000000000E+00   0.000000000000000E+00   0.000000000000000E+00   0.000000000000000E+00
   8.841967371000000E-01   3.554568322600000E+00   3.225483842100000E-01   1.094627189500000E+00   5.745873730000000E-01   0.000000000000000E+00   0.000000000000000E+00   0.000000000000000E+00   0.000000000000000E+00
   8.864297576400000E-01   3.554424205800000E+00   3.225479102700000E-01   1.105290293300000E+00   5.478763062599999E-01   0.000000000000000E+00   0.000000000000000E+00   0.000000000000000E+00   0.000000000000000E+00
   8.886627781699999E-01   3.554568311000000E+00   3.225483841700000E-01   1.094628049500000E+00   5.745852184400000E-01   0.000000000000000E+00   0.000000000000000E+00   0.000000000000000E+00   0.000000000000000E+00
   8.908957987100000E-01   3.554288609100000E+00   3.225474643600000E-01   1.115322999300000E+00   5.227443864800000E-01   0.000000000000000E+00   0.000000000000000E+00   0.000000000000000E+00   0.000000000000000E+00
   8.932034248500000E-01   3.554568301300000E+00   3.225483841400000E-01   1.094628768500000E+00   5.745834169800000E-01   0.000000000000000E+00   0.000000000000000E+00   0.000000000000000E+00   0.000000000000000E+00
   8.955110509799999E-01   3.554424233200000E+00   3.225479103600000E-01   1.105288263000000E+00   5.478813927500000E-01   0.000000000000000E+00   0.000000000000000E+00   0.000000000000000E+00   0.000000000000000E+00
   8.978186771200000E-01   3.554568290000000E+00   3.225483841000000E-01   1.094629600400000E+00   5.745813327800000E-01   0.000000000000000E+00   0.000000000000000E+00   0.000000000000000E+00   0.000000000000000E+00
   9.001263032600000E-01   3.554288681000000E+00   3.225474645900000E-01   1.115317675200000E+00   5.227577253600000E-01   0.000000000000000E+00   0.000000000000000E+00   0.000000000000000E+00   0.000000000000000E+00
   9.031262070800000E-01   3.554568281600000E+00   3.225483840700000E-01   1.094630225800000E+00   5.745797659000000E-01   0.000000000000000E+00   0.000000000000000E+00   0.000000000000000E+00   0.000000000000000E+00
   9.061261108999999E-01   3.554424257100000E+00   3.225479104400000E-01   1.105286497200000E+00   5.478858170000001E-01   0.000000000000000E+00   0.000000000000000E+00   0.000000000000000E+00   0.000000000000000E+00
   9.091260147200000E-01   3.554568273000000E+00   3.225483840400000E-01   1.094630865600000E+00   5.745781631400000E-01   0.000000000000000E+00   0.000000000000000E+00   0.000000000000000E+00   0.000000000000000E+00
   9.121259185400000E-01   3.554288736300000E+00   3.225474647800000E-01   1.115313581000000E+00   5.227679830600001E-01   0.000000000000000E+00   0.000000000000000E+00   0.000000000000000E+00   0.000000000000000E+00
   9.145039681600000E-01   3.554568264700000E+00   3.225483840200000E-01   1.094631480300000E+00   5.745766228400000E-01   0.000000000000000E+00   0.000000000000000E+00   0.000000000000000E+00   0.000000000000000E+00
   9.168820177900000E-01   3.554424280500000E+00   3.225479105200000E-01   1.105284761300000E+00   5.478901659800000E-01   0.000000000000000E+00   0.000000000000000E+00   0.000000000000000E+00   0.000000000000000E+00
   9.192600674100000E-01   3.554568253800000E+00   3.225483839800000E-01   1.094632287100000E+00   5.745746015400000E-01   0.000000000000000E+00   0.000000000000000E+00   0.000000000000000E+00   0.000000000000000E+00
   9.216381170300000E-01   3.554288806000000E+00   3.225474650000000E-01   1.115308417600000E+00   5.227809194000000E-01   0.000000000000000E+00   0.000000000000000E+00   0.000000000000000E+00   0.000000000000000E+00
   9.235187150000000E-01   3.554568243300000E+00   3.225483839500000E-01   1.094633063500000E+00   5.745726564700000E-01   0.000000000000000E+00   0.000000000000000E+00   0.000000000000000E+00   0.000000000000000E+00
   9.253993129700000E-01   3.554424310100000E+00   3.225479106200000E-01   1.105282569300000E+00   5.478956577500000E-01   0.000000000000000E+00   0.000000000000000E+00   0.000000000000000E+00   0.000000000000000E+00
   9.272799109400000E-01   3.554568229500000E+00   3.225483839000000E-01   1.094634083300000E+00   5.745701014300000E-01   0.000000000000000E+00   0.000000000000000E+00   0.000000000000000E+00   0.000000000000000E+00
   9.291605089000000E-01   3.554288894100000E+00   3.225474652900000E-01   1.115301890800000E+00   5.227972716700000E-01   0.000000000000000E+00   0.000000000000000E+00   0.000000000000000E+00   0.000000000000000E+00
   9.306134327000000E-01   3.554568216100000E+00   3.225483838600000E-01   1.094635077500000E+00   5.745676104500000E-01   0.000000000000000E+00   0.000000000000000E+00   0.000000000000000E+00   0.000000000000000E+00
   9.320663565000000E-01   3.554424348000000E+00   3.225479107400000E-01   1.105279762200000E+00   5.479026907800000E-01   0.000000000000000E+00   0.000000000000000E+00   0.000000000000000E+00   0.000000000000000E+00
   9.335192802900000E-01   3.554568198300000E+00   3.225483838000000E-01   1.094636396900000E+00   5.745643048600000E-01   0.000000000000000E+00   0.000000000000000E+00   0.000000000000000E+00   0.000000000000000E+00
   9.349722040900000E-01   3.554289008100000E+00   3.225474656700000E-01   1.115293446800000E+00   5.228184274400000E-01   0.000000000000000E+00   0.000000000000000E+00   0.000000000000000E+00   0.000000000000000E+00
   9.361963143499999E-01   3.554568181700000E+00   3.225483837400000E-01   1.094637622900000E+00   5.745612332600000E-01   0.000000000000000E+00   0.000000000000000E+00   0.000000000000000E+00   0.000000000000000E+00
   9.374204246000000E-01   3.554424394700000E+00   3.225479108900000E-01   1.105276300700000E+00   5.479113632200000E-01   0.000000000000000E+00   0.000000000000000E+00   0.000000000000000E+00   0.000000000000000E+00
   9.386445348500000E-01   3.554568160600000E+00   3.225483836700000E-01   1.094639188000000E+00   5.745573120400000E-01   0.000000000000000E+00   0.000000000000000E+00   0.000000000000000E+00   0.000000000000000E+00
   9.398686451100000E-01   3.554289143400000E+00   3.225474661100000E-01   1.115283430200000E+00   5.228435232400001E-01   0.000000000000000E+00   0.000000000000000E+00   0.000000000000000E+00   0.000000000000000E+00
   9.414926849200000E-01   3.554568144900000E+00   3.225483836200000E-01   1.094640354100000E+00   5.745543904000000E-01   0.000000000000000E+00   0.000000000000000E+00   0.000000000000000E+00   0.000000000000000E+00
   9.431167247300000E-01   3.554424439200000E+00   3.225479110400000E-01   1.105273007900000E+00   5.479196130500000E-01   0.000000000000000E+00   0.000000000000000E+00   0.000000000000000E+00   0.000000000000000E+00
   9.447407645300000E-01   3.554568128900000E+00   3.225483835700000E-01   1.094641533100000E+00   5.745514364200000E-01   0.000000000000000E+00   0.000000000000000E+00   0.000000000000000E+00   0.000000000000000E+00
   9.463648043400000E-01   3.554289245200000E+00   3.225474664500000E-01   1.115275884400000E+00   5.228624287000000E-01   0.000000000000000E+00   0.000000000000000E+00   0.000000000000000E+00   0.000000000000000E+00
   9.479589230400000E-01   3.554568115300000E+00   3.225483835300000E-01   1.094642544500000E+00   5.745489025700000E-01   0.000000000000000E+00   0.000000000000000E+00   0.000000000000000E+00   0.000000000000000E+00
   9.495530417300000E-01   3.554424477800000E+00   3.225479111700000E-01   1.105270152400000E+00   5.479267674300000E-01   0.000000000000000E+00   0.000000000000000E+00   0.000000000000000E+00   0.000000000000000E+00
   9.511471604200000E-01   3.554568099100000E+00   3.225483834700000E-01   1.094643745100000E+00   5.745458945700000E-01   0.000000000000000E+00   0.000000000000000E+00   0.000000000000000E+00   0.000000000000000E+00
   9.527412791100000E-01   3.554289349000000E+00   3.225474667900000E-01   1.115268200600000E+00   5.228816798600000E-01   0.000000000000000E+00   0.000000000000000E+00   0.000000000000000E+00   0.000000000000000E+00
   9.535036179000000E-01   3.554568077800000E+00   3.225483834000000E-01   1.094645322100000E+00   5.745419434700000E-01   0.000000000000000E+00   0.000000000000000E+00   0.000000000000000E+00   0.000000000000000E+00
   9.542659567000000E-01   3.554424537900000E+00   3.225479113600000E-01   1.105265700500000E+00   5.479379213000000E-01   0.000000000000000E+00   0.000000000000000E+00   0.000000000000000E+00   0.000000000000000E+00
   9.550282954900000E-01   3.554568043900000E+00   3.225483832900000E-01   1.094647830800000E+00   5.745356581500000E-01   0.000000000000000E+00   0.000000000000000E+00   0.000000000000000E+00   0.000000000000000E+00
   9.557906342900000E-01   3.554289565700000E+00   3.225474675000000E-01   1.115252145100000E+00   5.229219059200000E-01   0.000000000000000E+00   0.000000000000000E+00   0.000000000000000E+00   0.000000000000000E+00
   9.566326436000000E-01   3.554568016500000E+00   3.225483832000000E-01   1.094649861200000E+00   5.745305710200000E-01   0.000000000000000E+00   0.000000000000000E+00   0.000000000000000E+00   0.000000000000000E+00
   9.574746529100000E-01   3.554424615300000E+00   3.225479116200000E-01   1.105259967300000E+00   5.479522854500000E-01   0.000000000000000E+00   0.000000000000000E+00   0.000000000000000E+00   0.000000000000000E+00
   9.583166622100000E-01   3.554567985900000E+00   3.225483831000000E-01   1.094652130300000E+00   5.745248858500001E-01   0.000000000000000E+00   0.000000000000000E+00   0.000000000000000E+00   0.000000000000000E+00
   9.591586715200000E-01   3.554289761800000E+00   3.225474681500000E-01   1.115237622700000E+00   5.229582910300000E-01   0.000000000000000E+00   0.000000000000000E+00   0.000000000000000E+00   0.000000000000000E+00
   9.601339501600000E-01   3.554567961600000E+00   3.225483830200000E-01   1.094653926400000E+00   5.745203857700000E-01   0.000000000000000E+00   0.000000000000000E+00   0.000000000000000E+00   0.000000000000000E+00
   9.611092288000000E-01   3.554424683700000E+00   3.225479118400000E-01   1.105254895700000E+00   5.479649921400001E-01   0.000000000000000E+00   0.000000000000000E+00   0.000000000000000E+00   0.000000000000000E+00
   9.620845074400000E-01   3.554567935200000E+00   3.225483829300000E-01   1.094655883800000E+00   5.745154816200000E-01   0.000000000000000E+00   0.000000000000000E+00   0.000000000000000E+00   0.000000000000000E+00
   9.630597860800000E-01   3.554289930900000E+00   3.225474687000000E-01   1.115225095400000E+00   5.229896776600000E-01   0.000000000000000E+00   0.000000000000000E+00   0.000000000000000E+00   0.000000000000000E+00
   9.637768685000000E-01   3.554567908700000E+00   3.225483828500000E-01   1.094657846500000E+00   5.745105642600000E-01   0.000000000000000E+00   0.000000000000000E+00   0.000000000000000E+00   0.000000000000000E+00
   9.644939509300000E-01   3.554424758500000E+00   3.225479120900000E-01   1.105249354700000E+00   5.479788749700000E-01   0.000000000000000E+00   0.000000000000000E+00   0.000000000000000E+00   0.000000000000000E+00
   9.652110333500000E-01   3.554567872800000E+00   3.225483827300000E-01   1.094660506200000E+00   5.745039004500000E-01   0.000000000000000E+00   0.000000000000000E+00   0.000000000000000E+00   0.000000000000000E+00
   9.659281157800000E-01   3.554290160700000E+00   3.225474694600000E-01   1.115208073300000E+00   5.230323260300000E-01   0.000000000000000E+00   0.000000000000000E+00   0.000000000000000E+00   0.000000000000000E+00
   9.666145841400000E-01   3.554567841600000E+00   3.225483826300000E-01   1.094662816100000E+00   5.744981129400000E-01   0.000000000000000E+00   0.000000000000000E+00   0.000000000000000E+00   0.000000000000000E+00
   9.673010525100000E-01   3.554424846600000E+00   3.225479123800000E-01   1.105242832600000E+00   5.479952158800000E-01   0.000000000000000E+00   0.000000000000000E+00   0.000000000000000E+00   0.000000000000000E+00
   9.679875208800000E-01   3.554567804100000E+00   3.225483825000000E-01   1.094665591400000E+00   5.744911595400000E-01   0.000000000000000E+00   0.000000000000000E+00   0.000000000000000E+00   0.000000000000000E+00
   9.686739892400000E-01   3.554290400400000E+00   3.225474702400000E-01   1.115190311500000E+00   5.230768278500000E-01   0.000000000000000E+00   0.000000000000000E+00   0.000000000000000E+00   0.000000000000000E+00
   9.693479966600000E-01   3.554567772000000E+00   3.225483824000000E-01   1.094667970900000E+00   5.744851978000000E-01   0.000000000000000E+00   0.000000000000000E+00   0.000000000000000E+00   0.000000000000000E+00
   9.700220040800001E-01   3.554424937300000E+00   3.225479126800000E-01   1.105236114200000E+00   5.480120488900000E-01   0.000000000000000E+00   0.000000000000000E+00   0.000000000000000E+00   0.000000000000000E+00
   9.706960115000000E-01   3.554567733900000E+00   3.225483822700000E-01   1.094670794300000E+00   5.744781237900000E-01   0.000000000000000E+00   0.000000000000000E+00   0.000000000000000E+00   0.000000000000000E+00
   9.713700189200000E-01   3.554290644300000E+00   3.225474710500000E-01   1.115172241800000E+00   5.231221015000000E-01   0.000000000000000E+00   0.000000000000000E+00   0.000000000000000E+00   0.000000000000000E+00
   9.724240093099999E-01   3.554567707400000E+00   3.225483821800000E-01   1.094672760300000E+00   5.744731979600000E-01   0.000000000000000E+00   0.000000000000000E+00   0.000000000000000E+00   0.000000000000000E+00
   9.734779996900000E-01   3.554425012200000E+00   3.225479129200000E-01   1.105230562300000E+00   5.480259592500000E-01   0.000000000000000E+00   0.000000000000000E+00   0.000000000000000E+00   0.000000000000000E+00
   9.745319900700000E-01   3.554567683000000E+00   3.225483821000000E-01   1.094674564100000E+00   5.744686784700000E-01   0.000000000000000E+00   0.000000000000000E+00   0.000000000000000E+00   0.000000000000000E+00
   9.755859804600000E-01   3.554290800200000E+00   3.225474715600000E-01   1.115160697400000E+00   5.231510262700000E-01   0.000000000000000E+00   0.000000000000000E+00   0.000000000000000E+00   0.000000000000000E+00
   9.762987960300000E-01   3.554567657400000E+00   3.225483820200000E-01   1.094676463700000E+00   5.744639189500000E-01   0.000000000000000E+00   0.000000000000000E+00   0.000000000000000E+00   0.000000000000000E+00
   9.770116116000001E-01   3.554425084600000E+00   3.225479131600000E-01   1.105225199300000E+00   5.480393961400000E-01   0.000000000000000E+00   0.000000000000000E+00   0.000000000000000E+00   0.000000000000000E+00
   9.777244271800000E-01   3.554567621400000E+00   3.225483819000000E-01   1.094679128500000E+00   5.744572422899999E-01   0.000000000000000E+00   0.000000000000000E+00   0.000000000000000E+00   0.000000000000000E+00
   9.784372427500000E-01   3.554291030300000E+00   3.225474723100000E-01   1.115143642800000E+00   5.231937568800000E-01   0.000000000000000E+00   0.000000000000000E+00   0.000000000000000E+00   0.000000000000000E+00
   9.789515165400000E-01   3.554567585000000E+00   3.225483817800000E-01   1.094681829500000E+00   5.744504747200000E-01   0.000000000000000E+00   0.000000000000000E+00   0.000000000000000E+00   0.000000000000000E+00
   9.794657903200000E-01   3.554425187500000E+00   3.225479135000000E-01   1.105217574000000E+00   5.480585016100000E-01   0.000000000000000E+00   0.000000000000000E+00   0.000000000000000E+00   0.000000000000000E+00
   9.799800641100000E-01   3.554567535200000E+00   3.225483816200000E-01   1.094685518300000E+00   5.744412322900000E-01   0.000000000000000E+00   0.000000000000000E+00   0.000000000000000E+00   0.000000000000000E+00
   9.804943379000000E-01   3.554291349000000E+00   3.225474733600000E-01   1.115120034500000E+00   5.232529084500001E-01   0.000000000000000E+00   0.000000000000000E+00   0.000000000000000E+00   0.000000000000000E+00
   9.809908484500000E-01   3.554567492100000E+00   3.225483814800000E-01   1.094688707500000E+00   5.744332415400000E-01   0.000000000000000E+00   0.000000000000000E+00   0.000000000000000E+00   0.000000000000000E+00
   9.814873589999999E-01   3.554425309000000E+00   3.225479139000000E-01   1.105208569400000E+00   5.480810632599999E-01   0.000000000000000E+00   0.000000000000000E+00   0.000000000000000E+00   0.000000000000000E+00
   9.819838695500001E-01   3.554567440600000E+00   3.225483813100000E-01   1.094692522500000E+00   5.744236829300000E-01   0.000000000000000E+00   0.000000000000000E+00   0.000000000000000E+00   0.000000000000000E+00
   9.824803801000001E-01   3.554291678500000E+00   3.225474744400000E-01   1.115095618800000E+00   5.233140836300000E-01   0.000000000000000E+00   0.000000000000000E+00   0.000000000000000E+00   0.000000000000000E+00
   9.829290641100000E-01   3.554567394600000E+00   3.225483811600000E-01   1.094695935500000E+00   5.744151313800000E-01   0.000000000000000E+00   0.000000000000000E+00   0.000000000000000E+00   0.000000000000000E+00
   9.833777481200000E-01   3.554425439100000E+00   3.225479143300000E-01   1.105198933200000E+00   5.481052073300000E-01   0.000000000000000E+00   0.000000000000000E+00   0.000000000000000E+00   0.000000000000000E+00
   9.838264321300000E-01   3.554567337700000E+00   3.225483809700000E-01   1.094700150200000E+00   5.744045710200000E-01   0.000000000000000E+00   0.000000000000000E+00   0.000000000000000E+00   0.000000000000000E+00
   9.842751161400000E-01   3.554292042400000E+00   3.225474756400000E-01   1.115068644500000E+00   5.233816700100000E-01   0.000000000000000E+00   0.000000000000000E+00   0.000000000000000E+00   0.000000000000000E+00
   9.846276761500000E-01   3.554567282800000E+00   3.225483807900000E-01   1.094704218000000E+00   5.743943787500000E-01   0.000000000000000E+00   0.000000000000000E+00   0.000000000000000E+00   0.000000000000000E+00
   9.849802361600000E-01   3.554425594100000E+00   3.225479148300000E-01   1.105187449700000E+00   5.481339804499999E-01   0.000000000000000E+00   0.000000000000000E+00   0.000000000000000E+00   0.000000000000000E+00
   9.853327961600000E-01   3.554567210500000E+00   3.225483805500000E-01   1.094709571400000E+00   5.743809651400000E-01   0.000000000000000E+00   0.000000000000000E+00   0.000000000000000E+00   0.000000000000000E+00
   9.856853561700000E-01   3.554292504700000E+00   3.225474771600000E-01   1.115034382700000E+00   5.234675172400000E-01   0.000000000000000E+00   0.000000000000000E+00   0.000000000000000E+00   0.000000000000000E+00
   9.859573181400000E-01   3.554567140100000E+00   3.225483803200000E-01   1.094714791100000E+00   5.743678865600000E-01   0.000000000000000E+00   0.000000000000000E+00   0.000000000000000E+00   0.000000000000000E+00
   9.862292801000000E-01   3.554425792900000E+00   3.225479154900000E-01   1.105172715400000E+00   5.481708992400000E-01   0.000000000000000E+00   0.000000000000000E+00   0.000000000000000E+00   0.000000000000000E+00
   9.865012420700000E-01   3.554567046600000E+00   3.225483800100000E-01   1.094721713700000E+00   5.743505409700000E-01   0.000000000000000E+00   0.000000000000000E+00   0.000000000000000E+00   0.000000000000000E+00
   9.867732040400000E-01   3.554293102600000E+00   3.225474791200000E-01   1.114990078100000E+00   5.235785293600000E-01   0.000000000000000E+00   0.000000000000000E+00   0.000000000000000E+00   0.000000000000000E+00
   9.870724258400000E-01   3.554566971100000E+00   3.225483797600000E-01   1.094727321600000E+00   5.743364892200000E-01   0.000000000000000E+00   0.000000000000000E+00   0.000000000000000E+00   0.000000000000000E+00
   9.873716476500000E-01   3.554426006600000E+00   3.225479161900000E-01   1.105156879700000E+00   5.482105785000000E-01   0.000000000000000E+00   0.000000000000000E+00   0.000000000000000E+00   0.000000000000000E+00
   9.876708694500000E-01   3.554566886300000E+00   3.225483794900000E-01   1.094733596600000E+00   5.743207660600000E-01   0.000000000000000E+00   0.000000000000000E+00   0.000000000000000E+00   0.000000000000000E+00
   9.879700912500000E-01   3.554293644400000E+00   3.225474809000000E-01   1.114949918400000E+00   5.236791578400000E-01   0.000000000000000E+00   0.000000000000000E+00   0.000000000000000E+00   0.000000000000000E+00
   9.883579361100000E-01   3.554566822800000E+00   3.225483792800000E-01   1.094738314200000E+00   5.743089447300000E-01   0.000000000000000E+00   0.000000000000000E+00   0.000000000000000E+00   0.000000000000000E+00
   9.887457809700000E-01   3.554426186300000E+00   3.225479167800000E-01   1.105143556200000E+00   5.482439636400001E-01   0.000000000000000E+00   0.000000000000000E+00   0.000000000000000E+00   0.000000000000000E+00
   9.891336258300000E-01   3.554566757600000E+00   3.225483790600000E-01   1.094743144300000E+00   5.742968417100000E-01   0.000000000000000E+00   0.000000000000000E+00   0.000000000000000E+00   0.000000000000000E+00
   9.895214706900000E-01   3.554294061300000E+00   3.225474822700000E-01   1.114919005800000E+00   5.237566173100000E-01   0.000000000000000E+00   0.000000000000000E+00   0.000000000000000E+00   0.000000000000000E+00
   9.897503766100000E-01   3.554566683000000E+00   3.225483788200000E-01   1.094748671300000E+00   5.742829924100000E-01   0.000000000000000E+00   0.000000000000000E+00   0.000000000000000E+00   0.000000000000000E+00
   9.899792825300000E-01   3.554426396700000E+00   3.225479174700000E-01   1.105127958800000E+00   5.482830474200000E-01   0.000000000000000E+00   0.000000000000000E+00   0.000000000000000E+00   0.000000000000000E+00
   9.902081884600000E-01   3.554566572800000E+00   3.225483784600000E-01   1.094756833300000E+00   5.742625401400000E-01   0.000000000000000E+00   0.000000000000000E+00   0.000000000000000E+00   0.000000000000000E+00
   9.904370943800000E-01   3.554294765900000E+00   3.225474845900000E-01   1.114866769100000E+00   5.238875123200000E-01   0.000000000000000E+00   0.000000000000000E+00   0.000000000000000E+00   0.000000000000000E+00
   9.907493808300000E-01   3.554566492100000E+00   3.225483781900000E-01   1.094762833600000E+00   5.742475042400000E-01   0.000000000000000E+00   0.000000000000000E+00   0.000000000000000E+00   0.000000000000000E+00
   9.910616672900000E-01   3.554426625200000E+00   3.225479182200000E-01   1.105111011000000E+00   5.483255158400000E-01   0.000000000000000E+00   0.000000000000000E+00   0.000000000000000E+00   0.000000000000000E+00
   9.913739537400000E-01   3.554566411600000E+00   3.225483779300000E-01   1.094768798900000E+00   5.742325559600000E-01   0.000000000000000E+00   0.000000000000000E+00   0.000000000000000E+00   0.000000000000000E+00
   9.916862402000000E-01   3.554295280600000E+00   3.225474862800000E-01   1.114828591200000E+00   5.239831815100000E-01   0.000000000000000E+00   0.000000000000000E+00   0.000000000000000E+00   0.000000000000000E+00
   9.918869179499999E-01   3.554566324300000E+00   3.225483776400000E-01   1.094775273100000E+00   5.742163320000000E-01   0.000000000000000E+00   0.000000000000000E+00   0.000000000000000E+00   0.000000000000000E+00
   9.920875957000000E-01   3.554426871600000E+00   3.225479190300000E-01   1.105092740100000E+00   5.483713012000000E-01   0.000000000000000E+00   0.000000000000000E+00   0.000000000000000E+00   0.000000000000000E+00
   9.922882734600000E-01   3.554566199400000E+00   3.225483772300000E-01   1.094784526900000E+00   5.741931427400000E-01   0.000000000000000E+00   0.000000000000000E+00   0.000000000000000E+00   0.000000000000000E+00
   9.924889512100000E-01   3.554296078900000E+00   3.225474889000000E-01   1.114769367500000E+00   5.241315935400001E-01   0.000000000000000E+00   0.000000000000000E+00   0.000000000000000E+00   0.000000000000000E+00
   9.926476306300001E-01   3.554566079600000E+00   3.225483768300000E-01   1.094793418100000E+00   5.741708611200000E-01   0.000000000000000E+00   0.000000000000000E+00   0.000000000000000E+00   0.000000000000000E+00
   9.928063100500000E-01   3.554427209900000E+00   3.225479201400000E-01   1.105067644900000E+00   5.484341900100000E-01   0.000000000000000E+00   0.000000000000000E+00   0.000000000000000E+00   0.000000000000000E+00
   9.929649894700000E-01   3.554565922300000E+00   3.225483763200000E-01   1.094805070300000E+00   5.741416603500000E-01   0.000000000000000E+00   0.000000000000000E+00   0.000000000000000E+00   0.000000000000000E+00
   9.931236688900000E-01   3.554297084100000E+00   3.225474922000000E-01   1.114694793800000E+00   5.243184798100000E-01   0.000000000000000E+00   0.000000000000000E+00   0.000000000000000E+00   0.000000000000000E+00
   9.932846238000000E-01   3.554565790400000E+00   3.225483758800000E-01   1.094814880400000E+00   5.741170744200000E-01   0.000000000000000E+00   0.000000000000000E+00   0.000000000000000E+00   0.000000000000000E+00
   9.934455787100001E-01   3.554427583300000E+00   3.225479213700000E-01   1.105039944600000E+00   5.485036106300000E-01   0.000000000000000E+00   0.000000000000000E+00   0.000000000000000E+00   0.000000000000000E+00
   9.936065336200000E-01   3.554565636100000E+00   3.225483753800000E-01   1.094826312500000E+00   5.740884235700000E-01   0.000000000000000E+00   0.000000000000000E+00   0.000000000000000E+00   0.000000000000000E+00
   9.937674885300000E-01   3.554298070100000E+00   3.225474954400000E-01   1.114621628800000E+00   5.245018464700000E-01   0.000000000000000E+00   0.000000000000000E+00   0.000000000000000E+00   0.000000000000000E+00
   9.939473004700000E-01   3.554565512600000E+00   3.225483749700000E-01   1.094835497100000E+00   5.740654040099999E-01   0.000000000000000E+00   0.000000000000000E+00   0.000000000000000E+00   0.000000000000000E+00
   9.941271124100000E-01   3.554427932700000E+00   3.225479225100000E-01   1.105014006400000E+00   5.485686189400000E-01   0.000000000000000E+00   0.000000000000000E+00   0.000000000000000E+00   0.000000000000000E+00
   9.943069243500000E-01   3.554565375200000E+00   3.225483745200000E-01   1.094845683900000E+00   5.740398726500000E-01   0.000000000000000E+00   0.000000000000000E+00   0.000000000000000E+00   0.000000000000000E+00
   9.944867362900000E-01   3.554298948300000E+00   3.225474983200000E-01   1.114556434100000E+00   5.246652480900000E-01   0.000000000000000E+00   0.000000000000000E+00   0.000000000000000E+00   0.000000000000000E+00
   9.947030559800000E-01   3.554565268900000E+00   3.225483741700000E-01   1.094853593600000E+00   5.740200470300000E-01   0.000000000000000E+00   0.000000000000000E+00   0.000000000000000E+00   0.000000000000000E+00
   9.949193756700000E-01   3.554428233500000E+00   3.225479235000000E-01   1.104991666700000E+00   5.486246120600000E-01   0.000000000000000E+00   0.000000000000000E+00   0.000000000000000E+00   0.000000000000000E+00
   9.951356953600000E-01   3.554565155300000E+00   3.225483738000000E-01   1.094862027900000E+00   5.739989067100000E-01   0.000000000000000E+00   0.000000000000000E+00   0.000000000000000E+00   0.000000000000000E+00
   9.953520150500000E-01   3.554299674700000E+00   3.225475007000000E-01   1.114502455400000E+00   5.248005468100000E-01   0.000000000000000E+00   0.000000000000000E+00   0.000000000000000E+00   0.000000000000000E+00
   9.955027924099999E-01   3.554565038000000E+00   3.225483734100000E-01   1.094870742100000E+00   5.739770634700000E-01   0.000000000000000E+00   0.000000000000000E+00   0.000000000000000E+00   0.000000000000000E+00
   9.956535697700000E-01   3.554428564500000E+00   3.225479245900000E-01   1.104967076000000E+00   5.486862514500001E-01   0.000000000000000E+00   0.000000000000000E+00   0.000000000000000E+00   0.000000000000000E+00
   9.958043471300000E-01   3.554564875600000E+00   3.225483728800000E-01   1.094882790000000E+00   5.739468633900000E-01   0.000000000000000E+00   0.000000000000000E+00   0.000000000000000E+00   0.000000000000000E+00
   9.959551244900000E-01   3.554300711800000E+00   3.225475041000000E-01   1.114425349400000E+00   5.249938291900000E-01   0.000000000000000E+00   0.000000000000000E+00   0.000000000000000E+00   0.000000000000000E+00
   9.960546634800000E-01   3.554564702900000E+00   3.225483723100000E-01   1.094895639800000E+00   5.739146505500000E-01   0.000000000000000E+00   0.000000000000000E+00   0.000000000000000E+00   0.000000000000000E+00
   9.961542024800000E-01   3.554429052000000E+00   3.225479261800000E-01   1.104930829600000E+00   5.487771161200000E-01   0.000000000000000E+00   0.000000000000000E+00   0.000000000000000E+00   0.000000000000000E+00
   9.962537414700000E-01   3.554564458400000E+00   3.225483715100000E-01   1.094913771800000E+00   5.738691945400000E-01   0.000000000000000E+00   0.000000000000000E+00   0.000000000000000E+00   0.000000000000000E+00
   9.963532804700000E-01   3.554302272100000E+00   3.225475092200000E-01   1.114309306100000E+00   5.252847523500001E-01   0.000000000000000E+00   0.000000000000000E+00   0.000000000000000E+00   0.000000000000000E+00
   9.964491531700000E-01   3.554564248900000E+00   3.225483708200000E-01   1.094929417800000E+00   5.738299652300000E-01   0.000000000000000E+00   0.000000000000000E+00   0.000000000000000E+00   0.000000000000000E+00
   9.965450258700000E-01   3.554429645600000E+00   3.225479281300000E-01   1.104886656700000E+00   5.488878683800000E-01   0.000000000000000E+00   0.000000000000000E+00   0.000000000000000E+00   0.000000000000000E+00
   9.966408985800000E-01   3.554563997300000E+00   3.225483700000000E-01   1.094948093700000E+00   5.737831369000000E-01   0.000000000000000E+00   0.000000000000000E+00   0.000000000000000E+00   0.000000000000000E+00
   9.967367712800000E-01   3.554303877700000E+00   3.225475144800000E-01   1.114189781600000E+00   5.255844584600000E-01   0.000000000000000E+00   0.000000000000000E+00   0.000000000000000E+00   0.000000000000000E+00
   9.968540578700000E-01   3.554563805400000E+00   3.225483693700000E-01   1.094962455700000E+00   5.737471192800000E-01   0.000000000000000E+00   0.000000000000000E+00   0.000000000000000E+00   0.000000000000000E+00
   9.969713444500000E-01   3.554430190300000E+00   3.225479299100000E-01   1.104846081600000E+00   5.489896199300000E-01   0.000000000000000E+00   0.000000000000000E+00   0.000000000000000E+00   0.000000000000000E+00
   9.970886310400000E-01   3.554563601600000E+00   3.225483687000000E-01   1.094977609200000E+00   5.737091151000000E-01   0.000000000000000E+00   0.000000000000000E+00   0.000000000000000E+00   0.000000000000000E+00
   9.972059176200000E-01   3.554305177800000E+00   3.225475187400000E-01   1.114092801300000E+00   5.258276887300000E-01   0.000000000000000E+00   0.000000000000000E+00   0.000000000000000E+00   0.000000000000000E+00
   9.972895510699999E-01   3.554563395200000E+00   3.225483680300000E-01   1.094993037000000E+00   5.736704165600000E-01   0.000000000000000E+00   0.000000000000000E+00   0.000000000000000E+00   0.000000000000000E+00
   9.973731845200000E-01   3.554430773200000E+00   3.225479318200000E-01   1.104802563600000E+00   5.490987791500000E-01   0.000000000000000E+00   0.000000000000000E+00   0.000000000000000E+00   0.000000000000000E+00
   9.974568179700000E-01   3.554563111900000E+00   3.225483671000000E-01   1.095014117900000E+00   5.736175323100000E-01   0.000000000000000E+00   0.000000000000000E+00   0.000000000000000E+00   0.000000000000000E+00
   9.975404514100000E-01   3.554306983400000E+00   3.225475246400000E-01   1.113957886600000E+00   5.261661559100000E-01   0.000000000000000E+00   0.000000000000000E+00   0.000000000000000E+00   0.000000000000000E+00
   9.976078134200000E-01   3.554562845500000E+00   3.225483662300000E-01   1.095034114300000E+00   5.735673556500001E-01   0.000000000000000E+00   0.000000000000000E+00   0.000000000000000E+00   0.000000000000000E+00
   9.976751754400000E-01   3.554431527100000E+00   3.225479342800000E-01   1.104746149900000E+00   5.492403376700000E-01   0.000000000000000E+00   0.000000000000000E+00   0.000000000000000E+00   0.000000000000000E+00
   9.977425374500000E-01   3.554562498100000E+00   3.225483650900000E-01   1.095060011500000E+00   5.735023590300000E-01   0.000000000000000E+00   0.000000000000000E+00   0.000000000000000E+00   0.000000000000000E+00
   9.978098994600000E-01   3.554309194600000E+00   3.225475318600000E-01   1.113792149200000E+00   5.265821484400000E-01   0.000000000000000E+00   0.000000000000000E+00   0.000000000000000E+00   0.000000000000000E+00
   9.978629381100000E-01   3.554562168400000E+00   3.225483640100000E-01   1.095084863300000E+00   5.734399619700000E-01   0.000000000000000E+00   0.000000000000000E+00   0.000000000000000E+00   0.000000000000000E+00
   9.979159767500000E-01   3.554432459700000E+00   3.225479373200000E-01   1.104676062300000E+00   5.494163180800000E-01   0.000000000000000E+00   0.000000000000000E+00   0.000000000000000E+00   0.000000000000000E+00
   9.979690154000000E-01   3.554561734900000E+00   3.225483625900000E-01   1.095117313900000E+00   5.733584528600000E-01   0.000000000000000E+00   0.000000000000000E+00   0.000000000000000E+00   0.000000000000000E+00
   9.980220540400000E-01   3.554311950400000E+00   3.225475408300000E-01   1.113584474000000E+00   5.271038338700000E-01   0.000000000000000E+00   0.000000000000000E+00   0.000000000000000E+00   0.000000000000000E+00
   9.980638867900000E-01   3.554561325900000E+00   3.225483612600000E-01   1.095148376300000E+00   5.732803807700000E-01   0.000000000000000E+00   0.000000000000000E+00   0.000000000000000E+00   0.000000000000000E+00
   9.981057195400000E-01   3.554433616500000E+00   3.225479410700000E-01   1.104588489800000E+00   5.496364471600000E-01   0.000000000000000E+00   0.000000000000000E+00   0.000000000000000E+00   0.000000000000000E+00
   9.981475522900000E-01   3.554560791200000E+00   3.225483595200000E-01   1.095188807500000E+00   5.731786728400000E-01   0.000000000000000E+00   0.000000000000000E+00   0.000000000000000E+00   0.000000000000000E+00
   9.981893850400000E-01   3.554315350600000E+00   3.225475518400000E-01   1.113325731900000E+00   5.277548171899999E-01   0.000000000000000E+00   0.000000000000000E+00   0.000000000000000E+00   0.000000000000000E+00
   9.982311532300000E-01   3.554560350200000E+00   3.225483581100000E-01   1.095222856100000E+00   5.730929097600000E-01   0.000000000000000E+00   0.000000000000000E+00   0.000000000000000E+00   0.000000000000000E+00
   9.982729214100000E-01   3.554434870200000E+00   3.225479451200000E-01   1.104492353700000E+00   5.498786049300000E-01   0.000000000000000E+00   0.000000000000000E+00   0.000000000000000E+00   0.000000000000000E+00
   9.983146896000000E-01   3.554559834900000E+00   3.225483564400000E-01   1.095262537400000E+00   5.729928168300000E-01   0.000000000000000E+00   0.000000000000000E+00   0.000000000000000E+00   0.000000000000000E+00
   9.983564577900000E-01   3.554318626900000E+00   3.225475623400000E-01   1.113071801500000E+00   5.283954756100000E-01   0.000000000000000E+00   0.000000000000000E+00   0.000000000000000E+00   0.000000000000000E+00
   9.983995643900000E-01   3.554559419400000E+00   3.225483551300000E-01   1.095295386900000E+00   5.729097825100000E-01   0.000000000000000E+00   0.000000000000000E+00   0.000000000000000E+00   0.000000000000000E+00
   9.984426709999999E-01   3.554436052200000E+00   3.225479488800000E-01   1.104399581900000E+00   5.501131097300000E-01   0.000000000000000E+00   0.000000000000000E+00   0.000000000000000E+00   0.000000000000000E+00
   9.984857776100000E-01   3.554558945000000E+00   3.225483536200000E-01   1.095333029500000E+00   5.728144144200000E-01   0.000000000000000E+00   0.000000000000000E+00   0.000000000000000E+00   0.000000000000000E+00
   9.985288842100000E-01   3.554321641800000E+00   3.225475718400000E-01   1.112830932400000E+00   5.290059055400000E-01   0.000000000000000E+00   0.000000000000000E+00   0.000000000000000E+00   0.000000000000000E+00
   9.985775640000000E-01   3.554558582800000E+00   3.225483525000000E-01   1.095362843200000E+00   5.727386261300000E-01   0.000000000000000E+00   0.000000000000000E+00   0.000000000000000E+00   0.000000000000000E+00
   9.986262437800000E-01   3.554437086400000E+00   3.225479521000000E-01   1.104315325400000E+00   5.503272553400000E-01   0.000000000000000E+00   0.000000000000000E+00   0.000000000000000E+00   0.000000000000000E+00
   9.986749235600000E-01   3.554558191400000E+00   3.225483513000000E-01   1.095395468100000E+00   5.726554256500000E-01   0.000000000000000E+00   0.000000000000000E+00   0.000000000000000E+00   0.000000000000000E+00
   9.987236033400000E-01   3.554324137600000E+00   3.225475794900000E-01   1.112622178100000E+00   5.295384530500000E-01   0.000000000000000E+00   0.000000000000000E+00   0.000000000000000E+00   0.000000000000000E+00
   9.987685583500000E-01   3.554557870700000E+00   3.225483503700000E-01   1.095424039200000E+00   5.725822430300000E-01   0.000000000000000E+00   0.000000000000000E+00   0.000000000000000E+00   0.000000000000000E+00
   9.988135133600000E-01   3.554438043100000E+00   3.225479550400000E-01   1.104234699100000E+00   5.505337914300000E-01   0.000000000000000E+00   0.000000000000000E+00   0.000000000000000E+00   0.000000000000000E+00
   9.988584683600000E-01   3.554557538100000E+00   3.225483495700000E-01   1.095458522200000E+00   5.724933407700000E-01   0.000000000000000E+00   0.000000000000000E+00   0.000000000000000E+00   0.000000000000000E+00
   9.989034233700000E-01   3.554326729000000E+00   3.225475875200000E-01   1.112401368500000E+00   5.301072853600000E-01   0.000000000000000E+00   0.000000000000000E+00   0.000000000000000E+00   0.000000000000000E+00
   9.989347919000000E-01   3.554557406200000E+00   3.225483500300000E-01   1.095493701300000E+00   5.724018086700000E-01   0.000000000000000E+00   0.000000000000000E+00   0.000000000000000E+00   0.000000000000000E+00
   9.989661604200000E-01   3.554439610200000E+00   3.225479612500000E-01   1.104135343100000E+00   5.507911012000000E-01   0.000000000000000E+00   0.000000000000000E+00   0.000000000000000E+00   0.000000000000000E+00
   9.989975289500000E-01   3.554557739000000E+00   3.225483537500000E-01   1.095541088500000E+00   5.722759402699999E-01   0.000000000000000E+00   0.000000000000000E+00   0.000000000000000E+00   0.000000000000000E+00
   9.990288974700000E-01   3.554331394500000E+00   3.225476060900000E-01   1.112095558000000E+00   5.309096893700000E-01   0.000000000000000E+00   0.000000000000000E+00   0.000000000000000E+00   0.000000000000000E+00
   9.990550073700000E-01   3.554559817700000E+00   3.225483681300000E-01   1.095583637900000E+00   5.721580401500000E-01   0.000000000000000E+00   0.000000000000000E+00   0.000000000000000E+00   0.000000000000000E+00
   9.990811172700000E-01   3.554445862000000E+00   3.225479962600000E-01   1.104010585900000E+00   5.511173369400000E-01   0.000000000000000E+00   0.000000000000000E+00   0.000000000000000E+00   0.000000000000000E+00
   9.991072271600000E-01   3.554566164300000E+00   3.225484092200000E-01   1.095634527800000E+00   5.720057683899999E-01   0.000000000000000E+00   0.000000000000000E+00   0.000000000000000E+00   0.000000000000000E+00
   9.991333370600000E-01   3.554347872400000E+00   3.225476990900000E-01   1.111746445700000E+00   5.318551813200000E-01   0.000000000000000E+00   0.000000000000000E+00   0.000000000000000E+00   0.000000000000000E+00
   9.991671504300000E-01   3.554590397900000E+00   3.225485610300000E-01   1.095662120400000E+00   5.718808719000000E-01   0.000000000000000E+00   0.000000000000000E+00   0.000000000000000E+00   0.000000000000000E+00
   9.992009638000000E-01   3.554507865300000E+00   3.225483800400000E-01   1.103874802800000E+00   5.514001894800000E-01   0.000000000000000E+00   0.000000000000000E+00   0.000000000000000E+00   0.000000000000000E+00
   9.992347771700000E-01   3.554691115200000E+00   3.225491891000000E-01   1.095655426800000E+00   5.717118421400000E-01   0.000000000000000E+00   0.000000000000000E+00   0.000000000000000E+00   0.000000000000000E+00
   9.992685905399999E-01   3.554597523400000E+00   3.225492509000000E-01   1.111399159000000E+00   5.324576037400000E-01   0.000000000000000E+00   0.000000000000000E+00   0.000000000000000E+00   0.000000000000000E+00
   9.992986857300000E-01   3.555052813200000E+00   3.225514427700000E-01   1.095528755400000E+00   5.714131914500000E-01   0.000000000000000E+00   0.000000000000000E+00   0.000000000000000E+00   0.000000000000000E+00
   9.993287809100000E-01   3.555351343300000E+00   3.225536350300000E-01   1.103417440200000E+00   5.512420758700000E-01   0.000000000000000E+00   0.000000000000000E+00   0.000000000000000E+00   0.000000000000000E+00
   9.993588761000000E-01   3.556237047700000E+00   3.225588219000000E-01   1.095046265000000E+00   5.706460906400000E-01   0.000000000000000E+00   0.000000000000000E+00   0.000000000000000E+00   0.000000000000000E+00
   9.993889712900000E-01   3.557417955100000E+00   3.225668317900000E-01   1.109943038200000E+00   5.317892005000000E-01   0.000000000000000E+00   0.000000000000000E+00   0.000000000000000E+00   0.000000000000000E+00
   9.994191874600000E-01   3.560276610200000E+00   3.225840113900000E-01   1.093310710400000E+00   5.683731423500000E-01   0.000000000000000E+00   0.000000000000000E+00   0.000000000000000E+00   0.000000000000000E+00
   9.994494036300000E-01   3.564944590800000E+00   3.226134821100000E-01   1.099171541800000E+00   5.464508707300000E-01   0.000000000000000E+00   0.000000000000000E+00   0.000000000000000E+00   0.000000000000000E+00
   9.994796198000000E-01   3.573806767800000E+00   3.226685424700000E-01   1.087494959200000E+00   5.611043436699999E-01   0.000000000000000E+00   0.000000000000000E+00   0.000000000000000E+00   0.000000000000000E+00
   9.995098359700000E-01   3.589395072500000E+00   3.227669486500000E-01   1.096071078700000E+00   5.159600901800000E-01   0.000000000000000E+00   0.000000000000000E+00   0.000000000000000E+00   0.000000000000000E+00
   9.995337975900001E-01   3.610555085700000E+00   3.228995397600000E-01   1.072087914300000E+00   5.423380853899999E-01   0.000000000000000E+00   0.000000000000000E+00   0.000000000000000E+00   0.000000000000000E+00
   9.995577592100000E-01   3.642851975700000E+00   3.231045157100000E-01   1.066815887600000E+00   5.079956845100000E-01   0.000000000000000E+00   0.000000000000000E+00   0.000000000000000E+00   0.000000000000000E+00
   9.995817208300000E-01   3.691987036500000E+00   3.234184576300000E-01   1.040020433100000E+00   5.043662777700000E-01   0.000000000000000E+00   0.000000000000000E+00   0.000000000000000E+00   0.000000000000000E+00
   9.996056824600000E-01   3.763225481400000E+00   3.238814249500000E-01   1.029059320800000E+00   4.390258060800000E-01   0.000000000000000E+00   0.000000000000000E+00   0.000000000000000E+00   0.000000000000000E+00
   9.996205016000000E-01   3.821521990400000E+00   3.242647295800000E-01   9.941712020300000E-01   4.524141666200000E-01   0.000000000000000E+00   0.000000000000000E+00   0.000000000000000E+00   0.000000000000000E+00
   9.996353207400001E-01   3.891381517500000E+00   3.247323575500000E-01   9.793550629300000E-01   4.101127510400000E-01   0.000000000000000E+00   0.000000000000000E+00   0.000000000000000E+00   0.000000000000000E+00
   9.996501398900000E-01   3.974131364300000E+00   3.252954649100000E-01   9.468331015300000E-01   4.015453146700000E-01   0.000000000000000E+00   0.000000000000000E+00   0.000000000000000E+00   0.000000000000000E+00
   9.996649590300000E-01   4.069307473100000E+00   3.259583166100000E-01   9.351041587700000E-01   3.409505326600000E-01   0.000000000000000E+00   0.000000000000000E+00   0.000000000000000E+00   0.000000000000000E+00
   9.996791005100000E-01   4.172221246200000E+00   3.266904852600000E-01   8.939175655900000E-01   3.482265464800000E-01   0.000000000000000E+00   0.000000000000000E+00   0.000000000000000E+00   0.000000000000000E+00
   9.996932420000000E-01   4.285266239100000E+00   3.275176105000000E-01   8.748071275600000E-01   3.060654197400000E-01   0.000000000000000E+00   0.000000000000000E+00   0.000000000000000E+00   0.000000000000000E+00
   9.997073834800000E-01   4.407978267500000E+00   3.284408507300000E-01   8.406256204200000E-01   2.982375506900000E-01   0.000000000000000E+00   0.000000000000000E+00   0.000000000000000E+00   0.000000000000000E+00
   9.997215249600000E-01   4.538329635000000E+00   3.294547579200000E-01   8.294237046900000E-01   2.440556748300000E-01   0.000000000000000E+00   0.000000000000000E+00   0.000000000000000E+00   0.000000000000000E+00
   9.997383165600000E-01   4.701998090800000E+00   3.307741382700000E-01   7.852216886200000E-01   2.503724657500000E-01   0.000000000000000E+00   0.000000000000000E+00   0.000000000000000E+00   0.000000000000000E+00
   9.997551081500000E-01   4.871852947300000E+00   3.322066135200000E-01   7.651001988000000E-01   2.123239258500000E-01   0.000000000000000E+00   0.000000000000000E+00   0.000000000000000E+00   0.000000000000000E+00
   9.997718997500000E-01   5.046110113300000E+00   3.337450236900000E-01   7.317790678500000E-01   2.081338022600000E-01   0.000000000000000E+00   0.000000000000000E+00   0.000000000000000E+00   0.000000000000000E+00
   9.997886913400000E-01   5.221931510200000E+00   3.353774726500000E-01   7.226213421300000E-01   1.609055530500000E-01   0.000000000000000E+00   0.000000000000000E+00   0.000000000000000E+00   0.000000000000000E+00
   9.997995780500000E-01   5.336423088100000E+00   3.364837371900000E-01   6.937721649200000E-01   1.804184964500000E-01   0.000000000000000E+00   0.000000000000000E+00   0.000000000000000E+00   0.000000000000000E+00
   9.998104647500000E-01   5.450092274500000E+00   3.376224434600000E-01   6.876546520700000E-01   1.561928512700000E-01   0.000000000000000E+00   0.000000000000000E+00   0.000000000000000E+00   0.000000000000000E+00
   9.998213514600000E-01   5.563151263700000E+00   3.387935009700000E-01   6.675374701000000E-01   1.623362438900000E-01   0.000000000000000E+00   0.000000000000000E+00   0.000000000000000E+00   0.000000000000000E+00
   9.998322381600000E-01   5.674669882300000E+00   3.399927539700000E-01   6.695569927700000E-01   1.265535457700000E-01   0.000000000000000E+00   0.000000000000000E+00   0.000000000000000E+00   0.000000000000000E+00
   9.998415871100000E-01   5.769676868000000E+00   3.410460343200000E-01   6.457789933700000E-01   1.480660754200000E-01   0.000000000000000E+00   0.000000000000000E+00   0.000000000000000E+00   0.000000000000000E+00
   9.998509360500000E-01   5.863079378300000E+00   3.421171659000000E-01   6.435686548900000E-01   1.283285706000000E-01   0.000000000000000E+00   0.000000000000000E+00   0.000000000000000E+00   0.000000000000000E+00
   9.998602849900000E-01   5.955317177200000E+00   3.432070872000000E-01   6.276750092900000E-01   1.366294047300000E-01   0.000000000000000E+00   0.000000000000000E+00   0.000000000000000E+00   0.000000000000000E+00
   9.998696339399999E-01   6.045718908300000E+00   3.443128603500000E-01   6.326230826500000E-01   1.055813443100000E-01   0.000000000000000E+00   0.000000000000000E+00   0.000000000000000E+00   0.000000000000000E+00
   9.998776309600000E-01   6.122174475500000E+00   3.452728663000000E-01   6.124148991900000E-01   1.273496663200000E-01   0.000000000000000E+00   0.000000000000000E+00   0.000000000000000E+00   0.000000000000000E+00
   9.998856279900000E-01   6.197080483700000E+00   3.462429237100000E-01   6.125116152900000E-01   1.105968233800000E-01   0.000000000000000E+00   0.000000000000000E+00   0.000000000000000E+00   0.000000000000000E+00
   9.998936250100000E-01   6.270936917700000E+00   3.472243982400000E-01   5.995115917400000E-01   1.196885373500000E-01   0.000000000000000E+00   0.000000000000000E+00   0.000000000000000E+00   0.000000000000000E+00
   9.999016220400000E-01   6.343187620600000E+00   3.482150014900000E-01   6.059760518200000E-01   9.224865603500000E-02   0.000000000000000E+00   0.000000000000000E+00   0.000000000000000E+00   0.000000000000000E+00
   9.999080877400000E-01   6.400997472800000E+00   3.490242940100000E-01   5.887160212000000E-01   1.134490825900000E-01   0.000000000000000E+00   0.000000000000000E+00   0.000000000000000E+00   0.000000000000000E+00
   9.999145534500000E-01   6.457627697100000E+00   3.498386703000000E-01   5.903513473599999E-01   9.905954035700000E-02   0.000000000000000E+00   0.000000000000000E+00   0.000000000000000E+00   0.000000000000000E+00
   9.999210191600000E-01   6.513572183200000E+00   3.506596493400000E-01   5.797061709300000E-01   1.082774709000000E-01   0.000000000000000E+00   0.000000000000000E+00   0.000000000000000E+00   0.000000000000000E+00
   9.999274848600000E-01   6.568341446300000E+00   3.514853639900000E-01   5.869542748300000E-01   8.409165418599999E-02   0.000000000000000E+00   0.000000000000000E+00   0.000000000000000E+00   0.000000000000000E+00
   9.999326101400000E-01   6.611450316400000E+00   3.521449540200000E-01   5.721026828100000E-01   1.039868872700000E-01   0.000000000000000E+00   0.000000000000000E+00   0.000000000000000E+00   0.000000000000000E+00
   9.999377354200000E-01   6.653718850300000E+00   3.528069618100000E-01   5.745321634700000E-01   9.156414912300000E-02   0.000000000000000E+00   0.000000000000000E+00   0.000000000000000E+00   0.000000000000000E+00
   9.999428607100000E-01   6.695604602800000E+00   3.534728735100000E-01   5.657371831800000E-01   1.003537447100000E-01   0.000000000000000E+00   0.000000000000000E+00   0.000000000000000E+00   0.000000000000000E+00
   9.999479859900000E-01   6.736670169500000E+00   3.541411021300000E-01   5.730452457500000E-01   7.924548129000000E-02   0.000000000000000E+00   0.000000000000000E+00   0.000000000000000E+00   0.000000000000000E+00
   9.999519965800000E-01   6.768706897600000E+00   3.546671824000000E-01   5.603236520100000E-01   9.729073677199999E-02   0.000000000000000E+00   0.000000000000000E+00   0.000000000000000E+00   0.000000000000000E+00
   9.999560071700000E-01   6.800152600700000E+00   3.551942816400000E-01   5.630306368700000E-01   8.666440664400001E-02   0.000000000000000E+00   0.000000000000000E+00   0.000000000000000E+00   0.000000000000000E+00
   9.999600177700000E-01   6.831415471600000E+00   3.557237606000000E-01   5.557825252700000E-01   9.463811029600000E-02   0.000000000000000E+00   0.000000000000000E+00   0.000000000000000E+00   0.000000000000000E+00
   9.999640283600000E-01   6.862111490900000E+00   3.562542643200000E-01   5.626118653000000E-01   7.660284757499999E-02   0.000000000000000E+00   0.000000000000000E+00   0.000000000000000E+00   0.000000000000000E+00
   9.999670710900000E-01   6.885426033700000E+00   3.566587857600000E-01   5.519370654800000E-01   9.238818786700000E-02   0.000000000000000E+00   0.000000000000000E+00   0.000000000000000E+00   0.000000000000000E+00
   9.999701138200000E-01   6.908331555000000E+00   3.570635732600000E-01   5.545894140500000E-01   8.353373155000000E-02   0.000000000000000E+00   0.000000000000000E+00   0.000000000000000E+00   0.000000000000000E+00
   9.999731565500000E-01   6.931178601500000E+00   3.574698110800000E-01   5.487550094200000E-01   9.041167315300000E-02   0.000000000000000E+00   0.000000000000000E+00   0.000000000000000E+00   0.000000000000000E+00
   9.999761992800000E-01   6.953642623700000E+00   3.578763716500000E-01   5.547182837100000E-01   7.557910700300000E-02   0.000000000000000E+00   0.000000000000000E+00   0.000000000000000E+00   0.000000000000000E+00
   9.999784518700000E-01   6.970357498300000E+00   3.581786848800000E-01   5.460732260900000E-01   8.872544625900000E-02   0.000000000000000E+00   0.000000000000000E+00   0.000000000000000E+00   0.000000000000000E+00
   9.999807044500000E-01   6.986790492200000E+00   3.584809121400000E-01   5.484056901000000E-01   8.166760424900001E-02   0.000000000000000E+00   0.000000000000000E+00   0.000000000000000E+00   0.000000000000000E+00
   9.999829570300000E-01   7.003226914000000E+00   3.587840218000000E-01   5.439120161800000E-01   8.722726719800000E-02   0.000000000000000E+00   0.000000000000000E+00   0.000000000000000E+00   0.000000000000000E+00
   9.999852096100000E-01   7.019404121200000E+00   3.590871001000000E-01   5.487857540600000E-01   7.574612490800001E-02   0.000000000000000E+00   0.000000000000000E+00   0.000000000000000E+00   0.000000000000000E+00
   9.999866590900000E-01   7.029903648000000E+00   3.592828676000000E-01   5.424433221700000E-01   8.603173599500000E-02   0.000000000000000E+00   0.000000000000000E+00   0.000000000000000E+00   0.000000000000000E+00
   9.999881085700000E-01   7.040208664700000E+00   3.594782877100000E-01   5.446937346700000E-01   8.102685842800000E-02   0.000000000000000E+00   0.000000000000000E+00   0.000000000000000E+00   0.000000000000000E+00
   9.999895580500000E-01   7.050509059800000E+00   3.596739571500000E-01   5.425240269700000E-01   8.531628724500000E-02   0.000000000000000E+00   0.000000000000000E+00   0.000000000000000E+00   0.000000000000000E+00
   9.999910075300000E-01   7.060559343500000E+00   3.598689028900000E-01   5.481957018300000E-01   7.818293408599999E-02   0.000000000000000E+00   0.000000000000000E+00   0.000000000000000E+00   0.000000000000000E+00
   9.999919547500000E-01   7.067089475600000E+00   3.599961061200000E-01   5.469712854300000E-01   8.598350284900000E-02   0.000000000000000E+00   0.000000000000000E+00   0.000000000000000E+00   0.000000000000000E+00
   9.999929019700000E-01   7.073331460200000E+00   3.601220895400000E-01   5.536866593100001E-01   8.444835238999999E-02   0.000000000000000E+00   0.000000000000000E+00   0.000000000000000E+00   0.000000000000000E+00
   9.999938491800000E-01   7.079270833000000E+00   3.602464917700000E-01   5.619066366200000E-01   8.986450502800000E-02   0.000000000000000E+00   0.000000000000000E+00   0.000000000000000E+00   0.000000000000000E+00
   9.999947964000000E-01   7.084501232200000E+00   3.603673200100000E-01   5.825717892100000E-01   9.124781912300001E-02   0.000000000000000E+00   0.000000000000000E+00   0.000000000000000E+00   0.000000000000000E+00
   9.999953430400000E-01   7.087068249300000E+00   3.604345741300000E-01   5.981331110700000E-01   1.006459860900000E-01   0.000000000000000E+00   0.000000000000000E+00   0.000000000000000E+00   0.000000000000000E+00
   9.999958896800000E-01   7.088991608200000E+00   3.604985122800000E-01   6.250807798800000E-01   1.077826047900000E-01   0.000000000000000E+00   0.000000000000000E+00   0.000000000000000E+00   0.000000000000000E+00
   9.999964363200000E-01   7.089999224100000E+00   3.605576069100000E-01   6.645549512900000E-01   1.225873546700000E-01   0.000000000000000E+00   0.000000000000000E+00   0.000000000000000E+00   0.000000000000000E+00
   9.999969829599999E-01   7.089421216500000E+00   3.606085327800000E-01   7.296105427400000E-01   1.444569806100000E-01   0.000000000000000E+00   0.000000000000000E+00   0.000000000000000E+00   0.000000000000000E+00
   9.999972568600000E-01   7.088224223800000E+00   3.606293932300000E-01   7.758269860800000E-01   1.643213276000000E-01   0.000000000000000E+00   0.000000000000000E+00   0.000000000000000E+00   0.000000000000000E+00
   9.999975307500000E-01   7.086077679300000E+00   3.606455133900000E-01   8.383987358400000E-01   1.900217013000000E-01   0.000000000000000E+00   0.000000000000000E+00   0.000000000000000E+00   0.000000000000000E+00
   9.999978046500000E-01   7.082579531000000E+00   3.606549662400000E-01   9.236922383300000E-01   2.288681371700000E-01   0.000000000000000E+00   0.000000000000000E+00   0.000000000000000E+00   0.000000000000000E+00
   9.999980785400000E-01   7.076995471900000E+00   3.606543613600000E-01   1.045739344400000E+00   2.891668278500000E-01   0.000000000000000E+00   0.000000000000000E+00   0.000000000000000E+00   0.000000000000000E+00
   9.999982317100000E-01   7.072526997400000E+00   3.606476498800000E-01   1.137876461000000E+00   3.397839395800000E-01   0.000000000000000E+00   0.000000000000000E+00   0.000000000000000E+00   0.000000000000000E+00
   9.999983848900000E-01   7.066652364600000E+00   3.606344030200000E-01   1.255721048900000E+00   4.091762590900000E-01   0.000000000000000E+00   0.000000000000000E+00   0.000000000000000E+00   0.000000000000000E+00
   9.999985380600001E-01   7.058795654600000E+00   3.606120959500000E-01   1.409966654900000E+00   5.092052028300000E-01   0.000000000000000E+00   0.000000000000000E+00   0.000000000000000E+00   0.000000000000000E+00
   9.999986912300000E-01   7.048004634200000E+00   3.605766261000000E-01   1.618760277200000E+00   6.599461601800000E-01   0.000000000000000E+00   0.000000000000000E+00   0.000000000000000E+00   0.000000000000000E+00
   9.999987843100000E-01   7.039380414400000E+00   3.605459485300000E-01   1.783976106600000E+00   7.921677706900000E-01   0.000000000000000E+00   0.000000000000000E+00   0.000000000000000E+00   0.000000000000000E+00
   9.999988774000000E-01   7.028545146700000E+00   3.605056513200000E-01   1.990269371100000E+00   9.719844024199999E-01   0.000000000000000E+00   0.000000000000000E+00   0.000000000000000E+00   0.000000000000000E+00
   9.999989704800000E-01   7.014649188000000E+00   3.604522132800000E-01   2.252833138400000E+00   1.225297972700000E+00   0.000000000000000E+00   0.000000000000000E+00   0.000000000000000E+00   0.000000000000000E+00
   9.999990635700000E-01   6.996358552400000E+00   3.603801683200000E-01   2.595396492100000E+00   1.595083678600000E+00   0.000000000000000E+00   0.000000000000000E+00   0.000000000000000E+00   0.000000000000000E+00
   9.999991254600000E-01   6.980776516200000E+00   3.603179538300000E-01   2.884165563900000E+00   1.941518688400000E+00   0.000000000000000E+00   0.000000000000000E+00   0.000000000000000E+00   0.000000000000000E+00
   9.999991873500000E-01   6.961407631400000E+00   3.602400628700000E-01   3.239240347200000E+00   2.408851082700000E+00   0.000000000000000E+00   0.000000000000000E+00   0.000000000000000E+00   0.000000000000000E+00
   9.999992492400001E-01   6.936874545800000E+00   3.601409988900000E-01   3.682135767700000E+00   3.056735522900000E+00   0.000000000000000E+00   0.000000000000000E+00   0.000000000000000E+00   0.000000000000000E+00
   9.999993111300000E-01   6.905103148400000E+00   3.600125478300000E-01   4.244329803200000E+00   3.980018448100000E+00   0.000000000000000E+00   0.000000000000000E+00   0.000000000000000E+00   0.000000000000000E+00
   9.999993570400000E-01   6.875066915600000E+00   3.598912246100000E-01   4.763605736700000E+00   4.933284022300000E+00   0.000000000000000E+00   0.000000000000000E+00   0.000000000000000E+00   0.000000000000000E+00
   9.999994029500000E-01   6.837487593500000E+00   3.597397671600000E-01   5.397303956300000E+00   6.223418211300000E+00   0.000000000000000E+00   0.000000000000000E+00   0.000000000000000E+00   0.000000000000000E+00
   9.999994488600000E-01   6.789673368500000E+00   3.595477072100000E-01   6.177929294600000E+00   8.008188542299999E+00   0.000000000000000E+00   0.000000000000000E+00   0.000000000000000E+00   0.000000000000000E+00
   9.999994947800001E-01   6.727698856900000E+00   3.592998602300000E-01   7.149850728100000E+00   1.052954242400000E+01   0.000000000000000E+00   0.000000000000000E+00   0.000000000000000E+00   0.000000000000000E+00
   9.999995301700000E-01   6.666771055900000E+00   3.590572882400000E-01   8.063985826600000E+00   1.320942729900000E+01   0.000000000000000E+00   0.000000000000000E+00   0.000000000000000E+00   0.000000000000000E+00
   9.999995655600000E-01   6.590454886100000E+00   3.587547679600000E-01   9.156665136299999E+00   1.680712020900000E+01   0.000000000000000E+00   0.000000000000000E+00   0.000000000000000E+00   0.000000000000000E+00
   9.999996009500000E-01   6.493793830400000E+00   3.583733628300000E-01   1.046348714200000E+01   2.169841672000000E+01   0.000000000000000E+00   0.000000000000000E+00   0.000000000000000E+00   0.000000000000000E+00
   9.999996363500000E-01   6.370108222200000E+00   3.578876438300000E-01   1.202409537800000E+01   2.841339196400000E+01   0.000000000000000E+00   0.000000000000000E+00   0.000000000000000E+00   0.000000000000000E+00
   9.999996618600000E-01   6.259376739700000E+00   3.574545493300000E-01   1.332617433000000E+01   3.479162084700000E+01   0.000000000000000E+00   0.000000000000000E+00   0.000000000000000E+00   0.000000000000000E+00
   9.999996873700000E-01   6.126049560700000E+00   3.569348294900000E-01   1.478798907300000E+01   4.285672462900000E+01   0.000000000000000E+00   0.000000000000000E+00   0.000000000000000E+00   0.000000000000000E+00
   9.999997128800000E-01   5.965452922100000E+00   3.563108350300000E-01   1.641069739200000E+01   5.304149711700000E+01   0.000000000000000E+00   0.000000000000000E+00   0.000000000000000E+00   0.000000000000000E+00
   9.999997384000000E-01   5.772460505500000E+00   3.555632538500000E-01   1.818272893900000E+01   6.584000574900000E+01   0.000000000000000E+00   0.000000000000000E+00   0.000000000000000E+00   0.000000000000000E+00
   9.999997625600000E-01   5.555048797900000E+00   3.547233809700000E-01   1.997154591500000E+01   8.084794760400000E+01   0.000000000000000E+00   0.000000000000000E+00   0.000000000000000E+00   0.000000000000000E+00
   9.999997867300000E-01   5.299963367300000E+00   3.537403284300000E-01   2.181869822000000E+01   9.908471915000000E+01   0.000000000000000E+00   0.000000000000000E+00   0.000000000000000E+00   0.000000000000000E+00
   9.999998109000000E-01   5.004720711100000E+00   3.526048649300000E-01   2.365174208100000E+01   1.208208706900000E+02   0.000000000000000E+00   0.000000000000000E+00   0.000000000000000E+00   0.000000000000000E+00
   9.999998350600000E-01   4.669320677500000E+00   3.513171331100000E-01   2.537085781100000E+01   1.460721965600000E+02   0.000000000000000E+00   0.000000000000000E+00   0.000000000000000E+00   0.000000000000000E+00
   9.999998557200001E-01   4.353271916700000E+00   3.501051474900000E-01   2.666238213600000E+01   1.701698380500000E+02   0.000000000000000E+00   0.000000000000000E+00   0.000000000000000E+00   0.000000000000000E+00
   9.999998763700000E-01   4.014949796300000E+00   3.488087098400000E-01   2.770797829100000E+01   1.960361980900000E+02   0.000000000000000E+00   0.000000000000000E+00   0.000000000000000E+00   0.000000000000000E+00
   9.999998970300000E-01   3.661205991100000E+00   3.474536848700000E-01   2.843901292900000E+01   2.228611734900000E+02   0.000000000000000E+00   0.000000000000000E+00   0.000000000000000E+00   0.000000000000000E+00
   9.999999176800000E-01   3.300690275100000E+00   3.460726933300000E-01   2.880392936700000E+01   2.496029241300000E+02   0.000000000000000E+00   0.000000000000000E+00   0.000000000000000E+00   0.000000000000000E+00
   9.999999382600000E-01   2.944344521600000E+00   3.447070749000000E-01   2.877888286500000E+01   2.749884568500000E+02   0.000000000000000E+00   0.000000000000000E+00   0.000000000000000E+00   0.000000000000000E+00
   9.999999588400000E-01   2.600215034500000E+00   3.433871083600000E-01   2.837293705000000E+01   2.979600432400000E+02   0.000000000000000E+00   0.000000000000000E+00   0.000000000000000E+00   0.000000000000000E+00
   9.999999794200000E-01   2.276378307900000E+00   3.421433034600000E-01   2.762093690300000E+01   3.175295351000000E+02   0.000000000000000E+00   0.000000000000000E+00   0.000000000000000E+00   0.000000000000000E+00
   1.000000000000000E+00   1.978880643800000E+00   3.409985659200000E-01   2.658117122700000E+01   3.329786102300000E+02   0.000000000000000E+00   0.000000000000000E+00   0.000000000000000E+00   0.000000000000000E+00
