   0.000000000000000E+00   4.922929888200000E-01   9.999999955900000E-01   1.683899552100000E+00   1.822576934600000E+00   0.000000000000000E+00   0.000000000000000E+00   0.000000000000000E+00   0.000000000000000E+00
   4.015699242500000E-04   6.403274614100000E-01   8.692331319700000E-01   1.586411522400000E+00   1.638283128300000E+00   0.000000000000000E+00   0.000000000000000E+00   0.000000000000000E+00   0.000000000000000E+00
   8.031398485000000E-04   8.094061711400000E-01   7.627697377500000E-01   1.531349938100000E+00   1.423171710700000E+00   0.000000000000000E+00   0.000000000000000E+00   0.000000000000000E+00   0.000000000000000E+00
   1.204709772800000E-03   1.001221981200000E+00   6.756291485900000E-01   1.464048983100000E+00   1.298540991800000E+00   0.000000000000000E+00   0.000000000000000E+00   0.000000000000000E+00   0.000000000000000E+00
   1.606279697000000E-03   1.211616064400000E+00   6.041584641800000E-01   1.433835919700000E+00   1.119832719700000E+00   0.000000000000000E+00   0.000000000000000E+00   0.000000000000000E+00   0.000000000000000E+00
   1.978801368400000E-03   1.422837696800000E+00   5.494978556500000E-01   1.371200818100000E+00   1.074146363600000E+00   0.000000000000000E+00   0.000000000000000E+00   0.000000000000000E+00   0.000000000000000E+00
   2.351323039800000E-03   1.642715070700000E+00   5.042452280800001E-01   1.343006732800000E+00   9.624674472000000E-01   0.000000000000000E+00   0.000000000000000E+00   0.000000000000000E+00   0.000000000000000E+00
   2.723844711200000E-03   1.867982252500000E+00   4.669901698900000E-01   1.297150804300000E+00   9.168678161400000E-01   0.000000000000000E+00   0.000000000000000E+00   0.000000000000000E+00   0.000000000000000E+00
   3.096366382700000E-03   2.090632758700000E+00   4.365263987800000E-01   1.285484463300000E+00   8.019906057500000E-01   0.000000000000000E+00   0.000000000000000E+00   0.000000000000000E+00   0.000000000000000E+00
   3.622279646200000E-03   2.392589141300000E+00   4.031303939100000E-01   1.225200635600000E+00   7.816426239800000E-01   0.000000000000000E+00   0.000000000000000E+00   0.000000000000000E+00   0.000000000000000E+00
   4.148192909800000E-03   2.662414354700000E+00   3.787439690700000E-01   1.202630415700000E+00   6.977755974199999E-01   0.000000000000000E+00   0.000000000000000E+00   0.000000000000000E+00   0.000000000000000E+00
   4.674106173300000E-03   2.891887458300000E+00   3.612761269500000E-01   1.165455031400000E+00   6.812800954400000E-01   0.000000000000000E+00   0.000000000000000E+00   0.000000000000000E+00   0.000000000000000E+00
   5.200019436900000E-03   3.074405305500000E+00   3.489694897700000E-01   1.165672394200000E+00   5.971421664000000E-01   0.000000000000000E+00   0.000000000000000E+00   0.000000000000000E+00   0.000000000000000E+00
   5.883296719200000E-03   3.250769229400000E+00   3.384531433200000E-01   1.126068162100000E+00   6.204214061700000E-01   0.000000000000000E+00   0.000000000000000E+00   0.000000000000000E+00   0.000000000000000E+00
   6.566574001400000E-03   3.366561291600000E+00   3.320385762200000E-01   1.124546068600000E+00   5.756208745200000E-01   0.000000000000000E+00   0.000000000000000E+00   0.000000000000000E+00   0.000000000000000E+00
   7.249851283700000E-03   3.440937913100000E+00   3.281821735600000E-01   1.106183625700000E+00   5.911642588100000E-01   0.000000000000000E+00   0.000000000000000E+00   0.000000000000000E+00   0.000000000000000E+00
   7.933128566000000E-03   3.485889145500000E+00   3.258745970700000E-01   1.122318259400000E+00   5.326889610400000E-01   0.000000000000000E+00   0.000000000000000E+00   0.000000000000000E+00   0.000000000000000E+00
   9.873039983600000E-03   3.540056378000000E+00   3.232495656800000E-01   1.096073250000000E+00   5.766466277700000E-01   0.000000000000000E+00   0.000000000000000E+00   0.000000000000000E+00   0.000000000000000E+00
   1.181295140100000E-02   3.550429729400000E+00   3.227383615900000E-01   1.105720141300000E+00   5.484834787600000E-01   0.000000000000000E+00   0.000000000000000E+00   0.000000000000000E+00   0.000000000000000E+00
   1.375286281900000E-02   3.553597870700000E+00   3.225954531100000E-01   1.094704905500000E+00   5.746961550000000E-01   0.000000000000000E+00   0.000000000000000E+00   0.000000000000000E+00   0.000000000000000E+00
   1.569277423700000E-02   3.553927349800000E+00   3.225642271400000E-01   1.115432014100000E+00   5.228946762000000E-01   0.000000000000000E+00   0.000000000000000E+00   0.000000000000000E+00   0.000000000000000E+00
   2.469413626200000E-02   3.554633199200000E+00   3.225454351900000E-01   1.094600968600000E+00   5.745462818100000E-01   0.000000000000000E+00   0.000000000000000E+00   0.000000000000000E+00   0.000000000000000E+00
   3.369549828800000E-02   3.554360288800000E+00   3.225507643700000E-01   1.105322704600000E+00   5.479256804000000E-01   0.000000000000000E+00   0.000000000000000E+00   0.000000000000000E+00   0.000000000000000E+00
   4.269686031400000E-02   3.554600540600000E+00   3.225470018800000E-01   1.094604447400000E+00   5.745503963200000E-01   0.000000000000000E+00   0.000000000000000E+00   0.000000000000000E+00   0.000000000000000E+00
   5.169822233900000E-02   3.554193246600000E+00   3.225514714700000E-01   1.115404012900000E+00   5.228601984200000E-01   0.000000000000000E+00   0.000000000000000E+00   0.000000000000000E+00   0.000000000000000E+00
   7.431524662700000E-02   3.554592363500000E+00   3.225473941500000E-01   1.094605382000000E+00   5.745512334100000E-01   0.000000000000000E+00   0.000000000000000E+00   0.000000000000000E+00   0.000000000000000E+00
   9.693227091400000E-02   3.554396597800000E+00   3.225490225300000E-01   1.105318732300000E+00   5.479214238100000E-01   0.000000000000000E+00   0.000000000000000E+00   0.000000000000000E+00   0.000000000000000E+00
   1.195492952000000E-01   3.554586833200000E+00   3.225476594600000E-01   1.094606013400000E+00   5.745518017200000E-01   0.000000000000000E+00   0.000000000000000E+00   0.000000000000000E+00   0.000000000000000E+00
   1.421663194900000E-01   3.554229939600000E+00   3.225497111600000E-01   1.115399841000000E+00   5.228563752700000E-01   0.000000000000000E+00   0.000000000000000E+00   0.000000000000000E+00   0.000000000000000E+00
   1.641055943700000E-01   3.554583212300000E+00   3.225478331700000E-01   1.094606442200000E+00   5.745521272100000E-01   0.000000000000000E+00   0.000000000000000E+00   0.000000000000000E+00   0.000000000000000E+00
   1.860448692600000E-01   3.554406954700000E+00   3.225485256600000E-01   1.105317508300000E+00   5.479204856600000E-01   0.000000000000000E+00   0.000000000000000E+00   0.000000000000000E+00   0.000000000000000E+00
   2.079841441400000E-01   3.554580016600000E+00   3.225479865000000E-01   1.094606840400000E+00   5.745523543400000E-01   0.000000000000000E+00   0.000000000000000E+00   0.000000000000000E+00   0.000000000000000E+00
   2.299234190300000E-01   3.554251191500000E+00   3.225486915600000E-01   1.115397211900000E+00   5.228548072400000E-01   0.000000000000000E+00   0.000000000000000E+00   0.000000000000000E+00   0.000000000000000E+00
   2.483526056500000E-01   3.554577743400000E+00   3.225480955600000E-01   1.094607140300000E+00   5.745524652800000E-01   0.000000000000000E+00   0.000000000000000E+00   0.000000000000000E+00   0.000000000000000E+00
   2.667817922800000E-01   3.554413259600000E+00   3.225482231500000E-01   1.105316673000000E+00   5.479201886800000E-01   0.000000000000000E+00   0.000000000000000E+00   0.000000000000000E+00   0.000000000000000E+00
   2.852109789000000E-01   3.554575762400000E+00   3.225481906100000E-01   1.094607430400000E+00   5.745524745700000E-01   0.000000000000000E+00   0.000000000000000E+00   0.000000000000000E+00   0.000000000000000E+00
   3.036401655200000E-01   3.554264581000000E+00   3.225480491000000E-01   1.115395283300000E+00   5.228546459400000E-01   0.000000000000000E+00   0.000000000000000E+00   0.000000000000000E+00   0.000000000000000E+00
   3.171821395200000E-01   3.554574292500000E+00   3.225482611500000E-01   1.094607669300000E+00   5.745524097500000E-01   0.000000000000000E+00   0.000000000000000E+00   0.000000000000000E+00   0.000000000000000E+00
   3.307241135100000E-01   3.554417190800000E+00   3.225480345000000E-01   1.105316020600000E+00   5.479204030600000E-01   0.000000000000000E+00   0.000000000000000E+00   0.000000000000000E+00   0.000000000000000E+00
   3.442660875000000E-01   3.554573146000000E+00   3.225483161800000E-01   1.094607907800000E+00   5.745522005500000E-01   0.000000000000000E+00   0.000000000000000E+00   0.000000000000000E+00   0.000000000000000E+00
   3.578080614900000E-01   3.554272710200000E+00   3.225476589200000E-01   1.115393676800000E+00   5.228558715500000E-01   0.000000000000000E+00   0.000000000000000E+00   0.000000000000000E+00   0.000000000000000E+00
   3.729775631500000E-01   3.554572573500000E+00   3.225483436800000E-01   1.094608064400000E+00   5.745519821800000E-01   0.000000000000000E+00   0.000000000000000E+00   0.000000000000000E+00   0.000000000000000E+00
   3.881470648200000E-01   3.554418956600000E+00   3.225479497200000E-01   1.105315563300000E+00   5.479209982500000E-01   0.000000000000000E+00   0.000000000000000E+00   0.000000000000000E+00   0.000000000000000E+00
   4.033165664800000E-01   3.554572150500000E+00   3.225483640000000E-01   1.094608216800000E+00   5.745517094200000E-01   0.000000000000000E+00   0.000000000000000E+00   0.000000000000000E+00   0.000000000000000E+00
   4.184860681500000E-01   3.554275646300000E+00   3.225475178800000E-01   1.115392678600000E+00   5.228575844000000E-01   0.000000000000000E+00   0.000000000000000E+00   0.000000000000000E+00   0.000000000000000E+00
   4.343364896400000E-01   3.554571919000000E+00   3.225483751300000E-01   1.094608331400000E+00   5.745514653300000E-01   0.000000000000000E+00   0.000000000000000E+00   0.000000000000000E+00   0.000000000000000E+00
   4.501869111300000E-01   3.554419647200000E+00   3.225479165100000E-01   1.105315236100000E+00   5.479216821500000E-01   0.000000000000000E+00   0.000000000000000E+00   0.000000000000000E+00   0.000000000000000E+00
   4.660373326200000E-01   3.554571741700000E+00   3.225483836600000E-01   1.094608454200000E+00   5.745511717100000E-01   0.000000000000000E+00   0.000000000000000E+00   0.000000000000000E+00   0.000000000000000E+00
   4.818877541100000E-01   3.554276868700000E+00   3.225474590600000E-01   1.115391883500000E+00   5.228594510100000E-01   0.000000000000000E+00   0.000000000000000E+00   0.000000000000000E+00   0.000000000000000E+00
   4.952697729900000E-01   3.554571628200000E+00   3.225483891300000E-01   1.094608563100000E+00   5.745508917900000E-01   0.000000000000000E+00   0.000000000000000E+00   0.000000000000000E+00   0.000000000000000E+00
   5.086517918700000E-01   3.554419964300000E+00   3.225479012300000E-01   1.105314929000000E+00   5.479224729900000E-01   0.000000000000000E+00   0.000000000000000E+00   0.000000000000000E+00   0.000000000000000E+00
   5.220338107500000E-01   3.554571543600000E+00   3.225483932200000E-01   1.094608695900000E+00   5.745505260500000E-01   0.000000000000000E+00   0.000000000000000E+00   0.000000000000000E+00   0.000000000000000E+00
   5.354158296300000E-01   3.554277470100000E+00   3.225474299800000E-01   1.115391027400000E+00   5.228617831600000E-01   0.000000000000000E+00   0.000000000000000E+00   0.000000000000000E+00   0.000000000000000E+00
   5.449270905400000E-01   3.554571486300000E+00   3.225483960100000E-01   1.094608828800000E+00   5.745501477200000E-01   0.000000000000000E+00   0.000000000000000E+00   0.000000000000000E+00   0.000000000000000E+00
   5.544383514500000E-01   3.554420115400000E+00   3.225478938800000E-01   1.105314554800000E+00   5.479235427500000E-01   0.000000000000000E+00   0.000000000000000E+00   0.000000000000000E+00   0.000000000000000E+00
   5.639496123600000E-01   3.554571452100000E+00   3.225483977000000E-01   1.094609007100000E+00   5.745496209800000E-01   0.000000000000000E+00   0.000000000000000E+00   0.000000000000000E+00   0.000000000000000E+00
   5.734608732699999E-01   3.554277742800000E+00   3.225474165800000E-01   1.115389881100000E+00   5.228651466100001E-01   0.000000000000000E+00   0.000000000000000E+00   0.000000000000000E+00   0.000000000000000E+00
   5.820984542300000E-01   3.554571436000000E+00   3.225483985200000E-01   1.094609164800000E+00   5.745491485400001E-01   0.000000000000000E+00   0.000000000000000E+00   0.000000000000000E+00   0.000000000000000E+00
   5.907360352000000E-01   3.554420164300000E+00   3.225478914100000E-01   1.105314109200000E+00   5.479248762200000E-01   0.000000000000000E+00   0.000000000000000E+00   0.000000000000000E+00   0.000000000000000E+00
   5.993736161600000E-01   3.554571427800000E+00   3.225483989700000E-01   1.094609358000000E+00   5.745485642700000E-01   0.000000000000000E+00   0.000000000000000E+00   0.000000000000000E+00   0.000000000000000E+00
   6.080111971200000E-01   3.554277812300000E+00   3.225474129000000E-01   1.115388642700000E+00   5.228688834100000E-01   0.000000000000000E+00   0.000000000000000E+00   0.000000000000000E+00   0.000000000000000E+00
   6.158940441800000E-01   3.554571424500000E+00   3.225483991700000E-01   1.094609529700000E+00   5.745480433000000E-01   0.000000000000000E+00   0.000000000000000E+00   0.000000000000000E+00   0.000000000000000E+00
   6.237768912400000E-01   3.554420174700000E+00   3.225478907700000E-01   1.105313624400000E+00   5.479263470600000E-01   0.000000000000000E+00   0.000000000000000E+00   0.000000000000000E+00   0.000000000000000E+00
   6.316597383000000E-01   3.554571423600000E+00   3.225483992800000E-01   1.094609740500000E+00   5.745474019300000E-01   0.000000000000000E+00   0.000000000000000E+00   0.000000000000000E+00   0.000000000000000E+00
   6.395425853600000E-01   3.554277823400000E+00   3.225474119700000E-01   1.115387292900000E+00   5.228729874300000E-01   0.000000000000000E+00   0.000000000000000E+00   0.000000000000000E+00   0.000000000000000E+00
   6.471775228800000E-01   3.554571423700000E+00   3.225483993300000E-01   1.094609922500000E+00   5.745468477900000E-01   0.000000000000000E+00   0.000000000000000E+00   0.000000000000000E+00   0.000000000000000E+00
   6.548124603900000E-01   3.554420174800000E+00   3.225478906100000E-01   1.105313110600000E+00   5.479279116600000E-01   0.000000000000000E+00   0.000000000000000E+00   0.000000000000000E+00   0.000000000000000E+00
   6.624473979100000E-01   3.554571424400000E+00   3.225483993600000E-01   1.094610139900000E+00   5.745461853300000E-01   0.000000000000000E+00   0.000000000000000E+00   0.000000000000000E+00   0.000000000000000E+00
   6.700823354200000E-01   3.554277820000000E+00   3.225474117300000E-01   1.115385901500000E+00   5.228772269800001E-01   0.000000000000000E+00   0.000000000000000E+00   0.000000000000000E+00   0.000000000000000E+00
   6.774748159800000E-01   3.554571425200000E+00   3.225483993700000E-01   1.094610327600000E+00   5.745456129800000E-01   0.000000000000000E+00   0.000000000000000E+00   0.000000000000000E+00   0.000000000000000E+00
   6.848672965400000E-01   3.554420172600000E+00   3.225478905600000E-01   1.105312580400000E+00   5.479295277100000E-01   0.000000000000000E+00   0.000000000000000E+00   0.000000000000000E+00   0.000000000000000E+00
   6.922597771000000E-01   3.554571426200000E+00   3.225483993900000E-01   1.094610552000000E+00   5.745449287200000E-01   0.000000000000000E+00   0.000000000000000E+00   0.000000000000000E+00   0.000000000000000E+00
   6.996522576600001E-01   3.554277813300000E+00   3.225474116300000E-01   1.115384465500000E+00   5.228816061700000E-01   0.000000000000000E+00   0.000000000000000E+00   0.000000000000000E+00   0.000000000000000E+00
   7.070116845400000E-01   3.554571427200000E+00   3.225483994000000E-01   1.094610743100000E+00   5.745443457900000E-01   0.000000000000000E+00   0.000000000000000E+00   0.000000000000000E+00   0.000000000000000E+00
   7.143711114300000E-01   3.554420169900000E+00   3.225478905300000E-01   1.105312040900000E+00   5.479311736500000E-01   0.000000000000000E+00   0.000000000000000E+00   0.000000000000000E+00   0.000000000000000E+00
   7.217305383100000E-01   3.554571428400000E+00   3.225483994100000E-01   1.094610968300000E+00   5.745436584300000E-01   0.000000000000000E+00   0.000000000000000E+00   0.000000000000000E+00   0.000000000000000E+00
   7.290899652000000E-01   3.554277805900000E+00   3.225474115500000E-01   1.115383024000000E+00   5.228860052700000E-01   0.000000000000000E+00   0.000000000000000E+00   0.000000000000000E+00   0.000000000000000E+00
   7.353734838100000E-01   3.554571429400000E+00   3.225483994200000E-01   1.094611176100000E+00   5.745430241400000E-01   0.000000000000000E+00   0.000000000000000E+00   0.000000000000000E+00   0.000000000000000E+00
   7.416570024100000E-01   3.554420166900000E+00   3.225478905000000E-01   1.105311454200000E+00   5.479329645900000E-01   0.000000000000000E+00   0.000000000000000E+00   0.000000000000000E+00   0.000000000000000E+00
   7.479405210200000E-01   3.554571430800000E+00   3.225483994400000E-01   1.094611439800000E+00   5.745422190500000E-01   0.000000000000000E+00   0.000000000000000E+00   0.000000000000000E+00   0.000000000000000E+00
   7.542240396300000E-01   3.554277797100000E+00   3.225474114700000E-01   1.115381336500000E+00   5.228911578500000E-01   0.000000000000000E+00   0.000000000000000E+00   0.000000000000000E+00   0.000000000000000E+00
   7.596062746500000E-01   3.554571432100000E+00   3.225483994500000E-01   1.094611682600000E+00   5.745414774099999E-01   0.000000000000000E+00   0.000000000000000E+00   0.000000000000000E+00   0.000000000000000E+00
   7.649885096800000E-01   3.554420163300000E+00   3.225478904700000E-01   1.105310768700000E+00   5.479350586300000E-01   0.000000000000000E+00   0.000000000000000E+00   0.000000000000000E+00   0.000000000000000E+00
   7.703707447100000E-01   3.554571433700000E+00   3.225483994600000E-01   1.094611990200000E+00   5.745405374600000E-01   0.000000000000000E+00   0.000000000000000E+00   0.000000000000000E+00   0.000000000000000E+00
   7.757529797400000E-01   3.554277786600000E+00   3.225474113700000E-01   1.115379367900000E+00   5.228971735400000E-01   0.000000000000000E+00   0.000000000000000E+00   0.000000000000000E+00   0.000000000000000E+00
   7.798699225900000E-01   3.554571435400000E+00   3.225483994800000E-01   1.094612291700000E+00   5.745396157000000E-01   0.000000000000000E+00   0.000000000000000E+00   0.000000000000000E+00   0.000000000000000E+00
   7.839868654300000E-01   3.554420158700000E+00   3.225478904200000E-01   1.105309917300000E+00   5.479376612500000E-01   0.000000000000000E+00   0.000000000000000E+00   0.000000000000000E+00   0.000000000000000E+00
   7.881038082700000E-01   3.554571437500000E+00   3.225483995000000E-01   1.094612693500000E+00   5.745383867900000E-01   0.000000000000000E+00   0.000000000000000E+00   0.000000000000000E+00   0.000000000000000E+00
   7.922207511200000E-01   3.554277772600000E+00   3.225474112400000E-01   1.115376796500000E+00   5.229050385700000E-01   0.000000000000000E+00   0.000000000000000E+00   0.000000000000000E+00   0.000000000000000E+00
   7.968828825399999E-01   3.554571439300000E+00   3.225483995100000E-01   1.094613014900000E+00   5.745374032500000E-01   0.000000000000000E+00   0.000000000000000E+00   0.000000000000000E+00   0.000000000000000E+00
   8.015450139700000E-01   3.554420153700000E+00   3.225478903800000E-01   1.105309009900000E+00   5.479404382800001E-01   0.000000000000000E+00   0.000000000000000E+00   0.000000000000000E+00   0.000000000000000E+00
   8.062071454000000E-01   3.554571441300000E+00   3.225483995300000E-01   1.094613369400000E+00   5.745363179800000E-01   0.000000000000000E+00   0.000000000000000E+00   0.000000000000000E+00   0.000000000000000E+00
   8.108692768300000E-01   3.554277760000000E+00   3.225474111200000E-01   1.115374527900000E+00   5.229119843200000E-01   0.000000000000000E+00   0.000000000000000E+00   0.000000000000000E+00   0.000000000000000E+00
   8.155724697200000E-01   3.554571442900000E+00   3.225483995500000E-01   1.094613669200000E+00   5.745353995000000E-01   0.000000000000000E+00   0.000000000000000E+00   0.000000000000000E+00   0.000000000000000E+00
   8.202756626200000E-01   3.554420149000000E+00   3.225478903300000E-01   1.105308163200000E+00   5.479430316500000E-01   0.000000000000000E+00   0.000000000000000E+00   0.000000000000000E+00   0.000000000000000E+00
   8.249788555200001E-01   3.554571444900000E+00   3.225483995700000E-01   1.094614020300000E+00   5.745343236300000E-01   0.000000000000000E+00   0.000000000000000E+00   0.000000000000000E+00   0.000000000000000E+00
   8.296820484200000E-01   3.554277747400000E+00   3.225474110100000E-01   1.115372281000000E+00   5.229188698700000E-01   0.000000000000000E+00   0.000000000000000E+00   0.000000000000000E+00   0.000000000000000E+00
   8.342480215900000E-01   3.554571446600000E+00   3.225483995800000E-01   1.094614323100000E+00   5.745333953700000E-01   0.000000000000000E+00   0.000000000000000E+00   0.000000000000000E+00   0.000000000000000E+00
   8.388139947500000E-01   3.554420144100000E+00   3.225478902900000E-01   1.105307308400000E+00   5.479456526099999E-01   0.000000000000000E+00   0.000000000000000E+00   0.000000000000000E+00   0.000000000000000E+00
   8.433799679200000E-01   3.554571448700000E+00   3.225483996000000E-01   1.094614684400000E+00   5.745322871000000E-01   0.000000000000000E+00   0.000000000000000E+00   0.000000000000000E+00   0.000000000000000E+00
   8.479459410900000E-01   3.554277734100000E+00   3.225474108900000E-01   1.115369968600000E+00   5.229259628000000E-01   0.000000000000000E+00   0.000000000000000E+00   0.000000000000000E+00   0.000000000000000E+00
   8.532897163299999E-01   3.554571450400000E+00   3.225483996200000E-01   1.094614969000000E+00   5.745314136000000E-01   0.000000000000000E+00   0.000000000000000E+00   0.000000000000000E+00   0.000000000000000E+00
   8.586334915800000E-01   3.554420139500000E+00   3.225478902500000E-01   1.105306504700000E+00   5.479481189600000E-01   0.000000000000000E+00   0.000000000000000E+00   0.000000000000000E+00   0.000000000000000E+00
   8.639772668200000E-01   3.554571452200000E+00   3.225483996300000E-01   1.094615277500000E+00   5.745304665800000E-01   0.000000000000000E+00   0.000000000000000E+00   0.000000000000000E+00   0.000000000000000E+00
   8.693210420700000E-01   3.554277722600000E+00   3.225474107800000E-01   1.115367994500000E+00   5.229320237100000E-01   0.000000000000000E+00   0.000000000000000E+00   0.000000000000000E+00   0.000000000000000E+00
   8.738087971500000E-01   3.554571453800000E+00   3.225483996500000E-01   1.094615564600000E+00   5.745295848200000E-01   0.000000000000000E+00   0.000000000000000E+00   0.000000000000000E+00   0.000000000000000E+00
   8.782965522300000E-01   3.554420134700000E+00   3.225478902100000E-01   1.105305694100000E+00   5.479506086500000E-01   0.000000000000000E+00   0.000000000000000E+00   0.000000000000000E+00   0.000000000000000E+00
   8.827843073100000E-01   3.554571456000000E+00   3.225483996700000E-01   1.094615931500000E+00   5.745284571000000E-01   0.000000000000000E+00   0.000000000000000E+00   0.000000000000000E+00   0.000000000000000E+00
   8.872720623900000E-01   3.554277708700000E+00   3.225474106600000E-01   1.115365645800000E+00   5.229392411600000E-01   0.000000000000000E+00   0.000000000000000E+00   0.000000000000000E+00   0.000000000000000E+00
   8.905783753900000E-01   3.554571458200000E+00   3.225483996900000E-01   1.094616299100000E+00   5.745273272300000E-01   0.000000000000000E+00   0.000000000000000E+00   0.000000000000000E+00   0.000000000000000E+00
   8.938846884000000E-01   3.554420128500000E+00   3.225478901500000E-01   1.105304656500000E+00   5.479537988800000E-01   0.000000000000000E+00   0.000000000000000E+00   0.000000000000000E+00   0.000000000000000E+00
   8.971910014100000E-01   3.554571461200000E+00   3.225483997100000E-01   1.094616796600000E+00   5.745257964100000E-01   0.000000000000000E+00   0.000000000000000E+00   0.000000000000000E+00   0.000000000000000E+00
   9.004973144200000E-01   3.554277689500000E+00   3.225474104900000E-01   1.115362461300000E+00   5.229490384200000E-01   0.000000000000000E+00   0.000000000000000E+00   0.000000000000000E+00   0.000000000000000E+00
   9.030149659600000E-01   3.554571464200000E+00   3.225483997400000E-01   1.094617285600000E+00   5.745242913500000E-01   0.000000000000000E+00   0.000000000000000E+00   0.000000000000000E+00   0.000000000000000E+00
   9.055326175000000E-01   3.554420120100000E+00   3.225478900800000E-01   1.105303276200000E+00   5.479580485200000E-01   0.000000000000000E+00   0.000000000000000E+00   0.000000000000000E+00   0.000000000000000E+00
   9.080502690400000E-01   3.554571468200000E+00   3.225483997700000E-01   1.094617938100000E+00   5.745222807700000E-01   0.000000000000000E+00   0.000000000000000E+00   0.000000000000000E+00   0.000000000000000E+00
   9.105679205800000E-01   3.554277663600000E+00   3.225474102600000E-01   1.115358285300000E+00   5.229619061400000E-01   0.000000000000000E+00   0.000000000000000E+00   0.000000000000000E+00   0.000000000000000E+00
   9.128742127100000E-01   3.554571471900000E+00   3.225483998100000E-01   1.094618517600000E+00   5.745204933600000E-01   0.000000000000000E+00   0.000000000000000E+00   0.000000000000000E+00   0.000000000000000E+00
   9.151805048300000E-01   3.554420109800000E+00   3.225478899900000E-01   1.105301639900000E+00   5.479630953600000E-01   0.000000000000000E+00   0.000000000000000E+00   0.000000000000000E+00   0.000000000000000E+00
   9.174867969600000E-01   3.554571476500000E+00   3.225483998500000E-01   1.094619228700000E+00   5.745182982200000E-01   0.000000000000000E+00   0.000000000000000E+00   0.000000000000000E+00   0.000000000000000E+00
   9.197930890900000E-01   3.554277634400000E+00   3.225474100100000E-01   1.115353734500000E+00   5.229759550200000E-01   0.000000000000000E+00   0.000000000000000E+00   0.000000000000000E+00   0.000000000000000E+00
   9.216008036200000E-01   3.554571480900000E+00   3.225483998800000E-01   1.094619915900000E+00   5.745161749100000E-01   0.000000000000000E+00   0.000000000000000E+00   0.000000000000000E+00   0.000000000000000E+00
   9.234085181600000E-01   3.554420097100000E+00   3.225478898800000E-01   1.105299700000000E+00   5.479690906800000E-01   0.000000000000000E+00   0.000000000000000E+00   0.000000000000000E+00   0.000000000000000E+00
   9.252162327000000E-01   3.554571486900000E+00   3.225483999400000E-01   1.094620821200000E+00   5.745133738800000E-01   0.000000000000000E+00   0.000000000000000E+00   0.000000000000000E+00   0.000000000000000E+00
   9.270239472400000E-01   3.554277595900000E+00   3.225474096800000E-01   1.115347940800000E+00   5.229938816300000E-01   0.000000000000000E+00   0.000000000000000E+00   0.000000000000000E+00   0.000000000000000E+00
   9.284202087800000E-01   3.554571492900000E+00   3.225483999900000E-01   1.094621703100000E+00   5.745106419700000E-01   0.000000000000000E+00   0.000000000000000E+00   0.000000000000000E+00   0.000000000000000E+00
   9.298164703100000E-01   3.554420080200000E+00   3.225478897300000E-01   1.105297210400000E+00   5.479768044700000E-01   0.000000000000000E+00   0.000000000000000E+00   0.000000000000000E+00   0.000000000000000E+00
   9.312127318400000E-01   3.554571501000000E+00   3.225484000500000E-01   1.094622872000000E+00   5.745070147300000E-01   0.000000000000000E+00   0.000000000000000E+00   0.000000000000000E+00   0.000000000000000E+00
   9.326089933800000E-01   3.554277543900000E+00   3.225474092400000E-01   1.115340460000000E+00   5.230170960300000E-01   0.000000000000000E+00   0.000000000000000E+00   0.000000000000000E+00   0.000000000000000E+00
   9.339189156500000E-01   3.554571508300000E+00   3.225484001200000E-01   1.094623896700000E+00   5.745038295600000E-01   0.000000000000000E+00   0.000000000000000E+00   0.000000000000000E+00   0.000000000000000E+00
   9.352288379200000E-01   3.554420059500000E+00   3.225478895600000E-01   1.105294317300000E+00   5.479857979400000E-01   0.000000000000000E+00   0.000000000000000E+00   0.000000000000000E+00   0.000000000000000E+00
   9.365387601900000E-01   3.554571517400000E+00   3.225484001900000E-01   1.094625138600000E+00   5.744999622000000E-01   0.000000000000000E+00   0.000000000000000E+00   0.000000000000000E+00   0.000000000000000E+00
   9.378486824600000E-01   3.554277485600000E+00   3.225474087600000E-01   1.115332511700000E+00   5.230418471900000E-01   0.000000000000000E+00   0.000000000000000E+00   0.000000000000000E+00   0.000000000000000E+00
   9.391390661100000E-01   3.554571525400000E+00   3.225484002500000E-01   1.094626200500000E+00   5.744966495800000E-01   0.000000000000000E+00   0.000000000000000E+00   0.000000000000000E+00   0.000000000000000E+00
   9.404294497600000E-01   3.554420037000000E+00   3.225478893800000E-01   1.105291319100000E+00   5.479951512400000E-01   0.000000000000000E+00   0.000000000000000E+00   0.000000000000000E+00   0.000000000000000E+00
   9.417198334000000E-01   3.554571535100000E+00   3.225484003300000E-01   1.094627457000000E+00   5.744927225100001E-01   0.000000000000000E+00   0.000000000000000E+00   0.000000000000000E+00   0.000000000000000E+00
   9.430102170500000E-01   3.554277423600000E+00   3.225474082700000E-01   1.115324470400000E+00   5.230669804700000E-01   0.000000000000000E+00   0.000000000000000E+00   0.000000000000000E+00   0.000000000000000E+00
   9.444439746900000E-01   3.554571543100000E+00   3.225484004000000E-01   1.094628469700000E+00   5.744895508900000E-01   0.000000000000000E+00   0.000000000000000E+00   0.000000000000000E+00   0.000000000000000E+00
   9.458777323400001E-01   3.554420014400000E+00   3.225478892000000E-01   1.105288459200000E+00   5.480041062900000E-01   0.000000000000000E+00   0.000000000000000E+00   0.000000000000000E+00   0.000000000000000E+00
   9.473114899800000E-01   3.554571552300000E+00   3.225484004700000E-01   1.094629596800000E+00   5.744860154900000E-01   0.000000000000000E+00   0.000000000000000E+00   0.000000000000000E+00   0.000000000000000E+00
   9.487452476200000E-01   3.554277365100000E+00   3.225474078000000E-01   1.115317256900000E+00   5.230896070700000E-01   0.000000000000000E+00   0.000000000000000E+00   0.000000000000000E+00   0.000000000000000E+00
   9.499279291500000E-01   3.554571561000000E+00   3.225484005400000E-01   1.094630655100000E+00   5.744826909900000E-01   0.000000000000000E+00   0.000000000000000E+00   0.000000000000000E+00   0.000000000000000E+00
   9.511106106800000E-01   3.554419989600000E+00   3.225478890000000E-01   1.105285472100000E+00   5.480134933500000E-01   0.000000000000000E+00   0.000000000000000E+00   0.000000000000000E+00   0.000000000000000E+00
   9.522932922100000E-01   3.554571572600000E+00   3.225484006300000E-01   1.094632016700000E+00   5.744784036700000E-01   0.000000000000000E+00   0.000000000000000E+00   0.000000000000000E+00   0.000000000000000E+00
   9.534759737400000E-01   3.554277290900000E+00   3.225474072300000E-01   1.115308542700000E+00   5.231170459300000E-01   0.000000000000000E+00   0.000000000000000E+00   0.000000000000000E+00   0.000000000000000E+00
   9.545562521299999E-01   3.554571583200000E+00   3.225484007100000E-01   1.094633226600000E+00   5.744745860700000E-01   0.000000000000000E+00   0.000000000000000E+00   0.000000000000000E+00   0.000000000000000E+00
   9.556365305200000E-01   3.554419959700000E+00   3.225478887700000E-01   1.105282056200000E+00   5.480242726300000E-01   0.000000000000000E+00   0.000000000000000E+00   0.000000000000000E+00   0.000000000000000E+00
   9.567168089100000E-01   3.554571596500000E+00   3.225484008100000E-01   1.094634711200000E+00   5.744698905400000E-01   0.000000000000000E+00   0.000000000000000E+00   0.000000000000000E+00   0.000000000000000E+00
   9.577970873000000E-01   3.554277205400000E+00   3.225474065800000E-01   1.115299041300000E+00   5.231470973600000E-01   0.000000000000000E+00   0.000000000000000E+00   0.000000000000000E+00   0.000000000000000E+00
   9.589389006300000E-01   3.554571607900000E+00   3.225484009000000E-01   1.094635936400000E+00   5.744660060700000E-01   0.000000000000000E+00   0.000000000000000E+00   0.000000000000000E+00   0.000000000000000E+00
   9.600807139600001E-01   3.554419927700000E+00   3.225478885300000E-01   1.105278596500000E+00   5.480352404800000E-01   0.000000000000000E+00   0.000000000000000E+00   0.000000000000000E+00   0.000000000000000E+00
   9.612225272900000E-01   3.554571621200000E+00   3.225484010000000E-01   1.094637335100000E+00   5.744615617800000E-01   0.000000000000000E+00   0.000000000000000E+00   0.000000000000000E+00   0.000000000000000E+00
   9.623643406100000E-01   3.554277120400000E+00   3.225474059400000E-01   1.115290090000000E+00   5.231755408800000E-01   0.000000000000000E+00   0.000000000000000E+00   0.000000000000000E+00   0.000000000000000E+00
   9.636109956300000E-01   3.554571632300000E+00   3.225484010800000E-01   1.094638471500000E+00   5.744579422000000E-01   0.000000000000000E+00   0.000000000000000E+00   0.000000000000000E+00   0.000000000000000E+00
   9.648576506400000E-01   3.554419896400000E+00   3.225478883000000E-01   1.105275387400000E+00   5.480454603300000E-01   0.000000000000000E+00   0.000000000000000E+00   0.000000000000000E+00   0.000000000000000E+00
   9.661043056500001E-01   3.554571645000000E+00   3.225484011700000E-01   1.094639747400000E+00   5.744538700400000E-01   0.000000000000000E+00   0.000000000000000E+00   0.000000000000000E+00   0.000000000000000E+00
   9.673509606600000E-01   3.554277038900000E+00   3.225474053400000E-01   1.115281924300000E+00   5.232016027400000E-01   0.000000000000000E+00   0.000000000000000E+00   0.000000000000000E+00   0.000000000000000E+00
   9.683835772200000E-01   3.554571657200000E+00   3.225484012600000E-01   1.094640942200000E+00   5.744500492900000E-01   0.000000000000000E+00   0.000000000000000E+00   0.000000000000000E+00   0.000000000000000E+00
   9.694161937700000E-01   3.554419861900000E+00   3.225478880500000E-01   1.105272015000000E+00   5.480562486800000E-01   0.000000000000000E+00   0.000000000000000E+00   0.000000000000000E+00   0.000000000000000E+00
   9.704488103200000E-01   3.554571673300000E+00   3.225484013800000E-01   1.094642475900000E+00   5.744451309100000E-01   0.000000000000000E+00   0.000000000000000E+00   0.000000000000000E+00   0.000000000000000E+00
   9.714814268800001E-01   3.554276935800000E+00   3.225474045900000E-01   1.115272108500000E+00   5.232330804799999E-01   0.000000000000000E+00   0.000000000000000E+00   0.000000000000000E+00   0.000000000000000E+00
   9.725396925100001E-01   3.554571687200000E+00   3.225484014800000E-01   1.094643760700000E+00   5.744409999100000E-01   0.000000000000000E+00   0.000000000000000E+00   0.000000000000000E+00   0.000000000000000E+00
   9.735979581500001E-01   3.554419822800000E+00   3.225478877700000E-01   1.105268387300000E+00   5.480679126400000E-01   0.000000000000000E+00   0.000000000000000E+00   0.000000000000000E+00   0.000000000000000E+00
   9.746562237800001E-01   3.554571703700000E+00   3.225484015900000E-01   1.094645250100000E+00   5.744361983500000E-01   0.000000000000000E+00   0.000000000000000E+00   0.000000000000000E+00   0.000000000000000E+00
   9.757144894200001E-01   3.554276830100000E+00   3.225474038400000E-01   1.115262576000000E+00   5.232638105500000E-01   0.000000000000000E+00   0.000000000000000E+00   0.000000000000000E+00   0.000000000000000E+00
   9.766332216800000E-01   3.554571719100000E+00   3.225484017000000E-01   1.094646609300000E+00   5.744318060500000E-01   0.000000000000000E+00   0.000000000000000E+00   0.000000000000000E+00   0.000000000000000E+00
   9.775519539400001E-01   3.554419779100000E+00   3.225478874600000E-01   1.105264550700000E+00   5.480803148100000E-01   0.000000000000000E+00   0.000000000000000E+00   0.000000000000000E+00   0.000000000000000E+00
   9.784706862100000E-01   3.554571739100000E+00   3.225484018400000E-01   1.094648316100000E+00   5.744262721900000E-01   0.000000000000000E+00   0.000000000000000E+00   0.000000000000000E+00   0.000000000000000E+00
   9.793894184700001E-01   3.554276702200000E+00   3.225474029400000E-01   1.115251652200000E+00   5.232992273600000E-01   0.000000000000000E+00   0.000000000000000E+00   0.000000000000000E+00   0.000000000000000E+00
   9.798146149700000E-01   3.554571766300000E+00   3.225484020300000E-01   1.094650605600000E+00   5.744188373500000E-01   0.000000000000000E+00   0.000000000000000E+00   0.000000000000000E+00   0.000000000000000E+00
   9.802398114799999E-01   3.554419700400000E+00   3.225478869100000E-01   1.105258102500000E+00   5.481013131400000E-01   0.000000000000000E+00   0.000000000000000E+00   0.000000000000000E+00   0.000000000000000E+00
   9.806650079800000E-01   3.554571813100000E+00   3.225484023500000E-01   1.094654260700000E+00   5.744068684100000E-01   0.000000000000000E+00   0.000000000000000E+00   0.000000000000000E+00   0.000000000000000E+00
   9.810902044799999E-01   3.554276402100000E+00   3.225474008900000E-01   1.115228260400000E+00   5.233758298600000E-01   0.000000000000000E+00   0.000000000000000E+00   0.000000000000000E+00   0.000000000000000E+00
   9.814844480700000E-01   3.554571856700000E+00   3.225484026500000E-01   1.094657469800000E+00   5.743962879900000E-01   0.000000000000000E+00   0.000000000000000E+00   0.000000000000000E+00   0.000000000000000E+00
   9.818786916500000E-01   3.554419576900000E+00   3.225478860800000E-01   1.105249045200000E+00   5.481311888500000E-01   0.000000000000000E+00   0.000000000000000E+00   0.000000000000000E+00   0.000000000000000E+00
   9.822729352300000E-01   3.554571913100000E+00   3.225484030200000E-01   1.094661359700000E+00   5.743833593600000E-01   0.000000000000000E+00   0.000000000000000E+00   0.000000000000000E+00   0.000000000000000E+00
   9.826671788200000E-01   3.554276040900000E+00   3.225473985000000E-01   1.115203366800000E+00   5.234585747700000E-01   0.000000000000000E+00   0.000000000000000E+00   0.000000000000000E+00   0.000000000000000E+00
   9.829791276400000E-01   3.554571970100000E+00   3.225484033900000E-01   1.094665078200000E+00   5.743709108600000E-01   0.000000000000000E+00   0.000000000000000E+00   0.000000000000000E+00   0.000000000000000E+00
   9.832910764700000E-01   3.554419414200000E+00   3.225478850200000E-01   1.105238561600000E+00   5.481663442500000E-01   0.000000000000000E+00   0.000000000000000E+00   0.000000000000000E+00   0.000000000000000E+00
   9.836030252900000E-01   3.554572050500000E+00   3.225484039100000E-01   1.094669913400000E+00   5.743545385000000E-01   0.000000000000000E+00   0.000000000000000E+00   0.000000000000000E+00   0.000000000000000E+00
   9.839149741100000E-01   3.554275525600000E+00   3.225473951900000E-01   1.115172425400000E+00   5.235633615100000E-01   0.000000000000000E+00   0.000000000000000E+00   0.000000000000000E+00   0.000000000000000E+00
   9.842412174900000E-01   3.554572122000000E+00   3.225484043600000E-01   1.094673893400000E+00   5.743409096300000E-01   0.000000000000000E+00   0.000000000000000E+00   0.000000000000000E+00   0.000000000000000E+00
   9.845674608600000E-01   3.554419212900000E+00   3.225478837500000E-01   1.105227320900000E+00   5.482048247600000E-01   0.000000000000000E+00   0.000000000000000E+00   0.000000000000000E+00   0.000000000000000E+00
   9.848937042400000E-01   3.554572209100000E+00   3.225484049100000E-01   1.094678427700000E+00   5.743252155900000E-01   0.000000000000000E+00   0.000000000000000E+00   0.000000000000000E+00   0.000000000000000E+00
   9.852199476200000E-01   3.554274967800000E+00   3.225473917100000E-01   1.115143409300000E+00   5.236638067200000E-01   0.000000000000000E+00   0.000000000000000E+00   0.000000000000000E+00   0.000000000000000E+00
   9.855279042600000E-01   3.554572289800000E+00   3.225484054000000E-01   1.094682357600000E+00   5.743114617600000E-01   0.000000000000000E+00   0.000000000000000E+00   0.000000000000000E+00   0.000000000000000E+00
   9.858358609000000E-01   3.554418984400000E+00   3.225478823400000E-01   1.105216230500000E+00   5.482436621800000E-01   0.000000000000000E+00   0.000000000000000E+00   0.000000000000000E+00   0.000000000000000E+00
   9.861438175500000E-01   3.554572393500000E+00   3.225484060300000E-01   1.094687061100000E+00   5.742947890600000E-01   0.000000000000000E+00   0.000000000000000E+00   0.000000000000000E+00   0.000000000000000E+00
   9.864517741900000E-01   3.554274303100000E+00   3.225473876700000E-01   1.115113310600000E+00   5.237705161300000E-01   0.000000000000000E+00   0.000000000000000E+00   0.000000000000000E+00   0.000000000000000E+00
   9.867742433900000E-01   3.554572485000000E+00   3.225484065800000E-01   1.094690923800000E+00   5.742809139100000E-01   0.000000000000000E+00   0.000000000000000E+00   0.000000000000000E+00   0.000000000000000E+00
   9.870967125900000E-01   3.554418726500000E+00   3.225478807900000E-01   1.105205320600000E+00   5.482828377100000E-01   0.000000000000000E+00   0.000000000000000E+00   0.000000000000000E+00   0.000000000000000E+00
   9.874191817900000E-01   3.554572595900000E+00   3.225484072400000E-01   1.094695314300000E+00   5.742649413000001E-01   0.000000000000000E+00   0.000000000000000E+00   0.000000000000000E+00   0.000000000000000E+00
   9.877416509900000E-01   3.554273592800000E+00   3.225473834500000E-01   1.115085215100000E+00   5.238727447000000E-01   0.000000000000000E+00   0.000000000000000E+00   0.000000000000000E+00   0.000000000000000E+00
   9.880220792700000E-01   3.554572702400000E+00   3.225484078700000E-01   1.094699281700000E+00   5.742503240800000E-01   0.000000000000000E+00   0.000000000000000E+00   0.000000000000000E+00   0.000000000000000E+00
   9.883025075600000E-01   3.554418423900000E+00   3.225478790100000E-01   1.105194134600000E+00   5.483241187600000E-01   0.000000000000000E+00   0.000000000000000E+00   0.000000000000000E+00   0.000000000000000E+00
   9.885829358400000E-01   3.554572845000000E+00   3.225484087000000E-01   1.094704201300000E+00   5.742318893900000E-01   0.000000000000000E+00   0.000000000000000E+00   0.000000000000000E+00   0.000000000000000E+00
   9.888633641200000E-01   3.554272679100000E+00   3.225473781300000E-01   1.115053736400000E+00   5.239907329800000E-01   0.000000000000000E+00   0.000000000000000E+00   0.000000000000000E+00   0.000000000000000E+00
   9.891227698200000E-01   3.554572978500000E+00   3.225484094700000E-01   1.094708490400000E+00   5.742155512800000E-01   0.000000000000000E+00   0.000000000000000E+00   0.000000000000000E+00   0.000000000000000E+00
   9.893821755200000E-01   3.554418045600000E+00   3.225478768300000E-01   1.105182036700000E+00   5.483702574800000E-01   0.000000000000000E+00   0.000000000000000E+00   0.000000000000000E+00   0.000000000000000E+00
   9.896415812100000E-01   3.554573152200000E+00   3.225484104600000E-01   1.094713643300000E+00   5.741955315500000E-01   0.000000000000000E+00   0.000000000000000E+00   0.000000000000000E+00   0.000000000000000E+00
   9.899009869099999E-01   3.554271566100000E+00   3.225473717800000E-01   1.115020766100000E+00   5.241188677300000E-01   0.000000000000000E+00   0.000000000000000E+00   0.000000000000000E+00   0.000000000000000E+00
   9.901154931600000E-01   3.554573324600000E+00   3.225484114400000E-01   1.094718404300000E+00   5.741766895300000E-01   0.000000000000000E+00   0.000000000000000E+00   0.000000000000000E+00   0.000000000000000E+00
   9.903299994000000E-01   3.554417554100000E+00   3.225478740500000E-01   1.105168634700000E+00   5.484234831100000E-01   0.000000000000000E+00   0.000000000000000E+00   0.000000000000000E+00   0.000000000000000E+00
   9.905445056400000E-01   3.554573563800000E+00   3.225484127800000E-01   1.094724390300000E+00   5.741523368200000E-01   0.000000000000000E+00   0.000000000000000E+00   0.000000000000000E+00   0.000000000000000E+00
   9.907590118900000E-01   3.554270032200000E+00   3.225473631800000E-01   1.114982471900000E+00   5.242747413400000E-01   0.000000000000000E+00   0.000000000000000E+00   0.000000000000000E+00   0.000000000000000E+00
   9.909633877000000E-01   3.554573787000000E+00   3.225484140200000E-01   1.094729482500000E+00   5.741310501300000E-01   0.000000000000000E+00   0.000000000000000E+00   0.000000000000000E+00   0.000000000000000E+00
   9.911677635100000E-01   3.554416922100000E+00   3.225478705500000E-01   1.105154273600000E+00   5.484835984899999E-01   0.000000000000000E+00   0.000000000000000E+00   0.000000000000000E+00   0.000000000000000E+00
   9.913721393200000E-01   3.554574075800000E+00   3.225484156000000E-01   1.094735451800000E+00   5.741052981300000E-01   0.000000000000000E+00   0.000000000000000E+00   0.000000000000000E+00   0.000000000000000E+00
   9.915765151300000E-01   3.554268180700000E+00   3.225473530000000E-01   1.114944289100000E+00   5.244395747800000E-01   0.000000000000000E+00   0.000000000000000E+00   0.000000000000000E+00   0.000000000000000E+00
   9.918780755100000E-01   3.554574298700000E+00   3.225484168200000E-01   1.094739569200000E+00   5.740868472100000E-01   0.000000000000000E+00   0.000000000000000E+00   0.000000000000000E+00   0.000000000000000E+00
   9.921796358900000E-01   3.554416303000000E+00   3.225478671700000E-01   1.105142565300000E+00   5.485356427700000E-01   0.000000000000000E+00   0.000000000000000E+00   0.000000000000000E+00   0.000000000000000E+00
   9.924811962700000E-01   3.554574518500000E+00   3.225484180100000E-01   1.094743416300000E+00   5.740692665800000E-01   0.000000000000000E+00   0.000000000000000E+00   0.000000000000000E+00   0.000000000000000E+00
   9.927827566500000E-01   3.554266772700000E+00   3.225473453600000E-01   1.114919674600000E+00   5.245520978200000E-01   0.000000000000000E+00   0.000000000000000E+00   0.000000000000000E+00   0.000000000000000E+00
   9.929747767300000E-01   3.554574767200000E+00   3.225484193600000E-01   1.094747549100000E+00   5.740500147000001E-01   0.000000000000000E+00   0.000000000000000E+00   0.000000000000000E+00   0.000000000000000E+00
   9.931667968000000E-01   3.554415586600000E+00   3.225478633000000E-01   1.105131012800000E+00   5.485900797200000E-01   0.000000000000000E+00   0.000000000000000E+00   0.000000000000000E+00   0.000000000000000E+00
   9.933588168700000E-01   3.554575154600000E+00   3.225484214300000E-01   1.094753245200000E+00   5.740221745700000E-01   0.000000000000000E+00   0.000000000000000E+00   0.000000000000000E+00   0.000000000000000E+00
   9.935508369400000E-01   3.554264289200000E+00   3.225473320500000E-01   1.114883249000000E+00   5.247303039400000E-01   0.000000000000000E+00   0.000000000000000E+00   0.000000000000000E+00   0.000000000000000E+00
   9.937515938600000E-01   3.554575500400000E+00   3.225484232800000E-01   1.094757789800000E+00   5.739988933300000E-01   0.000000000000000E+00   0.000000000000000E+00   0.000000000000000E+00   0.000000000000000E+00
   9.939523507800000E-01   3.554414611900000E+00   3.225478581100000E-01   1.105118168800000E+00   5.486558083100000E-01   0.000000000000000E+00   0.000000000000000E+00   0.000000000000000E+00   0.000000000000000E+00
   9.941531077100000E-01   3.554575924100000E+00   3.225484255200000E-01   1.094762805600000E+00   5.739719642800000E-01   0.000000000000000E+00   0.000000000000000E+00   0.000000000000000E+00   0.000000000000000E+00
   9.943538646300000E-01   3.554261573200000E+00   3.225473176700000E-01   1.114851176600000E+00   5.249026781300000E-01   0.000000000000000E+00   0.000000000000000E+00   0.000000000000000E+00   0.000000000000000E+00
   9.944878780200000E-01   3.554576397500000E+00   3.225484280100000E-01   1.094767941000000E+00   5.739432398099999E-01   0.000000000000000E+00   0.000000000000000E+00   0.000000000000000E+00   0.000000000000000E+00
   9.946218914100000E-01   3.554413241300000E+00   3.225478509000000E-01   1.105103942300000E+00   5.487371134200000E-01   0.000000000000000E+00   0.000000000000000E+00   0.000000000000000E+00   0.000000000000000E+00
   9.947559048000000E-01   3.554577140300000E+00   3.225484319000000E-01   1.094774583900000E+00   5.739022701499999E-01   0.000000000000000E+00   0.000000000000000E+00   0.000000000000000E+00   0.000000000000000E+00
   9.948899181900001E-01   3.554256805000000E+00   3.225472927500000E-01   1.114808769900000E+00   5.251649912400000E-01   0.000000000000000E+00   0.000000000000000E+00   0.000000000000000E+00   0.000000000000000E+00
   9.949906854800000E-01   3.554577936900000E+00   3.225484360400000E-01   1.094780672400000E+00   5.738613364600000E-01   0.000000000000000E+00   0.000000000000000E+00   0.000000000000000E+00   0.000000000000000E+00
   9.950914527800000E-01   3.554410935100000E+00   3.225478389400000E-01   1.105087204700000E+00   5.488530428600000E-01   0.000000000000000E+00   0.000000000000000E+00   0.000000000000000E+00   0.000000000000000E+00
   9.951922200700000E-01   3.554579157100000E+00   3.225484423200000E-01   1.094787651100000E+00   5.738054449300000E-01   0.000000000000000E+00   0.000000000000000E+00   0.000000000000000E+00   0.000000000000000E+00
   9.952929873600000E-01   3.554248956200000E+00   3.225472523400000E-01   1.114764407900000E+00   5.255229963700000E-01   0.000000000000000E+00   0.000000000000000E+00   0.000000000000000E+00   0.000000000000000E+00
   9.953987931900000E-01   3.554580299400000E+00   3.225484481700000E-01   1.094792411700000E+00   5.737582570899999E-01   0.000000000000000E+00   0.000000000000000E+00   0.000000000000000E+00   0.000000000000000E+00
   9.955045990300000E-01   3.554407714800000E+00   3.225478224700000E-01   1.105073718500000E+00   5.489862556800000E-01   0.000000000000000E+00   0.000000000000000E+00   0.000000000000000E+00   0.000000000000000E+00
   9.956104048700000E-01   3.554581759600000E+00   3.225484555900000E-01   1.094796702000000E+00   5.737031532500000E-01   0.000000000000000E+00   0.000000000000000E+00   0.000000000000000E+00   0.000000000000000E+00
   9.957162107000000E-01   3.554239570600000E+00   3.225472046100000E-01   1.114737266100000E+00   5.258759737399999E-01   0.000000000000000E+00   0.000000000000000E+00   0.000000000000000E+00   0.000000000000000E+00
   9.958208285800000E-01   3.554583150300000E+00   3.225484626300000E-01   1.094799246600000E+00   5.736551278499999E-01   0.000000000000000E+00   0.000000000000000E+00   0.000000000000000E+00   0.000000000000000E+00
   9.959254464600000E-01   3.554403774300000E+00   3.225478025300000E-01   1.105066632800000E+00   5.491219503100000E-01   0.000000000000000E+00   0.000000000000000E+00   0.000000000000000E+00   0.000000000000000E+00
   9.960300643400000E-01   3.554584984000000E+00   3.225484718700000E-01   1.094800788300000E+00   5.735970841200000E-01   0.000000000000000E+00   0.000000000000000E+00   0.000000000000000E+00   0.000000000000000E+00
   9.961346822200000E-01   3.554227784900000E+00   3.225471452500000E-01   1.114727794800000E+00   5.262478438900000E-01   0.000000000000000E+00   0.000000000000000E+00   0.000000000000000E+00   0.000000000000000E+00
   9.962245539300000E-01   3.554586846700000E+00   3.225484812200000E-01   1.094800826900000E+00   5.735425307699999E-01   0.000000000000000E+00   0.000000000000000E+00   0.000000000000000E+00   0.000000000000000E+00
   9.963144256399999E-01   3.554398429400000E+00   3.225477757200000E-01   1.105067178000000E+00   5.492765571600000E-01   0.000000000000000E+00   0.000000000000000E+00   0.000000000000000E+00   0.000000000000000E+00
   9.964042973500000E-01   3.554589529000000E+00   3.225484946200000E-01   1.094798359400000E+00   5.734713216800000E-01   0.000000000000000E+00   0.000000000000000E+00   0.000000000000000E+00   0.000000000000000E+00
   9.964941690600000E-01   3.554210520300000E+00   3.225470590100000E-01   1.114744352100000E+00   5.267043379300000E-01   0.000000000000000E+00   0.000000000000000E+00   0.000000000000000E+00   0.000000000000000E+00
   9.965732325100000E-01   3.554592260000000E+00   3.225485082200000E-01   1.094793824300000E+00   5.734046529500000E-01   0.000000000000000E+00   0.000000000000000E+00   0.000000000000000E+00   0.000000000000000E+00
   9.966522959700000E-01   3.554390592000000E+00   3.225477367200000E-01   1.105080942200000E+00   5.494656650900001E-01   0.000000000000000E+00   0.000000000000000E+00   0.000000000000000E+00   0.000000000000000E+00
   9.967313594200000E-01   3.554596200300000E+00   3.225485277700000E-01   1.094784130100000E+00   5.733176471400000E-01   0.000000000000000E+00   0.000000000000000E+00   0.000000000000000E+00   0.000000000000000E+00
   9.968104228700000E-01   3.554185118000000E+00   3.225469330400000E-01   1.114807821400000E+00   5.272625813600000E-01   0.000000000000000E+00   0.000000000000000E+00   0.000000000000000E+00   0.000000000000000E+00
   9.968992688700000E-01   3.554599847800000E+00   3.225485458000000E-01   1.094772622700000E+00   5.732444209400001E-01   0.000000000000000E+00   0.000000000000000E+00   0.000000000000000E+00   0.000000000000000E+00
   9.969881148800001E-01   3.554380372800000E+00   3.225476862000000E-01   1.105112827400000E+00   5.496718967500001E-01   0.000000000000000E+00   0.000000000000000E+00   0.000000000000000E+00   0.000000000000000E+00
   9.970769608900000E-01   3.554604381600000E+00   3.225485681800000E-01   1.094756167300000E+00   5.731599285400000E-01   0.000000000000000E+00   0.000000000000000E+00   0.000000000000000E+00   0.000000000000000E+00
   9.971658069000000E-01   3.554156066300000E+00   3.225467898400000E-01   1.114914353200000E+00   5.278045181300000E-01   0.000000000000000E+00   0.000000000000000E+00   0.000000000000000E+00   0.000000000000000E+00
   9.972598493100000E-01   3.554608647500000E+00   3.225485892400000E-01   1.094738843900000E+00   5.730866802100000E-01   0.000000000000000E+00   0.000000000000000E+00   0.000000000000000E+00   0.000000000000000E+00
   9.973538917200000E-01   3.554368804200000E+00   3.225476296900000E-01   1.105161356000000E+00   5.498783183300000E-01   0.000000000000000E+00   0.000000000000000E+00   0.000000000000000E+00   0.000000000000000E+00
   9.974479341300000E-01   3.554615029200000E+00   3.225486219100000E-01   1.094714420700000E+00   5.729985644900000E-01   0.000000000000000E+00   0.000000000000000E+00   0.000000000000000E+00   0.000000000000000E+00
   9.975419765500000E-01   3.554129997400000E+00   3.225466729800000E-01   1.115065450200000E+00   5.283617352400000E-01   0.000000000000000E+00   0.000000000000000E+00   0.000000000000000E+00   0.000000000000000E+00
   9.975854527600000E-01   3.554642622400000E+00   3.225487837800000E-01   1.094670558300000E+00   5.728674583900000E-01   0.000000000000000E+00   0.000000000000000E+00   0.000000000000000E+00   0.000000000000000E+00
   9.976289289700000E-01   3.554395001200000E+00   3.225478246100000E-01   1.105257031200000E+00   5.502085234800000E-01   0.000000000000000E+00   0.000000000000000E+00   0.000000000000000E+00   0.000000000000000E+00
   9.976724051900000E-01   3.554758467800000E+00   3.225494837700000E-01   1.094539769500000E+00   5.725915616000000E-01   0.000000000000000E+00   0.000000000000000E+00   0.000000000000000E+00   0.000000000000000E+00
   9.977158814000000E-01   3.554308510300000E+00   3.225479277200000E-01   1.115517487100000E+00   5.296500789700000E-01   0.000000000000000E+00   0.000000000000000E+00   0.000000000000000E+00   0.000000000000000E+00
   9.977622661300000E-01   3.555418646400000E+00   3.225535748000000E-01   1.094158357900000E+00   5.720363046100000E-01   0.000000000000000E+00   0.000000000000000E+00   0.000000000000000E+00   0.000000000000000E+00
   9.978086508500000E-01   3.556229613600000E+00   3.225593213300000E-01   1.104715814200000E+00   5.497898929000000E-01   0.000000000000000E+00   0.000000000000000E+00   0.000000000000000E+00   0.000000000000000E+00
   9.978550355800000E-01   3.559555002500000E+00   3.225793268200000E-01   1.092215580200000E+00   5.695641597400000E-01   0.000000000000000E+00   0.000000000000000E+00   0.000000000000000E+00   0.000000000000000E+00
   9.979014203100000E-01   3.566381923300000E+00   3.226234636400000E-01   1.111167723700000E+00   5.248894498400000E-01   0.000000000000000E+00   0.000000000000000E+00   0.000000000000000E+00   0.000000000000000E+00
   9.979467317800000E-01   3.585501012800000E+00   3.227421146800000E-01   1.080956010600000E+00   5.557910938200000E-01   0.000000000000000E+00   0.000000000000000E+00   0.000000000000000E+00   0.000000000000000E+00
   9.979920432500000E-01   3.628766914200000E+00   3.230152797000000E-01   1.074606580900000E+00   5.135826580900000E-01   0.000000000000000E+00   0.000000000000000E+00   0.000000000000000E+00   0.000000000000000E+00
   9.980373547200000E-01   3.726004940300000E+00   3.236373712200000E-01   1.025675525600000E+00   4.906979178200000E-01   0.000000000000000E+00   0.000000000000000E+00   0.000000000000000E+00   0.000000000000000E+00
   9.980826662000000E-01   3.912087737700000E+00   3.248736333200000E-01   9.864404316800000E-01   3.827839669100000E-01   0.000000000000000E+00   0.000000000000000E+00   0.000000000000000E+00   0.000000000000000E+00
   9.981306452299999E-01   4.237588882700000E+00   3.271637785800000E-01   8.763264877000000E-01   3.346260911700000E-01   0.000000000000000E+00   0.000000000000000E+00   0.000000000000000E+00   0.000000000000000E+00
   9.981786242700000E-01   4.672092147900000E+00   3.305298447000000E-01   8.004355198200001E-01   2.362398744600000E-01   0.000000000000000E+00   0.000000000000000E+00   0.000000000000000E+00   0.000000000000000E+00
   9.982266033100000E-01   5.165142336600000E+00   3.348416440700000E-01   7.135970591600000E-01   1.982613501200000E-01   0.000000000000000E+00   0.000000000000000E+00   0.000000000000000E+00   0.000000000000000E+00
   9.982745823400000E-01   5.664606293100000E+00   3.398843949500000E-01   6.775287678300000E-01   1.179016014100000E-01   0.000000000000000E+00   0.000000000000000E+00   0.000000000000000E+00   0.000000000000000E+00
   9.983379492900000E-01   6.280081228000000E+00   3.473497538500000E-01   5.963958947500000E-01   1.226646823900000E-01   0.000000000000000E+00   0.000000000000000E+00   0.000000000000000E+00   0.000000000000000E+00
   9.984013162399999E-01   6.815691306700000E+00   3.554577319100000E-01   5.658264554300000E-01   7.988722507700000E-02   0.000000000000000E+00   0.000000000000000E+00   0.000000000000000E+00   0.000000000000000E+00
   9.984646831900000E-01   7.267069987100000E+00   3.640256024300000E-01   5.212664813400000E-01   8.483972764000000E-02   0.000000000000000E+00   0.000000000000000E+00   0.000000000000000E+00   0.000000000000000E+00
   9.985280501400000E-01   7.640377047000000E+00   3.729310205200000E-01   5.187258927800000E-01   3.481455364700000E-02   0.000000000000000E+00   0.000000000000000E+00   0.000000000000000E+00   0.000000000000000E+00
   9.985767469100000E-01   7.883164617900000E+00   3.799628759500000E-01   4.782821893000000E-01   6.725458791199999E-02   0.000000000000000E+00   0.000000000000000E+00   0.000000000000000E+00   0.000000000000000E+00
   9.986254436799999E-01   8.092214361500000E+00   3.871265129300000E-01   4.753614554800000E-01   4.184247586000000E-02   0.000000000000000E+00   0.000000000000000E+00   0.000000000000000E+00   0.000000000000000E+00
   9.986741404500000E-01   8.273791431599999E+00   3.944091921800000E-01   4.496010519900000E-01   5.720572105500000E-02   0.000000000000000E+00   0.000000000000000E+00   0.000000000000000E+00   0.000000000000000E+00
   9.987228372200000E-01   8.431331620800000E+00   4.017938007500000E-01   4.606994159200000E-01   1.470948041200000E-02   0.000000000000000E+00   0.000000000000000E+00   0.000000000000000E+00   0.000000000000000E+00
   9.987627297700000E-01   8.546497652199999E+00   4.079169468300000E-01   4.275443447100000E-01   5.037947505700000E-02   0.000000000000000E+00   0.000000000000000E+00   0.000000000000000E+00   0.000000000000000E+00
   9.988026223299999E-01   8.649795484700000E+00   4.140966354000000E-01   4.306313390700000E-01   2.805811629200000E-02   0.000000000000000E+00   0.000000000000000E+00   0.000000000000000E+00   0.000000000000000E+00
   9.988425148900000E-01   8.743905496000000E+00   4.203333073400000E-01   4.098114975500000E-01   4.541484139500000E-02   0.000000000000000E+00   0.000000000000000E+00   0.000000000000000E+00   0.000000000000000E+00
   9.988824074400000E-01   8.829128887500000E+00   4.266200825400000E-01   4.250719336200000E-01   5.191904575600000E-03   0.000000000000000E+00   0.000000000000000E+00   0.000000000000000E+00   0.000000000000000E+00
   9.989085732700000E-01   8.881796419700001E+00   4.307733428800000E-01   3.962290860600000E-01   4.190511098100000E-02   0.000000000000000E+00   0.000000000000000E+00   0.000000000000000E+00   0.000000000000000E+00
   9.989347391000000E-01   8.931070320300000E+00   4.349451254700000E-01   4.031828443000000E-01   2.118992662700000E-02   0.000000000000000E+00   0.000000000000000E+00   0.000000000000000E+00   0.000000000000000E+00
   9.989609049300000E-01   8.978266941599999E+00   4.391387296700000E-01   3.860163681700000E-01   3.939550126200000E-02   0.000000000000000E+00   0.000000000000000E+00   0.000000000000000E+00   0.000000000000000E+00
   9.989870707600000E-01   9.022565305600001E+00   4.433498453400000E-01   4.045067991500000E-01   8.388214803500000E-04   0.000000000000000E+00   0.000000000000000E+00   0.000000000000000E+00   0.000000000000000E+00
   9.990132959300000E-01   9.065716790100000E+00   4.475928879400000E-01   3.761859154100000E-01   3.712073637300000E-02   0.000000000000000E+00   0.000000000000000E+00   0.000000000000000E+00   0.000000000000000E+00
   9.990395211000000E-01   9.106349141100001E+00   4.518526211800000E-01   3.834461896500000E-01   1.695143272300000E-02   0.000000000000000E+00   0.000000000000000E+00   0.000000000000000E+00   0.000000000000000E+00
   9.990657462700000E-01   9.145683538500000E+00   4.561325034900000E-01   3.666796343100000E-01   3.502466808300000E-02   0.000000000000000E+00   0.000000000000000E+00   0.000000000000000E+00   0.000000000000000E+00
   9.990919714299999E-01   9.182820003900000E+00   4.604283869600000E-01   3.853682355500000E-01  -2.724541388500000E-03   0.000000000000000E+00   0.000000000000000E+00   0.000000000000000E+00   0.000000000000000E+00
   9.991195244000000E-01   9.221131360399999E+00   4.649641640800000E-01   3.572291618100000E-01   3.306349469700000E-02   0.000000000000000E+00   0.000000000000000E+00   0.000000000000000E+00   0.000000000000000E+00
   9.991470773700000E-01   9.257361769599999E+00   4.695171137100000E-01   3.644891867300000E-01   1.332126382000000E-02   0.000000000000000E+00   0.000000000000000E+00   0.000000000000000E+00   0.000000000000000E+00
   9.991746303400000E-01   9.292686420900001E+00   4.740907651600000E-01   3.478168230100000E-01   3.120525396600000E-02   0.000000000000000E+00   0.000000000000000E+00   0.000000000000000E+00   0.000000000000000E+00
   9.992021833100000E-01   9.326166590400000E+00   4.786810318600000E-01   3.664396985300000E-01  -5.874326852600000E-03   0.000000000000000E+00   0.000000000000000E+00   0.000000000000000E+00   0.000000000000000E+00
   9.992387326600000E-01   9.369815205000000E+00   4.848022414100000E-01   3.371635982800000E-01   2.924860241000000E-02   0.000000000000000E+00   0.000000000000000E+00   0.000000000000000E+00   0.000000000000000E+00
   9.992752820000000E-01   9.411055001999999E+00   4.909533636700000E-01   3.431748877100000E-01   9.664300229400000E-03   0.000000000000000E+00   0.000000000000000E+00   0.000000000000000E+00   0.000000000000000E+00
   9.993118313500000E-01   9.451104804200000E+00   4.971377181400000E-01   3.253592455900000E-01   2.722636310600000E-02   0.000000000000000E+00   0.000000000000000E+00   0.000000000000000E+00   0.000000000000000E+00
   9.993483807000000E-01   9.489074074500000E+00   5.033511444400000E-01   3.427240146500000E-01  -9.523618147300000E-03   0.000000000000000E+00   0.000000000000000E+00   0.000000000000000E+00   0.000000000000000E+00
   9.993754027500000E-01   9.516982817600001E+00   5.079673048800000E-01   3.153586887200000E-01   2.561623649700000E-02   0.000000000000000E+00   0.000000000000000E+00   0.000000000000000E+00   0.000000000000000E+00
   9.994024248100000E-01   9.543588888700000E+00   5.125979830200000E-01   3.230574782800000E-01   6.641163584800000E-03   0.000000000000000E+00   0.000000000000000E+00   0.000000000000000E+00   0.000000000000000E+00
   9.994294468600000E-01   9.569963491699999E+00   5.172467273300000E-01   3.070321667500000E-01   2.432554148700000E-02   0.000000000000000E+00   0.000000000000000E+00   0.000000000000000E+00   0.000000000000000E+00
   9.994564689200000E-01   9.595120731100000E+00   5.219097983600000E-01   3.258728242700000E-01  -1.160107838700000E-02   0.000000000000000E+00   0.000000000000000E+00   0.000000000000000E+00   0.000000000000000E+00
   9.994757798800000E-01   9.613428003799999E+00   5.252546407300001E-01   3.000134519200000E-01   2.327760316600000E-02   0.000000000000000E+00   0.000000000000000E+00   0.000000000000000E+00   0.000000000000000E+00
   9.994950908400000E-01   9.630844990700000E+00   5.286056477200000E-01   3.088699972500000E-01   4.821108941900000E-03   0.000000000000000E+00   0.000000000000000E+00   0.000000000000000E+00   0.000000000000000E+00
   9.995144018000000E-01   9.648397202900000E+00   5.319663716000000E-01   2.942474350500000E-01   2.241711382000000E-02   0.000000000000000E+00   0.000000000000000E+00   0.000000000000000E+00   0.000000000000000E+00
   9.995337127600000E-01   9.665086215700001E+00   5.353332339800000E-01   3.140272192500000E-01  -1.265224284600000E-02   0.000000000000000E+00   0.000000000000000E+00   0.000000000000000E+00   0.000000000000000E+00
   9.995506711100000E-01   9.680270824700001E+00   5.382992896000000E-01   2.888899310900000E-01   2.164700838500000E-02   0.000000000000000E+00   0.000000000000000E+00   0.000000000000000E+00   0.000000000000000E+00
   9.995676294600000E-01   9.694666180000000E+00   5.412695444500000E-01   2.979819257800000E-01   3.619870914900000E-03   0.000000000000000E+00   0.000000000000000E+00   0.000000000000000E+00   0.000000000000000E+00
   9.995845878100000E-01   9.709278597599999E+00   5.442475079400000E-01   2.839336936200000E-01   2.093399171800000E-02   0.000000000000000E+00   0.000000000000000E+00   0.000000000000000E+00   0.000000000000000E+00
   9.996015461600000E-01   9.723118892100000E+00   5.472296677500000E-01   3.037603877100000E-01  -1.334824567700000E-02   0.000000000000000E+00   0.000000000000000E+00   0.000000000000000E+00   0.000000000000000E+00
   9.996210944100000E-01   9.739690719900000E+00   5.506779691000000E-01   2.786341075000000E-01   2.022130754200000E-02   0.000000000000000E+00   0.000000000000000E+00   0.000000000000000E+00   0.000000000000000E+00
   9.996406426700000E-01   9.755444160500000E+00   5.541324688400000E-01   2.872264006500000E-01   2.522012679200000E-03   0.000000000000000E+00   0.000000000000000E+00   0.000000000000000E+00   0.000000000000000E+00
   9.996601909300000E-01   9.771373464000000E+00   5.575966262800000E-01   2.730092248200000E-01   1.948930872100000E-02   0.000000000000000E+00   0.000000000000000E+00   0.000000000000000E+00   0.000000000000000E+00
   9.996797391800000E-01   9.786504440800000E+00   5.610669892400000E-01   2.922031832100000E-01  -1.420603129600000E-02   0.000000000000000E+00   0.000000000000000E+00   0.000000000000000E+00   0.000000000000000E+00
   9.996939636900000E-01   9.798043034999999E+00   5.635997148600000E-01   2.682001773600000E-01   1.887307594300000E-02   0.000000000000000E+00   0.000000000000000E+00   0.000000000000000E+00   0.000000000000000E+00
   9.997081882000000E-01   9.808892390500001E+00   5.661347530100000E-01   2.774111087400000E-01   1.628519555600000E-03   0.000000000000000E+00   0.000000000000000E+00   0.000000000000000E+00   0.000000000000000E+00
   9.997224127200000E-01   9.820025023600000E+00   5.686754952900001E-01   2.641936831700000E-01   1.833587205900000E-02   0.000000000000000E+00   0.000000000000000E+00   0.000000000000000E+00   0.000000000000000E+00
   9.997366372299999E-01   9.830480826900001E+00   5.712185794800000E-01   2.837470579100000E-01  -1.448366235600000E-02   0.000000000000000E+00   0.000000000000000E+00   0.000000000000000E+00   0.000000000000000E+00
   9.997501230500000E-01   9.841028835099999E+00   5.736361444300000E-01   2.603109430900000E-01   1.783838712500000E-02   0.000000000000000E+00   0.000000000000000E+00   0.000000000000000E+00   0.000000000000000E+00
   9.997636088700000E-01   9.850916447700000E+00   5.760556042000000E-01   2.694199307700000E-01   1.024013297300000E-03   0.000000000000000E+00   0.000000000000000E+00   0.000000000000000E+00   0.000000000000000E+00
   9.997770946900000E-01   9.861096401099999E+00   5.784802796100000E-01   2.565602812200000E-01   1.735006669800000E-02   0.000000000000000E+00   0.000000000000000E+00   0.000000000000000E+00   0.000000000000000E+00
   9.997905805100000E-01   9.870627780900000E+00   5.809068862700000E-01   2.757814341500000E-01  -1.465442461300000E-02   0.000000000000000E+00   0.000000000000000E+00   0.000000000000000E+00   0.000000000000000E+00
   9.998020319299999E-01   9.879331394099999E+00   5.829728292500000E-01   2.531132954400000E-01   1.691159634100000E-02   0.000000000000000E+00   0.000000000000000E+00   0.000000000000000E+00   0.000000000000000E+00
   9.998134833400000E-01   9.887416645600000E+00   5.850396239900000E-01   2.622717329600000E-01   5.649981353400000E-04   0.000000000000000E+00   0.000000000000000E+00   0.000000000000000E+00   0.000000000000000E+00
   9.998249347600000E-01   9.895813896200000E+00   5.871105079100000E-01   2.499765816800000E-01   1.648941861300000E-02   0.000000000000000E+00   0.000000000000000E+00   0.000000000000000E+00   0.000000000000000E+00
   9.998363861800000E-01   9.903604713700000E+00   5.891822880599999E-01   2.689579841100000E-01  -1.458974351600000E-02   0.000000000000000E+00   0.000000000000000E+00   0.000000000000000E+00   0.000000000000000E+00
   9.998443036100000E-01   9.909560647799999E+00   5.906184278500000E-01   2.473515325200000E-01   1.612046378000000E-02   0.000000000000000E+00   0.000000000000000E+00   0.000000000000000E+00   0.000000000000000E+00
   9.998522210400000E-01   9.914948258800001E+00   5.920540241500000E-01   2.566820627100000E-01   3.561425691300000E-04   0.000000000000000E+00   0.000000000000000E+00   0.000000000000000E+00   0.000000000000000E+00
   9.998601384700000E-01   9.920669331399999E+00   5.934922068400000E-01   2.452464014000000E-01   1.576389032200000E-02   0.000000000000000E+00   0.000000000000000E+00   0.000000000000000E+00   0.000000000000000E+00
   9.998680559100001E-01   9.925836581000000E+00   5.949298994600000E-01   2.639560632600000E-01  -1.404906903400000E-02   0.000000000000000E+00   0.000000000000000E+00   0.000000000000000E+00   0.000000000000000E+00
   9.998750489300000E-01   9.931025606000000E+00   5.962030850500000E-01   2.432686481200000E-01   1.544043418200000E-02   0.000000000000000E+00   0.000000000000000E+00   0.000000000000000E+00   0.000000000000000E+00
   9.998820419600000E-01   9.935674071299999E+00   5.974755074500000E-01   2.523154285500000E-01   3.446658994800000E-04   0.000000000000000E+00   0.000000000000000E+00   0.000000000000000E+00   0.000000000000000E+00
   9.998890349900000E-01   9.940648348800000E+00   5.987501714000000E-01   2.414381340400000E-01   1.510327977800000E-02   0.000000000000000E+00   0.000000000000000E+00   0.000000000000000E+00   0.000000000000000E+00
   9.998960280100000E-01   9.945097567500000E+00   6.000241289500000E-01   2.594329935300000E-01  -1.337597935600000E-02   0.000000000000000E+00   0.000000000000000E+00   0.000000000000000E+00   0.000000000000000E+00
   9.999019837999999E-01   9.949480325300000E+00   6.011120559000001E-01   2.397493859900000E-01   1.479801077500000E-02   0.000000000000000E+00   0.000000000000000E+00   0.000000000000000E+00   0.000000000000000E+00
   9.999079395800000E-01   9.953351749499999E+00   6.021990154300000E-01   2.484828629900000E-01   4.291160007500000E-04   0.000000000000000E+00   0.000000000000000E+00   0.000000000000000E+00   0.000000000000000E+00
   9.999138953700000E-01   9.957539149100000E+00   6.032878745500000E-01   2.382247498200000E-01   1.447415718800000E-02   0.000000000000000E+00   0.000000000000000E+00   0.000000000000000E+00   0.000000000000000E+00
   9.999198511500000E-01   9.961232373500000E+00   6.043758283000000E-01   2.554159135600000E-01  -1.252961761900000E-02   0.000000000000000E+00   0.000000000000000E+00   0.000000000000000E+00   0.000000000000000E+00
   9.999246313500000E-01   9.964749843400000E+00   6.052515302100000E-01   2.368611899500000E-01   1.417945116900000E-02   0.000000000000000E+00   0.000000000000000E+00   0.000000000000000E+00   0.000000000000000E+00
   9.999294115400000E-01   9.967787654000000E+00   6.061260888200000E-01   2.452306690000000E-01   6.332821188500000E-04   0.000000000000000E+00   0.000000000000000E+00   0.000000000000000E+00   0.000000000000000E+00
   9.999341917400000E-01   9.971128392000001E+00   6.070022139600000E-01   2.356850093600000E-01   1.385778512100000E-02   0.000000000000000E+00   0.000000000000000E+00   0.000000000000000E+00   0.000000000000000E+00
   9.999389719300000E-01   9.974009495600001E+00   6.078772668600000E-01   2.519220254200000E-01  -1.143029279300000E-02   0.000000000000000E+00   0.000000000000000E+00   0.000000000000000E+00   0.000000000000000E+00
   9.999428999800000E-01   9.976904432200000E+00   6.085985394900000E-01   2.346199135800000E-01   1.356599293800000E-02   0.000000000000000E+00   0.000000000000000E+00   0.000000000000000E+00   0.000000000000000E+00
   9.999468280400000E-01   9.979353369300000E+00   6.093186178000000E-01   2.424956854200000E-01   9.584436930000000E-04   0.000000000000000E+00   0.000000000000000E+00   0.000000000000000E+00   0.000000000000000E+00
   9.999507560899999E-01   9.982086884699999E+00   6.100400301600000E-01   2.336984313000000E-01   1.324056883800000E-02   0.000000000000000E+00   0.000000000000000E+00   0.000000000000000E+00   0.000000000000000E+00
   9.999546841500000E-01   9.984397022200000E+00   6.107603276200000E-01   2.487846098100000E-01  -1.011938410400000E-02   0.000000000000000E+00   0.000000000000000E+00   0.000000000000000E+00   0.000000000000000E+00
   9.999577537600000E-01   9.986680981899999E+00   6.113251076700000E-01   2.328893789600000E-01   1.294179999900000E-02   0.000000000000000E+00   0.000000000000000E+00   0.000000000000000E+00   0.000000000000000E+00
   9.999608233700000E-01   9.988556242900000E+00   6.118886870700000E-01   2.401790460700000E-01   1.405992406900000E-03   0.000000000000000E+00   0.000000000000000E+00   0.000000000000000E+00   0.000000000000000E+00
   9.999638929800000E-01   9.990693642400000E+00   6.124533863600000E-01   2.322309551700000E-01   1.259947950700000E-02   0.000000000000000E+00   0.000000000000000E+00   0.000000000000000E+00   0.000000000000000E+00
   9.999669625900000E-01   9.992448772700000E+00   6.130169769400000E-01   2.459520482900000E-01  -8.520542484999999E-03   0.000000000000000E+00   0.000000000000000E+00   0.000000000000000E+00   0.000000000000000E+00
   9.999694056900000E-01   9.994283232300001E+00   6.134672036200000E-01   2.316480102000000E-01   1.228828129700000E-02   0.000000000000000E+00   0.000000000000000E+00   0.000000000000000E+00   0.000000000000000E+00
   9.999718488000000E-01   9.995750711600000E+00   6.139162956500001E-01   2.382160490600000E-01   1.975182600700000E-03   0.000000000000000E+00   0.000000000000000E+00   0.000000000000000E+00   0.000000000000000E+00
   9.999742919000000E-01   9.997452944300001E+00   6.143663331200000E-01   2.311917182600000E-01   1.192999673000000E-02   0.000000000000000E+00   0.000000000000000E+00   0.000000000000000E+00   0.000000000000000E+00
   9.999767350100000E-01   9.998817313100000E+00   6.148153336700000E-01   2.433482640800000E-01  -6.685691394000000E-03   0.000000000000000E+00   0.000000000000000E+00   0.000000000000000E+00   0.000000000000000E+00
   9.999786019000000E-01   1.000023815400000E+01   6.151598286800000E-01   2.308397309100000E-01   1.160336697300000E-02   0.000000000000000E+00   0.000000000000000E+00   0.000000000000000E+00   0.000000000000000E+00
   9.999804688000000E-01   1.000133662600000E+01   6.155032762400000E-01   2.366315258200000E-01   2.667695554200000E-03   0.000000000000000E+00   0.000000000000000E+00   0.000000000000000E+00   0.000000000000000E+00
   9.999823356899999E-01   1.000263472800000E+01   6.158474680700000E-01   2.307486341100000E-01   1.123193611300000E-02   0.000000000000000E+00   0.000000000000000E+00   0.000000000000000E+00   0.000000000000000E+00
   9.999842025800000E-01   1.000363724200000E+01   6.161906634500000E-01   2.413563644000000E-01  -4.545398154600000E-03   0.000000000000000E+00   0.000000000000000E+00   0.000000000000000E+00   0.000000000000000E+00
   9.999855904500000E-01   1.000468929300000E+01   6.164468424900000E-01   2.311795495100000E-01   1.092147741100000E-02   0.000000000000000E+00   0.000000000000000E+00   0.000000000000000E+00   0.000000000000000E+00
   9.999869783200001E-01   1.000545571000000E+01   6.167019726300000E-01   2.366211595900000E-01   3.565225843400000E-03   0.000000000000000E+00   0.000000000000000E+00   0.000000000000000E+00   0.000000000000000E+00
   9.999883661900000E-01   1.000635998800000E+01   6.169574381800000E-01   2.329088221200000E-01   1.063299014900000E-02   0.000000000000000E+00   0.000000000000000E+00   0.000000000000000E+00   0.000000000000000E+00
   9.999897540600000E-01   1.000697943200000E+01   6.172116350700000E-01   2.433012035200000E-01  -1.903367273000000E-03   0.000000000000000E+00   0.000000000000000E+00   0.000000000000000E+00   0.000000000000000E+00
   9.999907472700000E-01   1.000761762700000E+01   6.173939140900000E-01   2.373382297000000E-01   1.055160937600000E-02   0.000000000000000E+00   0.000000000000000E+00   0.000000000000000E+00   0.000000000000000E+00
   9.999917404799999E-01   1.000797115100000E+01   6.175747903800000E-01   2.447211464800000E-01   5.082964281300000E-03   0.000000000000000E+00   0.000000000000000E+00   0.000000000000000E+00   0.000000000000000E+00
   9.999927336900000E-01   1.000833882400000E+01   6.177550603900001E-01   2.467204028200000E-01   1.075556740400000E-02   0.000000000000000E+00   0.000000000000000E+00   0.000000000000000E+00   0.000000000000000E+00
   9.999937269000000E-01   1.000835218000000E+01   6.179330669000000E-01   2.617795206600000E-01   2.046718756700000E-03   0.000000000000000E+00   0.000000000000000E+00   0.000000000000000E+00   0.000000000000000E+00
   9.999943520900000E-01   1.000838925200000E+01   6.180444146500000E-01   2.639812358300000E-01   1.155752447600000E-02   0.000000000000000E+00   0.000000000000000E+00   0.000000000000000E+00   0.000000000000000E+00
   9.999949772700000E-01   1.000811197700000E+01   6.181537848500001E-01   2.778422072300000E-01   8.512692969000001E-03   0.000000000000000E+00   0.000000000000000E+00   0.000000000000000E+00   0.000000000000000E+00
   9.999956024600000E-01   1.000768008200000E+01   6.182613729799999E-01   2.914373227300000E-01   1.320248465200000E-02   0.000000000000000E+00   0.000000000000000E+00   0.000000000000000E+00   0.000000000000000E+00
   9.999962276500000E-01   1.000677581000000E+01   6.183655241100000E-01   3.185082408300000E-01   9.360935501500000E-03   0.000000000000000E+00   0.000000000000000E+00   0.000000000000000E+00   0.000000000000000E+00
   9.999966333400000E-01   1.000600035000000E+01   6.184310911300001E-01   3.361311892300000E-01   1.662679570700000E-02   0.000000000000000E+00   0.000000000000000E+00   0.000000000000000E+00   0.000000000000000E+00
   9.999970390300000E-01   1.000479536500000E+01   6.184936745300000E-01   3.661413599800000E-01   1.720405241400000E-02   0.000000000000000E+00   0.000000000000000E+00   0.000000000000000E+00   0.000000000000000E+00
   9.999974447200000E-01   1.000312163600000E+01   6.185525630900000E-01   4.050669365700000E-01   2.315599021200000E-02   0.000000000000000E+00   0.000000000000000E+00   0.000000000000000E+00   0.000000000000000E+00
   9.999978504100000E-01   1.000056834800000E+01   6.186053820400000E-01   4.663506127400000E-01   2.725111597700000E-02   0.000000000000000E+00   0.000000000000000E+00   0.000000000000000E+00   0.000000000000000E+00
   9.999980681500000E-01   9.998708738500000E+00   6.186302655500000E-01   5.095416908600000E-01   3.554654037900000E-02   0.000000000000000E+00   0.000000000000000E+00   0.000000000000000E+00   0.000000000000000E+00
   9.999982858799999E-01   9.996243988900000E+00   6.186513331700000E-01   5.689989930300000E-01   4.312245279300000E-02   0.000000000000000E+00   0.000000000000000E+00   0.000000000000000E+00   0.000000000000000E+00
   9.999985036200000E-01   9.992942423500001E+00   6.186671714600001E-01   6.492795924700000E-01   5.654217516100000E-02   0.000000000000000E+00   0.000000000000000E+00   0.000000000000000E+00   0.000000000000000E+00
   9.999987213600000E-01   9.988254888900000E+00   6.186748756100000E-01   7.662673620700000E-01   7.695357991200000E-02   0.000000000000000E+00   0.000000000000000E+00   0.000000000000000E+00   0.000000000000000E+00
   9.999988349900000E-01   9.984975601500000E+00   6.186741682300000E-01   8.490498153400000E-01   9.479731746400000E-02   0.000000000000000E+00   0.000000000000000E+00   0.000000000000000E+00   0.000000000000000E+00
   9.999989486300001E-01   9.980816056800000E+00   6.186686876600000E-01   9.557860226900000E-01   1.189229649300000E-01   0.000000000000000E+00   0.000000000000000E+00   0.000000000000000E+00   0.000000000000000E+00
   9.999990622700000E-01   9.975387756000000E+00   6.186565329000000E-01   1.096831332000000E+00   1.551574084800000E-01   0.000000000000000E+00   0.000000000000000E+00   0.000000000000000E+00   0.000000000000000E+00
   9.999991759100000E-01   9.967995752000000E+00   6.186344283600000E-01   1.291575574900000E+00   2.119991353100000E-01   0.000000000000000E+00   0.000000000000000E+00   0.000000000000000E+00   0.000000000000000E+00
   9.999992402000000E-01   9.962517457200001E+00   6.186155463000000E-01   1.437103233000000E+00   2.601999068700000E-01   0.000000000000000E+00   0.000000000000000E+00   0.000000000000000E+00   0.000000000000000E+00
   9.999993044900000E-01   9.955671229300000E+00   6.185901123300001E-01   1.620066940200000E+00   3.267630974500000E-01   0.000000000000000E+00   0.000000000000000E+00   0.000000000000000E+00   0.000000000000000E+00
   9.999993687900000E-01   9.946887731300000E+00   6.185556113800000E-01   1.855706993100000E+00   4.229171821900000E-01   0.000000000000000E+00   0.000000000000000E+00   0.000000000000000E+00   0.000000000000000E+00
   9.999994330800001E-01   9.935232155200000E+00   6.185079911000000E-01   2.169066009600000E+00   5.678543817200000E-01   0.000000000000000E+00   0.000000000000000E+00   0.000000000000000E+00   0.000000000000000E+00
   9.999994723700000E-01   9.926072917300001E+00   6.184697707800000E-01   2.415034765100000E+00   6.953968646000001E-01   0.000000000000000E+00   0.000000000000000E+00   0.000000000000000E+00   0.000000000000000E+00
   9.999995116500000E-01   9.914729757100000E+00   6.184219399400001E-01   2.718895263800000E+00   8.685330639300000E-01   0.000000000000000E+00   0.000000000000000E+00   0.000000000000000E+00   0.000000000000000E+00
   9.999995509400000E-01   9.900371144799999E+00   6.183610410900000E-01   3.101471010200000E+00   1.111390694900000E+00   0.000000000000000E+00   0.000000000000000E+00   0.000000000000000E+00   0.000000000000000E+00
   9.999995902200000E-01   9.881703180300001E+00   6.182817568600000E-01   3.594764340600000E+00   1.463674318700000E+00   0.000000000000000E+00   0.000000000000000E+00   0.000000000000000E+00   0.000000000000000E+00
   9.999996159800000E-01   9.866193354700000E+00   6.182160027200000E-01   4.000477690400000E+00   1.786132537800000E+00   0.000000000000000E+00   0.000000000000000E+00   0.000000000000000E+00   0.000000000000000E+00
   9.999996417400000E-01   9.847127294000000E+00   6.181354421500000E-01   4.493973364600000E+00   2.216285724200000E+00   0.000000000000000E+00   0.000000000000000E+00   0.000000000000000E+00   0.000000000000000E+00
   9.999996675000000E-01   9.823264804700001E+00   6.180351120699999E-01   5.102976781100000E+00   2.804654728500000E+00   0.000000000000000E+00   0.000000000000000E+00   0.000000000000000E+00   0.000000000000000E+00
   9.999996932700000E-01   9.792763746100000E+00   6.179076955500000E-01   5.867654075600000E+00   3.630622454000000E+00   0.000000000000000E+00   0.000000000000000E+00   0.000000000000000E+00   0.000000000000000E+00
   9.999997115600000E-01   9.765620412000001E+00   6.177950313300000E-01   6.535324474900000E+00   4.430182354900000E+00   0.000000000000000E+00   0.000000000000000E+00   0.000000000000000E+00   0.000000000000000E+00
   9.999997298500000E-01   9.732357466700000E+00   6.176577999200000E-01   7.337956868700000E+00   5.484878365100000E+00   0.000000000000000E+00   0.000000000000000E+00   0.000000000000000E+00   0.000000000000000E+00
   9.999997481400000E-01   9.690980213900000E+00   6.174882152500000E-01   8.313147128600001E+00   6.903963305800000E+00   0.000000000000000E+00   0.000000000000000E+00   0.000000000000000E+00   0.000000000000000E+00
   9.999997664400000E-01   9.638633781499999E+00   6.172751892300000E-01   9.512494927300001E+00   8.852425206500000E+00   0.000000000000000E+00   0.000000000000000E+00   0.000000000000000E+00   0.000000000000000E+00
   9.999997806599999E-01   9.587794495800001E+00   6.170696392900000E-01   1.064298367500000E+01   1.089315611500000E+01   0.000000000000000E+00   0.000000000000000E+00   0.000000000000000E+00   0.000000000000000E+00
   9.999997948800000E-01   9.525202660100000E+00   6.168180625900000E-01   1.199251711000000E+01   1.358419919100000E+01   0.000000000000000E+00   0.000000000000000E+00   0.000000000000000E+00   0.000000000000000E+00
   9.999998091100000E-01   9.447161122900001E+00   6.165062700400000E-01   1.361439409200000E+01   1.719014189300000E+01   0.000000000000000E+00   0.000000000000000E+00   0.000000000000000E+00   0.000000000000000E+00
   9.999998233300000E-01   9.348540059499999E+00   6.161146430200000E-01   1.557716584600000E+01   2.209783380900000E+01   0.000000000000000E+00   0.000000000000000E+00   0.000000000000000E+00   0.000000000000000E+00
   9.999998366200000E-01   9.231614323400001E+00   6.156530131000000E-01   1.779143483000000E+01   2.836316692000000E+01   0.000000000000000E+00   0.000000000000000E+00   0.000000000000000E+00   0.000000000000000E+00
   9.999998499100000E-01   9.082675940500000E+00   6.150682202300000E-01   2.045720541800000E+01   3.694588199300000E+01   0.000000000000000E+00   0.000000000000000E+00   0.000000000000000E+00   0.000000000000000E+00
   9.999998632000000E-01   8.890967779200000E+00   6.143194894200000E-01   2.366182845000000E+01   4.885640621900000E+01   0.000000000000000E+00   0.000000000000000E+00   0.000000000000000E+00   0.000000000000000E+00
   9.999998764900000E-01   8.642074371200000E+00   6.133523316500000E-01   2.749531665200000E+01   6.553736594999999E+01   0.000000000000000E+00   0.000000000000000E+00   0.000000000000000E+00   0.000000000000000E+00
   9.999998844800000E-01   8.457339387299999E+00   6.126371582500000E-01   3.013078668000000E+01   7.868309457900000E+01   0.000000000000000E+00   0.000000000000000E+00   0.000000000000000E+00   0.000000000000000E+00
   9.999998924700000E-01   8.240570067200000E+00   6.118002088700000E-01   3.302065303700000E+01   9.483087536399999E+01   0.000000000000000E+00   0.000000000000000E+00   0.000000000000000E+00   0.000000000000000E+00
   9.999999004600000E-01   7.986650271000000E+00   6.108222578300000E-01   3.615335262100000E+01   1.146263910000000E+02   0.000000000000000E+00   0.000000000000000E+00   0.000000000000000E+00   0.000000000000000E+00
   9.999999084500000E-01   7.690379918200000E+00   6.096837968100000E-01   3.949625239800000E+01   1.387838827800000E+02   0.000000000000000E+00   0.000000000000000E+00   0.000000000000000E+00   0.000000000000000E+00
   9.999999165900000E-01   7.340196184700000E+00   6.083409436500000E-01   4.305335457600000E+01   1.686326822700000E+02   0.000000000000000E+00   0.000000000000000E+00   0.000000000000000E+00   0.000000000000000E+00
   9.999999247300000E-01   6.937289764700000E+00   6.067987232900000E-01   4.666127934400000E+01   2.045048179900000E+02   0.000000000000000E+00   0.000000000000000E+00   0.000000000000000E+00   0.000000000000000E+00
   9.999999328700000E-01   6.480339951600000E+00   6.050522921400000E-01   5.017453934400000E+01   2.469169148500000E+02   0.000000000000000E+00   0.000000000000000E+00   0.000000000000000E+00   0.000000000000000E+00
   9.999999410100000E-01   5.971777208800000E+00   6.031108977500000E-01   5.340422994200000E+01   2.960132733700000E+02   0.000000000000000E+00   0.000000000000000E+00   0.000000000000000E+00   0.000000000000000E+00
   9.999999484100000E-01   5.470138578400000E+00   6.011974581800000E-01   5.591609856200000E+01   3.461528532400000E+02   0.000000000000000E+00   0.000000000000000E+00   0.000000000000000E+00   0.000000000000000E+00
   9.999999558200000E-01   4.941003472200000E+00   5.991799694000000E-01   5.785018502200000E+01   4.006497468700000E+02   0.000000000000000E+00   0.000000000000000E+00   0.000000000000000E+00   0.000000000000000E+00
   9.999999632200000E-01   4.397030417300000E+00   5.971060140900000E-01   5.906495274900000E+01   4.581499130500000E+02   0.000000000000000E+00   0.000000000000000E+00   0.000000000000000E+00   0.000000000000000E+00
   9.999999706200000E-01   3.853218336100000E+00   5.950319592700000E-01   5.946125400500000E+01   5.168610806000000E+02   0.000000000000000E+00   0.000000000000000E+00   0.000000000000000E+00   0.000000000000000E+00
   9.999999779700000E-01   3.329558652600000E+00   5.930332116000000E-01   5.900970161900000E+01   5.742418451100000E+02   0.000000000000000E+00   0.000000000000000E+00   0.000000000000000E+00   0.000000000000000E+00
   9.999999853100000E-01   2.835739663300000E+00   5.911460106999999E-01   5.775060241600000E+01   6.287219341300000E+02   0.000000000000000E+00   0.000000000000000E+00   0.000000000000000E+00   0.000000000000000E+00
   9.999999926599999E-01   2.383036322100000E+00   5.894128776400001E-01   5.577605331400000E+01   6.784965292900000E+02   0.000000000000000E+00   0.000000000000000E+00   0.000000000000000E+00   0.000000000000000E+00
   1.000000000000000E+00   1.978880643800000E+00   5.878619719400000E-01   5.322458382700000E+01   7.221744948900000E+02   0.000000000000000E+00   0.000000000000000E+00   0.000000000000000E+00   0.000000000000000E+00
