   0.000000000000000E+00   4.924531106800000E-01   9.999999955900000E-01   1.681387006600000E+00   1.819258639100000E+00   0.000000000000000E+00   0.000000000000000E+00   0.000000000000000E+00   0.000000000000000E+00
   9.090911152300000E-05   5.245560490100000E-01   9.679522870700000E-01   1.645712012200000E+00   1.817810716600000E+00   0.000000000000000E+00   0.000000000000000E+00   0.000000000000000E+00   0.000000000000000E+00
   1.818182230500000E-04   5.566194435000000E-01   9.373982515600000E-01   1.636542282200000E+00   1.732565778300000E+00   0.000000000000000E+00   0.000000000000000E+00   0.000000000000000E+00   0.000000000000000E+00
   2.727273345700000E-04   5.906330926900000E-01   9.082640487800000E-01   1.610355159900000E+00   1.708832109900000E+00   0.000000000000000E+00   0.000000000000000E+00   0.000000000000000E+00   0.000000000000000E+00
   3.636364460900000E-04   6.246597727600000E-01   8.804607683600000E-01   1.611313576600000E+00   1.603305209800000E+00   0.000000000000000E+00   0.000000000000000E+00   0.000000000000000E+00   0.000000000000000E+00
   4.338815631700000E-04   6.530769285200000E-01   8.598544131800000E-01   1.581287361800000E+00   1.621874913000000E+00   0.000000000000000E+00   0.000000000000000E+00   0.000000000000000E+00   0.000000000000000E+00
   5.041266802500000E-04   6.810634318400000E-01   8.399662335400000E-01   1.578484059500000E+00   1.558588269800000E+00   0.000000000000000E+00   0.000000000000000E+00   0.000000000000000E+00   0.000000000000000E+00
   5.743717973200000E-04   7.104791666700000E-01   8.207769310400000E-01   1.557437658000000E+00   1.552358047100000E+00   0.000000000000000E+00   0.000000000000000E+00   0.000000000000000E+00   0.000000000000000E+00
   6.446169144000000E-04   7.395364675300000E-01   8.022497791099999E-01   1.564413095900000E+00   1.466869568800000E+00   0.000000000000000E+00   0.000000000000000E+00   0.000000000000000E+00   0.000000000000000E+00
   7.389985339600000E-04   7.812390999700000E-01   7.783702056800000E-01   1.531123294100000E+00   1.477668743100000E+00   0.000000000000000E+00   0.000000000000000E+00   0.000000000000000E+00   0.000000000000000E+00
   8.333801535300000E-04   8.231591355900000E-01   7.555849312600000E-01   1.526350427600000E+00   1.411006586500000E+00   0.000000000000000E+00   0.000000000000000E+00   0.000000000000000E+00   0.000000000000000E+00
   9.277617730900000E-04   8.669379202600001E-01   7.338474208200000E-01   1.502806185700000E+00   1.399722551200000E+00   0.000000000000000E+00   0.000000000000000E+00   0.000000000000000E+00   0.000000000000000E+00
   1.022143392700000E-03   9.109813345800000E-01   7.130991944300000E-01   1.508187256500000E+00   1.312327756500000E+00   0.000000000000000E+00   0.000000000000000E+00   0.000000000000000E+00   0.000000000000000E+00
   1.169598659300000E-03   9.836245083700000E-01   6.825679316900000E-01   1.469033035500000E+00   1.310192105200000E+00   0.000000000000000E+00   0.000000000000000E+00   0.000000000000000E+00   0.000000000000000E+00
   1.317053925900000E-03   1.058098745400000E+00   6.541771973100000E-01   1.459414327700000E+00   1.234359583300000E+00   0.000000000000000E+00   0.000000000000000E+00   0.000000000000000E+00   0.000000000000000E+00
   1.464509192600000E-03   1.135718589300000E+00   6.277839183100000E-01   1.431019089200000E+00   1.214035823400000E+00   0.000000000000000E+00   0.000000000000000E+00   0.000000000000000E+00   0.000000000000000E+00
   1.611964459200000E-03   1.214908480000000E+00   6.032460556700000E-01   1.432234070200000E+00   1.120200350600000E+00   0.000000000000000E+00   0.000000000000000E+00   0.000000000000000E+00   0.000000000000000E+00
   1.836669489400000E-03   1.341075787700000E+00   5.691583724700000E-01   1.387164942600000E+00   1.109370464400000E+00   0.000000000000000E+00   0.000000000000000E+00   0.000000000000000E+00   0.000000000000000E+00
   2.061374519700000E-03   1.470659664300000E+00   5.387089148100001E-01   1.372459567600000E+00   1.027882158100000E+00   0.000000000000000E+00   0.000000000000000E+00   0.000000000000000E+00   0.000000000000000E+00
   2.286079549900000E-03   1.603983683300000E+00   5.115576955700000E-01   1.339305086600000E+00   1.002890376700000E+00   0.000000000000000E+00   0.000000000000000E+00   0.000000000000000E+00   0.000000000000000E+00
   2.510784580200000E-03   1.738564927200000E+00   4.873907733600000E-01   1.336460038300000E+00   9.066404631900000E-01   0.000000000000000E+00   0.000000000000000E+00   0.000000000000000E+00   0.000000000000000E+00
   2.838017575300000E-03   1.936865823400000E+00   4.569809667900000E-01   1.287225293100000E+00   8.960798115700001E-01   0.000000000000000E+00   0.000000000000000E+00   0.000000000000000E+00   0.000000000000000E+00
   3.165250570400000E-03   2.131794649200000E+00   4.315567249000000E-01   1.269619488500000E+00   8.176871449000001E-01   0.000000000000000E+00   0.000000000000000E+00   0.000000000000000E+00   0.000000000000000E+00
   3.492483565500000E-03   2.320524747600000E+00   4.104464801700000E-01   1.234682488900000E+00   7.974265292400000E-01   0.000000000000000E+00   0.000000000000000E+00   0.000000000000000E+00   0.000000000000000E+00
   3.819716560600000E-03   2.497664166700000E+00   3.930370722500000E-01   1.231576344800000E+00   7.084017233500000E-01   0.000000000000000E+00   0.000000000000000E+00   0.000000000000000E+00   0.000000000000000E+00
   4.267919455200000E-03   2.718858611800000E+00   3.742290952000000E-01   1.185687813500000E+00   7.130677860200000E-01   0.000000000000000E+00   0.000000000000000E+00   0.000000000000000E+00   0.000000000000000E+00
   4.716122349800000E-03   2.907790421200000E+00   3.601214682200000E-01   1.173875714100000E+00   6.522909256300000E-01   0.000000000000000E+00   0.000000000000000E+00   0.000000000000000E+00   0.000000000000000E+00
   5.164325244400000E-03   3.064460878000000E+00   3.496769475800000E-01   1.146462775800000E+00   6.503884709400000E-01   0.000000000000000E+00   0.000000000000000E+00   0.000000000000000E+00   0.000000000000000E+00
   5.612528138900000E-03   3.188360359700000E+00   3.420202349100000E-01   1.152415035900000E+00   5.805230411700000E-01   0.000000000000000E+00   0.000000000000000E+00   0.000000000000000E+00   0.000000000000000E+00
   6.283202424200000E-03   3.324873361000000E+00   3.343137850700000E-01   1.118517245300000E+00   6.081695979800000E-01   0.000000000000000E+00   0.000000000000000E+00   0.000000000000000E+00   0.000000000000000E+00
   6.953876709400000E-03   3.412780894600000E+00   3.296115247400000E-01   1.119401324100000E+00   5.694467477900000E-01   0.000000000000000E+00   0.000000000000000E+00   0.000000000000000E+00   0.000000000000000E+00
   7.624550994700000E-03   3.468666324800000E+00   3.267729991500000E-01   1.103615239500000E+00   5.864331335800000E-01   0.000000000000000E+00   0.000000000000000E+00   0.000000000000000E+00   0.000000000000000E+00
   8.295225280000000E-03   3.502383632200000E+00   3.250636914800000E-01   1.119681758100000E+00   5.324383279200000E-01   0.000000000000000E+00   0.000000000000000E+00   0.000000000000000E+00   0.000000000000000E+00
   1.035601486400000E-02   3.544759698700000E+00   3.230212625700000E-01   1.095875953300000E+00   5.753496252300000E-01   0.000000000000000E+00   0.000000000000000E+00   0.000000000000000E+00   0.000000000000000E+00
   1.241680444800000E-02   3.551764923000000E+00   3.226751219400000E-01   1.105223967700000E+00   5.490956781300000E-01   0.000000000000000E+00   0.000000000000000E+00   0.000000000000000E+00   0.000000000000000E+00
   1.447759403200000E-02   3.553962257600000E+00   3.225774806600000E-01   1.094946911000000E+00   5.740251365400000E-01   0.000000000000000E+00   0.000000000000000E+00   0.000000000000000E+00   0.000000000000000E+00
   1.653838361600000E-02   3.554028484000000E+00   3.225605617000000E-01   1.114457502000000E+00   5.250200636700000E-01   0.000000000000000E+00   0.000000000000000E+00   0.000000000000000E+00   0.000000000000000E+00
   2.357034163500000E-02   3.554603398600000E+00   3.225465218000000E-01   1.094882751400000E+00   5.739319570400000E-01   0.000000000000000E+00   0.000000000000000E+00   0.000000000000000E+00   0.000000000000000E+00
   3.060229965300000E-02   3.554392202200000E+00   3.225496785000000E-01   1.104957782100000E+00   5.487236633000000E-01   0.000000000000000E+00   0.000000000000000E+00   0.000000000000000E+00   0.000000000000000E+00
   3.763425767100000E-02   3.554579890000000E+00   3.225476493300000E-01   1.094885379800000E+00   5.739346766200000E-01   0.000000000000000E+00   0.000000000000000E+00   0.000000000000000E+00   0.000000000000000E+00
   4.466621569000000E-02   3.554256256400000E+00   3.225496363400000E-01   1.114432882400000E+00   5.249915873500000E-01   0.000000000000000E+00   0.000000000000000E+00   0.000000000000000E+00   0.000000000000000E+00
   6.110214904900000E-02   3.554575056200000E+00   3.225478810900000E-01   1.094886023600000E+00   5.739349764700000E-01   0.000000000000000E+00   0.000000000000000E+00   0.000000000000000E+00   0.000000000000000E+00
   7.753808240800000E-02   3.554417736800000E+00   3.225484539100000E-01   1.104954765600000E+00   5.487211147600000E-01   0.000000000000000E+00   0.000000000000000E+00   0.000000000000000E+00   0.000000000000000E+00
   9.397401576800000E-02   3.554571538600000E+00   3.225480497600000E-01   1.094886488500000E+00   5.739352035700001E-01   0.000000000000000E+00   0.000000000000000E+00   0.000000000000000E+00   0.000000000000000E+00
   1.104099491300000E-01   3.554280372900000E+00   3.225484799600000E-01   1.114429745100000E+00   5.249899042600000E-01   0.000000000000000E+00   0.000000000000000E+00   0.000000000000000E+00   0.000000000000000E+00
   1.239963900200000E-01   3.554569221700000E+00   3.225481608200000E-01   1.094886825600000E+00   5.739352755800000E-01   0.000000000000000E+00   0.000000000000000E+00   0.000000000000000E+00   0.000000000000000E+00
   1.375828309100000E-01   3.554424161600000E+00   3.225481459100000E-01   1.104953825500000E+00   5.487209281600000E-01   0.000000000000000E+00   0.000000000000000E+00   0.000000000000000E+00   0.000000000000000E+00
   1.511692718000000E-01   3.554567465000000E+00   3.225482450000000E-01   1.094887136000000E+00   5.739351925700000E-01   0.000000000000000E+00   0.000000000000000E+00   0.000000000000000E+00   0.000000000000000E+00
   1.647557126800000E-01   3.554292818100000E+00   3.225478835500000E-01   1.114427637100000E+00   5.249902634200000E-01   0.000000000000000E+00   0.000000000000000E+00   0.000000000000000E+00   0.000000000000000E+00
   1.815213022400000E-01   3.554566635900000E+00   3.225482847000000E-01   1.094887322200000E+00   5.739350538900000E-01   0.000000000000000E+00   0.000000000000000E+00   0.000000000000000E+00   0.000000000000000E+00
   1.982868917900000E-01   3.554426787800000E+00   3.225480201300000E-01   1.104953271200000E+00   5.487212789200000E-01   0.000000000000000E+00   0.000000000000000E+00   0.000000000000000E+00   0.000000000000000E+00
   2.150524813400000E-01   3.554566015300000E+00   3.225483144000000E-01   1.094887492700000E+00   5.739348716400000E-01   0.000000000000000E+00   0.000000000000000E+00   0.000000000000000E+00   0.000000000000000E+00
   2.318180708900000E-01   3.554297060400000E+00   3.225476805200000E-01   1.114426518200000E+00   5.249913910200000E-01   0.000000000000000E+00   0.000000000000000E+00   0.000000000000000E+00   0.000000000000000E+00
   2.479555872400000E-01   3.554565643100000E+00   3.225483321900000E-01   1.094887623900000E+00   5.739346900300000E-01   0.000000000000000E+00   0.000000000000000E+00   0.000000000000000E+00   0.000000000000000E+00
   2.640931036000000E-01   3.554427865000000E+00   3.225479686400000E-01   1.104952898400000E+00   5.487217879600000E-01   0.000000000000000E+00   0.000000000000000E+00   0.000000000000000E+00   0.000000000000000E+00
   2.802306199500000E-01   3.554565348200000E+00   3.225483462600000E-01   1.094887765800000E+00   5.739344506200000E-01   0.000000000000000E+00   0.000000000000000E+00   0.000000000000000E+00   0.000000000000000E+00
   2.963681363100000E-01   3.554299087100000E+00   3.225475837900000E-01   1.114425595800000E+00   5.249929032900000E-01   0.000000000000000E+00   0.000000000000000E+00   0.000000000000000E+00   0.000000000000000E+00
   3.122862035800000E-01   3.554565176200000E+00   3.225483544400000E-01   1.094887879100000E+00   5.739342342100000E-01   0.000000000000000E+00   0.000000000000000E+00   0.000000000000000E+00   0.000000000000000E+00
   3.282042708500000E-01   3.554428367300000E+00   3.225479447300000E-01   1.104952576600000E+00   5.487223966100000E-01   0.000000000000000E+00   0.000000000000000E+00   0.000000000000000E+00   0.000000000000000E+00
   3.441223381200000E-01   3.554565041300000E+00   3.225483608300000E-01   1.094888006500000E+00   5.739339680100000E-01   0.000000000000000E+00   0.000000000000000E+00   0.000000000000000E+00   0.000000000000000E+00
   3.600404054000000E-01   3.554300015000000E+00   3.225475397900000E-01   1.114424774400000E+00   5.249945976600000E-01   0.000000000000000E+00   0.000000000000000E+00   0.000000000000000E+00   0.000000000000000E+00
   3.768756118700000E-01   3.554564966200000E+00   3.225483643700000E-01   1.094888108100000E+00   5.739337427000000E-01   0.000000000000000E+00   0.000000000000000E+00   0.000000000000000E+00   0.000000000000000E+00
   3.937108183400000E-01   3.554428590800000E+00   3.225479341900000E-01   1.104952288600000E+00   5.487230311400000E-01   0.000000000000000E+00   0.000000000000000E+00   0.000000000000000E+00   0.000000000000000E+00
   4.105460248100000E-01   3.554564907000000E+00   3.225483671400000E-01   1.094888221600000E+00   5.739334812400000E-01   0.000000000000000E+00   0.000000000000000E+00   0.000000000000000E+00   0.000000000000000E+00
   4.273812312800000E-01   3.554300419200000E+00   3.225475208800000E-01   1.114424045500000E+00   5.249962674100001E-01   0.000000000000000E+00   0.000000000000000E+00   0.000000000000000E+00   0.000000000000000E+00
   4.398711090100000E-01   3.554564864200000E+00   3.225483691200000E-01   1.094888333200000E+00   5.739332180200000E-01   0.000000000000000E+00   0.000000000000000E+00   0.000000000000000E+00   0.000000000000000E+00
   4.523609867500000E-01   3.554428705800000E+00   3.225479288900000E-01   1.104951974000000E+00   5.487237752000000E-01   0.000000000000000E+00   0.000000000000000E+00   0.000000000000000E+00   0.000000000000000E+00
   4.648508644800000E-01   3.554564831600000E+00   3.225483705800000E-01   1.094888481400000E+00   5.739328588500000E-01   0.000000000000000E+00   0.000000000000000E+00   0.000000000000000E+00   0.000000000000000E+00
   4.773407422200000E-01   3.554300653100000E+00   3.225475103000000E-01   1.114423094400000E+00   5.249985624500000E-01   0.000000000000000E+00   0.000000000000000E+00   0.000000000000000E+00   0.000000000000000E+00
   4.871908315900000E-01   3.554564810900000E+00   3.225483714700000E-01   1.094888623200000E+00   5.739325111200000E-01   0.000000000000000E+00   0.000000000000000E+00   0.000000000000000E+00   0.000000000000000E+00
   4.970409209600000E-01   3.554428762800000E+00   3.225479264200000E-01   1.104951573900000E+00   5.487247572100000E-01   0.000000000000000E+00   0.000000000000000E+00   0.000000000000000E+00   0.000000000000000E+00
   5.068910103399999E-01   3.554564796900000E+00   3.225483720200000E-01   1.094888808300000E+00   5.739320518200000E-01   0.000000000000000E+00   0.000000000000000E+00   0.000000000000000E+00   0.000000000000000E+00
   5.167410997100000E-01   3.554300758800000E+00   3.225475060400000E-01   1.114421907700000E+00   5.250014996900000E-01   0.000000000000000E+00   0.000000000000000E+00   0.000000000000000E+00   0.000000000000000E+00
   5.240213773700000E-01   3.554564787800000E+00   3.225483723300000E-01   1.094888993000000E+00   5.739315918200000E-01   0.000000000000000E+00   0.000000000000000E+00   0.000000000000000E+00   0.000000000000000E+00
   5.313016550300000E-01   3.554428787800000E+00   3.225479255800000E-01   1.104951052500000E+00   5.487260561100000E-01   0.000000000000000E+00   0.000000000000000E+00   0.000000000000000E+00   0.000000000000000E+00
   5.385819326900000E-01   3.554564781500000E+00   3.225483724600000E-01   1.094889242200000E+00   5.739309686400000E-01   0.000000000000000E+00   0.000000000000000E+00   0.000000000000000E+00   0.000000000000000E+00
   5.458622103500000E-01   3.554300808100000E+00   3.225475047800000E-01   1.114420311800000E+00   5.250054867700000E-01   0.000000000000000E+00   0.000000000000000E+00   0.000000000000000E+00   0.000000000000000E+00
   5.519338615300000E-01   3.554564777100000E+00   3.225483725100000E-01   1.094889475000000E+00   5.739303860300000E-01   0.000000000000000E+00   0.000000000000000E+00   0.000000000000000E+00   0.000000000000000E+00
   5.580055127100000E-01   3.554428800700000E+00   3.225479254200000E-01   1.104950395300000E+00   5.487277010500000E-01   0.000000000000000E+00   0.000000000000000E+00   0.000000000000000E+00   0.000000000000000E+00
   5.640771638900000E-01   3.554564772600000E+00   3.225483725200000E-01   1.094889773500000E+00   5.739296384400000E-01   0.000000000000000E+00   0.000000000000000E+00   0.000000000000000E+00   0.000000000000000E+00
   5.701488150700000E-01   3.554300839000000E+00   3.225475046200000E-01   1.114418401200000E+00   5.250102710100000E-01   0.000000000000000E+00   0.000000000000000E+00   0.000000000000000E+00   0.000000000000000E+00
   5.759496528900000E-01   3.554564768900000E+00   3.225483725100000E-01   1.094890033100000E+00   5.739289881700000E-01   0.000000000000000E+00   0.000000000000000E+00   0.000000000000000E+00   0.000000000000000E+00
   5.817504907200000E-01   3.554428811200000E+00   3.225479254200000E-01   1.104949662300000E+00   5.487295371000001E-01   0.000000000000000E+00   0.000000000000000E+00   0.000000000000000E+00   0.000000000000000E+00
   5.875513285400000E-01   3.554564764600000E+00   3.225483725000000E-01   1.094890345400000E+00   5.739282057200000E-01   0.000000000000000E+00   0.000000000000000E+00   0.000000000000000E+00   0.000000000000000E+00
   5.933521663700000E-01   3.554300866700000E+00   3.225475046800000E-01   1.114416402200000E+00   5.250152786300000E-01   0.000000000000000E+00   0.000000000000000E+00   0.000000000000000E+00   0.000000000000000E+00
   5.998817177800000E-01   3.554564761200000E+00   3.225483724900000E-01   1.094890596100000E+00   5.739275777900000E-01   0.000000000000000E+00   0.000000000000000E+00   0.000000000000000E+00   0.000000000000000E+00
   6.064112692000000E-01   3.554428820900000E+00   3.225479254500000E-01   1.104948954500000E+00   5.487313100800000E-01   0.000000000000000E+00   0.000000000000000E+00   0.000000000000000E+00   0.000000000000000E+00
   6.129408206100000E-01   3.554564757500000E+00   3.225483724800000E-01   1.094890873500000E+00   5.739268827500000E-01   0.000000000000000E+00   0.000000000000000E+00   0.000000000000000E+00   0.000000000000000E+00
   6.194703720300000E-01   3.554300890700000E+00   3.225475047500000E-01   1.114414626500000E+00   5.250197269100000E-01   0.000000000000000E+00   0.000000000000000E+00   0.000000000000000E+00   0.000000000000000E+00
   6.266378810600000E-01   3.554564754400000E+00   3.225483724700000E-01   1.094891098800000E+00   5.739263182900000E-01   0.000000000000000E+00   0.000000000000000E+00   0.000000000000000E+00   0.000000000000000E+00
   6.338053900900000E-01   3.554428829500000E+00   3.225479254800000E-01   1.104948318300000E+00   5.487329038600000E-01   0.000000000000000E+00   0.000000000000000E+00   0.000000000000000E+00   0.000000000000000E+00
   6.409728991200000E-01   3.554564751000000E+00   3.225483724600000E-01   1.094891351500000E+00   5.739256851800000E-01   0.000000000000000E+00   0.000000000000000E+00   0.000000000000000E+00   0.000000000000000E+00
   6.481404081500000E-01   3.554300912600000E+00   3.225475048300000E-01   1.114413009100000E+00   5.250237788100000E-01   0.000000000000000E+00   0.000000000000000E+00   0.000000000000000E+00   0.000000000000000E+00
   6.571335081600000E-01   3.554564748400000E+00   3.225483724500000E-01   1.094891544500000E+00   5.739252016800001E-01   0.000000000000000E+00   0.000000000000000E+00   0.000000000000000E+00   0.000000000000000E+00
   6.661266081700000E-01   3.554428836800000E+00   3.225479255100000E-01   1.104947773400000E+00   5.487342690300000E-01   0.000000000000000E+00   0.000000000000000E+00   0.000000000000000E+00   0.000000000000000E+00
   6.751197081800000E-01   3.554564745700000E+00   3.225483724400000E-01   1.094891745900000E+00   5.739246971400001E-01   0.000000000000000E+00   0.000000000000000E+00   0.000000000000000E+00   0.000000000000000E+00
   6.841128081900000E-01   3.554300930000000E+00   3.225475048800000E-01   1.114411720200000E+00   5.250270078700000E-01   0.000000000000000E+00   0.000000000000000E+00   0.000000000000000E+00   0.000000000000000E+00
   6.908206765100000E-01   3.554564743000000E+00   3.225483724300000E-01   1.094891946300000E+00   5.739241952500000E-01   0.000000000000000E+00   0.000000000000000E+00   0.000000000000000E+00   0.000000000000000E+00
   6.975285448400000E-01   3.554428844500000E+00   3.225479255300000E-01   1.104947207700000E+00   5.487356861300000E-01   0.000000000000000E+00   0.000000000000000E+00   0.000000000000000E+00   0.000000000000000E+00
   7.042364131700000E-01   3.554564739300000E+00   3.225483724200000E-01   1.094892216300000E+00   5.739235188900000E-01   0.000000000000000E+00   0.000000000000000E+00   0.000000000000000E+00   0.000000000000000E+00
   7.109442814900000E-01   3.554300953400000E+00   3.225475049600000E-01   1.114409992200000E+00   5.250313365800000E-01   0.000000000000000E+00   0.000000000000000E+00   0.000000000000000E+00   0.000000000000000E+00
   7.179525200500000E-01   3.554564736300000E+00   3.225483724100000E-01   1.094892440800000E+00   5.739229563400000E-01   0.000000000000000E+00   0.000000000000000E+00   0.000000000000000E+00   0.000000000000000E+00
   7.249607586100000E-01   3.554428853000000E+00   3.225479255600000E-01   1.104946573700000E+00   5.487372745200000E-01   0.000000000000000E+00   0.000000000000000E+00   0.000000000000000E+00   0.000000000000000E+00
   7.319689971700000E-01   3.554564732800000E+00   3.225483724000000E-01   1.094892699200000E+00   5.739223090400000E-01   0.000000000000000E+00   0.000000000000000E+00   0.000000000000000E+00   0.000000000000000E+00
   7.389772357300000E-01   3.554300975700000E+00   3.225475050300000E-01   1.114408338600000E+00   5.250354792900001E-01   0.000000000000000E+00   0.000000000000000E+00   0.000000000000000E+00   0.000000000000000E+00
   7.458020777400000E-01   3.554564729800000E+00   3.225483723900000E-01   1.094892921800000E+00   5.739217514700000E-01   0.000000000000000E+00   0.000000000000000E+00   0.000000000000000E+00   0.000000000000000E+00
   7.526269197600000E-01   3.554428861500000E+00   3.225479255900000E-01   1.104945945300000E+00   5.487388488200000E-01   0.000000000000000E+00   0.000000000000000E+00   0.000000000000000E+00   0.000000000000000E+00
   7.594517617800000E-01   3.554564726200000E+00   3.225483723800000E-01   1.094893187100000E+00   5.739210868500000E-01   0.000000000000000E+00   0.000000000000000E+00   0.000000000000000E+00   0.000000000000000E+00
   7.662766037900000E-01   3.554300998600000E+00   3.225475051100000E-01   1.114406640700000E+00   5.250397328600001E-01   0.000000000000000E+00   0.000000000000000E+00   0.000000000000000E+00   0.000000000000000E+00
   7.710167257100000E-01   3.554564722500000E+00   3.225483723700000E-01   1.094893462200000E+00   5.739203977300000E-01   0.000000000000000E+00   0.000000000000000E+00   0.000000000000000E+00   0.000000000000000E+00
   7.757568476300000E-01   3.554428872000000E+00   3.225479256200000E-01   1.104945168600000E+00   5.487407945500000E-01   0.000000000000000E+00   0.000000000000000E+00   0.000000000000000E+00   0.000000000000000E+00
   7.804969695500000E-01   3.554564717400000E+00   3.225483723500000E-01   1.094893844100000E+00   5.739194409300000E-01   0.000000000000000E+00   0.000000000000000E+00   0.000000000000000E+00   0.000000000000000E+00
   7.852370914700000E-01   3.554301031700000E+00   3.225475052200000E-01   1.114404196300000E+00   5.250458563200000E-01   0.000000000000000E+00   0.000000000000000E+00   0.000000000000000E+00   0.000000000000000E+00
   7.898737504500000E-01   3.554564712900000E+00   3.225483723300000E-01   1.094894172300000E+00   5.739186186500000E-01   0.000000000000000E+00   0.000000000000000E+00   0.000000000000000E+00   0.000000000000000E+00
   7.945104094300000E-01   3.554428884500000E+00   3.225479256600000E-01   1.104944241800000E+00   5.487431162800001E-01   0.000000000000000E+00   0.000000000000000E+00   0.000000000000000E+00   0.000000000000000E+00
   7.991470684000000E-01   3.554564707600000E+00   3.225483723200000E-01   1.094894562700000E+00   5.739176406700000E-01   0.000000000000000E+00   0.000000000000000E+00   0.000000000000000E+00   0.000000000000000E+00
   8.037837273800000E-01   3.554301065400000E+00   3.225475053300000E-01   1.114401697900000E+00   5.250521154000000E-01   0.000000000000000E+00   0.000000000000000E+00   0.000000000000000E+00   0.000000000000000E+00
   8.087447302200000E-01   3.554564703300000E+00   3.225483723000000E-01   1.094894883700000E+00   5.739168366300000E-01   0.000000000000000E+00   0.000000000000000E+00   0.000000000000000E+00   0.000000000000000E+00
   8.137057330700000E-01   3.554428896800000E+00   3.225479257000000E-01   1.104943335600000E+00   5.487453865200000E-01   0.000000000000000E+00   0.000000000000000E+00   0.000000000000000E+00   0.000000000000000E+00
   8.186667359200001E-01   3.554564698400000E+00   3.225483722900000E-01   1.094895248500000E+00   5.739159227300000E-01   0.000000000000000E+00   0.000000000000000E+00   0.000000000000000E+00   0.000000000000000E+00
   8.236277387599999E-01   3.554301096900000E+00   3.225475054300000E-01   1.114399363100000E+00   5.250579643400000E-01   0.000000000000000E+00   0.000000000000000E+00   0.000000000000000E+00   0.000000000000000E+00
   8.291507205000000E-01   3.554564694400000E+00   3.225483722700000E-01   1.094895542700000E+00   5.739151855000000E-01   0.000000000000000E+00   0.000000000000000E+00   0.000000000000000E+00   0.000000000000000E+00
   8.346737022400000E-01   3.554428908000000E+00   3.225479257400000E-01   1.104942504700000E+00   5.487474681300000E-01   0.000000000000000E+00   0.000000000000000E+00   0.000000000000000E+00   0.000000000000000E+00
   8.401966839800000E-01   3.554564690000000E+00   3.225483722600000E-01   1.094895870400000E+00   5.739143647200000E-01   0.000000000000000E+00   0.000000000000000E+00   0.000000000000000E+00   0.000000000000000E+00
   8.457196657200000E-01   3.554301125300000E+00   3.225475055300000E-01   1.114397266300000E+00   5.250632173599999E-01   0.000000000000000E+00   0.000000000000000E+00   0.000000000000000E+00   0.000000000000000E+00
   8.495657066200000E-01   3.554564685400000E+00   3.225483722400000E-01   1.094896209600000E+00   5.739135150000000E-01   0.000000000000000E+00   0.000000000000000E+00   0.000000000000000E+00   0.000000000000000E+00
   8.534117475300000E-01   3.554428920900000E+00   3.225479257800000E-01   1.104941547000000E+00   5.487498672700000E-01   0.000000000000000E+00   0.000000000000000E+00   0.000000000000000E+00   0.000000000000000E+00
   8.572577884300000E-01   3.554564679000000E+00   3.225483722200000E-01   1.094896680000000E+00   5.739123365400000E-01   0.000000000000000E+00   0.000000000000000E+00   0.000000000000000E+00   0.000000000000000E+00
   8.611038293300000E-01   3.554301165900000E+00   3.225475056600000E-01   1.114394255600000E+00   5.250707595200000E-01   0.000000000000000E+00   0.000000000000000E+00   0.000000000000000E+00   0.000000000000000E+00
   8.641912477700000E-01   3.554564673000000E+00   3.225483722000000E-01   1.094897128900000E+00   5.739112118800000E-01   0.000000000000000E+00   0.000000000000000E+00   0.000000000000000E+00   0.000000000000000E+00
   8.672786662000000E-01   3.554428938100000E+00   3.225479258400000E-01   1.104940279400000E+00   5.487530427200000E-01   0.000000000000000E+00   0.000000000000000E+00   0.000000000000000E+00   0.000000000000000E+00
   8.703660846400000E-01   3.554564665100000E+00   3.225483721800000E-01   1.094897714800000E+00   5.739097441800000E-01   0.000000000000000E+00   0.000000000000000E+00   0.000000000000000E+00   0.000000000000000E+00
   8.734535030800000E-01   3.554301216600000E+00   3.225475058300000E-01   1.114390506100000E+00   5.250801528000000E-01   0.000000000000000E+00   0.000000000000000E+00   0.000000000000000E+00   0.000000000000000E+00
   8.762360087100000E-01   3.554564658000000E+00   3.225483721500000E-01   1.094898240000000E+00   5.739084284400000E-01   0.000000000000000E+00   0.000000000000000E+00   0.000000000000000E+00   0.000000000000000E+00
   8.790185143500000E-01   3.554428958100000E+00   3.225479259000000E-01   1.104938796500000E+00   5.487567577200000E-01   0.000000000000000E+00   0.000000000000000E+00   0.000000000000000E+00   0.000000000000000E+00
   8.818010199800000E-01   3.554564649200000E+00   3.225483721200000E-01   1.094898889900000E+00   5.739068003300000E-01   0.000000000000000E+00   0.000000000000000E+00   0.000000000000000E+00   0.000000000000000E+00
   8.845835256200000E-01   3.554301272800000E+00   3.225475060100000E-01   1.114386346700000E+00   5.250905726800000E-01   0.000000000000000E+00   0.000000000000000E+00   0.000000000000000E+00   0.000000000000000E+00
   8.868160251600000E-01   3.554564640800000E+00   3.225483721000000E-01   1.094899510300000E+00   5.739052461700000E-01   0.000000000000000E+00   0.000000000000000E+00   0.000000000000000E+00   0.000000000000000E+00
   8.890485247000000E-01   3.554428981800000E+00   3.225479259800000E-01   1.104937044900000E+00   5.487611458500000E-01   0.000000000000000E+00   0.000000000000000E+00   0.000000000000000E+00   0.000000000000000E+00
   8.912810242400000E-01   3.554564629900000E+00   3.225483720600000E-01   1.094900320000000E+00   5.739032175800000E-01   0.000000000000000E+00   0.000000000000000E+00   0.000000000000000E+00   0.000000000000000E+00
   8.935135237800000E-01   3.554301342800000E+00   3.225475062400000E-01   1.114381164300000E+00   5.251035556300000E-01   0.000000000000000E+00   0.000000000000000E+00   0.000000000000000E+00   0.000000000000000E+00
   8.960540784000000E-01   3.554564621100000E+00   3.225483720300000E-01   1.094900966500000E+00   5.739015981100000E-01   0.000000000000000E+00   0.000000000000000E+00   0.000000000000000E+00   0.000000000000000E+00
   8.985946330200000E-01   3.554429006400000E+00   3.225479260600000E-01   1.104935219600000E+00   5.487657185300000E-01   0.000000000000000E+00   0.000000000000000E+00   0.000000000000000E+00   0.000000000000000E+00
   9.011351876400000E-01   3.554564611500000E+00   3.225483720000000E-01   1.094901677800000E+00   5.738998160800000E-01   0.000000000000000E+00   0.000000000000000E+00   0.000000000000000E+00   0.000000000000000E+00
   9.036757422600000E-01   3.554301404300000E+00   3.225475064400000E-01   1.114376611700000E+00   5.251149606700000E-01   0.000000000000000E+00   0.000000000000000E+00   0.000000000000000E+00   0.000000000000000E+00
   9.055923742799999E-01   3.554564602000000E+00   3.225483719700000E-01   1.094902380800000E+00   5.738980550300000E-01   0.000000000000000E+00   0.000000000000000E+00   0.000000000000000E+00   0.000000000000000E+00
   9.075090062900000E-01   3.554429033200000E+00   3.225479261500000E-01   1.104933234800000E+00   5.487706907100000E-01   0.000000000000000E+00   0.000000000000000E+00   0.000000000000000E+00   0.000000000000000E+00
   9.094256383100000E-01   3.554564589300000E+00   3.225483719300000E-01   1.094903323400000E+00   5.738956937100000E-01   0.000000000000000E+00   0.000000000000000E+00   0.000000000000000E+00   0.000000000000000E+00
   9.113422703300000E-01   3.554301485800000E+00   3.225475067100000E-01   1.114370579200000E+00   5.251300730900000E-01   0.000000000000000E+00   0.000000000000000E+00   0.000000000000000E+00   0.000000000000000E+00
   9.140055433199999E-01   3.554564580000000E+00   3.225483719000000E-01   1.094904012100000E+00   5.738939683199999E-01   0.000000000000000E+00   0.000000000000000E+00   0.000000000000000E+00   0.000000000000000E+00
   9.166688163100000E-01   3.554429059500000E+00   3.225479262400000E-01   1.104931290100000E+00   5.487755626100000E-01   0.000000000000000E+00   0.000000000000000E+00   0.000000000000000E+00   0.000000000000000E+00
   9.193320893000000E-01   3.554564570800000E+00   3.225483718700000E-01   1.094904690200000E+00   5.738922695799999E-01   0.000000000000000E+00   0.000000000000000E+00   0.000000000000000E+00   0.000000000000000E+00
   9.219953622900000E-01   3.554301544400000E+00   3.225475069000000E-01   1.114366239400000E+00   5.251409450600000E-01   0.000000000000000E+00   0.000000000000000E+00   0.000000000000000E+00   0.000000000000000E+00
   9.242168802400000E-01   3.554564562300000E+00   3.225483718400000E-01   1.094905323800000E+00   5.738906822900000E-01   0.000000000000000E+00   0.000000000000000E+00   0.000000000000000E+00   0.000000000000000E+00
   9.264383981900000E-01   3.554429083700000E+00   3.225479263200000E-01   1.104929501100000E+00   5.487800442700000E-01   0.000000000000000E+00   0.000000000000000E+00   0.000000000000000E+00   0.000000000000000E+00
   9.286599161500000E-01   3.554564551300000E+00   3.225483718000000E-01   1.094906136500000E+00   5.738886463900000E-01   0.000000000000000E+00   0.000000000000000E+00   0.000000000000000E+00   0.000000000000000E+00
   9.308814341000000E-01   3.554301614700000E+00   3.225475071300000E-01   1.114361038300000E+00   5.251539748400000E-01   0.000000000000000E+00   0.000000000000000E+00   0.000000000000000E+00   0.000000000000000E+00
   9.325567553200000E-01   3.554564540400000E+00   3.225483717700000E-01   1.094906939700000E+00   5.738866340700000E-01   0.000000000000000E+00   0.000000000000000E+00   0.000000000000000E+00   0.000000000000000E+00
   9.342320765400000E-01   3.554429114300000E+00   3.225479264200000E-01   1.104927233200000E+00   5.487857258500000E-01   0.000000000000000E+00   0.000000000000000E+00   0.000000000000000E+00   0.000000000000000E+00
   9.359073977600000E-01   3.554564525900000E+00   3.225483717200000E-01   1.094908016900000E+00   5.738839355000001E-01   0.000000000000000E+00   0.000000000000000E+00   0.000000000000000E+00   0.000000000000000E+00
   9.375827189800000E-01   3.554301707800000E+00   3.225475074400000E-01   1.114354144200000E+00   5.251712457300000E-01   0.000000000000000E+00   0.000000000000000E+00   0.000000000000000E+00   0.000000000000000E+00
   9.389336443100000E-01   3.554564512000000E+00   3.225483716700000E-01   1.094909042200000E+00   5.738813668400000E-01   0.000000000000000E+00   0.000000000000000E+00   0.000000000000000E+00   0.000000000000000E+00
   9.402845696400000E-01   3.554429153400000E+00   3.225479265500000E-01   1.104924338300000E+00   5.487929782500000E-01   0.000000000000000E+00   0.000000000000000E+00   0.000000000000000E+00   0.000000000000000E+00
   9.416354949700000E-01   3.554564494000000E+00   3.225483716100000E-01   1.094910377400000E+00   5.738780219700000E-01   0.000000000000000E+00   0.000000000000000E+00   0.000000000000000E+00   0.000000000000000E+00
   9.429864203000000E-01   3.554301823300000E+00   3.225475078200000E-01   1.114345599100000E+00   5.251926528999999E-01   0.000000000000000E+00   0.000000000000000E+00   0.000000000000000E+00   0.000000000000000E+00
   9.440639309300000E-01   3.554564476700000E+00   3.225483715600000E-01   1.094911656000000E+00   5.738748189200000E-01   0.000000000000000E+00   0.000000000000000E+00   0.000000000000000E+00   0.000000000000000E+00
   9.451414415500000E-01   3.554429202200000E+00   3.225479267100000E-01   1.104920728400000E+00   5.488020216500000E-01   0.000000000000000E+00   0.000000000000000E+00   0.000000000000000E+00   0.000000000000000E+00
   9.462189521800000E-01   3.554564454100000E+00   3.225483714800000E-01   1.094913328900000E+00   5.738706279800000E-01   0.000000000000000E+00   0.000000000000000E+00   0.000000000000000E+00   0.000000000000000E+00
   9.472964628100000E-01   3.554301967900000E+00   3.225475083000000E-01   1.114334892500000E+00   5.252194749500000E-01   0.000000000000000E+00   0.000000000000000E+00   0.000000000000000E+00   0.000000000000000E+00
   9.482979681200000E-01   3.554564434200000E+00   3.225483714200000E-01   1.094914804300000E+00   5.738669317700000E-01   0.000000000000000E+00   0.000000000000000E+00   0.000000000000000E+00   0.000000000000000E+00
   9.492994734400000E-01   3.554429258500000E+00   3.225479268900000E-01   1.104916562600000E+00   5.488124577700000E-01   0.000000000000000E+00   0.000000000000000E+00   0.000000000000000E+00   0.000000000000000E+00
   9.503009787600000E-01   3.554564409900000E+00   3.225483713400000E-01   1.094916602800000E+00   5.738624261000000E-01   0.000000000000000E+00   0.000000000000000E+00   0.000000000000000E+00   0.000000000000000E+00
   9.513024840700000E-01   3.554302123400000E+00   3.225475088100000E-01   1.114323381900000E+00   5.252483112800000E-01   0.000000000000000E+00   0.000000000000000E+00   0.000000000000000E+00   0.000000000000000E+00
   9.524041826300000E-01   3.554564390200000E+00   3.225483712700000E-01   1.094918061500000E+00   5.738587718700000E-01   0.000000000000000E+00   0.000000000000000E+00   0.000000000000000E+00   0.000000000000000E+00
   9.535058811900000E-01   3.554429314100000E+00   3.225479270700000E-01   1.104912443900000E+00   5.488227758699999E-01   0.000000000000000E+00   0.000000000000000E+00   0.000000000000000E+00   0.000000000000000E+00
   9.546075797500000E-01   3.554564368100000E+00   3.225483712000000E-01   1.094919695300000E+00   5.738546789400000E-01   0.000000000000000E+00   0.000000000000000E+00   0.000000000000000E+00   0.000000000000000E+00
   9.557092783100000E-01   3.554302264600000E+00   3.225475092700000E-01   1.114312925700000E+00   5.252745060200000E-01   0.000000000000000E+00   0.000000000000000E+00   0.000000000000000E+00   0.000000000000000E+00
   9.568522584800000E-01   3.554564349700000E+00   3.225483711400000E-01   1.094921058400000E+00   5.738512639800000E-01   0.000000000000000E+00   0.000000000000000E+00   0.000000000000000E+00   0.000000000000000E+00
   9.579952386600000E-01   3.554429366100000E+00   3.225479272500000E-01   1.104908595000000E+00   5.488324181899999E-01   0.000000000000000E+00   0.000000000000000E+00   0.000000000000000E+00   0.000000000000000E+00
   9.591382188299999E-01   3.554564328500000E+00   3.225483710700000E-01   1.094922632100000E+00   5.738473215700000E-01   0.000000000000000E+00   0.000000000000000E+00   0.000000000000000E+00   0.000000000000000E+00
   9.602811990000000E-01   3.554302400700000E+00   3.225475097200000E-01   1.114302854100000E+00   5.252997374500000E-01   0.000000000000000E+00   0.000000000000000E+00   0.000000000000000E+00   0.000000000000000E+00
   9.615349192600000E-01   3.554564311200000E+00   3.225483710100000E-01   1.094923910200000E+00   5.738441196300000E-01   0.000000000000000E+00   0.000000000000000E+00   0.000000000000000E+00   0.000000000000000E+00
   9.627886395300000E-01   3.554429414800000E+00   3.225479274100000E-01   1.104904986100000E+00   5.488414591700000E-01   0.000000000000000E+00   0.000000000000000E+00   0.000000000000000E+00   0.000000000000000E+00
   9.640423598000000E-01   3.554564291800000E+00   3.225483709500000E-01   1.094925344000000E+00   5.738405277500001E-01   0.000000000000000E+00   0.000000000000000E+00   0.000000000000000E+00   0.000000000000000E+00
   9.652960800600000E-01   3.554302524600000E+00   3.225475101300000E-01   1.114293678000000E+00   5.253227254900000E-01   0.000000000000000E+00   0.000000000000000E+00   0.000000000000000E+00   0.000000000000000E+00
   9.663442223000001E-01   3.554564273800000E+00   3.225483708900000E-01   1.094926681800000E+00   5.738371761800000E-01   0.000000000000000E+00   0.000000000000000E+00   0.000000000000000E+00   0.000000000000000E+00
   9.673923645400000E-01   3.554429465900000E+00   3.225479275700000E-01   1.104901208800000E+00   5.488509220000000E-01   0.000000000000000E+00   0.000000000000000E+00   0.000000000000000E+00   0.000000000000000E+00
   9.684405067800000E-01   3.554564250600000E+00   3.225483708100000E-01   1.094928395700000E+00   5.738328826800000E-01   0.000000000000000E+00   0.000000000000000E+00   0.000000000000000E+00   0.000000000000000E+00
   9.694886490200000E-01   3.554302672800000E+00   3.225475106100000E-01   1.114282709500000E+00   5.253502039000000E-01   0.000000000000000E+00   0.000000000000000E+00   0.000000000000000E+00   0.000000000000000E+00
   9.700919263900000E-01   3.554564223700000E+00   3.225483707300000E-01   1.094930389000000E+00   5.738278889000000E-01   0.000000000000000E+00   0.000000000000000E+00   0.000000000000000E+00   0.000000000000000E+00
   9.706952037500000E-01   3.554429541900000E+00   3.225479278200000E-01   1.104895581700000E+00   5.488650192200000E-01   0.000000000000000E+00   0.000000000000000E+00   0.000000000000000E+00   0.000000000000000E+00
   9.712984811199999E-01   3.554564183500000E+00   3.225483705900000E-01   1.094933363700000E+00   5.738204367700001E-01   0.000000000000000E+00   0.000000000000000E+00   0.000000000000000E+00   0.000000000000000E+00
   9.719017584800000E-01   3.554302929900000E+00   3.225475114600000E-01   1.114263671700000E+00   5.253978975800000E-01   0.000000000000000E+00   0.000000000000000E+00   0.000000000000000E+00   0.000000000000000E+00
   9.724826895599999E-01   3.554564148700000E+00   3.225483704800000E-01   1.094935939200000E+00   5.738139846500000E-01   0.000000000000000E+00   0.000000000000000E+00   0.000000000000000E+00   0.000000000000000E+00
   9.730636206500000E-01   3.554429640100000E+00   3.225479281500000E-01   1.104888309900000E+00   5.488832366300000E-01   0.000000000000000E+00   0.000000000000000E+00   0.000000000000000E+00   0.000000000000000E+00
   9.736445517300000E-01   3.554564107000000E+00   3.225483703400000E-01   1.094939024200000E+00   5.738062558600000E-01   0.000000000000000E+00   0.000000000000000E+00   0.000000000000000E+00   0.000000000000000E+00
   9.742254828100000E-01   3.554303196700000E+00   3.225475123300000E-01   1.114243927200000E+00   5.254473618800000E-01   0.000000000000000E+00   0.000000000000000E+00   0.000000000000000E+00   0.000000000000000E+00
   9.748864046100000E-01   3.554564073800000E+00   3.225483702300000E-01   1.094941486200000E+00   5.738000881899999E-01   0.000000000000000E+00   0.000000000000000E+00   0.000000000000000E+00   0.000000000000000E+00
   9.755473264100000E-01   3.554429734000000E+00   3.225479284500000E-01   1.104881358200000E+00   5.489006522700000E-01   0.000000000000000E+00   0.000000000000000E+00   0.000000000000000E+00   0.000000000000000E+00
   9.762082482100000E-01   3.554564037200000E+00   3.225483701100000E-01   1.094944194500000E+00   5.737933032000000E-01   0.000000000000000E+00   0.000000000000000E+00   0.000000000000000E+00   0.000000000000000E+00
   9.768691700100000E-01   3.554303430800000E+00   3.225475131000000E-01   1.114226593900000E+00   5.254907858100000E-01   0.000000000000000E+00   0.000000000000000E+00   0.000000000000000E+00   0.000000000000000E+00
   9.773769268200000E-01   3.554564001400000E+00   3.225483699900000E-01   1.094946842400000E+00   5.737866694900000E-01   0.000000000000000E+00   0.000000000000000E+00   0.000000000000000E+00   0.000000000000000E+00
   9.778846836300000E-01   3.554429835000000E+00   3.225479287900000E-01   1.104873882600000E+00   5.489193802800000E-01   0.000000000000000E+00   0.000000000000000E+00   0.000000000000000E+00   0.000000000000000E+00
   9.783924404300000E-01   3.554563953800000E+00   3.225483698400000E-01   1.094950363000000E+00   5.737778495700000E-01   0.000000000000000E+00   0.000000000000000E+00   0.000000000000000E+00   0.000000000000000E+00
   9.789001972400000E-01   3.554303735100000E+00   3.225475141000000E-01   1.114204062000000E+00   5.255472333400000E-01   0.000000000000000E+00   0.000000000000000E+00   0.000000000000000E+00   0.000000000000000E+00
   9.794509309500000E-01   3.554563915100000E+00   3.225483697100000E-01   1.094953236500000E+00   5.737706507400000E-01   0.000000000000000E+00   0.000000000000000E+00   0.000000000000000E+00   0.000000000000000E+00
   9.800016646600000E-01   3.554429944600000E+00   3.225479291500000E-01   1.104865768800000E+00   5.489397072800000E-01   0.000000000000000E+00   0.000000000000000E+00   0.000000000000000E+00   0.000000000000000E+00
   9.805523983700000E-01   3.554563871300000E+00   3.225483695700000E-01   1.094956477700000E+00   5.737625308500000E-01   0.000000000000000E+00   0.000000000000000E+00   0.000000000000000E+00   0.000000000000000E+00
   9.811031320800000E-01   3.554304015300000E+00   3.225475150300000E-01   1.114183318600000E+00   5.255992006600000E-01   0.000000000000000E+00   0.000000000000000E+00   0.000000000000000E+00   0.000000000000000E+00
   9.815998593000000E-01   3.554563832100000E+00   3.225483694400000E-01   1.094959380500000E+00   5.737552585700000E-01   0.000000000000000E+00   0.000000000000000E+00   0.000000000000000E+00   0.000000000000000E+00
   9.820965865200000E-01   3.554430055300000E+00   3.225479295100000E-01   1.104857573100000E+00   5.489602396200000E-01   0.000000000000000E+00   0.000000000000000E+00   0.000000000000000E+00   0.000000000000000E+00
   9.825933137500000E-01   3.554563783600000E+00   3.225483692800000E-01   1.094962968800000E+00   5.737462690200000E-01   0.000000000000000E+00   0.000000000000000E+00   0.000000000000000E+00   0.000000000000000E+00
   9.830900409700000E-01   3.554304325500000E+00   3.225475160500000E-01   1.114160353600000E+00   5.256567337900000E-01   0.000000000000000E+00   0.000000000000000E+00   0.000000000000000E+00   0.000000000000000E+00
   9.835952281200000E-01   3.554563742800000E+00   3.225483691400000E-01   1.094965990900000E+00   5.737386977500000E-01   0.000000000000000E+00   0.000000000000000E+00   0.000000000000000E+00   0.000000000000000E+00
   9.841004152800000E-01   3.554430170500000E+00   3.225479298900000E-01   1.104849039900000E+00   5.489816175200000E-01   0.000000000000000E+00   0.000000000000000E+00   0.000000000000000E+00   0.000000000000000E+00
   9.846056024299999E-01   3.554563695200000E+00   3.225483689900000E-01   1.094969513700000E+00   5.737298722300000E-01   0.000000000000000E+00   0.000000000000000E+00   0.000000000000000E+00   0.000000000000000E+00
   9.851107895800000E-01   3.554304629900000E+00   3.225475170500000E-01   1.114137807800000E+00   5.257132171500000E-01   0.000000000000000E+00   0.000000000000000E+00   0.000000000000000E+00   0.000000000000000E+00
   9.854933314500000E-01   3.554563648300000E+00   3.225483688300000E-01   1.094972985800000E+00   5.737211737300000E-01   0.000000000000000E+00   0.000000000000000E+00   0.000000000000000E+00   0.000000000000000E+00
   9.858758733100000E-01   3.554430302900000E+00   3.225479303200000E-01   1.104839238100000E+00   5.490061735100000E-01   0.000000000000000E+00   0.000000000000000E+00   0.000000000000000E+00   0.000000000000000E+00
   9.862584151700000E-01   3.554563585600000E+00   3.225483686300000E-01   1.094977629900000E+00   5.737095391500000E-01   0.000000000000000E+00   0.000000000000000E+00   0.000000000000000E+00   0.000000000000000E+00
   9.866409570300000E-01   3.554305031300000E+00   3.225475183700000E-01   1.114108086000000E+00   5.257876785200000E-01   0.000000000000000E+00   0.000000000000000E+00   0.000000000000000E+00   0.000000000000000E+00
   9.869100895300000E-01   3.554563521100000E+00   3.225483684100000E-01   1.094982405000000E+00   5.736975760500000E-01   0.000000000000000E+00   0.000000000000000E+00   0.000000000000000E+00   0.000000000000000E+00
   9.871792220400000E-01   3.554430485000000E+00   3.225479309200000E-01   1.104825759600000E+00   5.490399409700000E-01   0.000000000000000E+00   0.000000000000000E+00   0.000000000000000E+00   0.000000000000000E+00
   9.874483545400000E-01   3.554563432100000E+00   3.225483681200000E-01   1.094988990000000E+00   5.736810788100000E-01   0.000000000000000E+00   0.000000000000000E+00   0.000000000000000E+00   0.000000000000000E+00
   9.877174870500000E-01   3.554305600400000E+00   3.225475202400000E-01   1.114065942200000E+00   5.258932611500000E-01   0.000000000000000E+00   0.000000000000000E+00   0.000000000000000E+00   0.000000000000000E+00
   9.879458628300000E-01   3.554563349900000E+00   3.225483678500000E-01   1.094995078500000E+00   5.736658249600000E-01   0.000000000000000E+00   0.000000000000000E+00   0.000000000000000E+00   0.000000000000000E+00
   9.881742386200000E-01   3.554430717100000E+00   3.225479316900000E-01   1.104808571600000E+00   5.490830023700000E-01   0.000000000000000E+00   0.000000000000000E+00   0.000000000000000E+00   0.000000000000000E+00
   9.884026144000000E-01   3.554563245300000E+00   3.225483675100000E-01   1.095002814700000E+00   5.736464436700000E-01   0.000000000000000E+00   0.000000000000000E+00   0.000000000000000E+00   0.000000000000000E+00
   9.886309901900000E-01   3.554306269100000E+00   3.225475224300000E-01   1.114016431100000E+00   5.260173018199999E-01   0.000000000000000E+00   0.000000000000000E+00   0.000000000000000E+00   0.000000000000000E+00
   9.888972538400000E-01   3.554563163100000E+00   3.225483672400000E-01   1.095008911600000E+00   5.736311686500000E-01   0.000000000000000E+00   0.000000000000000E+00   0.000000000000000E+00   0.000000000000000E+00
   9.891635174900000E-01   3.554430949600000E+00   3.225479324500000E-01   1.104791353400000E+00   5.491261394900000E-01   0.000000000000000E+00   0.000000000000000E+00   0.000000000000000E+00   0.000000000000000E+00
   9.894297811400000E-01   3.554563073700000E+00   3.225483669400000E-01   1.095015526300000E+00   5.736145968200000E-01   0.000000000000000E+00   0.000000000000000E+00   0.000000000000000E+00   0.000000000000000E+00
   9.896960447900000E-01   3.554306840700000E+00   3.225475243100000E-01   1.113974097700000E+00   5.261233618000000E-01   0.000000000000000E+00   0.000000000000000E+00   0.000000000000000E+00   0.000000000000000E+00
   9.899327157200000E-01   3.554562993200000E+00   3.225483666800000E-01   1.095021492000000E+00   5.735996504700001E-01   0.000000000000000E+00   0.000000000000000E+00   0.000000000000000E+00   0.000000000000000E+00
   9.901693866400000E-01   3.554431177100000E+00   3.225479332000000E-01   1.104774511200000E+00   5.491683351900000E-01   0.000000000000000E+00   0.000000000000000E+00   0.000000000000000E+00   0.000000000000000E+00
   9.904060575600000E-01   3.554562893000000E+00   3.225483663500000E-01   1.095028910900000E+00   5.735810633600000E-01   0.000000000000000E+00   0.000000000000000E+00   0.000000000000000E+00   0.000000000000000E+00
   9.906427284800000E-01   3.554307481900000E+00   3.225475264200000E-01   1.113926616500000E+00   5.262423196600000E-01   0.000000000000000E+00   0.000000000000000E+00   0.000000000000000E+00   0.000000000000000E+00
   9.909374314600000E-01   3.554562816400000E+00   3.225483661000000E-01   1.095034586200000E+00   5.735668446100000E-01   0.000000000000000E+00   0.000000000000000E+00   0.000000000000000E+00   0.000000000000000E+00
   9.912321344400000E-01   3.554431393400000E+00   3.225479339100000E-01   1.104758483100000E+00   5.492084917900000E-01   0.000000000000000E+00   0.000000000000000E+00   0.000000000000000E+00   0.000000000000000E+00
   9.915268374300000E-01   3.554562736200000E+00   3.225483658300000E-01   1.095040526800000E+00   5.735519610199999E-01   0.000000000000000E+00   0.000000000000000E+00   0.000000000000000E+00   0.000000000000000E+00
   9.918215404100000E-01   3.554307995000000E+00   3.225475281100000E-01   1.113888596600000E+00   5.263375749300000E-01   0.000000000000000E+00   0.000000000000000E+00   0.000000000000000E+00   0.000000000000000E+00
   9.920030535700000E-01   3.554562646800000E+00   3.225483655400000E-01   1.095047144200000E+00   5.735353814900001E-01   0.000000000000000E+00   0.000000000000000E+00   0.000000000000000E+00   0.000000000000000E+00
   9.921845667300000E-01   3.554431645600000E+00   3.225479347400000E-01   1.104739809900000E+00   5.492552760200000E-01   0.000000000000000E+00   0.000000000000000E+00   0.000000000000000E+00   0.000000000000000E+00
   9.923660798900000E-01   3.554562516900000E+00   3.225483651100000E-01   1.095056756400000E+00   5.735112988100000E-01   0.000000000000000E+00   0.000000000000000E+00   0.000000000000000E+00   0.000000000000000E+00
   9.925475930500000E-01   3.554308825700000E+00   3.225475308400000E-01   1.113827078400000E+00   5.264917048700000E-01   0.000000000000000E+00   0.000000000000000E+00   0.000000000000000E+00   0.000000000000000E+00
   9.927646454200000E-01   3.554562416100000E+00   3.225483647800000E-01   1.095064241000000E+00   5.734925463900000E-01   0.000000000000000E+00   0.000000000000000E+00   0.000000000000000E+00   0.000000000000000E+00
   9.929816977900000E-01   3.554431930900000E+00   3.225479356700000E-01   1.104718671400000E+00   5.493082376200000E-01   0.000000000000000E+00   0.000000000000000E+00   0.000000000000000E+00   0.000000000000000E+00
   9.931987501600000E-01   3.554562307900000E+00   3.225483644300000E-01   1.095072248200000E+00   5.734724846000000E-01   0.000000000000000E+00   0.000000000000000E+00   0.000000000000000E+00   0.000000000000000E+00
   9.934158025299999E-01   3.554309517300000E+00   3.225475331100000E-01   1.113775832500000E+00   5.266201008500000E-01   0.000000000000000E+00   0.000000000000000E+00   0.000000000000000E+00   0.000000000000000E+00
   9.936063129300000E-01   3.554562209900000E+00   3.225483641000000E-01   1.095079516200000E+00   5.734542743800000E-01   0.000000000000000E+00   0.000000000000000E+00   0.000000000000000E+00   0.000000000000000E+00
   9.937968233200000E-01   3.554432207900000E+00   3.225479365800000E-01   1.104698153700000E+00   5.493596451000000E-01   0.000000000000000E+00   0.000000000000000E+00   0.000000000000000E+00   0.000000000000000E+00
   9.939873337100000E-01   3.554562087100000E+00   3.225483637000000E-01   1.095088604500000E+00   5.734315035300001E-01   0.000000000000000E+00   0.000000000000000E+00   0.000000000000000E+00   0.000000000000000E+00
   9.941778441000000E-01   3.554310302300000E+00   3.225475356900000E-01   1.113717667700000E+00   5.267658350700000E-01   0.000000000000000E+00   0.000000000000000E+00   0.000000000000000E+00   0.000000000000000E+00
   9.943332496700000E-01   3.554561971400000E+00   3.225483633200000E-01   1.095097186100000E+00   5.734100013000000E-01   0.000000000000000E+00   0.000000000000000E+00   0.000000000000000E+00   0.000000000000000E+00
   9.944886552300000E-01   3.554432534800000E+00   3.225479376600000E-01   1.104673931200000E+00   5.494203364200000E-01   0.000000000000000E+00   0.000000000000000E+00   0.000000000000000E+00   0.000000000000000E+00
   9.946440607900000E-01   3.554561821500000E+00   3.225483628300000E-01   1.095108277500000E+00   5.733822111100000E-01   0.000000000000000E+00   0.000000000000000E+00   0.000000000000000E+00   0.000000000000000E+00
   9.947994663600001E-01   3.554311260100000E+00   3.225475388300000E-01   1.113646683400000E+00   5.269436936500000E-01   0.000000000000000E+00   0.000000000000000E+00   0.000000000000000E+00   0.000000000000000E+00
   9.949378585999999E-01   3.554561687000000E+00   3.225483623800000E-01   1.095118260900000E+00   5.733571957300000E-01   0.000000000000000E+00   0.000000000000000E+00   0.000000000000000E+00   0.000000000000000E+00
   9.950762508400000E-01   3.554432915100000E+00   3.225479389100000E-01   1.104645748700000E+00   5.494909517400000E-01   0.000000000000000E+00   0.000000000000000E+00   0.000000000000000E+00   0.000000000000000E+00
   9.952146430800000E-01   3.554561519500000E+00   3.225483618300000E-01   1.095130650600000E+00   5.733261516000000E-01   0.000000000000000E+00   0.000000000000000E+00   0.000000000000000E+00   0.000000000000000E+00
   9.953530353200000E-01   3.554312330000000E+00   3.225475423500000E-01   1.113567390300000E+00   5.271423777699999E-01   0.000000000000000E+00   0.000000000000000E+00   0.000000000000000E+00   0.000000000000000E+00
   9.955117112700000E-01   3.554561387300000E+00   3.225483614000000E-01   1.095140479700000E+00   5.733015219499999E-01   0.000000000000000E+00   0.000000000000000E+00   0.000000000000000E+00   0.000000000000000E+00
   9.956703872300000E-01   3.554433289500000E+00   3.225479401400000E-01   1.104617988200000E+00   5.495605124500000E-01   0.000000000000000E+00   0.000000000000000E+00   0.000000000000000E+00   0.000000000000000E+00
   9.958290631800000E-01   3.554561242100000E+00   3.225483609200000E-01   1.095151229400000E+00   5.732745857000000E-01   0.000000000000000E+00   0.000000000000000E+00   0.000000000000000E+00   0.000000000000000E+00
   9.959877391300000E-01   3.554313257200000E+00   3.225475453900000E-01   1.113498592800000E+00   5.273147713100000E-01   0.000000000000000E+00   0.000000000000000E+00   0.000000000000000E+00   0.000000000000000E+00
   9.960756369100000E-01   3.554561069600000E+00   3.225483603600000E-01   1.095164023900000E+00   5.732425235000000E-01   0.000000000000000E+00   0.000000000000000E+00   0.000000000000000E+00   0.000000000000000E+00
   9.961635346900000E-01   3.554433775800000E+00   3.225479417300000E-01   1.104581914700000E+00   5.496509089400000E-01   0.000000000000000E+00   0.000000000000000E+00   0.000000000000000E+00   0.000000000000000E+00
   9.962514324700000E-01   3.554560808800000E+00   3.225483595000000E-01   1.095183298100000E+00   5.731942248100000E-01   0.000000000000000E+00   0.000000000000000E+00   0.000000000000000E+00   0.000000000000000E+00
   9.963393302400000E-01   3.554314920200000E+00   3.225475508500000E-01   1.113375239900000E+00   5.276238886800000E-01   0.000000000000000E+00   0.000000000000000E+00   0.000000000000000E+00   0.000000000000000E+00
   9.964184226300000E-01   3.554560577600000E+00   3.225483587400000E-01   1.095200520000000E+00   5.731510640700000E-01   0.000000000000000E+00   0.000000000000000E+00   0.000000000000000E+00   0.000000000000000E+00
   9.964975150199999E-01   3.554434430900000E+00   3.225479438800000E-01   1.104533304700000E+00   5.497727296100000E-01   0.000000000000000E+00   0.000000000000000E+00   0.000000000000000E+00   0.000000000000000E+00
   9.965766074100000E-01   3.554560290500000E+00   3.225483577900000E-01   1.095221742300000E+00   5.730978780800000E-01   0.000000000000000E+00   0.000000000000000E+00   0.000000000000000E+00   0.000000000000000E+00
   9.966556998000000E-01   3.554316749500000E+00   3.225475568500000E-01   1.113239419000000E+00   5.279642870100000E-01   0.000000000000000E+00   0.000000000000000E+00   0.000000000000000E+00   0.000000000000000E+00
   9.967166681700000E-01   3.554560013600000E+00   3.225483568800000E-01   1.095242372300000E+00   5.730461690899999E-01   0.000000000000000E+00   0.000000000000000E+00   0.000000000000000E+00   0.000000000000000E+00
   9.967776365500000E-01   3.554435214200000E+00   3.225479464500000E-01   1.104475117000000E+00   5.499185735400000E-01   0.000000000000000E+00   0.000000000000000E+00   0.000000000000000E+00   0.000000000000000E+00
   9.968386049300000E-01   3.554559645800000E+00   3.225483556700000E-01   1.095269595500000E+00   5.729779323500001E-01   0.000000000000000E+00   0.000000000000000E+00   0.000000000000000E+00   0.000000000000000E+00
   9.968995733000000E-01   3.554319095500000E+00   3.225475645500000E-01   1.113065191000000E+00   5.284010143800000E-01   0.000000000000000E+00   0.000000000000000E+00   0.000000000000000E+00   0.000000000000000E+00
   9.969922495200000E-01   3.554559391400000E+00   3.225483548400000E-01   1.095288638100000E+00   5.729301925300000E-01   0.000000000000000E+00   0.000000000000000E+00   0.000000000000000E+00   0.000000000000000E+00
   9.970849257400000E-01   3.554435939100000E+00   3.225479488300000E-01   1.104421260400000E+00   5.500535845400000E-01   0.000000000000000E+00   0.000000000000000E+00   0.000000000000000E+00   0.000000000000000E+00
   9.971776019600000E-01   3.554559152400000E+00   3.225483540600000E-01   1.095306359300000E+00   5.728857638800000E-01   0.000000000000000E+00   0.000000000000000E+00   0.000000000000000E+00   0.000000000000000E+00
   9.972702781700000E-01   3.554320619100000E+00   3.225475695500000E-01   1.112951777300000E+00   5.286853634000001E-01   0.000000000000000E+00   0.000000000000000E+00   0.000000000000000E+00   0.000000000000000E+00
   9.973336321300000E-01   3.554558904700000E+00   3.225483532400000E-01   1.095324843700000E+00   5.728394142000000E-01   0.000000000000000E+00   0.000000000000000E+00   0.000000000000000E+00   0.000000000000000E+00
   9.973969860800000E-01   3.554436638700000E+00   3.225479511200000E-01   1.104369143800000E+00   5.501842671500000E-01   0.000000000000000E+00   0.000000000000000E+00   0.000000000000000E+00   0.000000000000000E+00
   9.974603400299999E-01   3.554558559100000E+00   3.225483521100000E-01   1.095350499500000E+00   5.727750758000000E-01   0.000000000000000E+00   0.000000000000000E+00   0.000000000000000E+00   0.000000000000000E+00
   9.975236939800000E-01   3.554322822600000E+00   3.225475767600000E-01   1.112787582400000E+00   5.290971413400000E-01   0.000000000000000E+00   0.000000000000000E+00   0.000000000000000E+00   0.000000000000000E+00
   9.975978721300000E-01   3.554558291500000E+00   3.225483512400000E-01   1.095370583200000E+00   5.727246971600000E-01   0.000000000000000E+00   0.000000000000000E+00   0.000000000000000E+00   0.000000000000000E+00
   9.976720502700001E-01   3.554437399500000E+00   3.225479536100000E-01   1.104312397000000E+00   5.503266056200000E-01   0.000000000000000E+00   0.000000000000000E+00   0.000000000000000E+00   0.000000000000000E+00
   9.977462284200000E-01   3.554558000500000E+00   3.225483502800000E-01   1.095392245000000E+00   5.726703529100000E-01   0.000000000000000E+00   0.000000000000000E+00   0.000000000000000E+00   0.000000000000000E+00
   9.978204065700000E-01   3.554324678200000E+00   3.225475828400000E-01   1.112648949100000E+00   5.294449530999999E-01   0.000000000000000E+00   0.000000000000000E+00   0.000000000000000E+00   0.000000000000000E+00
   9.978991021800000E-01   3.554557763900000E+00   3.225483495100000E-01   1.095410031200000E+00   5.726257184000000E-01   0.000000000000000E+00   0.000000000000000E+00   0.000000000000000E+00   0.000000000000000E+00
   9.979777978000000E-01   3.554438070800000E+00   3.225479558000000E-01   1.104262164400000E+00   5.504526597400000E-01   0.000000000000000E+00   0.000000000000000E+00   0.000000000000000E+00   0.000000000000000E+00
   9.980564934100000E-01   3.554557493100000E+00   3.225483486200000E-01   1.095430239100000E+00   5.725749979000000E-01   0.000000000000000E+00   0.000000000000000E+00   0.000000000000000E+00   0.000000000000000E+00
   9.981351890300000E-01   3.554326403000000E+00   3.225475884700000E-01   1.112519621900000E+00   5.297695729300000E-01   0.000000000000000E+00   0.000000000000000E+00   0.000000000000000E+00   0.000000000000000E+00
   9.981940338800001E-01   3.554557227800000E+00   3.225483477600000E-01   1.095450224000000E+00   5.725248204400000E-01   0.000000000000000E+00   0.000000000000000E+00   0.000000000000000E+00   0.000000000000000E+00
   9.982528787300000E-01   3.554438820800000E+00   3.225479582500000E-01   1.104205807300000E+00   5.505941655000000E-01   0.000000000000000E+00   0.000000000000000E+00   0.000000000000000E+00   0.000000000000000E+00
   9.983117235700000E-01   3.554556871500000E+00   3.225483465900000E-01   1.095476929600000E+00   5.724577435900000E-01   0.000000000000000E+00   0.000000000000000E+00   0.000000000000000E+00   0.000000000000000E+00
   9.983705684200000E-01   3.554328672800000E+00   3.225475958600000E-01   1.112348710900000E+00   5.301988816800000E-01   0.000000000000000E+00   0.000000000000000E+00   0.000000000000000E+00   0.000000000000000E+00
   9.984311810700000E-01   3.554556579100000E+00   3.225483456500000E-01   1.095499142200000E+00   5.724019183800000E-01   0.000000000000000E+00   0.000000000000000E+00   0.000000000000000E+00   0.000000000000000E+00
   9.984917937200000E-01   3.554439651200000E+00   3.225479609500000E-01   1.104143078700000E+00   5.507518118700000E-01   0.000000000000000E+00   0.000000000000000E+00   0.000000000000000E+00   0.000000000000000E+00
   9.985524063700000E-01   3.554556240300000E+00   3.225483445400000E-01   1.095524718100000E+00   5.723376070500000E-01   0.000000000000000E+00   0.000000000000000E+00   0.000000000000000E+00   0.000000000000000E+00
   9.986130190200000E-01   3.554330830500000E+00   3.225476028600000E-01   1.112185031400000E+00   5.306104913400000E-01   0.000000000000000E+00   0.000000000000000E+00   0.000000000000000E+00   0.000000000000000E+00
   9.986717530300000E-01   3.554555954000000E+00   3.225483436200000E-01   1.095546655800000E+00   5.722824008400000E-01   0.000000000000000E+00   0.000000000000000E+00   0.000000000000000E+00   0.000000000000000E+00
   9.987304870400000E-01   3.554440464100000E+00   3.225479635800000E-01   1.104081146000000E+00   5.509076658600000E-01   0.000000000000000E+00   0.000000000000000E+00   0.000000000000000E+00   0.000000000000000E+00
   9.987892210400000E-01   3.554555613500000E+00   3.225483425200000E-01   1.095572683300000E+00   5.722168492100000E-01   0.000000000000000E+00   0.000000000000000E+00   0.000000000000000E+00   0.000000000000000E+00
   9.988479550500000E-01   3.554333006200000E+00   3.225476098900000E-01   1.112018460700000E+00   5.310300383300000E-01   0.000000000000000E+00   0.000000000000000E+00   0.000000000000000E+00   0.000000000000000E+00
   9.988951487800000E-01   3.554555303500000E+00   3.225483415500000E-01   1.095597344700000E+00   5.721546622200000E-01   0.000000000000000E+00   0.000000000000000E+00   0.000000000000000E+00   0.000000000000000E+00
   9.989423425000000E-01   3.554441388200000E+00   3.225479666200000E-01   1.104011586300000E+00   5.510830295400000E-01   0.000000000000000E+00   0.000000000000000E+00   0.000000000000000E+00   0.000000000000000E+00
   9.989895362200000E-01   3.554554946000000E+00   3.225483405600000E-01   1.095629184100000E+00   5.720741800900000E-01   0.000000000000000E+00   0.000000000000000E+00   0.000000000000000E+00   0.000000000000000E+00
   9.990367299400000E-01   3.554335780500000E+00   3.225476192400000E-01   1.111814491000000E+00   5.315448978500000E-01   0.000000000000000E+00   0.000000000000000E+00   0.000000000000000E+00   0.000000000000000E+00
   9.990770514400000E-01   3.554554895500000E+00   3.225483413700000E-01   1.095658175700000E+00   5.720003157200000E-01   0.000000000000000E+00   0.000000000000000E+00   0.000000000000000E+00   0.000000000000000E+00
   9.991173729400000E-01   3.554443256900000E+00   3.225479750800000E-01   1.103929077600000E+00   5.512904684200000E-01   0.000000000000000E+00   0.000000000000000E+00   0.000000000000000E+00   0.000000000000000E+00
   9.991576944400000E-01   3.554555987800000E+00   3.225483495800000E-01   1.095694013700000E+00   5.719068371700000E-01   0.000000000000000E+00   0.000000000000000E+00   0.000000000000000E+00   0.000000000000000E+00
   9.991980159400000E-01   3.554342901900000E+00   3.225476546300000E-01   1.111578992800000E+00   5.321356476500000E-01   0.000000000000000E+00   0.000000000000000E+00   0.000000000000000E+00   0.000000000000000E+00
   9.992336775100000E-01   3.554562785100000E+00   3.225483931700000E-01   1.095723550100000E+00   5.718197430300000E-01   0.000000000000000E+00   0.000000000000000E+00   0.000000000000000E+00   0.000000000000000E+00
   9.992693390800000E-01   3.554462268700000E+00   3.225480900200000E-01   1.103829079300000E+00   5.515156671300000E-01   0.000000000000000E+00   0.000000000000000E+00   0.000000000000000E+00   0.000000000000000E+00
   9.993050006500001E-01   3.554591769900000E+00   3.225485752500000E-01   1.095750847800000E+00   5.717009902600000E-01   0.000000000000000E+00   0.000000000000000E+00   0.000000000000000E+00   0.000000000000000E+00
   9.993406622200000E-01   3.554421321400000E+00   3.225481335500000E-01   1.111288833500000E+00   5.327539061100000E-01   0.000000000000000E+00   0.000000000000000E+00   0.000000000000000E+00   0.000000000000000E+00
   9.993676902800001E-01   3.554691241200000E+00   3.225491963800000E-01   1.095746186800000E+00   5.715466040300000E-01   0.000000000000000E+00   0.000000000000000E+00   0.000000000000000E+00   0.000000000000000E+00
   9.993947183400000E-01   3.554684374900000E+00   3.225494697300000E-01   1.103622520700000E+00   5.516806580400000E-01   0.000000000000000E+00   0.000000000000000E+00   0.000000000000000E+00   0.000000000000000E+00
   9.994217464000000E-01   3.554966978000000E+00   3.225509161300000E-01   1.095676269100000E+00   5.712649718400000E-01   0.000000000000000E+00   0.000000000000000E+00   0.000000000000000E+00   0.000000000000000E+00
   9.994487744600000E-01   3.555063544000000E+00   3.225521233200000E-01   1.110683134600000E+00   5.332632228600001E-01   0.000000000000000E+00   0.000000000000000E+00   0.000000000000000E+00   0.000000000000000E+00
   9.994701387800000E-01   3.555661695800000E+00   3.225552464800000E-01   1.095420112500000E+00   5.707645575600000E-01   0.000000000000000E+00   0.000000000000000E+00   0.000000000000000E+00   0.000000000000000E+00
   9.994915031000000E-01   3.556158085400000E+00   3.225586483200000E-01   1.102844072000000E+00   5.512485559600000E-01   0.000000000000000E+00   0.000000000000000E+00   0.000000000000000E+00   0.000000000000000E+00
   9.995128674300000E-01   3.557192095700000E+00   3.225647868100000E-01   1.094811605500000E+00   5.697786714200000E-01   0.000000000000000E+00   0.000000000000000E+00   0.000000000000000E+00   0.000000000000000E+00
   9.995342317500000E-01   3.558419952400000E+00   3.225730331900000E-01   1.108833624200000E+00   5.325253776600000E-01   0.000000000000000E+00   0.000000000000000E+00   0.000000000000000E+00   0.000000000000000E+00
   9.995543133000000E-01   3.560667810800000E+00   3.225864636700000E-01   1.093347504000000E+00   5.677785313000000E-01   0.000000000000000E+00   0.000000000000000E+00   0.000000000000000E+00   0.000000000000000E+00
   9.995743948600000E-01   3.563619555800000E+00   3.226051879600000E-01   1.099456209000000E+00   5.476782735500000E-01   0.000000000000000E+00   0.000000000000000E+00   0.000000000000000E+00   0.000000000000000E+00
   9.995944764100000E-01   3.568289559800000E+00   3.226340581800000E-01   1.090104459500000E+00   5.635698986200000E-01   0.000000000000000E+00   0.000000000000000E+00   0.000000000000000E+00   0.000000000000000E+00
   9.996145579700000E-01   3.574886078700000E+00   3.226759037600000E-01   1.101358996800000E+00   5.249549363000000E-01   0.000000000000000E+00   0.000000000000000E+00   0.000000000000000E+00   0.000000000000000E+00
   9.996326463700000E-01   3.583977878100000E+00   3.227322938100000E-01   1.083447615700000E+00   5.552594908500000E-01   0.000000000000000E+00   0.000000000000000E+00   0.000000000000000E+00   0.000000000000000E+00
   9.996507347700000E-01   3.596455468200000E+00   3.228109833400000E-01   1.085353637300000E+00   5.311542890900000E-01   0.000000000000000E+00   0.000000000000000E+00   0.000000000000000E+00   0.000000000000000E+00
   9.996688231700001E-01   3.614238571000000E+00   3.229227955500000E-01   1.070892857900000E+00   5.398847090100000E-01   0.000000000000000E+00   0.000000000000000E+00   0.000000000000000E+00   0.000000000000000E+00
   9.996869115600000E-01   3.638604224100000E+00   3.230777716500000E-01   1.074682546200000E+00   4.945706126100000E-01   0.000000000000000E+00   0.000000000000000E+00   0.000000000000000E+00   0.000000000000000E+00
   9.997008021100000E-01   3.663713139400000E+00   3.232371921100000E-01   1.051197879400000E+00   5.163241979800000E-01   0.000000000000000E+00   0.000000000000000E+00   0.000000000000000E+00   0.000000000000000E+00
   9.997146926600000E-01   3.694989976400000E+00   3.234381517000000E-01   1.046157037200000E+00   4.855505876400000E-01   0.000000000000000E+00   0.000000000000000E+00   0.000000000000000E+00   0.000000000000000E+00
   9.997285832100000E-01   3.734151541100000E+00   3.236911473700000E-01   1.024837040900000E+00   4.855783446800000E-01   0.000000000000000E+00   0.000000000000000E+00   0.000000000000000E+00   0.000000000000000E+00
   9.997424737600000E-01   3.781843909300000E+00   3.240034360300000E-01   1.021169071600000E+00   4.350071836700000E-01   0.000000000000000E+00   0.000000000000000E+00   0.000000000000000E+00   0.000000000000000E+00
   9.997555629700000E-01   3.836229409300000E+00   3.243624779200000E-01   9.897261432500000E-01   4.461593658800000E-01   0.000000000000000E+00   0.000000000000000E+00   0.000000000000000E+00   0.000000000000000E+00
   9.997686521800000E-01   3.899768468800000E+00   3.247889374100000E-01   9.762072665000000E-01   4.085309507400000E-01   0.000000000000000E+00   0.000000000000000E+00   0.000000000000000E+00   0.000000000000000E+00
   9.997817413800000E-01   3.973423409200000E+00   3.252906210000000E-01   9.474635181000000E-01   4.008391676000000E-01   0.000000000000000E+00   0.000000000000000E+00   0.000000000000000E+00   0.000000000000000E+00
   9.997948305900000E-01   4.056759207200000E+00   3.258700690400000E-01   9.369869841100000E-01   3.475034742500000E-01   0.000000000000000E+00   0.000000000000000E+00   0.000000000000000E+00   0.000000000000000E+00
   9.998091262000000E-01   4.159353097200000E+00   3.265978582800000E-01   8.975394882800000E-01   3.504256275400000E-01   0.000000000000000E+00   0.000000000000000E+00   0.000000000000000E+00   0.000000000000000E+00
   9.998234217999999E-01   4.272491206000000E+00   3.274229968000000E-01   8.771352159800000E-01   3.099085330700000E-01   0.000000000000000E+00   0.000000000000000E+00   0.000000000000000E+00   0.000000000000000E+00
   9.998377174100000E-01   4.395591927000000E+00   3.283463664300000E-01   8.436605776500000E-01   2.997130430000000E-01   0.000000000000000E+00   0.000000000000000E+00   0.000000000000000E+00   0.000000000000000E+00
   9.998520130200000E-01   4.526740457900000E+00   3.293631671700000E-01   8.299831410600000E-01   2.487950588700000E-01   0.000000000000000E+00   0.000000000000000E+00   0.000000000000000E+00   0.000000000000000E+00
   9.998605918000000E-01   4.609114441600000E+00   3.300179560800000E-01   8.021231368100000E-01   2.631814804800000E-01   0.000000000000000E+00   0.000000000000000E+00   0.000000000000000E+00   0.000000000000000E+00
   9.998691705700000E-01   4.693285846600000E+00   3.307029759900000E-01   7.935671276400000E-01   2.370021881900000E-01   0.000000000000000E+00   0.000000000000000E+00   0.000000000000000E+00   0.000000000000000E+00
   9.998777493500000E-01   4.779410257600000E+00   3.314187453800000E-01   7.728544605600000E-01   2.386698062400000E-01   0.000000000000000E+00   0.000000000000000E+00   0.000000000000000E+00   0.000000000000000E+00
   9.998863281300000E-01   4.866673779100000E+00   3.321623453000000E-01   7.707917988600000E-01   2.021751587600000E-01   0.000000000000000E+00   0.000000000000000E+00   0.000000000000000E+00   0.000000000000000E+00
   9.998932069599999E-01   4.937779882300000E+00   3.327796332800000E-01   7.481883866800000E-01   2.188944988900000E-01   0.000000000000000E+00   0.000000000000000E+00   0.000000000000000E+00   0.000000000000000E+00
   9.999000857800000E-01   5.009152557200000E+00   3.334129538500000E-01   7.436337128600000E-01   1.983908877000000E-01   0.000000000000000E+00   0.000000000000000E+00   0.000000000000000E+00   0.000000000000000E+00
   9.999069645999999E-01   5.081102627200000E+00   3.340632334600000E-01   7.276763794400000E-01   2.029688004600000E-01   0.000000000000000E+00   0.000000000000000E+00   0.000000000000000E+00   0.000000000000000E+00
   9.999138434300000E-01   5.153045464300000E+00   3.347283037100000E-01   7.288388230600000E-01   1.728603848700000E-01   0.000000000000000E+00   0.000000000000000E+00   0.000000000000000E+00   0.000000000000000E+00
   9.999194625100000E-01   5.212210286800000E+00   3.352837917600000E-01   7.102378079900000E-01   1.898698527200000E-01   0.000000000000000E+00   0.000000000000000E+00   0.000000000000000E+00   0.000000000000000E+00
   9.999250815900000E-01   5.271130471500000E+00   3.358480904500000E-01   7.081075743100000E-01   1.733163728400000E-01   0.000000000000000E+00   0.000000000000000E+00   0.000000000000000E+00   0.000000000000000E+00
   9.999307006700000E-01   5.330161765500000E+00   3.364223075400000E-01   6.955104427800000E-01   1.790220528000000E-01   0.000000000000000E+00   0.000000000000000E+00   0.000000000000000E+00   0.000000000000000E+00
   9.999363197500000E-01   5.388843243300000E+00   3.370047542300000E-01   6.982855854000000E-01   1.538341272400000E-01   0.000000000000000E+00   0.000000000000000E+00   0.000000000000000E+00   0.000000000000000E+00
   9.999408558500000E-01   5.436364306400000E+00   3.374822377800000E-01   6.829582158900001E-01   1.699993819600000E-01   0.000000000000000E+00   0.000000000000000E+00   0.000000000000000E+00   0.000000000000000E+00
   9.999453919600000E-01   5.483518115300000E+00   3.379644605100000E-01   6.823176785600000E-01   1.565233068100000E-01   0.000000000000000E+00   0.000000000000000E+00   0.000000000000000E+00   0.000000000000000E+00
   9.999499280700000E-01   5.530652381200000E+00   3.384525432800000E-01   6.723350793200000E-01   1.624172614500000E-01   0.000000000000000E+00   0.000000000000000E+00   0.000000000000000E+00   0.000000000000000E+00
   9.999544641800000E-01   5.577389001800000E+00   3.389451324300000E-01   6.757973680200000E-01   1.414791480600000E-01   0.000000000000000E+00   0.000000000000000E+00   0.000000000000000E+00   0.000000000000000E+00
   9.999579598300000E-01   5.613493942600000E+00   3.393289858000000E-01   6.633807640700000E-01   1.561216262700000E-01   0.000000000000000E+00   0.000000000000000E+00   0.000000000000000E+00   0.000000000000000E+00
   9.999614554900000E-01   5.649264751600000E+00   3.397151078500000E-01   6.636711943400000E-01   1.453098278000000E-01   0.000000000000000E+00   0.000000000000000E+00   0.000000000000000E+00   0.000000000000000E+00
   9.999649511499999E-01   5.685014222200000E+00   3.401045314100000E-01   6.559329371600000E-01   1.508367884400000E-01   0.000000000000000E+00   0.000000000000000E+00   0.000000000000000E+00   0.000000000000000E+00
   9.999684468000000E-01   5.720433286000000E+00   3.404961747600000E-01   6.594970785099999E-01   1.339274205800000E-01   0.000000000000000E+00   0.000000000000000E+00   0.000000000000000E+00   0.000000000000000E+00
   9.999711338100000E-01   5.747743224000000E+00   3.407997544700000E-01   6.495976242800000E-01   1.463826691500000E-01   0.000000000000000E+00   0.000000000000000E+00   0.000000000000000E+00   0.000000000000000E+00
   9.999738208200000E-01   5.774789065300000E+00   3.411043774000000E-01   6.502254654300000E-01   1.378899823100000E-01   0.000000000000000E+00   0.000000000000000E+00   0.000000000000000E+00   0.000000000000000E+00
   9.999765078200000E-01   5.801832764700000E+00   3.414109188100000E-01   6.442986085500000E-01   1.425711465600000E-01   0.000000000000000E+00   0.000000000000000E+00   0.000000000000000E+00   0.000000000000000E+00
   9.999791948300000E-01   5.828628597400000E+00   3.417185295500000E-01   6.473988857900000E-01   1.294280722700000E-01   0.000000000000000E+00   0.000000000000000E+00   0.000000000000000E+00   0.000000000000000E+00
   9.999810932700000E-01   5.847643025300000E+00   3.419372863100000E-01   6.399376722900000E-01   1.394129990600000E-01   0.000000000000000E+00   0.000000000000000E+00   0.000000000000000E+00   0.000000000000000E+00
   9.999829917200000E-01   5.866472007500000E+00   3.421563518600000E-01   6.406959262600000E-01   1.331700473900000E-01   0.000000000000000E+00   0.000000000000000E+00   0.000000000000000E+00   0.000000000000000E+00
   9.999848901600000E-01   5.885315517100000E+00   3.423763930800000E-01   6.365653126100000E-01   1.368085577400000E-01   0.000000000000000E+00   0.000000000000000E+00   0.000000000000000E+00   0.000000000000000E+00
   9.999867886100000E-01   5.903981254400000E+00   3.425967294000000E-01   6.392192740800000E-01   1.275723748700000E-01   0.000000000000000E+00   0.000000000000000E+00   0.000000000000000E+00   0.000000000000000E+00
   9.999880721500000E-01   5.916647892000000E+00   3.427463332300000E-01   6.345170124100000E-01   1.349293003100000E-01   0.000000000000000E+00   0.000000000000000E+00   0.000000000000000E+00   0.000000000000000E+00
   9.999893556900000E-01   5.929151179100000E+00   3.428957144400000E-01   6.361143926400000E-01   1.311976664900000E-01   0.000000000000000E+00   0.000000000000000E+00   0.000000000000000E+00   0.000000000000000E+00
   9.999906392300000E-01   5.941576641800000E+00   3.430450568300000E-01   6.356616768600000E-01   1.344437231100000E-01   0.000000000000000E+00   0.000000000000000E+00   0.000000000000000E+00   0.000000000000000E+00
   9.999919227800000E-01   5.953685019900000E+00   3.431933097400000E-01   6.420829843000000E-01   1.306592060100000E-01   0.000000000000000E+00   0.000000000000000E+00   0.000000000000000E+00   0.000000000000000E+00
   9.999928027800000E-01   5.961777759100000E+00   3.432939932900000E-01   6.454725632500000E-01   1.376052345900000E-01   0.000000000000000E+00   0.000000000000000E+00   0.000000000000000E+00   0.000000000000000E+00
   9.999936827900000E-01   5.969421025200000E+00   3.433926172000000E-01   6.569852031900000E-01   1.398228589900000E-01   0.000000000000000E+00   0.000000000000000E+00   0.000000000000000E+00   0.000000000000000E+00
   9.999945627900000E-01   5.976396911300000E+00   3.434878946600000E-01   6.752774578200000E-01   1.492299352100000E-01   0.000000000000000E+00   0.000000000000000E+00   0.000000000000000E+00   0.000000000000000E+00
   9.999954428000000E-01   5.982054362200000E+00   3.435765685600000E-01   7.120811031299999E-01   1.617632102500000E-01   0.000000000000000E+00   0.000000000000000E+00   0.000000000000000E+00   0.000000000000000E+00
   9.999958662300000E-01   5.984037226100000E+00   3.436154447800000E-01   7.380892359200000E-01   1.761162250500000E-01   0.000000000000000E+00   0.000000000000000E+00   0.000000000000000E+00   0.000000000000000E+00
   9.999962896500000E-01   5.985216693800000E+00   3.436503032200000E-01   7.761242027200000E-01   1.928507374900000E-01   0.000000000000000E+00   0.000000000000000E+00   0.000000000000000E+00   0.000000000000000E+00
   9.999967130800000E-01   5.985257819700000E+00   3.436794528000000E-01   8.295200064700000E-01   2.195329998300000E-01   0.000000000000000E+00   0.000000000000000E+00   0.000000000000000E+00   0.000000000000000E+00
   9.999971365100000E-01   5.983516895500000E+00   3.436998208800000E-01   9.090314345300000E-01   2.602465625600000E-01   0.000000000000000E+00   0.000000000000000E+00   0.000000000000000E+00   0.000000000000000E+00
   9.999973718300000E-01   5.981415513400000E+00   3.437056129700000E-01   9.696244059600000E-01   2.949771670400000E-01   0.000000000000000E+00   0.000000000000000E+00   0.000000000000000E+00   0.000000000000000E+00
   9.999976071500000E-01   5.978129971600000E+00   3.437057319500000E-01   1.048437376000000E+00   3.418256163900000E-01   0.000000000000000E+00   0.000000000000000E+00   0.000000000000000E+00   0.000000000000000E+00
   9.999978424700000E-01   5.973188257200000E+00   3.436980246100000E-01   1.152798444000000E+00   4.091900388600000E-01   0.000000000000000E+00   0.000000000000000E+00   0.000000000000000E+00   0.000000000000000E+00
   9.999980777800000E-01   5.965806826400000E+00   3.436789926400000E-01   1.295806271600000E+00   5.100056669900001E-01   0.000000000000000E+00   0.000000000000000E+00   0.000000000000000E+00   0.000000000000000E+00
   9.999982190300000E-01   5.959697847200000E+00   3.436598986600000E-01   1.408407199700000E+00   5.969641329299999E-01   0.000000000000000E+00   0.000000000000000E+00   0.000000000000000E+00   0.000000000000000E+00
   9.999983602700000E-01   5.951815953300000E+00   3.436328233500000E-01   1.549683262700000E+00   7.143989912800000E-01   0.000000000000000E+00   0.000000000000000E+00   0.000000000000000E+00   0.000000000000000E+00
   9.999985015200000E-01   5.941494463400000E+00   3.435949181000000E-01   1.730392854400000E+00   8.789323770800000E-01   0.000000000000000E+00   0.000000000000000E+00   0.000000000000000E+00   0.000000000000000E+00
   9.999986427599999E-01   5.927686394800000E+00   3.435417695300000E-01   1.967578472400000E+00   1.118033825700000E+00   0.000000000000000E+00   0.000000000000000E+00   0.000000000000000E+00   0.000000000000000E+00
   9.999987343200000E-01   5.916129910100000E+00   3.434960746800000E-01   2.163106855600000E+00   1.335235004100000E+00   0.000000000000000E+00   0.000000000000000E+00   0.000000000000000E+00   0.000000000000000E+00
   9.999988258700000E-01   5.901748322700000E+00   3.434383377200000E-01   2.403588696800000E+00   1.625873746600000E+00   0.000000000000000E+00   0.000000000000000E+00   0.000000000000000E+00   0.000000000000000E+00
   9.999989174200000E-01   5.883540952100000E+00   3.433644734600000E-01   2.703803265700000E+00   2.025903090100000E+00   0.000000000000000E+00   0.000000000000000E+00   0.000000000000000E+00   0.000000000000000E+00
   9.999990089700000E-01   5.860002481800000E+00   3.432683941200000E-01   3.085604516600000E+00   2.592442258100000E+00   0.000000000000000E+00   0.000000000000000E+00   0.000000000000000E+00   0.000000000000000E+00
   9.999990781000000E-01   5.837353926400000E+00   3.431757389900000E-01   3.446189063400000E+00   3.187290632100000E+00   0.000000000000000E+00   0.000000000000000E+00   0.000000000000000E+00   0.000000000000000E+00
   9.999991472300001E-01   5.808949823100000E+00   3.430595668800000E-01   3.889543482400000E+00   3.995376051300000E+00   0.000000000000000E+00   0.000000000000000E+00   0.000000000000000E+00   0.000000000000000E+00
   9.999992163600000E-01   5.772681637000000E+00   3.429115458700000E-01   4.440926649800000E+00   5.121155116400000E+00   0.000000000000000E+00   0.000000000000000E+00   0.000000000000000E+00   0.000000000000000E+00
   9.999992854800001E-01   5.725414607400000E+00   3.427193751700000E-01   5.136025869600000E+00   6.728132298000000E+00   0.000000000000000E+00   0.000000000000000E+00   0.000000000000000E+00   0.000000000000000E+00
   9.999993418399999E-01   5.675592057600000E+00   3.425177524800000E-01   5.840578344100000E+00   8.574785790900000E+00   0.000000000000000E+00   0.000000000000000E+00   0.000000000000000E+00   0.000000000000000E+00
   9.999993981900001E-01   5.611768622900000E+00   3.422607691700000E-01   6.704578625800000E+00   1.113621533000000E+01   0.000000000000000E+00   0.000000000000000E+00   0.000000000000000E+00   0.000000000000000E+00
   9.999994545400001E-01   5.528735584300000E+00   3.419283318100000E-01   7.767018279500000E+00   1.475595969700000E+01   0.000000000000000E+00   0.000000000000000E+00   0.000000000000000E+00   0.000000000000000E+00
   9.999995108900001E-01   5.419086943600000E+00   3.414920159700000E-01   9.074911993400001E+00   1.994558012300000E+01   0.000000000000000E+00   0.000000000000000E+00   0.000000000000000E+00   0.000000000000000E+00
   9.999995458099999E-01   5.333496832200000E+00   3.411531224200000E-01   1.002742939800000E+01   2.426867734200000E+01   0.000000000000000E+00   0.000000000000000E+00   0.000000000000000E+00   0.000000000000000E+00
   9.999995807199999E-01   5.230753914100000E+00   3.407478861300000E-01   1.109995573400000E+01   2.971985798700000E+01   0.000000000000000E+00   0.000000000000000E+00   0.000000000000000E+00   0.000000000000000E+00
   9.999996156299999E-01   5.107248393700000E+00   3.402625994100000E-01   1.229585048600000E+01   3.659086968900000E+01   0.000000000000000E+00   0.000000000000000E+00   0.000000000000000E+00   0.000000000000000E+00
   9.999996505400000E-01   4.958936204200000E+00   3.396819492000000E-01   1.361036953600000E+01   4.521805386800000E+01   0.000000000000000E+00   0.000000000000000E+00   0.000000000000000E+00   0.000000000000000E+00
   9.999996831200000E-01   4.794396247600000E+00   3.390398707600000E-01   1.492891244800000E+01   5.517308231900000E+01   0.000000000000000E+00   0.000000000000000E+00   0.000000000000000E+00   0.000000000000000E+00
   9.999997157000000E-01   4.601278454200000E+00   3.382884527700000E-01   1.630671100200000E+01   6.725583840800000E+01   0.000000000000000E+00   0.000000000000000E+00   0.000000000000000E+00   0.000000000000000E+00
   9.999997482900000E-01   4.377131407200000E+00   3.374185257000000E-01   1.769806417800000E+01   8.166699137000001E+01   0.000000000000000E+00   0.000000000000000E+00   0.000000000000000E+00   0.000000000000000E+00
   9.999997808700000E-01   4.121049724600000E+00   3.364267921600000E-01   1.903717882000000E+01   9.845359717300001E+01   0.000000000000000E+00   0.000000000000000E+00   0.000000000000000E+00   0.000000000000000E+00
   9.999998082600000E-01   3.881951452100000E+00   3.355022950600000E-01   2.006402565200000E+01   1.142664508600000E+02   0.000000000000000E+00   0.000000000000000E+00   0.000000000000000E+00   0.000000000000000E+00
   9.999998356499999E-01   3.623693846400000E+00   3.345047778200000E-01   2.094316485700000E+01   1.313165692500000E+02   0.000000000000000E+00   0.000000000000000E+00   0.000000000000000E+00   0.000000000000000E+00
   9.999998630400000E-01   3.350410165400000E+00   3.334499288500000E-01   2.162311371700000E+01   1.491130453600000E+02   0.000000000000000E+00   0.000000000000000E+00   0.000000000000000E+00   0.000000000000000E+00
   9.999998904400000E-01   3.067738304800000E+00   3.323591089900000E-01   2.206001177200000E+01   1.669960876900000E+02   0.000000000000000E+00   0.000000000000000E+00   0.000000000000000E+00   0.000000000000000E+00
   9.999999178300000E-01   2.782416404800000E+00   3.312578324500000E-01   2.222518428800000E+01   1.841815999500000E+02   0.000000000000000E+00   0.000000000000000E+00   0.000000000000000E+00   0.000000000000000E+00
   9.999999452200000E-01   2.501564722300000E+00   3.301730608900000E-01   2.211011840900000E+01   1.998529423400000E+02   0.000000000000000E+00   0.000000000000000E+00   0.000000000000000E+00   0.000000000000000E+00
   9.999999726100000E-01   2.231862384100000E+00   3.291301106800000E-01   2.172681843400000E+01   2.132699358100000E+02   0.000000000000000E+00   0.000000000000000E+00   0.000000000000000E+00   0.000000000000000E+00
   1.000000000000000E+00   1.978880643800000E+00   3.281501434700000E-01   2.110665698700000E+01   2.238512254400000E+02   0.000000000000000E+00   0.000000000000000E+00   0.000000000000000E+00   0.000000000000000E+00
