   0.000000000000000E+00   4.923332210700000E-01   9.999999955900000E-01   1.683846625300000E+00   1.822496395800000E+00   0.000000000000000E+00   0.000000000000000E+00   0.000000000000000E+00   0.000000000000000E+00
   3.439003752400000E-04   6.178068232100000E-01   8.863851117100000E-01   1.596713712900000E+00   1.668967854700000E+00   0.000000000000000E+00   0.000000000000000E+00   0.000000000000000E+00   0.000000000000000E+00
   6.878007504800000E-04   7.584208191800000E-01   7.911843471700000E-01   1.549133307900000E+00   1.472858999300000E+00   0.000000000000000E+00   0.000000000000000E+00   0.000000000000000E+00   0.000000000000000E+00
   1.031701125700000E-03   9.162072725900000E-01   7.110601693700001E-01   1.487676424100000E+00   1.360383866100000E+00   0.000000000000000E+00   0.000000000000000E+00   0.000000000000000E+00   0.000000000000000E+00
   1.375601501000000E-03   1.088032286500000E+00   6.434641513500000E-01   1.462119119100000E+00   1.189177122500000E+00   0.000000000000000E+00   0.000000000000000E+00   0.000000000000000E+00   0.000000000000000E+00
   1.698358723100000E-03   1.263253968900000E+00   5.896865928700000E-01   1.402711142700000E+00   1.146909000200000E+00   0.000000000000000E+00   0.000000000000000E+00   0.000000000000000E+00   0.000000000000000E+00
   2.021115945200000E-03   1.447042184800000E+00   5.439121480000000E-01   1.377111061100000E+00   1.036709743200000E+00   0.000000000000000E+00   0.000000000000000E+00   0.000000000000000E+00   0.000000000000000E+00
   2.343873167300000E-03   1.638649588800000E+00   5.050700588600000E-01   1.333244659300000E+00   9.911506703100000E-01   0.000000000000000E+00   0.000000000000000E+00   0.000000000000000E+00   0.000000000000000E+00
   2.666630389500000E-03   1.832546946400000E+00   4.722375124100000E-01   1.322826392800000E+00   8.748593147400000E-01   0.000000000000000E+00   0.000000000000000E+00   0.000000000000000E+00   0.000000000000000E+00
   3.350199197000000E-03   2.239829133700000E+00   4.191342450400000E-01   1.244967443400000E+00   8.171608195600000E-01   0.000000000000000E+00   0.000000000000000E+00   0.000000000000000E+00   0.000000000000000E+00
   4.033768004500000E-03   2.606748423200000E+00   3.833935522500000E-01   1.209281186300000E+00   7.089308779300000E-01   0.000000000000000E+00   0.000000000000000E+00   0.000000000000000E+00   0.000000000000000E+00
   4.717336812000000E-03   2.908775369700000E+00   3.600930167900000E-01   1.163543636300000E+00   6.782449226800000E-01   0.000000000000000E+00   0.000000000000000E+00   0.000000000000000E+00   0.000000000000000E+00
   5.400905619500000E-03   3.132653588500000E+00   3.453299599400000E-01   1.159332320200000E+00   5.873722263800000E-01   0.000000000000000E+00   0.000000000000000E+00   0.000000000000000E+00   0.000000000000000E+00
   6.212243567800000E-03   3.313218712000000E+00   3.349593995900000E-01   1.119466296200000E+00   6.106159226000000E-01   0.000000000000000E+00   0.000000000000000E+00   0.000000000000000E+00   0.000000000000000E+00
   7.023581516100000E-03   3.419726756800000E+00   3.292460179600000E-01   1.119048725300000E+00   5.675898090400000E-01   0.000000000000000E+00   0.000000000000000E+00   0.000000000000000E+00   0.000000000000000E+00
   7.834919464400000E-03   3.481238720300000E+00   3.261444683900000E-01   1.102047510100000E+00   5.852090760899999E-01   0.000000000000000E+00   0.000000000000000E+00   0.000000000000000E+00   0.000000000000000E+00
   8.646257412700000E-03   3.514554866100000E+00   3.244657655100000E-01   1.119417280700000E+00   5.285054812000000E-01   0.000000000000000E+00   0.000000000000000E+00   0.000000000000000E+00   0.000000000000000E+00
   1.119425170400000E-02   3.550097744900000E+00   3.227640778000000E-01   1.095056433500000E+00   5.752100060200001E-01   0.000000000000000E+00   0.000000000000000E+00   0.000000000000000E+00   0.000000000000000E+00
   1.374224599600000E-02   3.552897377400000E+00   3.226205898600000E-01   1.105473315100000E+00   5.481196122699999E-01   0.000000000000000E+00   0.000000000000000E+00   0.000000000000000E+00   0.000000000000000E+00
   1.629024028800000E-02   3.554359106800000E+00   3.225586932600000E-01   1.094626589500000E+00   5.745959766800000E-01   0.000000000000000E+00   0.000000000000000E+00   0.000000000000000E+00   0.000000000000000E+00
   1.883823458000000E-02   3.553903443400000E+00   3.225654024100000E-01   1.115440161400000E+00   5.228660505400000E-01   0.000000000000000E+00   0.000000000000000E+00   0.000000000000000E+00   0.000000000000000E+00
   3.026918760900000E-02   3.554647052500000E+00   3.225447623900000E-01   1.094597897200000E+00   5.745536134700000E-01   0.000000000000000E+00   0.000000000000000E+00   0.000000000000000E+00   0.000000000000000E+00
   4.170014063800000E-02   3.554343834100000E+00   3.225515644200000E-01   1.105326560700000E+00   5.479158736900001E-01   0.000000000000000E+00   0.000000000000000E+00   0.000000000000000E+00   0.000000000000000E+00
   5.313109366700000E-02   3.554612891200000E+00   3.225464011500000E-01   1.094601489700000E+00   5.745580635999999E-01   0.000000000000000E+00   0.000000000000000E+00   0.000000000000000E+00   0.000000000000000E+00
   6.456204669700000E-02   3.554156275800000E+00   3.225532736100000E-01   1.115413720000000E+00   5.228326726000000E-01   0.000000000000000E+00   0.000000000000000E+00   0.000000000000000E+00   0.000000000000000E+00
   8.566768476700000E-02   3.554601104400000E+00   3.225469665700000E-01   1.094602774900000E+00   5.745594621700000E-01   0.000000000000000E+00   0.000000000000000E+00   0.000000000000000E+00   0.000000000000000E+00
   1.067733228400000E-01   3.554387086100000E+00   3.225494895500000E-01   1.105321926200000E+00   5.479104969500000E-01   0.000000000000000E+00   0.000000000000000E+00   0.000000000000000E+00   0.000000000000000E+00
   1.278789609100000E-01   3.554592752700000E+00   3.225473672200000E-01   1.094603696900000E+00   5.745604190200000E-01   0.000000000000000E+00   0.000000000000000E+00   0.000000000000000E+00   0.000000000000000E+00
   1.489845989800000E-01   3.554211988300000E+00   3.225506009500000E-01   1.115407591000000E+00   5.228262248900000E-01   0.000000000000000E+00   0.000000000000000E+00   0.000000000000000E+00   0.000000000000000E+00
   1.695471734200000E-01   3.554587403800000E+00   3.225476238200000E-01   1.094604305100000E+00   5.745609790900000E-01   0.000000000000000E+00   0.000000000000000E+00   0.000000000000000E+00   0.000000000000000E+00
   1.901097478700000E-01   3.554402437800000E+00   3.225487530800000E-01   1.105320184100000E+00   5.479088799400000E-01   0.000000000000000E+00   0.000000000000000E+00   0.000000000000000E+00   0.000000000000000E+00
   2.106723223200000E-01   3.554582786300000E+00   3.225478453400000E-01   1.094604852600000E+00   5.745613949400000E-01   0.000000000000000E+00   0.000000000000000E+00   0.000000000000000E+00   0.000000000000000E+00
   2.312348967600000E-01   3.554242859700000E+00   3.225491199300000E-01   1.115403953800000E+00   5.228233744700000E-01   0.000000000000000E+00   0.000000000000000E+00   0.000000000000000E+00   0.000000000000000E+00
   2.499447992300000E-01   3.554579723000000E+00   3.225479923000000E-01   1.094605234500000E+00   5.745616147400000E-01   0.000000000000000E+00   0.000000000000000E+00   0.000000000000000E+00   0.000000000000000E+00
   2.686547017000000E-01   3.554411103600000E+00   3.225483373400000E-01   1.105319104000000E+00   5.479082569900000E-01   0.000000000000000E+00   0.000000000000000E+00   0.000000000000000E+00   0.000000000000000E+00
   2.873646041700000E-01   3.554577106000000E+00   3.225481178600000E-01   1.094605588300000E+00   5.745617198700000E-01   0.000000000000000E+00   0.000000000000000E+00   0.000000000000000E+00   0.000000000000000E+00
   3.060745066400000E-01   3.554260518400000E+00   3.225482727200000E-01   1.115401597500000E+00   5.228225713700000E-01   0.000000000000000E+00   0.000000000000000E+00   0.000000000000000E+00   0.000000000000000E+00
   3.230838028600000E-01   3.554575417900000E+00   3.225481988500000E-01   1.094605838800000E+00   5.745617209700000E-01   0.000000000000000E+00   0.000000000000000E+00   0.000000000000000E+00   0.000000000000000E+00
   3.400930990800000E-01   3.554415891900000E+00   3.225481076000000E-01   1.105318394600000E+00   5.479082507300000E-01   0.000000000000000E+00   0.000000000000000E+00   0.000000000000000E+00   0.000000000000000E+00
   3.571023952900000E-01   3.554574029000000E+00   3.225482655000000E-01   1.094606077800000E+00   5.745616232900000E-01   0.000000000000000E+00   0.000000000000000E+00   0.000000000000000E+00   0.000000000000000E+00
   3.741116915100000E-01   3.554269996800000E+00   3.225478179100000E-01   1.115400008800000E+00   5.228231120900000E-01   0.000000000000000E+00   0.000000000000000E+00   0.000000000000000E+00   0.000000000000000E+00
   3.887852267800000E-01   3.554573130200000E+00   3.225483086400000E-01   1.094606259100000E+00   5.745614798699999E-01   0.000000000000000E+00   0.000000000000000E+00   0.000000000000000E+00   0.000000000000000E+00
   4.034587620500000E-01   3.554418413700000E+00   3.225479865700000E-01   1.105317884100000E+00   5.479086580100000E-01   0.000000000000000E+00   0.000000000000000E+00   0.000000000000000E+00   0.000000000000000E+00
   4.181322973300000E-01   3.554572428700000E+00   3.225483423100000E-01   1.094606444500000E+00   5.745612365600000E-01   0.000000000000000E+00   0.000000000000000E+00   0.000000000000000E+00   0.000000000000000E+00
   4.328058326000000E-01   3.554274893800000E+00   3.225475828400000E-01   1.115398781500000E+00   5.228246109200000E-01   0.000000000000000E+00   0.000000000000000E+00   0.000000000000000E+00   0.000000000000000E+00
   4.437905146900000E-01   3.554571953000000E+00   3.225483651500000E-01   1.094606606200000E+00   5.745609634200000E-01   0.000000000000000E+00   0.000000000000000E+00   0.000000000000000E+00   0.000000000000000E+00
   4.547751967800000E-01   3.554419692700000E+00   3.225479251500000E-01   1.105317434000000E+00   5.479094384200000E-01   0.000000000000000E+00   0.000000000000000E+00   0.000000000000000E+00   0.000000000000000E+00
   4.657598788700000E-01   3.554571631800000E+00   3.225483805900000E-01   1.094606791600000E+00   5.745605502200000E-01   0.000000000000000E+00   0.000000000000000E+00   0.000000000000000E+00   0.000000000000000E+00
   4.767445609600000E-01   3.554277301800000E+00   3.225474671200000E-01   1.115397559300000E+00   5.228272049700000E-01   0.000000000000000E+00   0.000000000000000E+00   0.000000000000000E+00   0.000000000000000E+00
   4.883787078000000E-01   3.554571481800000E+00   3.225483878100000E-01   1.094606933200000E+00   5.745601922600000E-01   0.000000000000000E+00   0.000000000000000E+00   0.000000000000000E+00   0.000000000000000E+00
   5.000128546300000E-01   3.554420162600000E+00   3.225479025400000E-01   1.105317029600000E+00   5.479104424500000E-01   0.000000000000000E+00   0.000000000000000E+00   0.000000000000000E+00   0.000000000000000E+00
   5.116470014700000E-01   3.554571383500000E+00   3.225483925600000E-01   1.094607087500000E+00   5.745597727800000E-01   0.000000000000000E+00   0.000000000000000E+00   0.000000000000000E+00   0.000000000000000E+00
   5.232811483100001E-01   3.554278026600000E+00   3.225474321600000E-01   1.115396561800000E+00   5.228298760300000E-01   0.000000000000000E+00   0.000000000000000E+00   0.000000000000000E+00   0.000000000000000E+00
   5.371119875400000E-01   3.554571339700000E+00   3.225483946900000E-01   1.094607204900000E+00   5.745594397800000E-01   0.000000000000000E+00   0.000000000000000E+00   0.000000000000000E+00   0.000000000000000E+00
   5.509428267800000E-01   3.554420303900000E+00   3.225478956900000E-01   1.105316696300000E+00   5.479113801500000E-01   0.000000000000000E+00   0.000000000000000E+00   0.000000000000000E+00   0.000000000000000E+00
   5.647736660100000E-01   3.554571309100000E+00   3.225483961800000E-01   1.094607329500000E+00   5.745590794500000E-01   0.000000000000000E+00   0.000000000000000E+00   0.000000000000000E+00   0.000000000000000E+00
   5.786045052400000E-01   3.554278242800000E+00   3.225474216200000E-01   1.115395762700000E+00   5.228321792400000E-01   0.000000000000000E+00   0.000000000000000E+00   0.000000000000000E+00   0.000000000000000E+00
   5.914805740600000E-01   3.554571291800000E+00   3.225483970300000E-01   1.094607438300000E+00   5.745587604200000E-01   0.000000000000000E+00   0.000000000000000E+00   0.000000000000000E+00   0.000000000000000E+00
   6.043566428700000E-01   3.554420354100000E+00   3.225478932200000E-01   1.105316389000000E+00   5.479122807400000E-01   0.000000000000000E+00   0.000000000000000E+00   0.000000000000000E+00   0.000000000000000E+00
   6.172327116800000E-01   3.554571279700000E+00   3.225483976400000E-01   1.094607569900000E+00   5.745583703900000E-01   0.000000000000000E+00   0.000000000000000E+00   0.000000000000000E+00   0.000000000000000E+00
   6.301087804900000E-01   3.554278330100000E+00   3.225474172600000E-01   1.115394919100000E+00   5.228346740099999E-01   0.000000000000000E+00   0.000000000000000E+00   0.000000000000000E+00   0.000000000000000E+00
   6.369598301300000E-01   3.554571269700000E+00   3.225483981600000E-01   1.094607730500000E+00   5.745578924000000E-01   0.000000000000000E+00   0.000000000000000E+00   0.000000000000000E+00   0.000000000000000E+00
   6.438108797600000E-01   3.554420377000000E+00   3.225478920200000E-01   1.105315936000000E+00   5.479136311300000E-01   0.000000000000000E+00   0.000000000000000E+00   0.000000000000000E+00   0.000000000000000E+00
   6.506619293900000E-01   3.554571266100000E+00   3.225483983800000E-01   1.094607975900000E+00   5.745571566100000E-01   0.000000000000000E+00   0.000000000000000E+00   0.000000000000000E+00   0.000000000000000E+00
   6.575129790200001E-01   3.554278368900000E+00   3.225474150500000E-01   1.115393347000000E+00   5.228393807800000E-01   0.000000000000000E+00   0.000000000000000E+00   0.000000000000000E+00   0.000000000000000E+00
   6.643197964000001E-01   3.554571265200000E+00   3.225483984700000E-01   1.094608184900000E+00   5.745565288400000E-01   0.000000000000000E+00   0.000000000000000E+00   0.000000000000000E+00   0.000000000000000E+00
   6.711266137700000E-01   3.554420380600000E+00   3.225478917200000E-01   1.105315345800000E+00   5.479154035000000E-01   0.000000000000000E+00   0.000000000000000E+00   0.000000000000000E+00   0.000000000000000E+00
   6.779334311400000E-01   3.554571265500000E+00   3.225483985100000E-01   1.094608431400000E+00   5.745557877000000E-01   0.000000000000000E+00   0.000000000000000E+00   0.000000000000000E+00   0.000000000000000E+00
   6.847402485100000E-01   3.554278370000000E+00   3.225474146500000E-01   1.115391769300000E+00   5.228441237100000E-01   0.000000000000000E+00   0.000000000000000E+00   0.000000000000000E+00   0.000000000000000E+00
   6.927639606200000E-01   3.554571266000000E+00   3.225483985300000E-01   1.094608624900000E+00   5.745552054500001E-01   0.000000000000000E+00   0.000000000000000E+00   0.000000000000000E+00   0.000000000000000E+00
   7.007876727200000E-01   3.554420379400000E+00   3.225478916600000E-01   1.105314799400000E+00   5.479170474700000E-01   0.000000000000000E+00   0.000000000000000E+00   0.000000000000000E+00   0.000000000000000E+00
   7.088113848299999E-01   3.554571266600000E+00   3.225483985500000E-01   1.094608833900000E+00   5.745545766300000E-01   0.000000000000000E+00   0.000000000000000E+00   0.000000000000000E+00   0.000000000000000E+00
   7.168350969400000E-01   3.554278366000000E+00   3.225474145500000E-01   1.115390432100000E+00   5.228481481300000E-01   0.000000000000000E+00   0.000000000000000E+00   0.000000000000000E+00   0.000000000000000E+00
   7.259329571799999E-01   3.554571267200000E+00   3.225483985500000E-01   1.094609000900000E+00   5.745540736700000E-01   0.000000000000000E+00   0.000000000000000E+00   0.000000000000000E+00   0.000000000000000E+00
   7.350308174200000E-01   3.554420377800000E+00   3.225478916300000E-01   1.105314327600000E+00   5.479184675800000E-01   0.000000000000000E+00   0.000000000000000E+00   0.000000000000000E+00   0.000000000000000E+00
   7.441286776500000E-01   3.554571267900000E+00   3.225483985600000E-01   1.094609185100000E+00   5.745535190600000E-01   0.000000000000000E+00   0.000000000000000E+00   0.000000000000000E+00   0.000000000000000E+00
   7.532265378900000E-01   3.554278361700000E+00   3.225474144900000E-01   1.115389253300000E+00   5.228516975900001E-01   0.000000000000000E+00   0.000000000000000E+00   0.000000000000000E+00   0.000000000000000E+00
   7.615529764200000E-01   3.554571268500000E+00   3.225483985700000E-01   1.094609348900000E+00   5.745530258100000E-01   0.000000000000000E+00   0.000000000000000E+00   0.000000000000000E+00   0.000000000000000E+00
   7.698794149400000E-01   3.554420376100000E+00   3.225478916100000E-01   1.105313865200000E+00   5.479198603100000E-01   0.000000000000000E+00   0.000000000000000E+00   0.000000000000000E+00   0.000000000000000E+00
   7.782058534600000E-01   3.554571269300000E+00   3.225483985800000E-01   1.094609550000000E+00   5.745524198000000E-01   0.000000000000000E+00   0.000000000000000E+00   0.000000000000000E+00   0.000000000000000E+00
   7.865322919900000E-01   3.554278356800000E+00   3.225474144300000E-01   1.115387965900000E+00   5.228555760200000E-01   0.000000000000000E+00   0.000000000000000E+00   0.000000000000000E+00   0.000000000000000E+00
   7.925006115800000E-01   3.554571270100000E+00   3.225483985900000E-01   1.094609754800000E+00   5.745518029300000E-01   0.000000000000000E+00   0.000000000000000E+00   0.000000000000000E+00   0.000000000000000E+00
   7.984689311700000E-01   3.554420373800000E+00   3.225478915800000E-01   1.105313287300000E+00   5.479216020700000E-01   0.000000000000000E+00   0.000000000000000E+00   0.000000000000000E+00   0.000000000000000E+00
   8.044372507600001E-01   3.554571271200000E+00   3.225483986000000E-01   1.094610035200000E+00   5.745509574600000E-01   0.000000000000000E+00   0.000000000000000E+00   0.000000000000000E+00   0.000000000000000E+00
   8.104055703500000E-01   3.554278349800000E+00   3.225474143600000E-01   1.115386170900000E+00   5.228609870099999E-01   0.000000000000000E+00   0.000000000000000E+00   0.000000000000000E+00   0.000000000000000E+00
   8.150435002200001E-01   3.554571272200000E+00   3.225483986100000E-01   1.094610307800000E+00   5.745501357300000E-01   0.000000000000000E+00   0.000000000000000E+00   0.000000000000000E+00   0.000000000000000E+00
   8.196814300900001E-01   3.554420370800000E+00   3.225478915500000E-01   1.105312517800000E+00   5.479239222700000E-01   0.000000000000000E+00   0.000000000000000E+00   0.000000000000000E+00   0.000000000000000E+00
   8.243193599600001E-01   3.554571273700000E+00   3.225483986300000E-01   1.094610668400000E+00   5.745490477000000E-01   0.000000000000000E+00   0.000000000000000E+00   0.000000000000000E+00   0.000000000000000E+00
   8.289572898300001E-01   3.554278340600000E+00   3.225474142500000E-01   1.115383862600000E+00   5.228679504400000E-01   0.000000000000000E+00   0.000000000000000E+00   0.000000000000000E+00   0.000000000000000E+00
   8.331330062200000E-01   3.554571275000000E+00   3.225483986400000E-01   1.094610991800000E+00   5.745480716600000E-01   0.000000000000000E+00   0.000000000000000E+00   0.000000000000000E+00   0.000000000000000E+00
   8.373087226100000E-01   3.554420367100000E+00   3.225478915100000E-01   1.105311604700000E+00   5.479266781400000E-01   0.000000000000000E+00   0.000000000000000E+00   0.000000000000000E+00   0.000000000000000E+00
   8.414844389900000E-01   3.554571276600000E+00   3.225483986600000E-01   1.094611392100000E+00   5.745468631300000E-01   0.000000000000000E+00   0.000000000000000E+00   0.000000000000000E+00   0.000000000000000E+00
   8.456601553799999E-01   3.554278330100000E+00   3.225474141400000E-01   1.115381301000000E+00   5.228756850400000E-01   0.000000000000000E+00   0.000000000000000E+00   0.000000000000000E+00   0.000000000000000E+00
   8.491336405800000E-01   3.554571278200000E+00   3.225483986800000E-01   1.094611766500000E+00   5.745457320100000E-01   0.000000000000000E+00   0.000000000000000E+00   0.000000000000000E+00   0.000000000000000E+00
   8.526071257800000E-01   3.554420362700000E+00   3.225478914600000E-01   1.105310547500000E+00   5.479298719100000E-01   0.000000000000000E+00   0.000000000000000E+00   0.000000000000000E+00   0.000000000000000E+00
   8.560806109700000E-01   3.554571280200000E+00   3.225483987000000E-01   1.094612247200000E+00   5.745442790600001E-01   0.000000000000000E+00   0.000000000000000E+00   0.000000000000000E+00   0.000000000000000E+00
   8.595540961700000E-01   3.554278317200000E+00   3.225474140100000E-01   1.115378224600000E+00   5.228849839100000E-01   0.000000000000000E+00   0.000000000000000E+00   0.000000000000000E+00   0.000000000000000E+00
   8.627920029000000E-01   3.554571282000000E+00   3.225483987200000E-01   1.094612670400000E+00   5.745429990799999E-01   0.000000000000000E+00   0.000000000000000E+00   0.000000000000000E+00   0.000000000000000E+00
   8.660299096300000E-01   3.554420357600000E+00   3.225478914100000E-01   1.105309352600000E+00   5.479334859600000E-01   0.000000000000000E+00   0.000000000000000E+00   0.000000000000000E+00   0.000000000000000E+00
   8.692678163699999E-01   3.554571284200000E+00   3.225483987400000E-01   1.094613185500000E+00   5.745414403200000E-01   0.000000000000000E+00   0.000000000000000E+00   0.000000000000000E+00   0.000000000000000E+00
   8.725057231000000E-01   3.554278302900000E+00   3.225474138600000E-01   1.115374928200000E+00   5.228949600200000E-01   0.000000000000000E+00   0.000000000000000E+00   0.000000000000000E+00   0.000000000000000E+00
   8.763698056300000E-01   3.554571286000000E+00   3.225483987600000E-01   1.094613587600000E+00   5.745402226700000E-01   0.000000000000000E+00   0.000000000000000E+00   0.000000000000000E+00   0.000000000000000E+00
   8.802338881700000E-01   3.554420352600000E+00   3.225478913600000E-01   1.105308217200000E+00   5.479369240000000E-01   0.000000000000000E+00   0.000000000000000E+00   0.000000000000000E+00   0.000000000000000E+00
   8.840979707100000E-01   3.554571287900000E+00   3.225483987800000E-01   1.094614018700000E+00   5.745389164200000E-01   0.000000000000000E+00   0.000000000000000E+00   0.000000000000000E+00   0.000000000000000E+00
   8.879620532400000E-01   3.554278290600000E+00   3.225474137300000E-01   1.115372169000000E+00   5.229033200700000E-01   0.000000000000000E+00   0.000000000000000E+00   0.000000000000000E+00   0.000000000000000E+00
   8.908847234300000E-01   3.554571289800000E+00   3.225483988000000E-01   1.094614444000000E+00   5.745376272400000E-01   0.000000000000000E+00   0.000000000000000E+00   0.000000000000000E+00   0.000000000000000E+00
   8.938073936199999E-01   3.554420347200000E+00   3.225478913000000E-01   1.105307016600000E+00   5.479405640500000E-01   0.000000000000000E+00   0.000000000000000E+00   0.000000000000000E+00   0.000000000000000E+00
   8.967300638000000E-01   3.554571292400000E+00   3.225483988200000E-01   1.094615013300000E+00   5.745359001000000E-01   0.000000000000000E+00   0.000000000000000E+00   0.000000000000000E+00   0.000000000000000E+00
   8.996527339900000E-01   3.554278274000000E+00   3.225474135600000E-01   1.115368525300000E+00   5.229143737600001E-01   0.000000000000000E+00   0.000000000000000E+00   0.000000000000000E+00   0.000000000000000E+00
   9.017272613800000E-01   3.554571295100000E+00   3.225483988500000E-01   1.094615595800000E+00   5.745341318700000E-01   0.000000000000000E+00   0.000000000000000E+00   0.000000000000000E+00   0.000000000000000E+00
   9.038017887599999E-01   3.554420339600000E+00   3.225478912300000E-01   1.105305372100000E+00   5.479455567700000E-01   0.000000000000000E+00   0.000000000000000E+00   0.000000000000000E+00   0.000000000000000E+00
   9.058763161500000E-01   3.554571298900000E+00   3.225483988900000E-01   1.094616396600000E+00   5.745316983600000E-01   0.000000000000000E+00   0.000000000000000E+00   0.000000000000000E+00   0.000000000000000E+00
   9.079508435400000E-01   3.554278249600000E+00   3.225474133200000E-01   1.115363400200000E+00   5.229299482100001E-01   0.000000000000000E+00   0.000000000000000E+00   0.000000000000000E+00   0.000000000000000E+00
   9.096465902300001E-01   3.554571302600000E+00   3.225483989300000E-01   1.094617152700000E+00   5.745293987300000E-01   0.000000000000000E+00   0.000000000000000E+00   0.000000000000000E+00   0.000000000000000E+00
   9.113423369200000E-01   3.554420329200000E+00   3.225478911200000E-01   1.105303237700000E+00   5.479520499100000E-01   0.000000000000000E+00   0.000000000000000E+00   0.000000000000000E+00   0.000000000000000E+00
   9.130380836100001E-01   3.554571307500000E+00   3.225483989700000E-01   1.094618130300000E+00   5.745264212300000E-01   0.000000000000000E+00   0.000000000000000E+00   0.000000000000000E+00   0.000000000000000E+00
   9.147338303000000E-01   3.554278218400000E+00   3.225474130200000E-01   1.115357143500000E+00   5.229490042300000E-01   0.000000000000000E+00   0.000000000000000E+00   0.000000000000000E+00   0.000000000000000E+00
   9.171841996600000E-01   3.554571311100000E+00   3.225483990100000E-01   1.094618832400000E+00   5.745242798700000E-01   0.000000000000000E+00   0.000000000000000E+00   0.000000000000000E+00   0.000000000000000E+00
   9.196345690200000E-01   3.554420319100000E+00   3.225478910300000E-01   1.105301254800000E+00   5.479580959900000E-01   0.000000000000000E+00   0.000000000000000E+00   0.000000000000000E+00   0.000000000000000E+00
   9.220849383900001E-01   3.554571314600000E+00   3.225483990400000E-01   1.094619507600000E+00   5.745222190500000E-01   0.000000000000000E+00   0.000000000000000E+00   0.000000000000000E+00   0.000000000000000E+00
   9.245353077500000E-01   3.554278195900000E+00   3.225474128000000E-01   1.115352822200000E+00   5.229621934799999E-01   0.000000000000000E+00   0.000000000000000E+00   0.000000000000000E+00   0.000000000000000E+00
   9.269841130699999E-01   3.554571317600000E+00   3.225483990700000E-01   1.094620081200000E+00   5.745204667000000E-01   0.000000000000000E+00   0.000000000000000E+00   0.000000000000000E+00   0.000000000000000E+00
   9.294329183900000E-01   3.554420310500000E+00   3.225478909500000E-01   1.105299635100000E+00   5.479630438300001E-01   0.000000000000000E+00   0.000000000000000E+00   0.000000000000000E+00   0.000000000000000E+00
   9.318817237200000E-01   3.554571321300000E+00   3.225483991000000E-01   1.094620755700000E+00   5.745184043200000E-01   0.000000000000000E+00   0.000000000000000E+00   0.000000000000000E+00   0.000000000000000E+00
   9.343305290400000E-01   3.554278172600000E+00   3.225474125900000E-01   1.115348505300000E+00   5.229753926800000E-01   0.000000000000000E+00   0.000000000000000E+00   0.000000000000000E+00   0.000000000000000E+00
   9.360953049500000E-01   3.554571325000000E+00   3.225483991400000E-01   1.094621439700000E+00   5.745163114700000E-01   0.000000000000000E+00   0.000000000000000E+00   0.000000000000000E+00   0.000000000000000E+00
   9.378600808599999E-01   3.554420299900000E+00   3.225478908500000E-01   1.105297704400000E+00   5.479689531700001E-01   0.000000000000000E+00   0.000000000000000E+00   0.000000000000000E+00   0.000000000000000E+00
   9.396248567800000E-01   3.554571330300000E+00   3.225483991900000E-01   1.094622373900000E+00   5.745134493100000E-01   0.000000000000000E+00   0.000000000000000E+00   0.000000000000000E+00   0.000000000000000E+00
   9.413896326900000E-01   3.554278139000000E+00   3.225474122800000E-01   1.115342526900000E+00   5.229937104900000E-01   0.000000000000000E+00   0.000000000000000E+00   0.000000000000000E+00   0.000000000000000E+00
   9.429892946100000E-01   3.554571335100000E+00   3.225483992300000E-01   1.094623207900000E+00   5.745108907199999E-01   0.000000000000000E+00   0.000000000000000E+00   0.000000000000000E+00   0.000000000000000E+00
   9.445889565400000E-01   3.554420286300000E+00   3.225478907200000E-01   1.105295349600000E+00   5.479761774900000E-01   0.000000000000000E+00   0.000000000000000E+00   0.000000000000000E+00   0.000000000000000E+00
   9.461886184700000E-01   3.554571341100000E+00   3.225483992800000E-01   1.094624235900000E+00   5.745077325700000E-01   0.000000000000000E+00   0.000000000000000E+00   0.000000000000000E+00   0.000000000000000E+00
   9.477882803900000E-01   3.554278100300000E+00   3.225474119300000E-01   1.115335947600000E+00   5.230139226600000E-01   0.000000000000000E+00   0.000000000000000E+00   0.000000000000000E+00   0.000000000000000E+00
   9.498923316800000E-01   3.554571345800000E+00   3.225483993300000E-01   1.094625003900000E+00   5.745053696500000E-01   0.000000000000000E+00   0.000000000000000E+00   0.000000000000000E+00   0.000000000000000E+00
   9.519963829600000E-01   3.554420273200000E+00   3.225478906100000E-01   1.105293180600000E+00   5.479828491500000E-01   0.000000000000000E+00   0.000000000000000E+00   0.000000000000000E+00   0.000000000000000E+00
   9.541004342500000E-01   3.554571350500000E+00   3.225483993700000E-01   1.094625783700000E+00   5.745029681600000E-01   0.000000000000000E+00   0.000000000000000E+00   0.000000000000000E+00   0.000000000000000E+00
   9.562044855300000E-01   3.554278069600000E+00   3.225474116600000E-01   1.115330956800000E+00   5.230292921700000E-01   0.000000000000000E+00   0.000000000000000E+00   0.000000000000000E+00   0.000000000000000E+00
   9.572637970100000E-01   3.554571356700000E+00   3.225483994200000E-01   1.094626772800000E+00   5.744999201700000E-01   0.000000000000000E+00   0.000000000000000E+00   0.000000000000000E+00   0.000000000000000E+00
   9.583231084800000E-01   3.554420255700000E+00   3.225478904500000E-01   1.105290390000000E+00   5.479914557400000E-01   0.000000000000000E+00   0.000000000000000E+00   0.000000000000000E+00   0.000000000000000E+00
   9.593824199600000E-01   3.554571366700000E+00   3.225483995100000E-01   1.094628317100000E+00   5.744951491400000E-01   0.000000000000000E+00   0.000000000000000E+00   0.000000000000000E+00   0.000000000000000E+00
   9.604417314400000E-01   3.554278005500000E+00   3.225474111100000E-01   1.115321073500000E+00   5.230598268500000E-01   0.000000000000000E+00   0.000000000000000E+00   0.000000000000000E+00   0.000000000000000E+00
   9.614773335800000E-01   3.554571375600000E+00   3.225483995800000E-01   1.094629642200000E+00   5.744910466800000E-01   0.000000000000000E+00   0.000000000000000E+00   0.000000000000000E+00   0.000000000000000E+00
   9.625129357300000E-01   3.554420230500000E+00   3.225478902400000E-01   1.105286648800000E+00   5.480030391900000E-01   0.000000000000000E+00   0.000000000000000E+00   0.000000000000000E+00   0.000000000000000E+00
   9.635485378700001E-01   3.554571386500000E+00   3.225483996800000E-01   1.094631215400000E+00   5.744861648100000E-01   0.000000000000000E+00   0.000000000000000E+00   0.000000000000000E+00   0.000000000000000E+00
   9.645841400200000E-01   3.554277935500000E+00   3.225474105200000E-01   1.115311004900000E+00   5.230910708900000E-01   0.000000000000000E+00   0.000000000000000E+00   0.000000000000000E+00   0.000000000000000E+00
   9.656183642800000E-01   3.554571396100000E+00   3.225483997500000E-01   1.094632550700000E+00   5.744820117400000E-01   0.000000000000000E+00   0.000000000000000E+00   0.000000000000000E+00   0.000000000000000E+00
   9.666525885500000E-01   3.554420203400000E+00   3.225478900200000E-01   1.105282878500000E+00   5.480147655399999E-01   0.000000000000000E+00   0.000000000000000E+00   0.000000000000000E+00   0.000000000000000E+00
   9.676868128200000E-01   3.554571407800000E+00   3.225483998500000E-01   1.094634119400000E+00   5.744771216300000E-01   0.000000000000000E+00   0.000000000000000E+00   0.000000000000000E+00   0.000000000000000E+00
   9.687210370800000E-01   3.554277860800000E+00   3.225474099100000E-01   1.115300965200000E+00   5.231223676200000E-01   0.000000000000000E+00   0.000000000000000E+00   0.000000000000000E+00   0.000000000000000E+00
   9.695215497600000E-01   3.554571419500000E+00   3.225483999400000E-01   1.094635644600000E+00   5.744723575100000E-01   0.000000000000000E+00   0.000000000000000E+00   0.000000000000000E+00   0.000000000000000E+00
   9.703220624400000E-01   3.554420170200000E+00   3.225478897500000E-01   1.105278574100000E+00   5.480282177600000E-01   0.000000000000000E+00   0.000000000000000E+00   0.000000000000000E+00   0.000000000000000E+00
   9.711225751200000E-01   3.554571435600000E+00   3.225484000700000E-01   1.094637661400000E+00   5.744660370100000E-01   0.000000000000000E+00   0.000000000000000E+00   0.000000000000000E+00   0.000000000000000E+00
   9.719230878000000E-01   3.554277757400000E+00   3.225474090900000E-01   1.115288058000000E+00   5.231628189600001E-01   0.000000000000000E+00   0.000000000000000E+00   0.000000000000000E+00   0.000000000000000E+00
   9.727748414900000E-01   3.554571449500000E+00   3.225484001800000E-01   1.094639319300000E+00   5.744608248200000E-01   0.000000000000000E+00   0.000000000000000E+00   0.000000000000000E+00   0.000000000000000E+00
   9.736265951900001E-01   3.554420131200000E+00   3.225478894400000E-01   1.105273892400000E+00   5.480429343800000E-01   0.000000000000000E+00   0.000000000000000E+00   0.000000000000000E+00   0.000000000000000E+00
   9.744783488900000E-01   3.554571465800000E+00   3.225484003100000E-01   1.094641204300000E+00   5.744548815700000E-01   0.000000000000000E+00   0.000000000000000E+00   0.000000000000000E+00   0.000000000000000E+00
   9.753301025800000E-01   3.554277652900000E+00   3.225474082800000E-01   1.115275993900000E+00   5.232008559100000E-01   0.000000000000000E+00   0.000000000000000E+00   0.000000000000000E+00   0.000000000000000E+00
   9.764336424900000E-01   3.554571478500000E+00   3.225484004000000E-01   1.094642619600000E+00   5.744504048600000E-01   0.000000000000000E+00   0.000000000000000E+00   0.000000000000000E+00   0.000000000000000E+00
   9.775371824100000E-01   3.554420095400000E+00   3.225478891700000E-01   1.105269894500000E+00   5.480555739600000E-01   0.000000000000000E+00   0.000000000000000E+00   0.000000000000000E+00   0.000000000000000E+00
   9.786407223200000E-01   3.554571491900000E+00   3.225484005000000E-01   1.094644067500000E+00   5.744458155300000E-01   0.000000000000000E+00   0.000000000000000E+00   0.000000000000000E+00   0.000000000000000E+00
   9.797442622400000E-01   3.554277567400000E+00   3.225474076400000E-01   1.115266727300000E+00   5.232302277300001E-01   0.000000000000000E+00   0.000000000000000E+00   0.000000000000000E+00   0.000000000000000E+00
   9.802814084500000E-01   3.554571509500000E+00   3.225484006400000E-01   1.094645944800000E+00   5.744398572300000E-01   0.000000000000000E+00   0.000000000000000E+00   0.000000000000000E+00   0.000000000000000E+00
   9.808185546500000E-01   3.554420044700000E+00   3.225478887900000E-01   1.105264602900000E+00   5.480724002700000E-01   0.000000000000000E+00   0.000000000000000E+00   0.000000000000000E+00   0.000000000000000E+00
   9.813557008600000E-01   3.554571539100000E+00   3.225484008500000E-01   1.094648900000000E+00   5.744304225700000E-01   0.000000000000000E+00   0.000000000000000E+00   0.000000000000000E+00   0.000000000000000E+00
   9.818928470700000E-01   3.554277377900000E+00   3.225474062400000E-01   1.115247814700000E+00   5.232906101000000E-01   0.000000000000000E+00   0.000000000000000E+00   0.000000000000000E+00   0.000000000000000E+00
   9.823262029700000E-01   3.554571568500000E+00   3.225484010700000E-01   1.094651701200000E+00   5.744214390200000E-01   0.000000000000000E+00   0.000000000000000E+00   0.000000000000000E+00   0.000000000000000E+00
   9.827595588700000E-01   3.554419960900000E+00   3.225478881900000E-01   1.105256700400000E+00   5.480977679300000E-01   0.000000000000000E+00   0.000000000000000E+00   0.000000000000000E+00   0.000000000000000E+00
   9.831929147800000E-01   3.554571609300000E+00   3.225484013600000E-01   1.094655326700000E+00   5.744097322800000E-01   0.000000000000000E+00   0.000000000000000E+00   0.000000000000000E+00   0.000000000000000E+00
   9.836262706800000E-01   3.554277116400000E+00   3.225474043900000E-01   1.115224612900000E+00   5.233655344100000E-01   0.000000000000000E+00   0.000000000000000E+00   0.000000000000000E+00   0.000000000000000E+00
   9.839473662300000E-01   3.554571652100000E+00   3.225484016600000E-01   1.094658928700000E+00   5.743980357100000E-01   0.000000000000000E+00   0.000000000000000E+00   0.000000000000000E+00   0.000000000000000E+00
   9.842684617800000E-01   3.554419838200000E+00   3.225478873300000E-01   1.105246546100000E+00   5.481307996200000E-01   0.000000000000000E+00   0.000000000000000E+00   0.000000000000000E+00   0.000000000000000E+00
   9.845895573300000E-01   3.554571714800000E+00   3.225484020800000E-01   1.094663753400000E+00   5.743822116700000E-01   0.000000000000000E+00   0.000000000000000E+00   0.000000000000000E+00   0.000000000000000E+00
   9.849106528800000E-01   3.554276714600000E+00   3.225474016500000E-01   1.115193738100000E+00   5.234668112300001E-01   0.000000000000000E+00   0.000000000000000E+00   0.000000000000000E+00   0.000000000000000E+00
   9.852718791100000E-01   3.554571769100000E+00   3.225484024400000E-01   1.094667592300000E+00   5.743694952700000E-01   0.000000000000000E+00   0.000000000000000E+00   0.000000000000000E+00   0.000000000000000E+00
   9.856331053500000E-01   3.554419686000000E+00   3.225478863200000E-01   1.105235699500000E+00   5.481667021900000E-01   0.000000000000000E+00   0.000000000000000E+00   0.000000000000000E+00   0.000000000000000E+00
   9.859943315900001E-01   3.554571832600000E+00   3.225484028600000E-01   1.094671811800000E+00   5.743554023300000E-01   0.000000000000000E+00   0.000000000000000E+00   0.000000000000000E+00   0.000000000000000E+00
   9.863555578300000E-01   3.554276307700000E+00   3.225473989800000E-01   1.115166735700000E+00   5.235570082600000E-01   0.000000000000000E+00   0.000000000000000E+00   0.000000000000000E+00   0.000000000000000E+00
   9.866860994800000E-01   3.554571892400000E+00   3.225484032500000E-01   1.094675535900000E+00   5.743428554700000E-01   0.000000000000000E+00   0.000000000000000E+00   0.000000000000000E+00   0.000000000000000E+00
   9.870166411300000E-01   3.554419516400000E+00   3.225478852200000E-01   1.105225190800000E+00   5.482021316000000E-01   0.000000000000000E+00   0.000000000000000E+00   0.000000000000000E+00   0.000000000000000E+00
   9.873471827800000E-01   3.554571970700000E+00   3.225484037500000E-01   1.094680069000000E+00   5.743274217400000E-01   0.000000000000000E+00   0.000000000000000E+00   0.000000000000000E+00   0.000000000000000E+00
   9.876777244400000E-01   3.554275806200000E+00   3.225473957900000E-01   1.115137726700000E+00   5.236557871400001E-01   0.000000000000000E+00   0.000000000000000E+00   0.000000000000000E+00   0.000000000000000E+00
   9.880175664900001E-01   3.554572040400000E+00   3.225484041900000E-01   1.094683833600000E+00   5.743144668000000E-01   0.000000000000000E+00   0.000000000000000E+00   0.000000000000000E+00   0.000000000000000E+00
   9.883574085400000E-01   3.554419319700000E+00   3.225478839900000E-01   1.105214560000000E+00   5.482387099000000E-01   0.000000000000000E+00   0.000000000000000E+00   0.000000000000000E+00   0.000000000000000E+00
   9.886972505900000E-01   3.554572126000000E+00   3.225484047200000E-01   1.094688160500000E+00   5.742994188500000E-01   0.000000000000000E+00   0.000000000000000E+00   0.000000000000000E+00   0.000000000000000E+00
   9.890370926499999E-01   3.554275258200000E+00   3.225473923900000E-01   1.115110037200000E+00   5.237520969500000E-01   0.000000000000000E+00   0.000000000000000E+00   0.000000000000000E+00   0.000000000000000E+00
   9.893144222800000E-01   3.554572211100000E+00   3.225484052400000E-01   1.094692216800000E+00   5.742851697300000E-01   0.000000000000000E+00   0.000000000000000E+00   0.000000000000000E+00   0.000000000000000E+00
   9.895917519100000E-01   3.554419077100000E+00   3.225478825000000E-01   1.105203127000000E+00   5.482789526600000E-01   0.000000000000000E+00   0.000000000000000E+00   0.000000000000000E+00   0.000000000000000E+00
   9.898690815500000E-01   3.554572329300000E+00   3.225484059500000E-01   1.094697402900000E+00   5.742666748800000E-01   0.000000000000000E+00   0.000000000000000E+00   0.000000000000000E+00   0.000000000000000E+00
   9.901464111800000E-01   3.554274500600000E+00   3.225473878100000E-01   1.115076852100000E+00   5.238704698000000E-01   0.000000000000000E+00   0.000000000000000E+00   0.000000000000000E+00   0.000000000000000E+00
   9.903708091300000E-01   3.554572448400000E+00   3.225484066600000E-01   1.094702273500000E+00   5.742490716899999E-01   0.000000000000000E+00   0.000000000000000E+00   0.000000000000000E+00   0.000000000000000E+00
   9.905952070700000E-01   3.554418737000000E+00   3.225478804700000E-01   1.105189408700000E+00   5.483286737700001E-01   0.000000000000000E+00   0.000000000000000E+00   0.000000000000000E+00   0.000000000000000E+00
   9.908196050200000E-01   3.554572616400000E+00   3.225484076500000E-01   1.094708494900000E+00   5.742261193200000E-01   0.000000000000000E+00   0.000000000000000E+00   0.000000000000000E+00   0.000000000000000E+00
   9.910440029599999E-01   3.554273423500000E+00   3.225473814800000E-01   1.115037047000000E+00   5.240173767900000E-01   0.000000000000000E+00   0.000000000000000E+00   0.000000000000000E+00   0.000000000000000E+00
   9.912498842800000E-01   3.554572776700000E+00   3.225484085800000E-01   1.094713926700000E+00   5.742056823700000E-01   0.000000000000000E+00   0.000000000000000E+00   0.000000000000000E+00   0.000000000000000E+00
   9.914557656000000E-01   3.554418281700000E+00   3.225478778300000E-01   1.105174093400000E+00   5.483863910900000E-01   0.000000000000000E+00   0.000000000000000E+00   0.000000000000000E+00   0.000000000000000E+00
   9.916616469300000E-01   3.554572989900000E+00   3.225484098100000E-01   1.094720452400000E+00   5.741805275700000E-01   0.000000000000000E+00   0.000000000000000E+00   0.000000000000000E+00   0.000000000000000E+00
   9.918675282500000E-01   3.554272056600000E+00   3.225473736400000E-01   1.114995299500000E+00   5.241783842400000E-01   0.000000000000000E+00   0.000000000000000E+00   0.000000000000000E+00   0.000000000000000E+00
   9.920492387900000E-01   3.554573197700000E+00   3.225484109800000E-01   1.094726246500000E+00   5.741576547600000E-01   0.000000000000000E+00   0.000000000000000E+00   0.000000000000000E+00   0.000000000000000E+00
   9.922309493200000E-01   3.554417690200000E+00   3.225478744800000E-01   1.105157774700000E+00   5.484509987700000E-01   0.000000000000000E+00   0.000000000000000E+00   0.000000000000000E+00   0.000000000000000E+00
   9.924126598600000E-01   3.554573480900000E+00   3.225484125700000E-01   1.094733290000000E+00   5.741289513200000E-01   0.000000000000000E+00   0.000000000000000E+00   0.000000000000000E+00   0.000000000000000E+00
   9.925943704000000E-01   3.554270240000000E+00   3.225473634700000E-01   1.114950248100000E+00   5.243621131200000E-01   0.000000000000000E+00   0.000000000000000E+00   0.000000000000000E+00   0.000000000000000E+00
   9.927358618400000E-01   3.554573776500000E+00   3.225484142100000E-01   1.094739957000000E+00   5.741009823400000E-01   0.000000000000000E+00   0.000000000000000E+00   0.000000000000000E+00   0.000000000000000E+00
   9.928773532700000E-01   3.554416840300000E+00   3.225478697800000E-01   1.105139079100000E+00   5.485300527700000E-01   0.000000000000000E+00   0.000000000000000E+00   0.000000000000000E+00   0.000000000000000E+00
   9.930188447100000E-01   3.554574212700000E+00   3.225484165900000E-01   1.094748400400000E+00   5.740637478300000E-01   0.000000000000000E+00   0.000000000000000E+00   0.000000000000000E+00   0.000000000000000E+00
   9.931603361400000E-01   3.554267439400000E+00   3.225473481600000E-01   1.114896274200000E+00   5.246004780800000E-01   0.000000000000000E+00   0.000000000000000E+00   0.000000000000000E+00   0.000000000000000E+00
   9.933631176400000E-01   3.554574564400000E+00   3.225484184900000E-01   1.094754189700000E+00   5.740366831200000E-01   0.000000000000000E+00   0.000000000000000E+00   0.000000000000000E+00   0.000000000000000E+00
   9.935658991400000E-01   3.554415867800000E+00   3.225478645100000E-01   1.105122564400000E+00   5.486063621700000E-01   0.000000000000000E+00   0.000000000000000E+00   0.000000000000000E+00   0.000000000000000E+00
   9.937686806400000E-01   3.554574923900000E+00   3.225484204300000E-01   1.094759629400000E+00   5.740104042100000E-01   0.000000000000000E+00   0.000000000000000E+00   0.000000000000000E+00   0.000000000000000E+00
   9.939714621400000E-01   3.554265135500000E+00   3.225473357900000E-01   1.114861484700000E+00   5.247686876100000E-01   0.000000000000000E+00   0.000000000000000E+00   0.000000000000000E+00   0.000000000000000E+00
   9.941862247700000E-01   3.554575241600000E+00   3.225484221200000E-01   1.094763955200000E+00   5.739885745100000E-01   0.000000000000000E+00   0.000000000000000E+00   0.000000000000000E+00   0.000000000000000E+00
   9.944009874000000E-01   3.554414972400000E+00   3.225478597400000E-01   1.105110335100000E+00   5.486679898200000E-01   0.000000000000000E+00   0.000000000000000E+00   0.000000000000000E+00   0.000000000000000E+00
   9.946157500300000E-01   3.554575627000000E+00   3.225484241700000E-01   1.094768717500000E+00   5.739635035000000E-01   0.000000000000000E+00   0.000000000000000E+00   0.000000000000000E+00   0.000000000000000E+00
   9.948305126600000E-01   3.554262666200000E+00   3.225473226800000E-01   1.114831029000000E+00   5.249291647200000E-01   0.000000000000000E+00   0.000000000000000E+00   0.000000000000000E+00   0.000000000000000E+00
   9.949235734700000E-01   3.554576183200000E+00   3.225484271100000E-01   1.094775294300000E+00   5.739281781600000E-01   0.000000000000000E+00   0.000000000000000E+00   0.000000000000000E+00   0.000000000000000E+00
   9.950166342700000E-01   3.554413302100000E+00   3.225478509400000E-01   1.105092570000000E+00   5.487683164800000E-01   0.000000000000000E+00   0.000000000000000E+00   0.000000000000000E+00   0.000000000000000E+00
   9.951096950800000E-01   3.554577261600000E+00   3.225484327400000E-01   1.094784757900000E+00   5.738692236700000E-01   0.000000000000000E+00   0.000000000000000E+00   0.000000000000000E+00   0.000000000000000E+00
   9.952027558800000E-01   3.554255721700000E+00   3.225472864300000E-01   1.114770787700000E+00   5.253067964100000E-01   0.000000000000000E+00   0.000000000000000E+00   0.000000000000000E+00   0.000000000000000E+00
   9.952966842099999E-01   3.554578304200000E+00   3.225484381400000E-01   1.094791723100000E+00   5.738185579300000E-01   0.000000000000000E+00   0.000000000000000E+00   0.000000000000000E+00   0.000000000000000E+00
   9.953906125400001E-01   3.554410351500000E+00   3.225478356800000E-01   1.105072953300000E+00   5.489114268700001E-01   0.000000000000000E+00   0.000000000000000E+00   0.000000000000000E+00   0.000000000000000E+00
   9.954845408600000E-01   3.554579690000000E+00   3.225484452500000E-01   1.094798569400000E+00   5.737582132500000E-01   0.000000000000000E+00   0.000000000000000E+00   0.000000000000000E+00   0.000000000000000E+00
   9.955784691900000E-01   3.554246801700000E+00   3.225472406600000E-01   1.114727362400000E+00   5.256933898100000E-01   0.000000000000000E+00   0.000000000000000E+00   0.000000000000000E+00   0.000000000000000E+00
   9.956713267100000E-01   3.554581032400000E+00   3.225484521000000E-01   1.094803173500000E+00   5.737056292900000E-01   0.000000000000000E+00   0.000000000000000E+00   0.000000000000000E+00   0.000000000000000E+00
   9.957641842300000E-01   3.554406544800000E+00   3.225478162800000E-01   1.105060074300000E+00   5.490600127700000E-01   0.000000000000000E+00   0.000000000000000E+00   0.000000000000000E+00   0.000000000000000E+00
   9.958570417500000E-01   3.554582831000000E+00   3.225484612100000E-01   1.094806971100000E+00   5.736420689800000E-01   0.000000000000000E+00   0.000000000000000E+00   0.000000000000000E+00   0.000000000000000E+00
   9.959498992700000E-01   3.554235226600000E+00   3.225471820200000E-01   1.114703558100000E+00   5.261006708600000E-01   0.000000000000000E+00   0.000000000000000E+00   0.000000000000000E+00   0.000000000000000E+00
   9.960359826100000E-01   3.554584619500000E+00   3.225484702300000E-01   1.094808758200000E+00   5.735846129100000E-01   0.000000000000000E+00   0.000000000000000E+00   0.000000000000000E+00   0.000000000000000E+00
   9.961220659500000E-01   3.554401440600000E+00   3.225477905600000E-01   1.105055439700000E+00   5.492226057200000E-01   0.000000000000000E+00   0.000000000000000E+00   0.000000000000000E+00   0.000000000000000E+00
   9.962081492800000E-01   3.554587113900000E+00   3.225484827400000E-01   1.094808525300000E+00   5.735124155100000E-01   0.000000000000000E+00   0.000000000000000E+00   0.000000000000000E+00   0.000000000000000E+00
   9.962942326200001E-01   3.554219162200000E+00   3.225471014700000E-01   1.114705833900000E+00   5.265635095600000E-01   0.000000000000000E+00   0.000000000000000E+00   0.000000000000000E+00   0.000000000000000E+00
   9.963679843500000E-01   3.554589701700000E+00   3.225484956700000E-01   1.094806047000000E+00   5.734439670200000E-01   0.000000000000000E+00   0.000000000000000E+00   0.000000000000000E+00   0.000000000000000E+00
   9.964417360800000E-01   3.554393983600000E+00   3.225477533300000E-01   1.105063584300000E+00   5.494168962700000E-01   0.000000000000000E+00   0.000000000000000E+00   0.000000000000000E+00   0.000000000000000E+00
   9.965154878100000E-01   3.554593530300000E+00   3.225485147100000E-01   1.094798666900000E+00   5.733535181500000E-01   0.000000000000000E+00   0.000000000000000E+00   0.000000000000000E+00   0.000000000000000E+00
   9.965892395500000E-01   3.554194451900000E+00   3.225469786300000E-01   1.114754671600000E+00   5.271439656800000E-01   0.000000000000000E+00   0.000000000000000E+00   0.000000000000000E+00   0.000000000000000E+00
   9.966551221800000E-01   3.554597492200000E+00   3.225485343500000E-01   1.094788052500000E+00   5.732685165000000E-01   0.000000000000000E+00   0.000000000000000E+00   0.000000000000000E+00   0.000000000000000E+00
   9.967210048100000E-01   3.554382592300000E+00   3.225476969200000E-01   1.105095128800000E+00   5.496583516000000E-01   0.000000000000000E+00   0.000000000000000E+00   0.000000000000000E+00   0.000000000000000E+00
   9.967868874500000E-01   3.554603315500000E+00   3.225485631100000E-01   1.094768006300000E+00   5.731567015300000E-01   0.000000000000000E+00   0.000000000000000E+00   0.000000000000000E+00   0.000000000000000E+00
   9.968527700800000E-01   3.554156865700000E+00   3.225467931400000E-01   1.114885932200000E+00   5.278624964500001E-01   0.000000000000000E+00   0.000000000000000E+00   0.000000000000000E+00   0.000000000000000E+00
   9.969000648800000E-01   3.554610141700000E+00   3.225485968300000E-01   1.094741184000000E+00   5.730371096900000E-01   0.000000000000000E+00   0.000000000000000E+00   0.000000000000000E+00   0.000000000000000E+00
   9.969473596800000E-01   3.554362653100000E+00   3.225475991100000E-01   1.105179058200000E+00   5.500035849900000E-01   0.000000000000000E+00   0.000000000000000E+00   0.000000000000000E+00   0.000000000000000E+00
   9.969946544800000E-01   3.554622388700000E+00   3.225486575600000E-01   1.094685009600000E+00   5.728553100500000E-01   0.000000000000000E+00   0.000000000000000E+00   0.000000000000000E+00   0.000000000000000E+00
   9.970419492900000E-01   3.554081481300000E+00   3.225464253100000E-01   1.115255099900000E+00   5.290350424000000E-01   0.000000000000000E+00   0.000000000000000E+00   0.000000000000000E+00   0.000000000000000E+00
   9.971045114900000E-01   3.554638118100000E+00   3.225487405600000E-01   1.094622771700000E+00   5.727000578200000E-01   0.000000000000000E+00   0.000000000000000E+00   0.000000000000000E+00   0.000000000000000E+00
   9.971670736900000E-01   3.554348863100000E+00   3.225475541800000E-01   1.105334348900000E+00   5.504190694400000E-01   0.000000000000000E+00   0.000000000000000E+00   0.000000000000000E+00   0.000000000000000E+00
   9.972296358900000E-01   3.554702316200000E+00   3.225491229000000E-01   1.094526057200000E+00   5.725052138600000E-01   0.000000000000000E+00   0.000000000000000E+00   0.000000000000000E+00   0.000000000000000E+00
   9.972921980900000E-01   3.554201352700000E+00   3.225472861600000E-01   1.115648497000000E+00   5.300032628500000E-01   0.000000000000000E+00   0.000000000000000E+00   0.000000000000000E+00   0.000000000000000E+00
   9.973385019900000E-01   3.555196772800000E+00   3.225521835400000E-01   1.094227222100000E+00   5.720663742200000E-01   0.000000000000000E+00   0.000000000000000E+00   0.000000000000000E+00   0.000000000000000E+00
   9.973848059000000E-01   3.555640868300000E+00   3.225556646900000E-01   1.105017883700000E+00   5.502290169400000E-01   0.000000000000000E+00   0.000000000000000E+00   0.000000000000000E+00   0.000000000000000E+00
   9.974311098100000E-01   3.558097866300000E+00   3.225702299700000E-01   1.092809662100000E+00   5.702412080000000E-01   0.000000000000000E+00   0.000000000000000E+00   0.000000000000000E+00   0.000000000000000E+00
   9.974774137100000E-01   3.562593038500000E+00   3.225998449900000E-01   1.112975661700000E+00   5.272708348900000E-01   0.000000000000000E+00   0.000000000000000E+00   0.000000000000000E+00   0.000000000000000E+00
   9.975275707000000E-01   3.578515922300000E+00   3.226985101800000E-01   1.083886491400000E+00   5.593094852500000E-01   0.000000000000000E+00   0.000000000000000E+00   0.000000000000000E+00   0.000000000000000E+00
   9.975777276900000E-01   3.618111698200000E+00   3.229477587800000E-01   1.078934903400000E+00   5.187704342900000E-01   0.000000000000000E+00   0.000000000000000E+00   0.000000000000000E+00   0.000000000000000E+00
   9.976278846800000E-01   3.716677665000000E+00   3.235766614300000E-01   1.029133411900000E+00   4.946438151900000E-01   0.000000000000000E+00   0.000000000000000E+00   0.000000000000000E+00   0.000000000000000E+00
   9.976780416700000E-01   3.920931305600000E+00   3.249335445700000E-01   9.834155714400000E-01   3.795645172900000E-01   0.000000000000000E+00   0.000000000000000E+00   0.000000000000000E+00   0.000000000000000E+00
   9.977233772100000E-01   4.229291521300000E+00   3.271033375800000E-01   8.783578335200000E-01   3.365455512700000E-01   0.000000000000000E+00   0.000000000000000E+00   0.000000000000000E+00   0.000000000000000E+00
   9.977687127600000E-01   4.636060759600000E+00   3.302365387300000E-01   8.067181183000000E-01   2.415063806000000E-01   0.000000000000000E+00   0.000000000000000E+00   0.000000000000000E+00   0.000000000000000E+00
   9.978140483000000E-01   5.099075772300000E+00   3.342289113900000E-01   7.225466830600000E-01   2.048008088800000E-01   0.000000000000000E+00   0.000000000000000E+00   0.000000000000000E+00   0.000000000000000E+00
   9.978593838499999E-01   5.572740914100000E+00   3.388978471100000E-01   6.873556433300000E-01   1.244220491600000E-01   0.000000000000000E+00   0.000000000000000E+00   0.000000000000000E+00   0.000000000000000E+00
   9.979078304100000E-01   6.056860433400000E+00   3.444496694100000E-01   6.161005325900000E-01   1.339587704100000E-01   0.000000000000000E+00   0.000000000000000E+00   0.000000000000000E+00   0.000000000000000E+00
   9.979562769700000E-01   6.497933036000000E+00   3.504298408600000E-01   5.903497813900001E-01   9.253667572700000E-02   0.000000000000000E+00   0.000000000000000E+00   0.000000000000000E+00   0.000000000000000E+00
   9.980047235300000E-01   6.890071505700000E+00   3.567383553900000E-01   5.483056961700000E-01   9.738364647700000E-02   0.000000000000000E+00   0.000000000000000E+00   0.000000000000000E+00   0.000000000000000E+00
   9.980531700900001E-01   7.232043861900000E+00   3.632972642900000E-01   5.471050403900000E-01   4.696177119500000E-02   0.000000000000000E+00   0.000000000000000E+00   0.000000000000000E+00   0.000000000000000E+00
   9.980962039500000E-01   7.498341983700000E+00   3.692988353300000E-01   5.051296456700000E-01   7.781303918200000E-02   0.000000000000000E+00   0.000000000000000E+00   0.000000000000000E+00   0.000000000000000E+00
   9.981392378100000E-01   7.731502371800000E+00   3.754323243700000E-01   5.010652014800000E-01   5.137190738500000E-02   0.000000000000000E+00   0.000000000000000E+00   0.000000000000000E+00   0.000000000000000E+00
   9.981822716800000E-01   7.936590160400000E+00   3.816835043100000E-01   4.744504383000000E-01   6.574244901800000E-02   0.000000000000000E+00   0.000000000000000E+00   0.000000000000000E+00   0.000000000000000E+00
   9.982253055400000E-01   8.116174083500001E+00   3.880332198900000E-01   4.851443232900000E-01   2.280969273000000E-02   0.000000000000000E+00   0.000000000000000E+00   0.000000000000000E+00   0.000000000000000E+00
   9.982749085200000E-01   8.297910969300000E+00   3.954673912600000E-01   4.476897233600000E-01   5.649608523200000E-02   0.000000000000000E+00   0.000000000000000E+00   0.000000000000000E+00   0.000000000000000E+00
   9.983245114900000E-01   8.455293705100001E+00   4.030054452700000E-01   4.474057736500000E-01   3.295670728300000E-02   0.000000000000000E+00   0.000000000000000E+00   0.000000000000000E+00   0.000000000000000E+00
   9.983741144700000E-01   8.593538335400000E+00   4.106418710600000E-01   4.234068185300000E-01   4.909994237700000E-02   0.000000000000000E+00   0.000000000000000E+00   0.000000000000000E+00   0.000000000000000E+00
   9.984237174400000E-01   8.714878756699999E+00   4.183642918800000E-01   4.363616840000000E-01   8.225778703499999E-03   0.000000000000000E+00   0.000000000000000E+00   0.000000000000000E+00   0.000000000000000E+00
   9.984798643300000E-01   8.837135414800001E+00   4.272083661200000E-01   4.006576225600000E-01   4.299035519500000E-02   0.000000000000000E+00   0.000000000000000E+00   0.000000000000000E+00   0.000000000000000E+00
   9.985360112300000E-01   8.944811010800001E+00   4.361481910600000E-01   4.018639556200000E-01   2.086378732700000E-02   0.000000000000000E+00   0.000000000000000E+00   0.000000000000000E+00   0.000000000000000E+00
   9.985921581200000E-01   9.041697730399999E+00   4.451824876100000E-01   3.788083728100000E-01   3.779842992100000E-02   0.000000000000000E+00   0.000000000000000E+00   0.000000000000000E+00   0.000000000000000E+00
   9.986483050100000E-01   9.128755413800000E+00   4.543023987900000E-01   3.925734914100000E-01  -1.920762054700000E-03   0.000000000000000E+00   0.000000000000000E+00   0.000000000000000E+00   0.000000000000000E+00
   9.987079976800000E-01   9.213996721099999E+00   4.640941379400000E-01   3.579774883900000E-01   3.341938955500000E-02   0.000000000000000E+00   0.000000000000000E+00   0.000000000000000E+00   0.000000000000000E+00
   9.987676903400000E-01   9.291602740300000E+00   4.739750381600000E-01   3.601517323200000E-01   1.221443760400000E-02   0.000000000000000E+00   0.000000000000000E+00   0.000000000000000E+00   0.000000000000000E+00
   9.988273830100000E-01   9.363891991199999E+00   4.839462335000000E-01   3.378138633400000E-01   2.965522757200000E-02   0.000000000000000E+00   0.000000000000000E+00   0.000000000000000E+00   0.000000000000000E+00
   9.988870756700000E-01   9.430703844800000E+00   4.940012011400000E-01   3.521667835100000E-01  -9.219476253800001E-03   0.000000000000000E+00   0.000000000000000E+00   0.000000000000000E+00   0.000000000000000E+00
   9.989139564600000E-01   9.460027501100001E+00   4.985589280500000E-01   3.238393857300000E-01   2.728055450600000E-02   0.000000000000000E+00   0.000000000000000E+00   0.000000000000000E+00   0.000000000000000E+00
   9.989408372400000E-01   9.487928957299999E+00   5.031311606300000E-01   3.319554639400000E-01   7.544052181400000E-03   0.000000000000000E+00   0.000000000000000E+00   0.000000000000000E+00   0.000000000000000E+00
   9.989677180300000E-01   9.515541962100000E+00   5.077216858200000E-01   3.153907674700000E-01   2.589840526000000E-02   0.000000000000000E+00   0.000000000000000E+00   0.000000000000000E+00   0.000000000000000E+00
   9.989945988200000E-01   9.541829722299999E+00   5.123264381800000E-01   3.351620075000000E-01  -1.143621770800000E-02   0.000000000000000E+00   0.000000000000000E+00   0.000000000000000E+00   0.000000000000000E+00
   9.990271057200000E-01   9.573703357399999E+00   5.179203038500000E-01   3.062280955500000E-01   2.449884886400000E-02   0.000000000000000E+00   0.000000000000000E+00   0.000000000000000E+00   0.000000000000000E+00
   9.990596126300000E-01   9.604053080100000E+00   5.235356032700000E-01   3.136013628500000E-01   4.991411201600000E-03   0.000000000000000E+00   0.000000000000000E+00   0.000000000000000E+00   0.000000000000000E+00
   9.990921195400000E-01   9.634018384000001E+00   5.291760953500000E-01   2.963867797000000E-01   2.308347662800000E-02   0.000000000000000E+00   0.000000000000000E+00   0.000000000000000E+00   0.000000000000000E+00
   9.991246264400000E-01   9.662570110800001E+00   5.348376995000000E-01   3.153957177400000E-01  -1.383891084900000E-02   0.000000000000000E+00   0.000000000000000E+00   0.000000000000000E+00   0.000000000000000E+00
   9.991606081200000E-01   9.694215207299999E+00   5.411348365600001E-01   2.862105780700000E-01   2.172243935300000E-02   0.000000000000000E+00   0.000000000000000E+00   0.000000000000000E+00   0.000000000000000E+00
   9.991965897900000E-01   9.724375090200001E+00   5.474579428600000E-01   2.932109117400000E-01   2.466061044100000E-03   0.000000000000000E+00   0.000000000000000E+00   0.000000000000000E+00   0.000000000000000E+00
   9.992325714600000E-01   9.754172226100000E+00   5.538107445800000E-01   2.757096249500000E-01   2.040681756500000E-02   0.000000000000000E+00   0.000000000000000E+00   0.000000000000000E+00   0.000000000000000E+00
   9.992685531400000E-01   9.782579510900000E+00   5.601892799300000E-01   2.942847893500000E-01  -1.610844393000000E-02   0.000000000000000E+00   0.000000000000000E+00   0.000000000000000E+00   0.000000000000000E+00
   9.992903488700000E-01   9.800104917700001E+00   5.640689867200001E-01   2.674152842700000E-01   1.941631937800000E-02   0.000000000000000E+00   0.000000000000000E+00   0.000000000000000E+00   0.000000000000000E+00
   9.993121446100000E-01   9.816739614099999E+00   5.679566231399999E-01   2.765041092300000E-01   6.945442200600000E-04   0.000000000000000E+00   0.000000000000000E+00   0.000000000000000E+00   0.000000000000000E+00
   9.993339403500000E-01   9.833553300700000E+00   5.718559600599999E-01   2.612348697600000E-01   1.867915067500000E-02   0.000000000000000E+00   0.000000000000000E+00   0.000000000000000E+00   0.000000000000000E+00
   9.993557360799999E-01   9.849493419500000E+00   5.757632056200001E-01   2.817123682600000E-01  -1.701448736800000E-02   0.000000000000000E+00   0.000000000000000E+00   0.000000000000000E+00   0.000000000000000E+00
   9.993821587400000E-01   9.869417650800001E+00   5.805167677600001E-01   2.544518128900000E-01   1.792687328800000E-02   0.000000000000000E+00   0.000000000000000E+00   0.000000000000000E+00   0.000000000000000E+00
   9.994085813900000E-01   9.888370602600000E+00   5.852829219100000E-01   2.628553418300000E-01  -5.584671297100000E-04   0.000000000000000E+00   0.000000000000000E+00   0.000000000000000E+00   0.000000000000000E+00
   9.994350040400000E-01   9.907419370300000E+00   5.900654342700000E-01   2.470868063300000E-01   1.715017083900000E-02   0.000000000000000E+00   0.000000000000000E+00   0.000000000000000E+00   0.000000000000000E+00
   9.994614267000000E-01   9.925519521700000E+00   5.948605380899999E-01   2.668199808700000E-01  -1.811898724100000E-02   0.000000000000000E+00   0.000000000000000E+00   0.000000000000000E+00   0.000000000000000E+00
   9.994888916200000E-01   9.944840969099999E+00   5.998634678700000E-01   2.396445363900000E-01   1.641452721300000E-02   0.000000000000000E+00   0.000000000000000E+00   0.000000000000000E+00   0.000000000000000E+00
   9.995163565500000E-01   9.963203590099999E+00   6.048801311599999E-01   2.478887101600000E-01  -1.819604636200000E-03   0.000000000000000E+00   0.000000000000000E+00   0.000000000000000E+00   0.000000000000000E+00
   9.995438214800000E-01   9.981664600100000E+00   6.099142593000000E-01   2.321274839700000E-01   1.570393633900000E-02   0.000000000000000E+00   0.000000000000000E+00   0.000000000000000E+00   0.000000000000000E+00
   9.995712864100000E-01   9.999188195400000E+00   6.149621727700000E-01   2.516065257600000E-01  -1.912907736200000E-02   0.000000000000000E+00   0.000000000000000E+00   0.000000000000000E+00   0.000000000000000E+00
   9.995904264000000E-01   1.001190763900000E+01   6.184918726000000E-01   2.258075172400000E-01   1.512602019900000E-02   0.000000000000000E+00   0.000000000000000E+00   0.000000000000000E+00   0.000000000000000E+00
   9.996095663900000E-01   1.002385969800000E+01   6.220271445400000E-01   2.351169726400000E-01  -2.743018197100000E-03   0.000000000000000E+00   0.000000000000000E+00   0.000000000000000E+00   0.000000000000000E+00
   9.996287063800000E-01   1.003608243300000E+01   6.255716368300001E-01   2.206601796700000E-01   1.464592194800000E-02   0.000000000000000E+00   0.000000000000000E+00   0.000000000000000E+00   0.000000000000000E+00
   9.996478463800000E-01   1.004754886700000E+01   6.291217569899999E-01   2.410096631800000E-01  -1.952585219900000E-02   0.000000000000000E+00   0.000000000000000E+00   0.000000000000000E+00   0.000000000000000E+00
   9.996614220400000E-01   1.005628184400000E+01   6.316468953100000E-01   2.162930140400000E-01   1.424027145500000E-02   0.000000000000000E+00   0.000000000000000E+00   0.000000000000000E+00   0.000000000000000E+00
   9.996749977000000E-01   1.006433486200000E+01   6.341738116900000E-01   2.261876795200000E-01  -3.232521898400000E-03   0.000000000000000E+00   0.000000000000000E+00   0.000000000000000E+00   0.000000000000000E+00
   9.996885733600001E-01   1.007272768400000E+01   6.367060700500000E-01   2.127004127000000E-01   1.387826519700000E-02   0.000000000000000E+00   0.000000000000000E+00   0.000000000000000E+00   0.000000000000000E+00
   9.997021490200000E-01   1.008045028200000E+01   6.392401531700000E-01   2.333760818600000E-01  -1.948687090300000E-02   0.000000000000000E+00   0.000000000000000E+00   0.000000000000000E+00   0.000000000000000E+00
   9.997142796200000E-01   1.008803871000000E+01   6.415104060000000E-01   2.093105991200000E-01   1.354931152400000E-02   0.000000000000000E+00   0.000000000000000E+00   0.000000000000000E+00   0.000000000000000E+00
   9.997264102200000E-01   1.009497522500000E+01   6.437817022200000E-01   2.191710232200000E-01  -3.504126488800000E-03   0.000000000000000E+00   0.000000000000000E+00   0.000000000000000E+00   0.000000000000000E+00
   9.997385408200000E-01   1.010225925800000E+01   6.460575293000000E-01   2.061311284100000E-01   1.322347086600000E-02   0.000000000000000E+00   0.000000000000000E+00   0.000000000000000E+00   0.000000000000000E+00
   9.997506714200000E-01   1.010890121600000E+01   6.483344451400000E-01   2.265221376900000E-01  -1.931677580600000E-02   0.000000000000000E+00   0.000000000000000E+00   0.000000000000000E+00   0.000000000000000E+00
   9.997627035000000E-01   1.011620496900000E+01   6.505986385100000E-01   2.029670432800000E-01   1.292104911100000E-02   0.000000000000000E+00   0.000000000000000E+00   0.000000000000000E+00   0.000000000000000E+00
   9.997747355800000E-01   1.012287163800000E+01   6.528638779700000E-01   2.125989447400000E-01  -3.714163152900000E-03   0.000000000000000E+00   0.000000000000000E+00   0.000000000000000E+00   0.000000000000000E+00
   9.997867676600000E-01   1.012987958000000E+01   6.551335760800000E-01   1.998295279400000E-01   1.261254336800000E-02   0.000000000000000E+00   0.000000000000000E+00   0.000000000000000E+00   0.000000000000000E+00
   9.997987997300000E-01   1.013626028400000E+01   6.574043692200000E-01   2.197581438000000E-01  -1.913632752300000E-02   0.000000000000000E+00   0.000000000000000E+00   0.000000000000000E+00   0.000000000000000E+00
   9.998083694200000E-01   1.014197605400000E+01   6.592150002200000E-01   1.970274713600000E-01   1.233673742300000E-02   0.000000000000000E+00   0.000000000000000E+00   0.000000000000000E+00   0.000000000000000E+00
   9.998179391100001E-01   1.014708857400000E+01   6.610256041600000E-01   2.067173834000000E-01  -3.835902854100000E-03   0.000000000000000E+00   0.000000000000000E+00   0.000000000000000E+00   0.000000000000000E+00
   9.998275088000000E-01   1.015255259300000E+01   6.628395016600001E-01   1.945691595400000E-01   1.206071993400000E-02   0.000000000000000E+00   0.000000000000000E+00   0.000000000000000E+00   0.000000000000000E+00
   9.998370784900000E-01   1.015742480600000E+01   6.646534223200000E-01   2.142282153800000E-01  -1.872519852700000E-02   0.000000000000000E+00   0.000000000000000E+00   0.000000000000000E+00   0.000000000000000E+00
   9.998442195600000E-01   1.016168037500000E+01   6.660104987600000E-01   1.924397880900000E-01   1.181114035000000E-02   0.000000000000000E+00   0.000000000000000E+00   0.000000000000000E+00   0.000000000000000E+00
   9.998513606200000E-01   1.016536467700000E+01   6.673667486000000E-01   2.021014528100000E-01  -3.797292407000000E-03   0.000000000000000E+00   0.000000000000000E+00   0.000000000000000E+00   0.000000000000000E+00
   9.998585016900000E-01   1.016940247900000E+01   6.687253804400000E-01   1.906524378600000E-01   1.154856726000000E-02   0.000000000000000E+00   0.000000000000000E+00   0.000000000000000E+00   0.000000000000000E+00
   9.998656427500000E-01   1.017288339500000E+01   6.700832408300000E-01   2.098468681800000E-01  -1.801645376000000E-02   0.000000000000000E+00   0.000000000000000E+00   0.000000000000000E+00   0.000000000000000E+00
   9.998724614200000E-01   1.017688135500000E+01   6.713832114600000E-01   1.888998029800000E-01   1.131276532600000E-02   0.000000000000000E+00   0.000000000000000E+00   0.000000000000000E+00   0.000000000000000E+00
   9.998792800900000E-01   1.018033082600000E+01   6.726823350000000E-01   1.981952446700000E-01  -3.667467717000000E-03   0.000000000000000E+00   0.000000000000000E+00   0.000000000000000E+00   0.000000000000000E+00
   9.998860987500000E-01   1.018412128300000E+01   6.739836967000000E-01   1.872020502600000E-01   1.105941450900000E-02   0.000000000000000E+00   0.000000000000000E+00   0.000000000000000E+00   0.000000000000000E+00
   9.998929174200000E-01   1.018737765500000E+01   6.752842662600000E-01   2.056422067100000E-01  -1.729227145300000E-02   0.000000000000000E+00   0.000000000000000E+00   0.000000000000000E+00   0.000000000000000E+00
   9.998989567900000E-01   1.019088849900000E+01   6.764392461900000E-01   1.856021431200000E-01   1.083099605100000E-02   0.000000000000000E+00   0.000000000000000E+00   0.000000000000000E+00   0.000000000000000E+00
   9.999049961599999E-01   1.019387593500000E+01   6.775932414100000E-01   1.945764166600000E-01  -3.500895139600000E-03   0.000000000000000E+00   0.000000000000000E+00   0.000000000000000E+00   0.000000000000000E+00
   9.999110355300000E-01   1.019719298100000E+01   6.787492087100000E-01   1.841204901700000E-01   1.058213405900000E-02   0.000000000000000E+00   0.000000000000000E+00   0.000000000000000E+00   0.000000000000000E+00
   9.999170748900000E-01   1.020000214000000E+01   6.799042491000000E-01   2.018031435900000E-01  -1.646999170900000E-02   0.000000000000000E+00   0.000000000000000E+00   0.000000000000000E+00   0.000000000000000E+00
   9.999217624400000E-01   1.020274970400000E+01   6.808032858100000E-01   1.828173447400000E-01   1.035281519300000E-02   0.000000000000000E+00   0.000000000000000E+00   0.000000000000000E+00   0.000000000000000E+00
   9.999264500000000E-01   1.020500283800000E+01   6.817011111900000E-01   1.914834269900000E-01  -3.242628688000000E-03   0.000000000000000E+00   0.000000000000000E+00   0.000000000000000E+00   0.000000000000000E+00
   9.999311375500000E-01   1.020757313600000E+01   6.826005355400000E-01   1.817162557800000E-01   1.009271711500000E-02   0.000000000000000E+00   0.000000000000000E+00   0.000000000000000E+00   0.000000000000000E+00
   9.999358251000000E-01   1.020966795100000E+01   6.834988163600000E-01   1.985252464800000E-01  -1.538778291400000E-02   0.000000000000000E+00   0.000000000000000E+00   0.000000000000000E+00   0.000000000000000E+00
   9.999395561000000E-01   1.021187875300000E+01   6.842160295200000E-01   1.807369926200000E-01   9.853705317399999E-03   0.000000000000000E+00   0.000000000000000E+00   0.000000000000000E+00   0.000000000000000E+00
   9.999432871000000E-01   1.021362701400000E+01   6.849319597800000E-01   1.889427773800000E-01  -2.867392169100000E-03   0.000000000000000E+00   0.000000000000000E+00   0.000000000000000E+00   0.000000000000000E+00
   9.999470181000000E-01   1.021567422000000E+01   6.856492423000000E-01   1.799104943900000E-01   9.576739654500000E-03   0.000000000000000E+00   0.000000000000000E+00   0.000000000000000E+00   0.000000000000000E+00
   9.999507491000000E-01   1.021728115200000E+01   6.863653201500000E-01   1.956058934500000E-01  -1.406888480000000E-02   0.000000000000000E+00   0.000000000000000E+00   0.000000000000000E+00   0.000000000000000E+00
   9.999539384600000E-01   1.021917735000000E+01   6.869795023800001E-01   1.791425134700000E-01   9.329115269599999E-03   0.000000000000000E+00   0.000000000000000E+00   0.000000000000000E+00   0.000000000000000E+00
   9.999571278300000E-01   1.022064597700000E+01   6.875924378500000E-01   1.867556107200000E-01  -2.410190858900000E-03   0.000000000000000E+00   0.000000000000000E+00   0.000000000000000E+00   0.000000000000000E+00
   9.999603172000000E-01   1.022239127000000E+01   6.882065628600000E-01   1.784709721600000E-01   9.044282877400001E-03   0.000000000000000E+00   0.000000000000000E+00   0.000000000000000E+00   0.000000000000000E+00
   9.999635065600000E-01   1.022373297100000E+01   6.888195245299999E-01   1.928976787000000E-01  -1.262651591300000E-02   0.000000000000000E+00   0.000000000000000E+00   0.000000000000000E+00   0.000000000000000E+00
   9.999660180900000E-01   1.022525171900000E+01   6.893039737200000E-01   1.778825289700000E-01   8.782532293599999E-03   0.000000000000000E+00   0.000000000000000E+00   0.000000000000000E+00   0.000000000000000E+00
   9.999685296200000E-01   1.022638089600000E+01   6.897872186500000E-01   1.848517389500000E-01  -1.869805553400000E-03   0.000000000000000E+00   0.000000000000000E+00   0.000000000000000E+00   0.000000000000000E+00
   9.999710411400000E-01   1.022776134200000E+01   6.902714739800000E-01   1.774281209100000E-01   8.473614749599999E-03   0.000000000000000E+00   0.000000000000000E+00   0.000000000000000E+00   0.000000000000000E+00
   9.999735526700000E-01   1.022877922800000E+01   6.907546133000000E-01   1.904279683700000E-01  -1.093754123200000E-02   0.000000000000000E+00   0.000000000000000E+00   0.000000000000000E+00   0.000000000000000E+00
   9.999755278100000E-01   1.022999278300000E+01   6.911360866600000E-01   1.770788597300000E-01   8.193473414000001E-03   0.000000000000000E+00   0.000000000000000E+00   0.000000000000000E+00   0.000000000000000E+00
   9.999775029400000E-01   1.023085797200000E+01   6.915164276100000E-01   1.833462283800000E-01  -1.222869718100000E-03   0.000000000000000E+00   0.000000000000000E+00   0.000000000000000E+00   0.000000000000000E+00
   9.999794780800000E-01   1.023194184100000E+01   6.918975813900000E-01   1.769821925100000E-01   7.868666845799999E-03   0.000000000000000E+00   0.000000000000000E+00   0.000000000000000E+00   0.000000000000000E+00
   9.999814532100000E-01   1.023270319400000E+01   6.922776471300000E-01   1.885602914600000E-01  -9.003765038700000E-03   0.000000000000000E+00   0.000000000000000E+00   0.000000000000000E+00   0.000000000000000E+00
   9.999829690299999E-01   1.023363509000000E+01   6.925705163600000E-01   1.773288336400000E-01   7.589577232100000E-03   0.000000000000000E+00   0.000000000000000E+00   0.000000000000000E+00   0.000000000000000E+00
   9.999844848600000E-01   1.023425577200000E+01   6.928622517500000E-01   1.832103780700000E-01  -4.295415351300000E-04   0.000000000000000E+00   0.000000000000000E+00   0.000000000000000E+00   0.000000000000000E+00
   9.999860006800000E-01   1.023504499300000E+01   6.931544410200000E-01   1.786597516800000E-01   7.295848241400000E-03   0.000000000000000E+00   0.000000000000000E+00   0.000000000000000E+00   0.000000000000000E+00
   9.999875165000000E-01   1.023553559900000E+01   6.934453512600000E-01   1.896468698100000E-01  -6.721435448000000E-03   0.000000000000000E+00   0.000000000000000E+00   0.000000000000000E+00   0.000000000000000E+00
   9.999886212800000E-01   1.023614868200000E+01   6.936579954600000E-01   1.817765100100000E-01   7.106771277000000E-03   0.000000000000000E+00   0.000000000000000E+00   0.000000000000000E+00   0.000000000000000E+00
   9.999897260500000E-01   1.023647234500000E+01   6.938692924099999E-01   1.885872300900000E-01   7.020483372300000E-04   0.000000000000000E+00   0.000000000000000E+00   0.000000000000000E+00   0.000000000000000E+00
   9.999908308200000E-01   1.023688312600000E+01   6.940803693699999E-01   1.878893650900000E-01   6.998987693000000E-03   0.000000000000000E+00   0.000000000000000E+00   0.000000000000000E+00   0.000000000000000E+00
   9.999919355900000E-01   1.023698798800000E+01   6.942896015300000E-01   2.007250639200000E-01  -3.741832660200000E-03   0.000000000000000E+00   0.000000000000000E+00   0.000000000000000E+00   0.000000000000000E+00
   9.999927114900000E-01   1.023719606000000E+01   6.944363291600000E-01   1.987683609000000E-01   7.158107190900000E-03   0.000000000000000E+00   0.000000000000000E+00   0.000000000000000E+00   0.000000000000000E+00
   9.999934873800000E-01   1.023711379200000E+01   6.945812576900000E-01   2.093870361300000E-01   2.666630453700000E-03   0.000000000000000E+00   0.000000000000000E+00   0.000000000000000E+00   0.000000000000000E+00
   9.999942632800000E-01   1.023699591000000E+01   6.947249609000000E-01   2.165077293800000E-01   7.656847234000000E-03   0.000000000000000E+00   0.000000000000000E+00   0.000000000000000E+00   0.000000000000000E+00
   9.999950391700000E-01   1.023651188700000E+01   6.948658313400000E-01   2.363948328500000E-01   7.124619489000000E-04   0.000000000000000E+00   0.000000000000000E+00   0.000000000000000E+00   0.000000000000000E+00
   9.999955552999999E-01   1.023616191100000E+01   6.949582328200000E-01   2.447914830400000E-01   8.875522256700000E-03   0.000000000000000E+00   0.000000000000000E+00   0.000000000000000E+00   0.000000000000000E+00
   9.999960714200000E-01   1.023547940700000E+01   6.950481617199999E-01   2.648348489800000E-01   6.814519163500000E-03   0.000000000000000E+00   0.000000000000000E+00   0.000000000000000E+00   0.000000000000000E+00
   9.999965875400000E-01   1.023456741600000E+01   6.951354982700000E-01   2.875598326800000E-01   1.124678512400000E-02   0.000000000000000E+00   0.000000000000000E+00   0.000000000000000E+00   0.000000000000000E+00
   9.999971036600001E-01   1.023310221500000E+01   6.952183671500000E-01   3.261647977900000E-01   9.244711123399999E-03   0.000000000000000E+00   0.000000000000000E+00   0.000000000000000E+00   0.000000000000000E+00
   9.999974357300000E-01   1.023186473100000E+01   6.952687655300001E-01   3.553204232500000E-01   1.614016946000000E-02   0.000000000000000E+00   0.000000000000000E+00   0.000000000000000E+00   0.000000000000000E+00
   9.999977677900000E-01   1.023010340400000E+01   6.953152755400001E-01   3.998259684800000E-01   1.836464913900000E-02   0.000000000000000E+00   0.000000000000000E+00   0.000000000000000E+00   0.000000000000000E+00
   9.999980998600000E-01   1.022766531600000E+01   6.953565382700000E-01   4.606809970400000E-01   2.603789475600000E-02   0.000000000000000E+00   0.000000000000000E+00   0.000000000000000E+00   0.000000000000000E+00
   9.999984319200000E-01   1.022395937500000E+01   6.953890492500000E-01   5.566579302800000E-01   3.510008347700000E-02   0.000000000000000E+00   0.000000000000000E+00   0.000000000000000E+00   0.000000000000000E+00
   9.999985829100000E-01   1.022164341000000E+01   6.953995649300000E-01   6.165273211000000E-01   4.530428142400000E-02   0.000000000000000E+00   0.000000000000000E+00   0.000000000000000E+00   0.000000000000000E+00
   9.999987339000000E-01   1.021865081900000E+01   6.954059127900000E-01   6.960223460400000E-01   5.673405344000000E-02   0.000000000000000E+00   0.000000000000000E+00   0.000000000000000E+00   0.000000000000000E+00
   9.999988848900000E-01   1.021470155300000E+01   6.954065122600001E-01   8.021420099500000E-01   7.525526666600001E-02   0.000000000000000E+00   0.000000000000000E+00   0.000000000000000E+00   0.000000000000000E+00
   9.999990358800001E-01   1.020921006400000E+01   6.953983561700000E-01   9.524448675000000E-01   1.043189651800000E-01   0.000000000000000E+00   0.000000000000000E+00   0.000000000000000E+00   0.000000000000000E+00
   9.999991172500000E-01   1.020528440000000E+01   6.953886745100000E-01   1.060883338600000E+00   1.290353615400000E-01   0.000000000000000E+00   0.000000000000000E+00   0.000000000000000E+00   0.000000000000000E+00
   9.999991986100000E-01   1.020034022500000E+01   6.953736390600000E-01   1.198733081600000E+00   1.631021102500000E-01   0.000000000000000E+00   0.000000000000000E+00   0.000000000000000E+00   0.000000000000000E+00
   9.999992799800000E-01   1.019393461900000E+01   6.953511532300000E-01   1.378514553800000E+00   2.133722374100000E-01   0.000000000000000E+00   0.000000000000000E+00   0.000000000000000E+00   0.000000000000000E+00
   9.999993613400000E-01   1.018530795200000E+01   6.953177248700000E-01   1.622063301800000E+00   2.910127351100000E-01   0.000000000000000E+00   0.000000000000000E+00   0.000000000000000E+00   0.000000000000000E+00
   9.999994089200001E-01   1.017875020200000E+01   6.952909243700000E-01   1.807593856500000E+00   3.578549274900000E-01   0.000000000000000E+00   0.000000000000000E+00   0.000000000000000E+00   0.000000000000000E+00
   9.999994565100000E-01   1.017058469600000E+01   6.952566020499999E-01   2.038754335700000E+00   4.495474568800000E-01   0.000000000000000E+00   0.000000000000000E+00   0.000000000000000E+00   0.000000000000000E+00
   9.999995040900000E-01   1.016016620400000E+01   6.952119594300000E-01   2.333171884100000E+00   5.803244525900000E-01   0.000000000000000E+00   0.000000000000000E+00   0.000000000000000E+00   0.000000000000000E+00
   9.999995516700000E-01   1.014646019700000E+01   6.951525827900000E-01   2.718946233900000E+00   7.741694071300000E-01   0.000000000000000E+00   0.000000000000000E+00   0.000000000000000E+00   0.000000000000000E+00
   9.999995815700000E-01   1.013545615100000E+01   6.951047443300000E-01   3.026798367200000E+00   9.471370832900000E-01   0.000000000000000E+00   0.000000000000000E+00   0.000000000000000E+00   0.000000000000000E+00
   9.999996114700000E-01   1.012187672300000E+01   6.950457450400001E-01   3.404195399400000E+00   1.180022582000000E+00   0.000000000000000E+00   0.000000000000000E+00   0.000000000000000E+00   0.000000000000000E+00
   9.999996413600000E-01   1.010477888500000E+01   6.949717069200000E-01   3.874860919400000E+00   1.502898686600000E+00   0.000000000000000E+00   0.000000000000000E+00   0.000000000000000E+00   0.000000000000000E+00
   9.999996712600000E-01   1.008272449100000E+01   6.948767767200000E-01   4.474378858500000E+00   1.964300827500000E+00   0.000000000000000E+00   0.000000000000000E+00   0.000000000000000E+00   0.000000000000000E+00
   9.999996913500000E-01   1.006406842700000E+01   6.947970052800000E-01   4.974632981400000E+00   2.391739294700000E+00   0.000000000000000E+00   0.000000000000000E+00   0.000000000000000E+00   0.000000000000000E+00
   9.999997114400000E-01   1.004122092000000E+01   6.946999498500001E-01   5.578979041300000E+00   2.957472035300000E+00   0.000000000000000E+00   0.000000000000000E+00   0.000000000000000E+00   0.000000000000000E+00
   9.999997315200000E-01   1.001277610100000E+01   6.945800218100000E-01   6.318618757600000E+00   3.723344750600000E+00   0.000000000000000E+00   0.000000000000000E+00   0.000000000000000E+00   0.000000000000000E+00
   9.999997516100000E-01   9.976682236600000E+00   6.944291193400000E-01   7.237800260600000E+00   4.784778889800000E+00   0.000000000000000E+00   0.000000000000000E+00   0.000000000000000E+00   0.000000000000000E+00
   9.999997662500000E-01   9.943876128499999E+00   6.942930187600000E-01   8.055307993100000E+00   5.829632219800000E+00   0.000000000000000E+00   0.000000000000000E+00   0.000000000000000E+00   0.000000000000000E+00
   9.999997809000000E-01   9.903785652200000E+00   6.941278500500000E-01   9.032817881100000E+00   7.200045122000000E+00   0.000000000000000E+00   0.000000000000000E+00   0.000000000000000E+00   0.000000000000000E+00
   9.999997955400000E-01   9.854112215000001E+00   6.939246774800000E-01   1.021277796800000E+01   9.030333711100001E+00   0.000000000000000E+00   0.000000000000000E+00   0.000000000000000E+00   0.000000000000000E+00
   9.999998101799999E-01   9.791613108500000E+00   6.936709519199999E-01   1.165233448400000E+01   1.152035915900000E+01   0.000000000000000E+00   0.000000000000000E+00   0.000000000000000E+00   0.000000000000000E+00
   9.999998215300000E-01   9.731539473600000E+00   6.934286933800000E-01   1.299238497700000E+01   1.409156614600000E+01   0.000000000000000E+00   0.000000000000000E+00   0.000000000000000E+00   0.000000000000000E+00
   9.999998328700000E-01   9.658146220700001E+00   6.931344615000000E-01   1.457698508200000E+01   1.744384386200000E+01   0.000000000000000E+00   0.000000000000000E+00   0.000000000000000E+00   0.000000000000000E+00
   9.999998442200000E-01   9.567498187200000E+00   6.927731898900000E-01   1.646056803300000E+01   2.187504470500000E+01   0.000000000000000E+00   0.000000000000000E+00   0.000000000000000E+00   0.000000000000000E+00
   9.999998555600000E-01   9.454264845399999E+00   6.923245335200000E-01   1.871084419500000E+01   2.781032534400000E+01   0.000000000000000E+00   0.000000000000000E+00   0.000000000000000E+00   0.000000000000000E+00
   9.999998652500000E-01   9.334403029000001E+00   6.918521037699999E-01   2.098116081300000E+01   3.452251551000000E+01   0.000000000000000E+00   0.000000000000000E+00   0.000000000000000E+00   0.000000000000000E+00
   9.999998749400000E-01   9.187043002199999E+00   6.912740290800000E-01   2.363255215500000E+01   4.330528290900000E+01   0.000000000000000E+00   0.000000000000000E+00   0.000000000000000E+00   0.000000000000000E+00
   9.999998846200000E-01   9.004659290399999E+00   6.905618048500000E-01   2.672236925700000E+01   5.489306543200000E+01   0.000000000000000E+00   0.000000000000000E+00   0.000000000000000E+00   0.000000000000000E+00
   9.999998943100000E-01   8.777734166800000E+00   6.896794628500000E-01   3.030552027800000E+01   7.027308932100000E+01   0.000000000000000E+00   0.000000000000000E+00   0.000000000000000E+00   0.000000000000000E+00
   9.999999015000000E-01   8.573817300700000E+00   6.888893519500000E-01   3.330527820900000E+01   8.489136606900000E+01   0.000000000000000E+00   0.000000000000000E+00   0.000000000000000E+00   0.000000000000000E+00
   9.999999086800000E-01   8.333545434700000E+00   6.879609906600000E-01   3.660005109900000E+01   1.029700323000000E+02   0.000000000000000E+00   0.000000000000000E+00   0.000000000000000E+00   0.000000000000000E+00
   9.999999158700000E-01   8.051066051399999E+00   6.868723806100000E-01   4.017268643800000E+01   1.252755700300000E+02   0.000000000000000E+00   0.000000000000000E+00   0.000000000000000E+00   0.000000000000000E+00
   9.999999230600000E-01   7.720543330200000E+00   6.856016247800000E-01   4.397810780100000E+01   1.526533269200000E+02   0.000000000000000E+00   0.000000000000000E+00   0.000000000000000E+00   0.000000000000000E+00
   9.999999300600000E-01   7.347038083700000E+00   6.841685822800000E-01   4.783465973800000E+01   1.850621454500000E+02   0.000000000000000E+00   0.000000000000000E+00   0.000000000000000E+00   0.000000000000000E+00
   9.999999370700000E-01   6.919677338000000E+00   6.825317970800000E-01   5.171379320700000E+01   2.238501373100000E+02   0.000000000000000E+00   0.000000000000000E+00   0.000000000000000E+00   0.000000000000000E+00
   9.999999440800000E-01   6.438040027000000E+00   6.806898000900000E-01   5.545069857600000E+01   2.695013806600000E+02   0.000000000000000E+00   0.000000000000000E+00   0.000000000000000E+00   0.000000000000000E+00
   9.999999510899999E-01   5.905770659000000E+00   6.786563932900000E-01   5.883619088600000E+01   3.220897107400000E+02   0.000000000000000E+00   0.000000000000000E+00   0.000000000000000E+00   0.000000000000000E+00
   9.999999572400000E-01   5.403576782200000E+00   6.767392022600000E-01   6.133450584400000E+01   3.735594371900000E+02   0.000000000000000E+00   0.000000000000000E+00   0.000000000000000E+00   0.000000000000000E+00
   9.999999633900000E-01   4.878247762600000E+00   6.747342948000000E-01   6.322616554500000E+01   4.291437618600000E+02   0.000000000000000E+00   0.000000000000000E+00   0.000000000000000E+00   0.000000000000000E+00
   9.999999695400000E-01   4.341836043800000E+00   6.726869841699999E-01   6.437963336900000E+01   4.875591586400000E+02   0.000000000000000E+00   0.000000000000000E+00   0.000000000000000E+00   0.000000000000000E+00
   9.999999756900000E-01   3.808221820700000E+00   6.706494525100000E-01   6.470516961700000E+01   5.471464232800000E+02   0.000000000000000E+00   0.000000000000000E+00   0.000000000000000E+00   0.000000000000000E+00
   9.999999817700000E-01   3.297620652100000E+00   6.686981044400000E-01   6.418292882100000E+01   6.053305327500000E+02   0.000000000000000E+00   0.000000000000000E+00   0.000000000000000E+00   0.000000000000000E+00
   9.999999878400000E-01   2.816387447000000E+00   6.668565502000000E-01   6.285533796800000E+01   6.609503657400001E+02   0.000000000000000E+00   0.000000000000000E+00   0.000000000000000E+00   0.000000000000000E+00
   9.999999939200001E-01   2.374575273100000E+00   6.651627343600000E-01   6.080990413800000E+01   7.123554190500000E+02   0.000000000000000E+00   0.000000000000000E+00   0.000000000000000E+00   0.000000000000000E+00
   1.000000000000000E+00   1.978880643800000E+00   6.636420568900000E-01   5.817734452700000E+01   7.582412978300000E+02   0.000000000000000E+00   0.000000000000000E+00   0.000000000000000E+00   0.000000000000000E+00
