   0.000000000000000E+00   4.927067760000000E-01   9.999999955900000E-01   1.684373059000000E+00   1.823074149200000E+00   0.000000000000000E+00   0.000000000000000E+00   0.000000000000000E+00   0.000000000000000E+00
   2.958517964500000E-04   5.993067303900000E-01   9.010637148300000E-01   1.605334752500000E+00   1.695182742300000E+00   0.000000000000000E+00   0.000000000000000E+00   0.000000000000000E+00   0.000000000000000E+00
   5.917035929100000E-04   7.174743344200000E-01   8.161429674400000E-01   1.564715385900000E+00   1.516860225800000E+00   0.000000000000000E+00   0.000000000000000E+00   0.000000000000000E+00   0.000000000000000E+00
   8.875553893600000E-04   8.482271038800000E-01   7.429848243000000E-01   1.508242143500000E+00   1.415954247900000E+00   0.000000000000000E+00   0.000000000000000E+00   0.000000000000000E+00   0.000000000000000E+00
   1.183407185800000E-03   9.901101759499999E-01   6.798182099700000E-01   1.487495864200000E+00   1.253051032900000E+00   0.000000000000000E+00   0.000000000000000E+00   0.000000000000000E+00   0.000000000000000E+00
   1.464062546300000E-03   1.135438323600000E+00   6.278591024700000E-01   1.430700987600000E+00   1.214660134600000E+00   0.000000000000000E+00   0.000000000000000E+00   0.000000000000000E+00   0.000000000000000E+00
   1.744717906800000E-03   1.288897885700000E+00   5.826456118100000E-01   1.407924903800000E+00   1.107107999500000E+00   0.000000000000000E+00   0.000000000000000E+00   0.000000000000000E+00   0.000000000000000E+00
   2.025373267300000E-03   1.449825096300000E+00   5.433576327400000E-01   1.366093495000000E+00   1.062826243400000E+00   0.000000000000000E+00   0.000000000000000E+00   0.000000000000000E+00   0.000000000000000E+00
   2.306028627800000E-03   1.615611426600000E+00   5.092941008800000E-01   1.357634835000000E+00   9.465955560300000E-01   0.000000000000000E+00   0.000000000000000E+00   0.000000000000000E+00   0.000000000000000E+00
   2.855791157300000E-03   1.947558218100000E+00   4.554750914300000E-01   1.285343071300000E+00   8.936419257000000E-01   0.000000000000000E+00   0.000000000000000E+00   0.000000000000000E+00   0.000000000000000E+00
   3.405553686800000E-03   2.271084145300000E+00   4.156681873100000E-01   1.251418925900000E+00   7.825614886000000E-01   0.000000000000000E+00   0.000000000000000E+00   0.000000000000000E+00   0.000000000000000E+00
   3.955316216300000E-03   2.568059809900000E+00   3.867845142300000E-01   1.203388915300000E+00   7.439209631600000E-01   0.000000000000000E+00   0.000000000000000E+00   0.000000000000000E+00   0.000000000000000E+00
   4.505078745800000E-03   2.822379543400000E+00   3.662460942300000E-01   1.194023470100000E+00   6.415827072300000E-01   0.000000000000000E+00   0.000000000000000E+00   0.000000000000000E+00   0.000000000000000E+00
   5.045893025300000E-03   3.026328897500000E+00   3.521325068200000E-01   1.150360463900000E+00   6.575788988500000E-01   0.000000000000000E+00   0.000000000000000E+00   0.000000000000000E+00   0.000000000000000E+00
   5.586707304800000E-03   3.182444226000000E+00   3.424008672900000E-01   1.144028434200000E+00   6.045040775900000E-01   0.000000000000000E+00   0.000000000000000E+00   0.000000000000000E+00   0.000000000000000E+00
   6.127521584300000E-03   3.298079427900000E+00   3.357855780300000E-01   1.121039169200000E+00   6.130182094700000E-01   0.000000000000000E+00   0.000000000000000E+00   0.000000000000000E+00   0.000000000000000E+00
   6.668335863800000E-03   3.379853667500000E+00   3.313301643800000E-01   1.133244089300000E+00   5.481933717400000E-01   0.000000000000000E+00   0.000000000000000E+00   0.000000000000000E+00   0.000000000000000E+00
   7.328924565300000E-03   3.447417414800000E+00   3.278461284400000E-01   1.105510248500000E+00   5.902736346200000E-01   0.000000000000000E+00   0.000000000000000E+00   0.000000000000000E+00   0.000000000000000E+00
   7.989513266800001E-03   3.489141749900000E+00   3.257355931500000E-01   1.111938134400000E+00   5.572457124400000E-01   0.000000000000000E+00   0.000000000000000E+00   0.000000000000000E+00   0.000000000000000E+00
   8.650101968300000E-03   3.515104730700000E+00   3.244630554300000E-01   1.098599670400000E+00   5.803304398300000E-01   0.000000000000000E+00   0.000000000000000E+00   0.000000000000000E+00   0.000000000000000E+00
   9.310690669800000E-03   3.530503790200000E+00   3.236945994600000E-01   1.117798476400000E+00   5.259738983800000E-01   0.000000000000000E+00   0.000000000000000E+00   0.000000000000000E+00   0.000000000000000E+00
   1.088206742600000E-02   3.547675569400000E+00   3.228798704300000E-01   1.095303307800000E+00   5.756251626800000E-01   0.000000000000000E+00   0.000000000000000E+00   0.000000000000000E+00   0.000000000000000E+00
   1.245344418200000E-02   3.552247828800000E+00   3.226522355700000E-01   1.105535002700000E+00   5.481245164600000E-01   0.000000000000000E+00   0.000000000000000E+00   0.000000000000000E+00   0.000000000000000E+00
   1.402482093800000E-02   3.553895681300000E+00   3.225807070600000E-01   1.094676629500000E+00   5.747299426900000E-01   0.000000000000000E+00   0.000000000000000E+00   0.000000000000000E+00   0.000000000000000E+00
   1.559619769400000E-02   3.554084578700000E+00   3.225572063800000E-01   1.115409642800000E+00   5.226075915900000E-01   0.000000000000000E+00   0.000000000000000E+00   0.000000000000000E+00   0.000000000000000E+00
   2.098634214200000E-02   3.554587618200000E+00   3.225474708100000E-01   1.094607521700000E+00   5.746291436600000E-01   0.000000000000000E+00   0.000000000000000E+00   0.000000000000000E+00   0.000000000000000E+00
   2.637648659000000E-02   3.554404522100000E+00   3.225488384400000E-01   1.105315594200000E+00   5.478205345400000E-01   0.000000000000000E+00   0.000000000000000E+00   0.000000000000000E+00   0.000000000000000E+00
   3.176663103800000E-02   3.554574602600000E+00   3.225480949200000E-01   1.094609191600000E+00   5.746301105500000E-01   0.000000000000000E+00   0.000000000000000E+00   0.000000000000000E+00   0.000000000000000E+00
   3.715677548600000E-02   3.554268331200000E+00   3.225483931400000E-01   1.115388824800000E+00   5.225870198500000E-01   0.000000000000000E+00   0.000000000000000E+00   0.000000000000000E+00   0.000000000000000E+00
   5.120314044600000E-02   3.554572818600000E+00   3.225481803500000E-01   1.094609581500000E+00   5.746298386899999E-01   0.000000000000000E+00   0.000000000000000E+00   0.000000000000000E+00   0.000000000000000E+00
   6.524950540500001E-02   3.554419431300000E+00   3.225481236500000E-01   1.105313497500000E+00   5.478198886800000E-01   0.000000000000000E+00   0.000000000000000E+00   0.000000000000000E+00   0.000000000000000E+00
   7.929587036500001E-02   3.554571163500000E+00   3.225482596500000E-01   1.094609885500000E+00   5.746297316000000E-01   0.000000000000000E+00   0.000000000000000E+00   0.000000000000000E+00   0.000000000000000E+00
   9.334223532400000E-02   3.554279977700000E+00   3.225478350600000E-01   1.115386773000000E+00   5.225875543100000E-01   0.000000000000000E+00   0.000000000000000E+00   0.000000000000000E+00   0.000000000000000E+00
   1.106131542000000E-01   3.554570368600000E+00   3.225482977100000E-01   1.094610071300000E+00   5.746295802600000E-01   0.000000000000000E+00   0.000000000000000E+00   0.000000000000000E+00   0.000000000000000E+00
   1.278840730700000E-01   3.554421933100000E+00   3.225480038500000E-01   1.105312947000000E+00   5.478202791300000E-01   0.000000000000000E+00   0.000000000000000E+00   0.000000000000000E+00   0.000000000000000E+00
   1.451549919500000E-01   3.554569767200000E+00   3.225483264800000E-01   1.094610243400000E+00   5.746293865500000E-01   0.000000000000000E+00   0.000000000000000E+00   0.000000000000000E+00   0.000000000000000E+00
   1.624259108200000E-01   3.554284073200000E+00   3.225476391000000E-01   1.115385646700000E+00   5.225887587400000E-01   0.000000000000000E+00   0.000000000000000E+00   0.000000000000000E+00   0.000000000000000E+00
   1.801138588800000E-01   3.554569416600000E+00   3.225483432300000E-01   1.094610372400000E+00   5.746292017200000E-01   0.000000000000000E+00   0.000000000000000E+00   0.000000000000000E+00   0.000000000000000E+00
   1.978018069400000E-01   3.554422962000000E+00   3.225479546700000E-01   1.105312578900000E+00   5.478207954300000E-01   0.000000000000000E+00   0.000000000000000E+00   0.000000000000000E+00   0.000000000000000E+00
   2.154897550100000E-01   3.554569133800000E+00   3.225483567200000E-01   1.094610509700000E+00   5.746289690000000E-01   0.000000000000000E+00   0.000000000000000E+00   0.000000000000000E+00   0.000000000000000E+00
   2.331777030700000E-01   3.554285993200000E+00   3.225475474800000E-01   1.115384756500000E+00   5.225902323600000E-01   0.000000000000000E+00   0.000000000000000E+00   0.000000000000000E+00   0.000000000000000E+00
   2.563834413000000E-01   3.554568989600000E+00   3.225483635900000E-01   1.094610605800000E+00   5.746287850500000E-01   0.000000000000000E+00   0.000000000000000E+00   0.000000000000000E+00   0.000000000000000E+00
   2.795891795400000E-01   3.554423408300000E+00   3.225479334200000E-01   1.105312303700000E+00   5.478213092599999E-01   0.000000000000000E+00   0.000000000000000E+00   0.000000000000000E+00   0.000000000000000E+00
   3.027949177700000E-01   3.554568873500000E+00   3.225483691000000E-01   1.094610700400000E+00   5.746285934199999E-01   0.000000000000000E+00   0.000000000000000E+00   0.000000000000000E+00   0.000000000000000E+00
   3.260006560100000E-01   3.554286761600000E+00   3.225475109900000E-01   1.115384148200000E+00   5.225914550700000E-01   0.000000000000000E+00   0.000000000000000E+00   0.000000000000000E+00   0.000000000000000E+00
   3.377663680200000E-01   3.554568752600000E+00   3.225483748200000E-01   1.094610817400000E+00   5.746283476900000E-01   0.000000000000000E+00   0.000000000000000E+00   0.000000000000000E+00   0.000000000000000E+00
   3.495320800300000E-01   3.554423701300000E+00   3.225479195800000E-01   1.105311978300000E+00   5.478220100400000E-01   0.000000000000000E+00   0.000000000000000E+00   0.000000000000000E+00   0.000000000000000E+00
   3.612977920400000E-01   3.554568657400000E+00   3.225483792800000E-01   1.094610990600000E+00   5.746279506300001E-01   0.000000000000000E+00   0.000000000000000E+00   0.000000000000000E+00   0.000000000000000E+00
   3.730635040500000E-01   3.554287458100000E+00   3.225474783000000E-01   1.115383030900000E+00   5.225939837600000E-01   0.000000000000000E+00   0.000000000000000E+00   0.000000000000000E+00   0.000000000000000E+00
   3.847267797300000E-01   3.554568608400000E+00   3.225483815300000E-01   1.094611135200000E+00   5.746276070300000E-01   0.000000000000000E+00   0.000000000000000E+00   0.000000000000000E+00   0.000000000000000E+00
   3.963900554200000E-01   3.554423848900000E+00   3.225479127700000E-01   1.105311569100000E+00   5.478229788600000E-01   0.000000000000000E+00   0.000000000000000E+00   0.000000000000000E+00   0.000000000000000E+00
   4.080533311000000E-01   3.554568574900000E+00   3.225483830300000E-01   1.094611303600000E+00   5.746271975600000E-01   0.000000000000000E+00   0.000000000000000E+00   0.000000000000000E+00   0.000000000000000E+00
   4.197166067900000E-01   3.554287702900000E+00   3.225474672900000E-01   1.115381950100000E+00   5.225966000500000E-01   0.000000000000000E+00   0.000000000000000E+00   0.000000000000000E+00   0.000000000000000E+00
   4.360489395200000E-01   3.554568560500000E+00   3.225483836300000E-01   1.094611425300000E+00   5.746268978300000E-01   0.000000000000000E+00   0.000000000000000E+00   0.000000000000000E+00   0.000000000000000E+00
   4.523812722500000E-01   3.554423896500000E+00   3.225479107200000E-01   1.105311224900000E+00   5.478238241500000E-01   0.000000000000000E+00   0.000000000000000E+00   0.000000000000000E+00   0.000000000000000E+00
   4.687136049800000E-01   3.554568549800000E+00   3.225483840600000E-01   1.094611544200000E+00   5.746266035399999E-01   0.000000000000000E+00   0.000000000000000E+00   0.000000000000000E+00   0.000000000000000E+00
   4.850459377100000E-01   3.554287775800000E+00   3.225474643100000E-01   1.115381188600000E+00   5.225984828900000E-01   0.000000000000000E+00   0.000000000000000E+00   0.000000000000000E+00   0.000000000000000E+00
   4.975951294200000E-01   3.554568541900000E+00   3.225483843600000E-01   1.094611660200000E+00   5.746263153200000E-01   0.000000000000000E+00   0.000000000000000E+00   0.000000000000000E+00   0.000000000000000E+00
   5.101443211200000E-01   3.554423918100000E+00   3.225479099100000E-01   1.105310897300000E+00   5.478246380400000E-01   0.000000000000000E+00   0.000000000000000E+00   0.000000000000000E+00   0.000000000000000E+00
   5.226935128300000E-01   3.554568535200000E+00   3.225483845800000E-01   1.094611814300000E+00   5.746259312999999E-01   0.000000000000000E+00   0.000000000000000E+00   0.000000000000000E+00   0.000000000000000E+00
   5.352427045300000E-01   3.554287822600000E+00   3.225474627500000E-01   1.115380202500000E+00   5.226009400800000E-01   0.000000000000000E+00   0.000000000000000E+00   0.000000000000000E+00   0.000000000000000E+00
   5.472587575900000E-01   3.554568530900000E+00   3.225483846900000E-01   1.094611947900000E+00   5.746255974300000E-01   0.000000000000000E+00   0.000000000000000E+00   0.000000000000000E+00   0.000000000000000E+00
   5.592748106500000E-01   3.554423930500000E+00   3.225479095700000E-01   1.105310519900000E+00   5.478255806900000E-01   0.000000000000000E+00   0.000000000000000E+00   0.000000000000000E+00   0.000000000000000E+00
   5.712908637100000E-01   3.554568527100000E+00   3.225483847600000E-01   1.094612108500000E+00   5.746251959400001E-01   0.000000000000000E+00   0.000000000000000E+00   0.000000000000000E+00   0.000000000000000E+00
   5.833069167700000E-01   3.554287848900000E+00   3.225474622000000E-01   1.115379174900000E+00   5.226035093800000E-01   0.000000000000000E+00   0.000000000000000E+00   0.000000000000000E+00   0.000000000000000E+00
   5.965617382300000E-01   3.554568524500000E+00   3.225483848000000E-01   1.094612238500000E+00   5.746248705500000E-01   0.000000000000000E+00   0.000000000000000E+00   0.000000000000000E+00   0.000000000000000E+00
   6.098165596800000E-01   3.554423938000000E+00   3.225479094700000E-01   1.105310152700000E+00   5.478264994000001E-01   0.000000000000000E+00   0.000000000000000E+00   0.000000000000000E+00   0.000000000000000E+00
   6.230713811400000E-01   3.554568522000000E+00   3.225483848200000E-01   1.094612383900000E+00   5.746245064700000E-01   0.000000000000000E+00   0.000000000000000E+00   0.000000000000000E+00   0.000000000000000E+00
   6.363262025999999E-01   3.554287865500000E+00   3.225474620500000E-01   1.115378244200000E+00   5.226058394500001E-01   0.000000000000000E+00   0.000000000000000E+00   0.000000000000000E+00   0.000000000000000E+00
   6.423072822000000E-01   3.554568518700000E+00   3.225483848300000E-01   1.094612582600000E+00   5.746240088000000E-01   0.000000000000000E+00   0.000000000000000E+00   0.000000000000000E+00   0.000000000000000E+00
   6.482883618000000E-01   3.554423946800000E+00   3.225479094400000E-01   1.105309591600000E+00   5.478279046000000E-01   0.000000000000000E+00   0.000000000000000E+00   0.000000000000000E+00   0.000000000000000E+00
   6.542694414100000E-01   3.554568514200000E+00   3.225483848300000E-01   1.094612904800000E+00   5.746232018700000E-01   0.000000000000000E+00   0.000000000000000E+00   0.000000000000000E+00   0.000000000000000E+00
   6.602505210100000E-01   3.554287895500000E+00   3.225474620400000E-01   1.115376182400000E+00   5.226110036600000E-01   0.000000000000000E+00   0.000000000000000E+00   0.000000000000000E+00   0.000000000000000E+00
   6.660612541900000E-01   3.554568510400000E+00   3.225483848200000E-01   1.094613182600000E+00   5.746225059500000E-01   0.000000000000000E+00   0.000000000000000E+00   0.000000000000000E+00   0.000000000000000E+00
   6.718719873800000E-01   3.554423957600000E+00   3.225479094600000E-01   1.105308807200000E+00   5.478298695200000E-01   0.000000000000000E+00   0.000000000000000E+00   0.000000000000000E+00   0.000000000000000E+00
   6.776827205600000E-01   3.554568505900000E+00   3.225483848100000E-01   1.094613514100000E+00   5.746216754500000E-01   0.000000000000000E+00   0.000000000000000E+00   0.000000000000000E+00   0.000000000000000E+00
   6.834934537500000E-01   3.554287924400000E+00   3.225474621200000E-01   1.115374060600000E+00   5.226163188500000E-01   0.000000000000000E+00   0.000000000000000E+00   0.000000000000000E+00   0.000000000000000E+00
   6.892999494700000E-01   3.554568502100000E+00   3.225483847900000E-01   1.094613796000000E+00   5.746209693100000E-01   0.000000000000000E+00   0.000000000000000E+00   0.000000000000000E+00   0.000000000000000E+00
   6.951064451900000E-01   3.554423968400000E+00   3.225479095000000E-01   1.105308011300000E+00   5.478318633300000E-01   0.000000000000000E+00   0.000000000000000E+00   0.000000000000000E+00   0.000000000000000E+00
   7.009129409100000E-01   3.554568497600000E+00   3.225483847800000E-01   1.094614127700000E+00   5.746201383100000E-01   0.000000000000000E+00   0.000000000000000E+00   0.000000000000000E+00   0.000000000000000E+00
   7.067194366300000E-01   3.554287953100000E+00   3.225474622100000E-01   1.115371937600000E+00   5.226216372500000E-01   0.000000000000000E+00   0.000000000000000E+00   0.000000000000000E+00   0.000000000000000E+00
   7.123024500600000E-01   3.554568493700000E+00   3.225483847700000E-01   1.094614415300000E+00   5.746194178700000E-01   0.000000000000000E+00   0.000000000000000E+00   0.000000000000000E+00   0.000000000000000E+00
   7.178854635000000E-01   3.554423979400000E+00   3.225479095300000E-01   1.105307199300000E+00   5.478338975100000E-01   0.000000000000000E+00   0.000000000000000E+00   0.000000000000000E+00   0.000000000000000E+00
   7.234684769400000E-01   3.554568489000000E+00   3.225483847500000E-01   1.094614760200000E+00   5.746185537200000E-01   0.000000000000000E+00   0.000000000000000E+00   0.000000000000000E+00   0.000000000000000E+00
   7.290514903799999E-01   3.554287983000000E+00   3.225474623100000E-01   1.115369729900000E+00   5.226271678100000E-01   0.000000000000000E+00   0.000000000000000E+00   0.000000000000000E+00   0.000000000000000E+00
   7.338110571699999E-01   3.554568484700000E+00   3.225483847400000E-01   1.094615078800000E+00   5.746177557100000E-01   0.000000000000000E+00   0.000000000000000E+00   0.000000000000000E+00   0.000000000000000E+00
   7.385706239499999E-01   3.554423991500000E+00   3.225479095700000E-01   1.105306299900000E+00   5.478361507100000E-01   0.000000000000000E+00   0.000000000000000E+00   0.000000000000000E+00   0.000000000000000E+00
   7.433301907400000E-01   3.554568479300000E+00   3.225483847200000E-01   1.094615483400000E+00   5.746167422000000E-01   0.000000000000000E+00   0.000000000000000E+00   0.000000000000000E+00   0.000000000000000E+00
   7.480897575300000E-01   3.554288017900000E+00   3.225474624200000E-01   1.115367140700000E+00   5.226336542300000E-01   0.000000000000000E+00   0.000000000000000E+00   0.000000000000000E+00   0.000000000000000E+00
   7.531140807200000E-01   3.554568474700000E+00   3.225483847000000E-01   1.094615818200000E+00   5.746159034900000E-01   0.000000000000000E+00   0.000000000000000E+00   0.000000000000000E+00   0.000000000000000E+00
   7.581384039100000E-01   3.554424004300000E+00   3.225479096100000E-01   1.105305354600000E+00   5.478385188500000E-01   0.000000000000000E+00   0.000000000000000E+00   0.000000000000000E+00   0.000000000000000E+00
   7.631627271000000E-01   3.554568469600000E+00   3.225483846900000E-01   1.094616201400000E+00   5.746149435400000E-01   0.000000000000000E+00   0.000000000000000E+00   0.000000000000000E+00   0.000000000000000E+00
   7.681870503000000E-01   3.554288051100000E+00   3.225474625300000E-01   1.115364688300000E+00   5.226397979000000E-01   0.000000000000000E+00   0.000000000000000E+00   0.000000000000000E+00   0.000000000000000E+00
   7.731834920500000E-01   3.554568465100000E+00   3.225483846700000E-01   1.094616527900000E+00   5.746141253700000E-01   0.000000000000000E+00   0.000000000000000E+00   0.000000000000000E+00   0.000000000000000E+00
   7.781799338099999E-01   3.554424016700000E+00   3.225479096500000E-01   1.105304432400000E+00   5.478408289700000E-01   0.000000000000000E+00   0.000000000000000E+00   0.000000000000000E+00   0.000000000000000E+00
   7.831763755700000E-01   3.554568459900000E+00   3.225483846600000E-01   1.094616913200000E+00   5.746131602200000E-01   0.000000000000000E+00   0.000000000000000E+00   0.000000000000000E+00   0.000000000000000E+00
   7.881728173200000E-01   3.554288084400000E+00   3.225474626400000E-01   1.115362222500000E+00   5.226459749000000E-01   0.000000000000000E+00   0.000000000000000E+00   0.000000000000000E+00   0.000000000000000E+00
   7.920738264200000E-01   3.554568454900000E+00   3.225483846400000E-01   1.094617286700000E+00   5.746122247100000E-01   0.000000000000000E+00   0.000000000000000E+00   0.000000000000000E+00   0.000000000000000E+00
   7.959748355200000E-01   3.554424031000000E+00   3.225479097000000E-01   1.105303378000000E+00   5.478434703500000E-01   0.000000000000000E+00   0.000000000000000E+00   0.000000000000000E+00   0.000000000000000E+00
   7.998758446200001E-01   3.554568448200000E+00   3.225483846200000E-01   1.094617780000000E+00   5.746109887500001E-01   0.000000000000000E+00   0.000000000000000E+00   0.000000000000000E+00   0.000000000000000E+00
   8.037768537200000E-01   3.554288127100000E+00   3.225474627800000E-01   1.115359065000000E+00   5.226538850600000E-01   0.000000000000000E+00   0.000000000000000E+00   0.000000000000000E+00   0.000000000000000E+00
   8.074137415900000E-01   3.554568442400000E+00   3.225483846000000E-01   1.094618214600000E+00   5.746099001400000E-01   0.000000000000000E+00   0.000000000000000E+00   0.000000000000000E+00   0.000000000000000E+00
   8.110506294599999E-01   3.554424047600000E+00   3.225479097600000E-01   1.105302151100000E+00   5.478465440700000E-01   0.000000000000000E+00   0.000000000000000E+00   0.000000000000000E+00   0.000000000000000E+00
   8.146875173300000E-01   3.554568435200000E+00   3.225483845700000E-01   1.094618743700000E+00   5.746085746800000E-01   0.000000000000000E+00   0.000000000000000E+00   0.000000000000000E+00   0.000000000000000E+00
   8.183244052000000E-01   3.554288172800000E+00   3.225474629300000E-01   1.115355678800000E+00   5.226623679700000E-01   0.000000000000000E+00   0.000000000000000E+00   0.000000000000000E+00   0.000000000000000E+00
   8.223682067500000E-01   3.554568429400000E+00   3.225483845600000E-01   1.094619170700000E+00   5.746075048500000E-01   0.000000000000000E+00   0.000000000000000E+00   0.000000000000000E+00   0.000000000000000E+00
   8.264120082900001E-01   3.554424063800000E+00   3.225479098100000E-01   1.105300945300000E+00   5.478495648000000E-01   0.000000000000000E+00   0.000000000000000E+00   0.000000000000000E+00   0.000000000000000E+00
   8.304558098300000E-01   3.554568423000000E+00   3.225483845300000E-01   1.094619646500000E+00   5.746063130100000E-01   0.000000000000000E+00   0.000000000000000E+00   0.000000000000000E+00   0.000000000000000E+00
   8.344996113800000E-01   3.554288213900000E+00   3.225474630700000E-01   1.115352633900000E+00   5.226699957399999E-01   0.000000000000000E+00   0.000000000000000E+00   0.000000000000000E+00   0.000000000000000E+00
   8.391464433600000E-01   3.554568417900000E+00   3.225483845200000E-01   1.094620024600000E+00   5.746053657700000E-01   0.000000000000000E+00   0.000000000000000E+00   0.000000000000000E+00   0.000000000000000E+00
   8.437932753500000E-01   3.554424078300000E+00   3.225479098600000E-01   1.105299877600000E+00   5.478522393700000E-01   0.000000000000000E+00   0.000000000000000E+00   0.000000000000000E+00   0.000000000000000E+00
   8.484401073400000E-01   3.554568412300000E+00   3.225483845000000E-01   1.094620438500000E+00   5.746043287900000E-01   0.000000000000000E+00   0.000000000000000E+00   0.000000000000000E+00   0.000000000000000E+00
   8.530869393300000E-01   3.554288249700000E+00   3.225474631800000E-01   1.115349984700000E+00   5.226766324600000E-01   0.000000000000000E+00   0.000000000000000E+00   0.000000000000000E+00   0.000000000000000E+00
   8.565688841400000E-01   3.554568406800000E+00   3.225483844800000E-01   1.094620849200000E+00   5.746032999800000E-01   0.000000000000000E+00   0.000000000000000E+00   0.000000000000000E+00   0.000000000000000E+00
   8.600508289400000E-01   3.554424093900000E+00   3.225479099100000E-01   1.105298718100000E+00   5.478551441800000E-01   0.000000000000000E+00   0.000000000000000E+00   0.000000000000000E+00   0.000000000000000E+00
   8.635327737500000E-01   3.554568399300000E+00   3.225483844600000E-01   1.094621401500000E+00   5.746019163300000E-01   0.000000000000000E+00   0.000000000000000E+00   0.000000000000000E+00   0.000000000000000E+00
   8.670147185500000E-01   3.554288297500000E+00   3.225474633400000E-01   1.115346449800000E+00   5.226854878100000E-01   0.000000000000000E+00   0.000000000000000E+00   0.000000000000000E+00   0.000000000000000E+00
   8.695120173300001E-01   3.554568391700000E+00   3.225483844300000E-01   1.094621963500000E+00   5.746005085000000E-01   0.000000000000000E+00   0.000000000000000E+00   0.000000000000000E+00   0.000000000000000E+00
   8.720093161200000E-01   3.554424115400000E+00   3.225479099800000E-01   1.105297131400000E+00   5.478591191000000E-01   0.000000000000000E+00   0.000000000000000E+00   0.000000000000000E+00   0.000000000000000E+00
   8.745066149000000E-01   3.554568381300000E+00   3.225483844000000E-01   1.094622733400000E+00   5.745985798100000E-01   0.000000000000000E+00   0.000000000000000E+00   0.000000000000000E+00   0.000000000000000E+00
   8.770039136800000E-01   3.554288364100000E+00   3.225474635600000E-01   1.115341522500000E+00   5.226978314200000E-01   0.000000000000000E+00   0.000000000000000E+00   0.000000000000000E+00   0.000000000000000E+00
   8.790794401399999E-01   3.554568371600000E+00   3.225483843700000E-01   1.094623454200000E+00   5.745967741100000E-01   0.000000000000000E+00   0.000000000000000E+00   0.000000000000000E+00   0.000000000000000E+00
   8.811549665900000E-01   3.554424142900000E+00   3.225479100700000E-01   1.105295096200000E+00   5.478642174400000E-01   0.000000000000000E+00   0.000000000000000E+00   0.000000000000000E+00   0.000000000000000E+00
   8.832304930400000E-01   3.554568359100000E+00   3.225483843200000E-01   1.094624380200000E+00   5.745944542600000E-01   0.000000000000000E+00   0.000000000000000E+00   0.000000000000000E+00   0.000000000000000E+00
   8.853060195000000E-01   3.554288444100000E+00   3.225474638200000E-01   1.115335595900000E+00   5.227126784000000E-01   0.000000000000000E+00   0.000000000000000E+00   0.000000000000000E+00   0.000000000000000E+00
   8.873389019400000E-01   3.554568348300000E+00   3.225483842900000E-01   1.094625175500000E+00   5.745924620800000E-01   0.000000000000000E+00   0.000000000000000E+00   0.000000000000000E+00   0.000000000000000E+00
   8.893717843700000E-01   3.554424173200000E+00   3.225479101700000E-01   1.105292850900000E+00   5.478698424100000E-01   0.000000000000000E+00   0.000000000000000E+00   0.000000000000000E+00   0.000000000000000E+00
   8.914046668100000E-01   3.554568335500000E+00   3.225483842500000E-01   1.094626120600000E+00   5.745900944600000E-01   0.000000000000000E+00   0.000000000000000E+00   0.000000000000000E+00   0.000000000000000E+00
   8.934375492500000E-01   3.554288525900000E+00   3.225474640900000E-01   1.115329547300000E+00   5.227278311900000E-01   0.000000000000000E+00   0.000000000000000E+00   0.000000000000000E+00   0.000000000000000E+00
   8.954545140600000E-01   3.554568324700000E+00   3.225483842100000E-01   1.094626926900000E+00   5.745880744200000E-01   0.000000000000000E+00   0.000000000000000E+00   0.000000000000000E+00   0.000000000000000E+00
   8.974714788600000E-01   3.554424204000000E+00   3.225479102700000E-01   1.105290574100000E+00   5.478755460500000E-01   0.000000000000000E+00   0.000000000000000E+00   0.000000000000000E+00   0.000000000000000E+00
   8.994884436700000E-01   3.554568311800000E+00   3.225483841700000E-01   1.094627879100000E+00   5.745856890100000E-01   0.000000000000000E+00   0.000000000000000E+00   0.000000000000000E+00   0.000000000000000E+00
   9.015054084800000E-01   3.554288608200000E+00   3.225474643600000E-01   1.115323453200000E+00   5.227430977800001E-01   0.000000000000000E+00   0.000000000000000E+00   0.000000000000000E+00   0.000000000000000E+00
   9.037754716700001E-01   3.554568301500000E+00   3.225483841300000E-01   1.094628643200000E+00   5.745837748300000E-01   0.000000000000000E+00   0.000000000000000E+00   0.000000000000000E+00   0.000000000000000E+00
   9.060455348599999E-01   3.554424233100000E+00   3.225479103700000E-01   1.105288416600000E+00   5.478809508900000E-01   0.000000000000000E+00   0.000000000000000E+00   0.000000000000000E+00   0.000000000000000E+00
   9.083155980500000E-01   3.554568290000000E+00   3.225483841000000E-01   1.094629489000000E+00   5.745816561400000E-01   0.000000000000000E+00   0.000000000000000E+00   0.000000000000000E+00   0.000000000000000E+00
   9.105856612400000E-01   3.554288681300000E+00   3.225474646000000E-01   1.115318040500000E+00   5.227566573800000E-01   0.000000000000000E+00   0.000000000000000E+00   0.000000000000000E+00   0.000000000000000E+00
   9.122397194200000E-01   3.554568278500000E+00   3.225483840600000E-01   1.094630341600000E+00   5.745795202200000E-01   0.000000000000000E+00   0.000000000000000E+00   0.000000000000000E+00   0.000000000000000E+00
   9.138937776000000E-01   3.554424265600000E+00   3.225479104700000E-01   1.105286009400000E+00   5.478869814400000E-01   0.000000000000000E+00   0.000000000000000E+00   0.000000000000000E+00   0.000000000000000E+00
   9.155478357800000E-01   3.554568262800000E+00   3.225483840100000E-01   1.094631501800000E+00   5.745766136500000E-01   0.000000000000000E+00   0.000000000000000E+00   0.000000000000000E+00   0.000000000000000E+00
   9.172018939600000E-01   3.554288781600000E+00   3.225474649300000E-01   1.115310615000000E+00   5.227752594200000E-01   0.000000000000000E+00   0.000000000000000E+00   0.000000000000000E+00   0.000000000000000E+00
   9.188709460300000E-01   3.554568249600000E+00   3.225483839600000E-01   1.094632483400000E+00   5.745741547400000E-01   0.000000000000000E+00   0.000000000000000E+00   0.000000000000000E+00   0.000000000000000E+00
   9.205399980900000E-01   3.554424303100000E+00   3.225479106000000E-01   1.105283237900000E+00   5.478939242700001E-01   0.000000000000000E+00   0.000000000000000E+00   0.000000000000000E+00   0.000000000000000E+00
   9.222090501600000E-01   3.554568234100000E+00   3.225483839100000E-01   1.094633632600000E+00   5.745712756100000E-01   0.000000000000000E+00   0.000000000000000E+00   0.000000000000000E+00   0.000000000000000E+00
   9.238781022300000E-01   3.554288881000000E+00   3.225474652600000E-01   1.115303259600000E+00   5.227936858600000E-01   0.000000000000000E+00   0.000000000000000E+00   0.000000000000000E+00   0.000000000000000E+00
   9.255534875200000E-01   3.554568220900000E+00   3.225483838700000E-01   1.094634607500000E+00   5.745688335300000E-01   0.000000000000000E+00   0.000000000000000E+00   0.000000000000000E+00   0.000000000000000E+00
   9.272288728100000E-01   3.554424340300000E+00   3.225479107200000E-01   1.105280485500000E+00   5.479008195400000E-01   0.000000000000000E+00   0.000000000000000E+00   0.000000000000000E+00   0.000000000000000E+00
   9.289042581000000E-01   3.554568205400000E+00   3.225483838200000E-01   1.094635751900000E+00   5.745659666000000E-01   0.000000000000000E+00   0.000000000000000E+00   0.000000000000000E+00   0.000000000000000E+00
   9.305796433900000E-01   3.554288979900000E+00   3.225474655900000E-01   1.115295935300000E+00   5.228120342400000E-01   0.000000000000000E+00   0.000000000000000E+00   0.000000000000000E+00   0.000000000000000E+00
   9.320316237000000E-01   3.554568191300000E+00   3.225483837700000E-01   1.094636799200000E+00   5.745633427900000E-01   0.000000000000000E+00   0.000000000000000E+00   0.000000000000000E+00   0.000000000000000E+00
   9.334836040100000E-01   3.554424380200000E+00   3.225479108500000E-01   1.105277528300000E+00   5.479082277400000E-01   0.000000000000000E+00   0.000000000000000E+00   0.000000000000000E+00   0.000000000000000E+00
   9.349355843200000E-01   3.554568173400000E+00   3.225483837100000E-01   1.094638119100000E+00   5.745600363700000E-01   0.000000000000000E+00   0.000000000000000E+00   0.000000000000000E+00   0.000000000000000E+00
   9.363875646299999E-01   3.554289094100000E+00   3.225474659600000E-01   1.115287488300000E+00   5.228331953399999E-01   0.000000000000000E+00   0.000000000000000E+00   0.000000000000000E+00   0.000000000000000E+00
   9.377296274200000E-01   3.554568157700000E+00   3.225483836600000E-01   1.094639286600000E+00   5.745571115700000E-01   0.000000000000000E+00   0.000000000000000E+00   0.000000000000000E+00   0.000000000000000E+00
   9.390716902100000E-01   3.554424424800000E+00   3.225479110000000E-01   1.105274231900000E+00   5.479164858800000E-01   0.000000000000000E+00   0.000000000000000E+00   0.000000000000000E+00   0.000000000000000E+00
   9.404137530000000E-01   3.554568138400000E+00   3.225483836000000E-01   1.094640713800000E+00   5.745535362999999E-01   0.000000000000000E+00   0.000000000000000E+00   0.000000000000000E+00   0.000000000000000E+00
   9.417558157900000E-01   3.554289217500000E+00   3.225474663700000E-01   1.115278354500000E+00   5.228560770200000E-01   0.000000000000000E+00   0.000000000000000E+00   0.000000000000000E+00   0.000000000000000E+00
   9.429046109800000E-01   3.554568120600000E+00   3.225483835400000E-01   1.094642028500000E+00   5.745502425800000E-01   0.000000000000000E+00   0.000000000000000E+00   0.000000000000000E+00   0.000000000000000E+00
   9.440534061700000E-01   3.554424474900000E+00   3.225479111600000E-01   1.105270519700000E+00   5.479257854800000E-01   0.000000000000000E+00   0.000000000000000E+00   0.000000000000000E+00   0.000000000000000E+00
   9.452022013600000E-01   3.554568098100000E+00   3.225483834700000E-01   1.094643694800000E+00   5.745460684100000E-01   0.000000000000000E+00   0.000000000000000E+00   0.000000000000000E+00   0.000000000000000E+00
   9.463509965500000E-01   3.554289361500000E+00   3.225474668400000E-01   1.115267690600000E+00   5.228827916800000E-01   0.000000000000000E+00   0.000000000000000E+00   0.000000000000000E+00   0.000000000000000E+00
   9.473869569700000E-01   3.554568077900000E+00   3.225483834000000E-01   1.094645187700000E+00   5.745423283400000E-01   0.000000000000000E+00   0.000000000000000E+00   0.000000000000000E+00   0.000000000000000E+00
   9.484229174000000E-01   3.554424531900000E+00   3.225479113500000E-01   1.105266304400000E+00   5.479363454000000E-01   0.000000000000000E+00   0.000000000000000E+00   0.000000000000000E+00   0.000000000000000E+00
   9.494588778300000E-01   3.554568053000000E+00   3.225483833200000E-01   1.094647034100000E+00   5.745377027800000E-01   0.000000000000000E+00   0.000000000000000E+00   0.000000000000000E+00   0.000000000000000E+00
   9.504948382600000E-01   3.554289521200000E+00   3.225474673700000E-01   1.115255873600000E+00   5.229123952600000E-01   0.000000000000000E+00   0.000000000000000E+00   0.000000000000000E+00   0.000000000000000E+00
   9.512330579700000E-01   3.554568027500000E+00   3.225483832300000E-01   1.094648919500000E+00   5.745329796400001E-01   0.000000000000000E+00   0.000000000000000E+00   0.000000000000000E+00   0.000000000000000E+00
   9.519712776800000E-01   3.554424603800000E+00   3.225479115800000E-01   1.105260981700000E+00   5.479496798200000E-01   0.000000000000000E+00   0.000000000000000E+00   0.000000000000000E+00   0.000000000000000E+00
   9.527094973800000E-01   3.554567992500000E+00   3.225483831200000E-01   1.094651508300000E+00   5.745264942500000E-01   0.000000000000000E+00   0.000000000000000E+00   0.000000000000000E+00   0.000000000000000E+00
   9.534477170900000E-01   3.554289745000000E+00   3.225474681000000E-01   1.115239305300000E+00   5.229539017600000E-01   0.000000000000000E+00   0.000000000000000E+00   0.000000000000000E+00   0.000000000000000E+00
   9.544012508100000E-01   3.554567966200000E+00   3.225483830300000E-01   1.094653459200000E+00   5.745216068200000E-01   0.000000000000000E+00   0.000000000000000E+00   0.000000000000000E+00   0.000000000000000E+00
   9.553547845400000E-01   3.554424678200000E+00   3.225479118300000E-01   1.105255472700000E+00   5.479634808400000E-01   0.000000000000000E+00   0.000000000000000E+00   0.000000000000000E+00   0.000000000000000E+00
   9.563083182600000E-01   3.554567939100000E+00   3.225483829400000E-01   1.094655461600000E+00   5.745165904900000E-01   0.000000000000000E+00   0.000000000000000E+00   0.000000000000000E+00   0.000000000000000E+00
   9.572618519800000E-01   3.554289918100000E+00   3.225474686700000E-01   1.115226490000000E+00   5.229860063000000E-01   0.000000000000000E+00   0.000000000000000E+00   0.000000000000000E+00   0.000000000000000E+00
   9.580078198000000E-01   3.554567913000000E+00   3.225483828600000E-01   1.094657399700000E+00   5.745117351200000E-01   0.000000000000000E+00   0.000000000000000E+00   0.000000000000000E+00   0.000000000000000E+00
   9.587537876300000E-01   3.554424752100000E+00   3.225479120700000E-01   1.105250000700000E+00   5.479771889600000E-01   0.000000000000000E+00   0.000000000000000E+00   0.000000000000000E+00   0.000000000000000E+00
   9.594997554500000E-01   3.554567878400000E+00   3.225483827400000E-01   1.094659956900000E+00   5.745053288500001E-01   0.000000000000000E+00   0.000000000000000E+00   0.000000000000000E+00   0.000000000000000E+00
   9.602457232700000E-01   3.554290139200000E+00   3.225474694000000E-01   1.115210123800000E+00   5.230270064500000E-01   0.000000000000000E+00   0.000000000000000E+00   0.000000000000000E+00   0.000000000000000E+00
   9.610497870400000E-01   3.554567850100000E+00   3.225483826500000E-01   1.094662050900000E+00   5.745000830100000E-01   0.000000000000000E+00   0.000000000000000E+00   0.000000000000000E+00   0.000000000000000E+00
   9.618538508100000E-01   3.554424832000000E+00   3.225479123300000E-01   1.105244088100000E+00   5.479920011700000E-01   0.000000000000000E+00   0.000000000000000E+00   0.000000000000000E+00   0.000000000000000E+00
   9.626579145800001E-01   3.554567818100000E+00   3.225483825500000E-01   1.094664421000000E+00   5.744941454800000E-01   0.000000000000000E+00   0.000000000000000E+00   0.000000000000000E+00   0.000000000000000E+00
   9.634619783400000E-01   3.554290344100000E+00   3.225474700700000E-01   1.115194955200000E+00   5.230650066300000E-01   0.000000000000000E+00   0.000000000000000E+00   0.000000000000000E+00   0.000000000000000E+00
   9.643737629800000E-01   3.554567792500000E+00   3.225483824600000E-01   1.094666315700000E+00   5.744893990700000E-01   0.000000000000000E+00   0.000000000000000E+00   0.000000000000000E+00   0.000000000000000E+00
   9.652855476300000E-01   3.554424904300000E+00   3.225479125700000E-01   1.105238738300000E+00   5.480054033500000E-01   0.000000000000000E+00   0.000000000000000E+00   0.000000000000000E+00   0.000000000000000E+00
   9.661973322700000E-01   3.554567764300000E+00   3.225483823700000E-01   1.094668403900000E+00   5.744841677100000E-01   0.000000000000000E+00   0.000000000000000E+00   0.000000000000000E+00   0.000000000000000E+00
   9.671091169100000E-01   3.554290524700000E+00   3.225474706600000E-01   1.115181590600000E+00   5.230984873700000E-01   0.000000000000000E+00   0.000000000000000E+00   0.000000000000000E+00   0.000000000000000E+00
   9.680827107500000E-01   3.554567741100000E+00   3.225483822900000E-01   1.094670121800000E+00   5.744798640500000E-01   0.000000000000000E+00   0.000000000000000E+00   0.000000000000000E+00   0.000000000000000E+00
   9.690563045900000E-01   3.554424969800000E+00   3.225479127900000E-01   1.105233887700000E+00   5.480175551000001E-01   0.000000000000000E+00   0.000000000000000E+00   0.000000000000000E+00   0.000000000000000E+00
   9.700298984300000E-01   3.554567714700000E+00   3.225483822100000E-01   1.094672075800000E+00   5.744749687800000E-01   0.000000000000000E+00   0.000000000000000E+00   0.000000000000000E+00   0.000000000000000E+00
   9.710034922700000E-01   3.554290693600000E+00   3.225474712200000E-01   1.115169084600000E+00   5.231298171100000E-01   0.000000000000000E+00   0.000000000000000E+00   0.000000000000000E+00   0.000000000000000E+00
   9.717734649600001E-01   3.554567689300000E+00   3.225483821200000E-01   1.094673955800000E+00   5.744702592599999E-01   0.000000000000000E+00   0.000000000000000E+00   0.000000000000000E+00   0.000000000000000E+00
   9.725434376600000E-01   3.554425041500000E+00   3.225479130200000E-01   1.105228580100000E+00   5.480308515200000E-01   0.000000000000000E+00   0.000000000000000E+00   0.000000000000000E+00   0.000000000000000E+00
   9.733134103600000E-01   3.554567656000000E+00   3.225483820100000E-01   1.094676424400000E+00   5.744640749300000E-01   0.000000000000000E+00   0.000000000000000E+00   0.000000000000000E+00   0.000000000000000E+00
   9.740833830500000E-01   3.554290907000000E+00   3.225474719200000E-01   1.115153285600000E+00   5.231693968400000E-01   0.000000000000000E+00   0.000000000000000E+00   0.000000000000000E+00   0.000000000000000E+00
   9.746494249400000E-01   3.554567622500000E+00   3.225483819000000E-01   1.094678899600000E+00   5.744578739600000E-01   0.000000000000000E+00   0.000000000000000E+00   0.000000000000000E+00   0.000000000000000E+00
   9.752154668200000E-01   3.554425135900000E+00   3.225479133300000E-01   1.105221592200000E+00   5.480483577900001E-01   0.000000000000000E+00   0.000000000000000E+00   0.000000000000000E+00   0.000000000000000E+00
   9.757815087000000E-01   3.554567577200000E+00   3.225483817500000E-01   1.094682253600000E+00   5.744494714300000E-01   0.000000000000000E+00   0.000000000000000E+00   0.000000000000000E+00   0.000000000000000E+00
   9.763475505800000E-01   3.554291197000000E+00   3.225474728700000E-01   1.115131819700000E+00   5.232231730600000E-01   0.000000000000000E+00   0.000000000000000E+00   0.000000000000000E+00   0.000000000000000E+00
   9.768203103400001E-01   3.554567534900000E+00   3.225483816100000E-01   1.094685383900000E+00   5.744416295300000E-01   0.000000000000000E+00   0.000000000000000E+00   0.000000000000000E+00   0.000000000000000E+00
   9.772930701000000E-01   3.554425255300000E+00   3.225479137300000E-01   1.105212754700000E+00   5.480704974000000E-01   0.000000000000000E+00   0.000000000000000E+00   0.000000000000000E+00   0.000000000000000E+00
   9.777658298600000E-01   3.554567480700000E+00   3.225483814400000E-01   1.094689393700000E+00   5.744315840000001E-01   0.000000000000000E+00   0.000000000000000E+00   0.000000000000000E+00   0.000000000000000E+00
   9.782385896200000E-01   3.554291543700000E+00   3.225474740100000E-01   1.115106156600000E+00   5.232874645300000E-01   0.000000000000000E+00   0.000000000000000E+00   0.000000000000000E+00   0.000000000000000E+00
   9.786879922200000E-01   3.554567433600000E+00   3.225483812800000E-01   1.094692887900000E+00   5.744228303200000E-01   0.000000000000000E+00   0.000000000000000E+00   0.000000000000000E+00   0.000000000000000E+00
   9.791373948200000E-01   3.554425388500000E+00   3.225479141600000E-01   1.105202889100000E+00   5.480952128500000E-01   0.000000000000000E+00   0.000000000000000E+00   0.000000000000000E+00   0.000000000000000E+00
   9.795867974200000E-01   3.554567376600000E+00   3.225483810900000E-01   1.094697099200000E+00   5.744122802200000E-01   0.000000000000000E+00   0.000000000000000E+00   0.000000000000000E+00   0.000000000000000E+00
   9.800362000200000E-01   3.554291907700000E+00   3.225474752100000E-01   1.115079204500000E+00   5.233549852800000E-01   0.000000000000000E+00   0.000000000000000E+00   0.000000000000000E+00   0.000000000000000E+00
   9.805177843400000E-01   3.554567330000000E+00   3.225483809400000E-01   1.094700556100000E+00   5.744036198100000E-01   0.000000000000000E+00   0.000000000000000E+00   0.000000000000000E+00   0.000000000000000E+00
   9.809993686600000E-01   3.554425520400000E+00   3.225479146000000E-01   1.105193127900000E+00   5.481196667900000E-01   0.000000000000000E+00   0.000000000000000E+00   0.000000000000000E+00   0.000000000000000E+00
   9.814809529800000E-01   3.554567277000000E+00   3.225483807700000E-01   1.094704479500000E+00   5.743937909000000E-01   0.000000000000000E+00   0.000000000000000E+00   0.000000000000000E+00   0.000000000000000E+00
   9.819625373000000E-01   3.554292246900000E+00   3.225474763300000E-01   1.115054094900000E+00   5.234178903900000E-01   0.000000000000000E+00   0.000000000000000E+00   0.000000000000000E+00   0.000000000000000E+00
   9.824911060700000E-01   3.554567234000000E+00   3.225483806200000E-01   1.094707663500000E+00   5.743858141900000E-01   0.000000000000000E+00   0.000000000000000E+00   0.000000000000000E+00   0.000000000000000E+00
   9.830196748400000E-01   3.554425641800000E+00   3.225479150000000E-01   1.105184137200000E+00   5.481421904300000E-01   0.000000000000000E+00   0.000000000000000E+00   0.000000000000000E+00   0.000000000000000E+00
   9.835482436100000E-01   3.554567185800000E+00   3.225483804700000E-01   1.094711232700000E+00   5.743768725500000E-01   0.000000000000000E+00   0.000000000000000E+00   0.000000000000000E+00   0.000000000000000E+00
   9.840768123800000E-01   3.554292555400000E+00   3.225474773400000E-01   1.115031252100000E+00   5.234751169500000E-01   0.000000000000000E+00   0.000000000000000E+00   0.000000000000000E+00   0.000000000000000E+00
   9.845300803300000E-01   3.554567141400000E+00   3.225483803200000E-01   1.094714516300000E+00   5.743686463800000E-01   0.000000000000000E+00   0.000000000000000E+00   0.000000000000000E+00   0.000000000000000E+00
   9.849833482700000E-01   3.554425767000000E+00   3.225479154100000E-01   1.105174866800000E+00   5.481654151499999E-01   0.000000000000000E+00   0.000000000000000E+00   0.000000000000000E+00   0.000000000000000E+00
   9.854366162100000E-01   3.554567085300000E+00   3.225483801400000E-01   1.094718671900000E+00   5.743582356100000E-01   0.000000000000000E+00   0.000000000000000E+00   0.000000000000000E+00   0.000000000000000E+00
   9.858898841500000E-01   3.554292914600000E+00   3.225474785200000E-01   1.115004656300000E+00   5.235417459600000E-01   0.000000000000000E+00   0.000000000000000E+00   0.000000000000000E+00   0.000000000000000E+00
   9.862480168100000E-01   3.554567031300000E+00   3.225483799600000E-01   1.094722670300000E+00   5.743482186300000E-01   0.000000000000000E+00   0.000000000000000E+00   0.000000000000000E+00   0.000000000000000E+00
   9.866061494700000E-01   3.554425919500000E+00   3.225479159100000E-01   1.105163579100000E+00   5.481936935900000E-01   0.000000000000000E+00   0.000000000000000E+00   0.000000000000000E+00   0.000000000000000E+00
   9.869642821300000E-01   3.554566960300000E+00   3.225483797300000E-01   1.094727919700000E+00   5.743350674900000E-01   0.000000000000000E+00   0.000000000000000E+00   0.000000000000000E+00   0.000000000000000E+00
   9.873224147900000E-01   3.554293368300000E+00   3.225474800100000E-01   1.114971060000000E+00   5.236259134300000E-01   0.000000000000000E+00   0.000000000000000E+00   0.000000000000000E+00   0.000000000000000E+00
   9.876137729900000E-01   3.554566893200000E+00   3.225483795000000E-01   1.094732888200000E+00   5.743226201000000E-01   0.000000000000000E+00   0.000000000000000E+00   0.000000000000000E+00   0.000000000000000E+00
   9.879051311800000E-01   3.554426109000000E+00   3.225479165300000E-01   1.105149553000000E+00   5.482288326500000E-01   0.000000000000000E+00   0.000000000000000E+00   0.000000000000000E+00   0.000000000000000E+00
   9.881964893800000E-01   3.554566806300000E+00   3.225483792200000E-01   1.094739325300000E+00   5.743064933799999E-01   0.000000000000000E+00   0.000000000000000E+00   0.000000000000000E+00   0.000000000000000E+00
   9.884878475700000E-01   3.554293924700000E+00   3.225474818400000E-01   1.114929862400000E+00   5.237291246800000E-01   0.000000000000000E+00   0.000000000000000E+00   0.000000000000000E+00   0.000000000000000E+00
   9.887313980300000E-01   3.554566725200000E+00   3.225483789500000E-01   1.094745326600000E+00   5.742914584300000E-01   0.000000000000000E+00   0.000000000000000E+00   0.000000000000000E+00   0.000000000000000E+00
   9.889749484800000E-01   3.554426337800000E+00   3.225479172800000E-01   1.105132611500000E+00   5.482712760000000E-01   0.000000000000000E+00   0.000000000000000E+00   0.000000000000000E+00   0.000000000000000E+00
   9.892184989400000E-01   3.554566621500000E+00   3.225483786100000E-01   1.094753005100000E+00   5.742722216700000E-01   0.000000000000000E+00   0.000000000000000E+00   0.000000000000000E+00   0.000000000000000E+00
   9.894620493900000E-01   3.554294588400000E+00   3.225474840200000E-01   1.114880720100000E+00   5.238522403500000E-01   0.000000000000000E+00   0.000000000000000E+00   0.000000000000000E+00   0.000000000000000E+00
   9.896950752800000E-01   3.554566531600000E+00   3.225483783100000E-01   1.094759668800000E+00   5.742555268500000E-01   0.000000000000000E+00   0.000000000000000E+00   0.000000000000000E+00   0.000000000000000E+00
   9.899281011700000E-01   3.554426591900000E+00   3.225479181200000E-01   1.105113797100000E+00   5.483184117100000E-01   0.000000000000000E+00   0.000000000000000E+00   0.000000000000000E+00   0.000000000000000E+00
   9.901611270500000E-01   3.554566423400000E+00   3.225483779600000E-01   1.094767668300000E+00   5.742354857300001E-01   0.000000000000000E+00   0.000000000000000E+00   0.000000000000000E+00   0.000000000000000E+00
   9.903941529400000E-01   3.554295279600000E+00   3.225474862900000E-01   1.114829523700000E+00   5.239805040400000E-01   0.000000000000000E+00   0.000000000000000E+00   0.000000000000000E+00   0.000000000000000E+00
   9.905721522599999E-01   3.554566317600000E+00   3.225483776100000E-01   1.094775507400000E+00   5.742158458200000E-01   0.000000000000000E+00   0.000000000000000E+00   0.000000000000000E+00   0.000000000000000E+00
   9.907501515900000E-01   3.554426890700000E+00   3.225479191000000E-01   1.105091671400000E+00   5.483738442900000E-01   0.000000000000000E+00   0.000000000000000E+00   0.000000000000000E+00   0.000000000000000E+00
   9.909281509100000E-01   3.554566176600000E+00   3.225483771500000E-01   1.094785940200000E+00   5.741897084799999E-01   0.000000000000000E+00   0.000000000000000E+00   0.000000000000000E+00   0.000000000000000E+00
   9.911061502300000E-01   3.554296181200000E+00   3.225474892600000E-01   1.114762754600000E+00   5.241477839899999E-01   0.000000000000000E+00   0.000000000000000E+00   0.000000000000000E+00   0.000000000000000E+00
   9.912704427800000E-01   3.554566052300000E+00   3.225483767400000E-01   1.094795158500000E+00   5.741666127800000E-01   0.000000000000000E+00   0.000000000000000E+00   0.000000000000000E+00   0.000000000000000E+00
   9.914347353200000E-01   3.554427242100000E+00   3.225479202600000E-01   1.105065646300000E+00   5.484390466700000E-01   0.000000000000000E+00   0.000000000000000E+00   0.000000000000000E+00   0.000000000000000E+00
   9.915990278600000E-01   3.554565900100000E+00   3.225483762400000E-01   1.094806411000000E+00   5.741384212900000E-01   0.000000000000000E+00   0.000000000000000E+00   0.000000000000000E+00   0.000000000000000E+00
   9.917633204100000E-01   3.554297153400000E+00   3.225474924500000E-01   1.114690739300000E+00   5.243282107400000E-01   0.000000000000000E+00   0.000000000000000E+00   0.000000000000000E+00   0.000000000000000E+00
   9.919126600100000E-01   3.554565765100000E+00   3.225483757900000E-01   1.094816431700000E+00   5.741133147500000E-01   0.000000000000000E+00   0.000000000000000E+00   0.000000000000000E+00   0.000000000000000E+00
   9.920619996100000E-01   3.554427624000000E+00   3.225479215100000E-01   1.105037357100000E+00   5.485099230400000E-01   0.000000000000000E+00   0.000000000000000E+00   0.000000000000000E+00   0.000000000000000E+00
   9.922113392100000E-01   3.554565598500000E+00   3.225483752500000E-01   1.094828750200000E+00   5.740824517499999E-01   0.000000000000000E+00   0.000000000000000E+00   0.000000000000000E+00   0.000000000000000E+00
   9.923606788100000E-01   3.554298217800000E+00   3.225474959500000E-01   1.114611901200000E+00   5.245257354700000E-01   0.000000000000000E+00   0.000000000000000E+00   0.000000000000000E+00   0.000000000000000E+00
   9.925204515600000E-01   3.554565462400000E+00   3.225483748000000E-01   1.094838852200000E+00   5.740571410200001E-01   0.000000000000000E+00   0.000000000000000E+00   0.000000000000000E+00   0.000000000000000E+00
   9.926802243000000E-01   3.554428009100000E+00   3.225479227800000E-01   1.105008829900000E+00   5.485813973100000E-01   0.000000000000000E+00   0.000000000000000E+00   0.000000000000000E+00   0.000000000000000E+00
   9.928399970500000E-01   3.554565307500000E+00   3.225483742900000E-01   1.094850309200000E+00   5.740284358400000E-01   0.000000000000000E+00   0.000000000000000E+00   0.000000000000000E+00   0.000000000000000E+00
   9.929997697900000E-01   3.554299207800000E+00   3.225474992000000E-01   1.114538576900000E+00   5.247094498100000E-01   0.000000000000000E+00   0.000000000000000E+00   0.000000000000000E+00   0.000000000000000E+00
   9.932121764800000E-01   3.554565193000000E+00   3.225483739100000E-01   1.094858818400000E+00   5.740071154600001E-01   0.000000000000000E+00   0.000000000000000E+00   0.000000000000000E+00   0.000000000000000E+00
   9.934245831600000E-01   3.554428333600000E+00   3.225479238400000E-01   1.104984792900000E+00   5.486416226700001E-01   0.000000000000000E+00   0.000000000000000E+00   0.000000000000000E+00   0.000000000000000E+00
   9.936369898500000E-01   3.554565077000000E+00   3.225483735300000E-01   1.094867400100000E+00   5.739856136100000E-01   0.000000000000000E+00   0.000000000000000E+00   0.000000000000000E+00   0.000000000000000E+00
   9.938493965300000E-01   3.554299949000000E+00   3.225475016400000E-01   1.114483654300000E+00   5.248470622300000E-01   0.000000000000000E+00   0.000000000000000E+00   0.000000000000000E+00   0.000000000000000E+00
   9.940578750800000E-01   3.554564977900000E+00   3.225483732100000E-01   1.094874750000000E+00   5.739671976500000E-01   0.000000000000000E+00   0.000000000000000E+00   0.000000000000000E+00   0.000000000000000E+00
   9.942663536300000E-01   3.554428613600000E+00   3.225479247600000E-01   1.104964040800000E+00   5.486936192300000E-01   0.000000000000000E+00   0.000000000000000E+00   0.000000000000000E+00   0.000000000000000E+00
   9.944748321800000E-01   3.554564860300000E+00   3.225483728200000E-01   1.094883461500000E+00   5.739453700700000E-01   0.000000000000000E+00   0.000000000000000E+00   0.000000000000000E+00   0.000000000000000E+00
   9.946833107300000E-01   3.554300701000000E+00   3.225475041100000E-01   1.114427901000000E+00   5.249867594400000E-01   0.000000000000000E+00   0.000000000000000E+00   0.000000000000000E+00   0.000000000000000E+00
   9.948258937600000E-01   3.554564737500000E+00   3.225483724200000E-01   1.094892563500000E+00   5.739225632300000E-01   0.000000000000000E+00   0.000000000000000E+00   0.000000000000000E+00   0.000000000000000E+00
   9.949684767900000E-01   3.554428960100000E+00   3.225479259000000E-01   1.104938357200000E+00   5.487579738400000E-01   0.000000000000000E+00   0.000000000000000E+00   0.000000000000000E+00   0.000000000000000E+00
   9.951110598200000E-01   3.554564566100000E+00   3.225483718500000E-01   1.094905243300000E+00   5.738907917000000E-01   0.000000000000000E+00   0.000000000000000E+00   0.000000000000000E+00   0.000000000000000E+00
   9.952536428500000E-01   3.554301795500000E+00   3.225475077000000E-01   1.114346750500000E+00   5.251900991200000E-01   0.000000000000000E+00   0.000000000000000E+00   0.000000000000000E+00   0.000000000000000E+00
   9.953662779200000E-01   3.554564402100000E+00   3.225483713100000E-01   1.094917424300000E+00   5.738602683900000E-01   0.000000000000000E+00   0.000000000000000E+00   0.000000000000000E+00   0.000000000000000E+00
   9.954789129800000E-01   3.554429423700000E+00   3.225479274200000E-01   1.104903981900000E+00   5.488441107699999E-01   0.000000000000000E+00   0.000000000000000E+00   0.000000000000000E+00   0.000000000000000E+00
   9.955915480500001E-01   3.554564186400000E+00   3.225483706000000E-01   1.094933377700000E+00   5.738202927600000E-01   0.000000000000000E+00   0.000000000000000E+00   0.000000000000000E+00   0.000000000000000E+00
   9.957041831200000E-01   3.554303172500000E+00   3.225475122300000E-01   1.114244649800000E+00   5.254459464700000E-01   0.000000000000000E+00   0.000000000000000E+00   0.000000000000000E+00   0.000000000000000E+00
   9.958076635300001E-01   3.554563996700000E+00   3.225483699800000E-01   1.094947490800000E+00   5.737849256400001E-01   0.000000000000000E+00   0.000000000000000E+00   0.000000000000000E+00   0.000000000000000E+00
   9.959111439400000E-01   3.554429960900000E+00   3.225479291900000E-01   1.104864141300000E+00   5.489439478000000E-01   0.000000000000000E+00   0.000000000000000E+00   0.000000000000000E+00   0.000000000000000E+00
   9.960146243500000E-01   3.554563763600000E+00   3.225483692100000E-01   1.094964731900000E+00   5.737417203900000E-01   0.000000000000000E+00   0.000000000000000E+00   0.000000000000000E+00   0.000000000000000E+00
   9.961181047700000E-01   3.554304660100000E+00   3.225475171100000E-01   1.114134307700000E+00   5.257224640000000E-01   0.000000000000000E+00   0.000000000000000E+00   0.000000000000000E+00   0.000000000000000E+00
   9.962232825300000E-01   3.554563569100000E+00   3.225483685800000E-01   1.094979213700000E+00   5.737054265400000E-01   0.000000000000000E+00   0.000000000000000E+00   0.000000000000000E+00   0.000000000000000E+00
   9.963284603000000E-01   3.554430512100000E+00   3.225479310000000E-01   1.104823248900000E+00   5.490464285200000E-01   0.000000000000000E+00   0.000000000000000E+00   0.000000000000000E+00   0.000000000000000E+00
   9.964336380700000E-01   3.554563341500000E+00   3.225483678300000E-01   1.094996051600000E+00   5.736632282900000E-01   0.000000000000000E+00   0.000000000000000E+00   0.000000000000000E+00   0.000000000000000E+00
   9.965388158300000E-01   3.554306111900000E+00   3.225475218800000E-01   1.114026546800000E+00   5.259925367200000E-01   0.000000000000000E+00   0.000000000000000E+00   0.000000000000000E+00   0.000000000000000E+00
   9.966373561400000E-01   3.554563143600000E+00   3.225483671800000E-01   1.095010792400000E+00   5.736262816200000E-01   0.000000000000000E+00   0.000000000000000E+00   0.000000000000000E+00   0.000000000000000E+00
   9.967358964600000E-01   3.554431072600000E+00   3.225479328300000E-01   1.104781634500000E+00   5.491507287600000E-01   0.000000000000000E+00   0.000000000000000E+00   0.000000000000000E+00   0.000000000000000E+00
   9.968344367700001E-01   3.554562902800000E+00   3.225483663900000E-01   1.095028628300000E+00   5.735815772500000E-01   0.000000000000000E+00   0.000000000000000E+00   0.000000000000000E+00   0.000000000000000E+00
   9.969329770799999E-01   3.554307649100000E+00   3.225475269200000E-01   1.113912398200000E+00   5.262786490300000E-01   0.000000000000000E+00   0.000000000000000E+00   0.000000000000000E+00   0.000000000000000E+00
   9.970440664300000E-01   3.554562711800000E+00   3.225483657600000E-01   1.095042873500000E+00   5.735458687300000E-01   0.000000000000000E+00   0.000000000000000E+00   0.000000000000000E+00   0.000000000000000E+00
   9.971551557700000E-01   3.554431614200000E+00   3.225479346100000E-01   1.104741398600000E+00   5.492515853400000E-01   0.000000000000000E+00   0.000000000000000E+00   0.000000000000000E+00   0.000000000000000E+00
   9.972662451200000E-01   3.554562500000000E+00   3.225483650700000E-01   1.095058577600000E+00   5.735065024000000E-01   0.000000000000000E+00   0.000000000000000E+00   0.000000000000000E+00   0.000000000000000E+00
   9.973773344700000E-01   3.554309001400000E+00   3.225475313600000E-01   1.113811892900000E+00   5.265305966800000E-01   0.000000000000000E+00   0.000000000000000E+00   0.000000000000000E+00   0.000000000000000E+00
   9.975068167400000E-01   3.554562334400000E+00   3.225483645200000E-01   1.095070932000000E+00   5.734755295100000E-01   0.000000000000000E+00   0.000000000000000E+00   0.000000000000000E+00   0.000000000000000E+00
   9.976362990099999E-01   3.554432083500000E+00   3.225479361500000E-01   1.104706502100000E+00   5.493390697800000E-01   0.000000000000000E+00   0.000000000000000E+00   0.000000000000000E+00   0.000000000000000E+00
   9.977657812800000E-01   3.554562154100000E+00   3.225483639300000E-01   1.095084318000000E+00   5.734419693400000E-01   0.000000000000000E+00   0.000000000000000E+00   0.000000000000000E+00   0.000000000000000E+00
   9.978952635500000E-01   3.554310152300000E+00   3.225475351300000E-01   1.113726223300000E+00   5.267453843900000E-01   0.000000000000000E+00   0.000000000000000E+00   0.000000000000000E+00   0.000000000000000E+00
   9.979814350500000E-01   3.554561963500000E+00   3.225483633100000E-01   1.095098520800000E+00   5.734063573900000E-01   0.000000000000000E+00   0.000000000000000E+00   0.000000000000000E+00   0.000000000000000E+00
   9.980676065400000E-01   3.554432621400000E+00   3.225479379100000E-01   1.104666444800000E+00   5.494395093000000E-01   0.000000000000000E+00   0.000000000000000E+00   0.000000000000000E+00   0.000000000000000E+00
   9.981537780400001E-01   3.554561694400000E+00   3.225483624200000E-01   1.095118484100000E+00   5.733562989400000E-01   0.000000000000000E+00   0.000000000000000E+00   0.000000000000000E+00   0.000000000000000E+00
   9.982399495299999E-01   3.554311866600000E+00   3.225475407400000E-01   1.113598461300000E+00   5.270657659000000E-01   0.000000000000000E+00   0.000000000000000E+00   0.000000000000000E+00   0.000000000000000E+00
   9.982992728500000E-01   3.554561417100000E+00   3.225483615100000E-01   1.095139214100000E+00   5.733043072400000E-01   0.000000000000000E+00   0.000000000000000E+00   0.000000000000000E+00   0.000000000000000E+00
   9.983585961700000E-01   3.554433404500000E+00   3.225479404700000E-01   1.104608001200000E+00   5.495860893700000E-01   0.000000000000000E+00   0.000000000000000E+00   0.000000000000000E+00   0.000000000000000E+00
   9.984179195000000E-01   3.554561030700000E+00   3.225483602400000E-01   1.095167890900000E+00   5.732323751400000E-01   0.000000000000000E+00   0.000000000000000E+00   0.000000000000000E+00   0.000000000000000E+00
   9.984772428200001E-01   3.554314323200000E+00   3.225475487800000E-01   1.113414935500000E+00   5.275261500600000E-01   0.000000000000000E+00   0.000000000000000E+00   0.000000000000000E+00   0.000000000000000E+00
   9.985201908300000E-01   3.554560646100000E+00   3.225483589900000E-01   1.095196747900000E+00   5.731599665300000E-01   0.000000000000000E+00   0.000000000000000E+00   0.000000000000000E+00   0.000000000000000E+00
   9.985631388500000E-01   3.554434490000000E+00   3.225479440100000E-01   1.104526675200000E+00   5.497901657099999E-01   0.000000000000000E+00   0.000000000000000E+00   0.000000000000000E+00   0.000000000000000E+00
   9.986060868700000E-01   3.554560122000000E+00   3.225483572600000E-01   1.095235734900000E+00   5.730621051200000E-01   0.000000000000000E+00   0.000000000000000E+00   0.000000000000000E+00   0.000000000000000E+00
   9.986490348800000E-01   3.554317645900000E+00   3.225475596100000E-01   1.113165430600000E+00   5.281525088600000E-01   0.000000000000000E+00   0.000000000000000E+00   0.000000000000000E+00   0.000000000000000E+00
   9.986760731700000E-01   3.554559558500000E+00   3.225483554300000E-01   1.095278314400000E+00   5.729551641400000E-01   0.000000000000000E+00   0.000000000000000E+00   0.000000000000000E+00   0.000000000000000E+00
   9.987031114500000E-01   3.554436077100000E+00   3.225479491700000E-01   1.104406942400000E+00   5.500909622100000E-01   0.000000000000000E+00   0.000000000000000E+00   0.000000000000000E+00   0.000000000000000E+00
   9.987301497400000E-01   3.554558758300000E+00   3.225483528200000E-01   1.095338750700000E+00   5.728031935400000E-01   0.000000000000000E+00   0.000000000000000E+00   0.000000000000000E+00   0.000000000000000E+00
   9.987571880200000E-01   3.554322742600000E+00   3.225475761400000E-01   1.112778672200000E+00   5.291252751100000E-01   0.000000000000000E+00   0.000000000000000E+00   0.000000000000000E+00   0.000000000000000E+00
   9.987954824900001E-01   3.554558205100000E+00   3.225483510500000E-01   1.095381818600000E+00   5.726946652700000E-01   0.000000000000000E+00   0.000000000000000E+00   0.000000000000000E+00   0.000000000000000E+00
   9.988337769500000E-01   3.554437674300000E+00   3.225479543400000E-01   1.104284918800000E+00   5.503983291700000E-01   0.000000000000000E+00   0.000000000000000E+00   0.000000000000000E+00   0.000000000000000E+00
   9.988720714200000E-01   3.554557674900000E+00   3.225483493700000E-01   1.095423361800000E+00   5.725898115100000E-01   0.000000000000000E+00   0.000000000000000E+00   0.000000000000000E+00   0.000000000000000E+00
   9.989103658800000E-01   3.554326180500000E+00   3.225475872000000E-01   1.112512803500000E+00   5.297963825799999E-01   0.000000000000000E+00   0.000000000000000E+00   0.000000000000000E+00   0.000000000000000E+00
   9.989412342500000E-01   3.554557213500000E+00   3.225483480100000E-01   1.095462493700000E+00   5.724907891300000E-01   0.000000000000000E+00   0.000000000000000E+00   0.000000000000000E+00   0.000000000000000E+00
   9.989721026300000E-01   3.554439142900000E+00   3.225479592200000E-01   1.104174601900000E+00   5.506773839200000E-01   0.000000000000000E+00   0.000000000000000E+00   0.000000000000000E+00   0.000000000000000E+00
   9.990029710000000E-01   3.554556698000000E+00   3.225483467200000E-01   1.095512626500000E+00   5.723633244400000E-01   0.000000000000000E+00   0.000000000000000E+00   0.000000000000000E+00   0.000000000000000E+00
   9.990338393700000E-01   3.554330388000000E+00   3.225476011200000E-01   1.112191670900000E+00   5.306118554900000E-01   0.000000000000000E+00   0.000000000000000E+00   0.000000000000000E+00   0.000000000000000E+00
   9.990697882700000E-01   3.554556680000000E+00   3.225483480800000E-01   1.095551389700000E+00   5.722635880000000E-01   0.000000000000000E+00   0.000000000000000E+00   0.000000000000000E+00   0.000000000000000E+00
   9.991057371700000E-01   3.554441589300000E+00   3.225479703000000E-01   1.104063938500000E+00   5.509580674300000E-01   0.000000000000000E+00   0.000000000000000E+00   0.000000000000000E+00   0.000000000000000E+00
   9.991416860700000E-01   3.554558137500000E+00   3.225483587100000E-01   1.095592290900000E+00   5.721552859200000E-01   0.000000000000000E+00   0.000000000000000E+00   0.000000000000000E+00   0.000000000000000E+00
   9.991776349700000E-01   3.554338357300000E+00   3.225476408900000E-01   1.111922473400000E+00   5.312958747700000E-01   0.000000000000000E+00   0.000000000000000E+00   0.000000000000000E+00   0.000000000000000E+00
   9.992137515100000E-01   3.554566252600000E+00   3.225484105200000E-01   1.095623384800000E+00   5.720605115100000E-01   0.000000000000000E+00   0.000000000000000E+00   0.000000000000000E+00   0.000000000000000E+00
   9.992498680500000E-01   3.554464236700000E+00   3.225481078400000E-01   1.103956228700000E+00   5.512012228099999E-01   0.000000000000000E+00   0.000000000000000E+00   0.000000000000000E+00   0.000000000000000E+00
   9.992859845900000E-01   3.554602246100000E+00   3.225486361600000E-01   1.095647557800000E+00   5.719358619400000E-01   0.000000000000000E+00   0.000000000000000E+00   0.000000000000000E+00   0.000000000000000E+00
   9.993221011300000E-01   3.554434521800000E+00   3.225482310500000E-01   1.111625037700000E+00   5.319183451600000E-01   0.000000000000000E+00   0.000000000000000E+00   0.000000000000000E+00   0.000000000000000E+00
   9.993505772900000E-01   3.554731438700000E+00   3.225494422900000E-01   1.095628791300000E+00   5.717655259700000E-01   0.000000000000000E+00   0.000000000000000E+00   0.000000000000000E+00   0.000000000000000E+00
   9.993790534400000E-01   3.554757458700000E+00   3.225499311100000E-01   1.103721733100000E+00   5.513281920600001E-01   0.000000000000000E+00   0.000000000000000E+00   0.000000000000000E+00   0.000000000000000E+00
   9.994075295900000E-01   3.555115779800000E+00   3.225518384100000E-01   1.095508683700000E+00   5.714273256100000E-01   0.000000000000000E+00   0.000000000000000E+00   0.000000000000000E+00   0.000000000000000E+00
   9.994360057400000E-01   3.555339746900000E+00   3.225538617700000E-01   1.110921763700000E+00   5.322754596500000E-01   0.000000000000000E+00   0.000000000000000E+00   0.000000000000000E+00   0.000000000000000E+00
   9.994588937900000E-01   3.556150420500000E+00   3.225582868800000E-01   1.095100578900000E+00   5.707469634200000E-01   0.000000000000000E+00   0.000000000000000E+00   0.000000000000000E+00   0.000000000000000E+00
   9.994817818400000E-01   3.556981746200000E+00   3.225637894400000E-01   1.102625475000000E+00   5.504879661199999E-01   0.000000000000000E+00   0.000000000000000E+00   0.000000000000000E+00   0.000000000000000E+00
   9.995046698900000E-01   3.558590757600000E+00   3.225735011400000E-01   1.094089775100000E+00   5.692780883600000E-01   0.000000000000000E+00   0.000000000000000E+00   0.000000000000000E+00   0.000000000000000E+00
   9.995275579400000E-01   3.560753189400000E+00   3.225876090600000E-01   1.108215928700000E+00   5.304240238100000E-01   0.000000000000000E+00   0.000000000000000E+00   0.000000000000000E+00   0.000000000000000E+00
   9.995473199800000E-01   3.564118216800000E+00   3.226079922700000E-01   1.091734343300000E+00   5.661882970900000E-01   0.000000000000000E+00   0.000000000000000E+00   0.000000000000000E+00   0.000000000000000E+00
   9.995670820200000E-01   3.568670695600000E+00   3.226367523000000E-01   1.097427888800000E+00   5.447086800800000E-01   0.000000000000000E+00   0.000000000000000E+00   0.000000000000000E+00   0.000000000000000E+00
   9.995868440600000E-01   3.575682834100000E+00   3.226802979000000E-01   1.086808552800000E+00   5.599275864500000E-01   0.000000000000000E+00   0.000000000000000E+00   0.000000000000000E+00   0.000000000000000E+00
   9.996066061000000E-01   3.585611464200000E+00   3.227431621400000E-01   1.097237760600000E+00   5.186697524800000E-01   0.000000000000000E+00   0.000000000000000E+00   0.000000000000000E+00   0.000000000000000E+00
   9.996281956600001E-01   3.602336578300000E+00   3.228477076800000E-01   1.075613306700000E+00   5.461877648400000E-01   0.000000000000000E+00   0.000000000000000E+00   0.000000000000000E+00   0.000000000000000E+00
   9.996497852200000E-01   3.626860512900000E+00   3.230029797300000E-01   1.073049347100000E+00   5.158923305899999E-01   0.000000000000000E+00   0.000000000000000E+00   0.000000000000000E+00   0.000000000000000E+00
   9.996713747900000E-01   3.663134338300000E+00   3.232334675900000E-01   1.051217213700000E+00   5.170109870300000E-01   0.000000000000000E+00   0.000000000000000E+00   0.000000000000000E+00   0.000000000000000E+00
   9.996929643500000E-01   3.714670988000000E+00   3.235655036700000E-01   1.046048937300000E+00   4.596996805100000E-01   0.000000000000000E+00   0.000000000000000E+00   0.000000000000000E+00   0.000000000000000E+00
   9.997080833100001E-01   3.762824059600000E+00   3.238780785300000E-01   1.014388003200000E+00   4.745028835100000E-01   0.000000000000000E+00   0.000000000000000E+00   0.000000000000000E+00   0.000000000000000E+00
   9.997232022700000E-01   3.821906217400000E+00   3.242676613100000E-01   1.001513445900000E+00   4.346346054800000E-01   0.000000000000000E+00   0.000000000000000E+00   0.000000000000000E+00   0.000000000000000E+00
   9.997383212299999E-01   3.893659783000000E+00   3.247473350400000E-01   9.711565683400000E-01   4.267944896800000E-01   0.000000000000000E+00   0.000000000000000E+00   0.000000000000000E+00   0.000000000000000E+00
   9.997534402000000E-01   3.978234402400000E+00   3.253244481700000E-01   9.598134065900000E-01   3.674067797100000E-01   0.000000000000000E+00   0.000000000000000E+00   0.000000000000000E+00   0.000000000000000E+00
   9.997648216500000E-01   4.051093143000000E+00   3.258296072000000E-01   9.254534574900000E-01   3.790217547100000E-01   0.000000000000000E+00   0.000000000000000E+00   0.000000000000000E+00   0.000000000000000E+00
   9.997762031100000E-01   4.131010411200000E+00   3.263952088000000E-01   9.115567412800000E-01   3.417941517700000E-01   0.000000000000000E+00   0.000000000000000E+00   0.000000000000000E+00   0.000000000000000E+00
   9.997875845700001E-01   4.218213496900000E+00   3.270240877100000E-01   8.830198571800000E-01   3.370311049600000E-01   0.000000000000000E+00   0.000000000000000E+00   0.000000000000000E+00   0.000000000000000E+00
   9.997989660300000E-01   4.311639547800000E+00   3.277141542000000E-01   8.750792291400000E-01   2.864933665800000E-01   0.000000000000000E+00   0.000000000000000E+00   0.000000000000000E+00   0.000000000000000E+00
   9.998100281400000E-01   4.408536630200000E+00   3.284451208200000E-01   8.408013564600000E-01   2.976785473700000E-01   0.000000000000000E+00   0.000000000000000E+00   0.000000000000000E+00   0.000000000000000E+00
   9.998210902600000E-01   4.510002876900000E+00   3.292312269100000E-01   8.273547898400000E-01   2.645864707300000E-01   0.000000000000000E+00   0.000000000000000E+00   0.000000000000000E+00   0.000000000000000E+00
   9.998321523700000E-01   4.615874606700000E+00   3.300723843400000E-01   8.007176904600000E-01   2.624773274700000E-01   0.000000000000000E+00   0.000000000000000E+00   0.000000000000000E+00   0.000000000000000E+00
   9.998432144800000E-01   4.724879933200000E+00   3.309643287100000E-01   7.947050142800000E-01   2.184300262000000E-01   0.000000000000000E+00   0.000000000000000E+00   0.000000000000000E+00   0.000000000000000E+00
   9.998514741600000E-01   4.808430541500000E+00   3.316637678900000E-01   7.679679024000000E-01   2.352838453400000E-01   0.000000000000000E+00   0.000000000000000E+00   0.000000000000000E+00   0.000000000000000E+00
   9.998597338300000E-01   4.892881787300000E+00   3.323883948800000E-01   7.612655492300000E-01   2.108341558400000E-01   0.000000000000000E+00   0.000000000000000E+00   0.000000000000000E+00   0.000000000000000E+00
   9.998679935100000E-01   4.978469169900000E+00   3.331388551900000E-01   7.419814159500000E-01   2.146166386500000E-01   0.000000000000000E+00   0.000000000000000E+00   0.000000000000000E+00   0.000000000000000E+00
   9.998762531800000E-01   5.064425040000000E+00   3.339122689100000E-01   7.419762979400000E-01   1.795333505600000E-01   0.000000000000000E+00   0.000000000000000E+00   0.000000000000000E+00   0.000000000000000E+00
   9.998835683300000E-01   5.141260069400000E+00   3.346175563600000E-01   7.192770352000000E-01   1.973255570000000E-01   0.000000000000000E+00   0.000000000000000E+00   0.000000000000000E+00   0.000000000000000E+00
   9.998908834800000E-01   5.217959908500000E+00   3.353389402200000E-01   7.153155284500000E-01   1.772662173800000E-01   0.000000000000000E+00   0.000000000000000E+00   0.000000000000000E+00   0.000000000000000E+00
   9.998981986300000E-01   5.294857272800000E+00   3.360773430400000E-01   6.995254563000000E-01   1.827782778300000E-01   0.000000000000000E+00   0.000000000000000E+00   0.000000000000000E+00   0.000000000000000E+00
   9.999055137800000E-01   5.371346547000000E+00   3.368304358200000E-01   7.015917329400000E-01   1.528167911100000E-01   0.000000000000000E+00   0.000000000000000E+00   0.000000000000000E+00   0.000000000000000E+00
   9.999119062400000E-01   5.438307753300000E+00   3.375019104100000E-01   6.823624522400000E-01   1.705829129400000E-01   0.000000000000000E+00   0.000000000000000E+00   0.000000000000000E+00   0.000000000000000E+00
   9.999182986900000E-01   5.504718126500000E+00   3.381833910100000E-01   6.804120158000000E-01   1.539184346700000E-01   0.000000000000000E+00   0.000000000000000E+00   0.000000000000000E+00   0.000000000000000E+00
   9.999246911500000E-01   5.570951857100000E+00   3.388759830100000E-01   6.674653187100000E-01   1.602461658100000E-01   0.000000000000000E+00   0.000000000000000E+00   0.000000000000000E+00   0.000000000000000E+00
   9.999310836100000E-01   5.636514572300000E+00   3.395778050100000E-01   6.708224600000000E-01   1.345116434300000E-01   0.000000000000000E+00   0.000000000000000E+00   0.000000000000000E+00   0.000000000000000E+00
   9.999361441600000E-01   5.688368828200000E+00   3.401412738800000E-01   6.549904884200000E-01   1.518066333700000E-01   0.000000000000000E+00   0.000000000000000E+00   0.000000000000000E+00   0.000000000000000E+00
   9.999412047200000E-01   5.739649469000000E+00   3.407097814000000E-01   6.548107600600001E-01   1.381502345800000E-01   0.000000000000000E+00   0.000000000000000E+00   0.000000000000000E+00   0.000000000000000E+00
   9.999462652700000E-01   5.790734843400000E+00   3.412845275500000E-01   6.446170177600000E-01   1.448399273600000E-01   0.000000000000000E+00   0.000000000000000E+00   0.000000000000000E+00   0.000000000000000E+00
   9.999513258300000E-01   5.841217633000000E+00   3.418640253000000E-01   6.489232891200000E-01   1.231597567400000E-01   0.000000000000000E+00   0.000000000000000E+00   0.000000000000000E+00   0.000000000000000E+00
   9.999551322800000E-01   5.879180192000000E+00   3.423043008600000E-01   6.360099072500000E-01   1.391377578500000E-01   0.000000000000000E+00   0.000000000000000E+00   0.000000000000000E+00   0.000000000000000E+00
   9.999589387200000E-01   5.916692799700000E+00   3.427467938500000E-01   6.368821143300000E-01   1.280337859700000E-01   0.000000000000000E+00   0.000000000000000E+00   0.000000000000000E+00   0.000000000000000E+00
   9.999627451699999E-01   5.954101628500000E+00   3.431926444000000E-01   6.289766412500000E-01   1.344179619100000E-01   0.000000000000000E+00   0.000000000000000E+00   0.000000000000000E+00   0.000000000000000E+00
   9.999665516200000E-01   5.991067310100000E+00   3.436406552700000E-01   6.334906198000000E-01   1.166112197300000E-01   0.000000000000000E+00   0.000000000000000E+00   0.000000000000000E+00   0.000000000000000E+00
   9.999695719500000E-01   6.020437858600000E+00   3.439988557100000E-01   6.229224051600000E-01   1.304015981300000E-01   0.000000000000000E+00   0.000000000000000E+00   0.000000000000000E+00   0.000000000000000E+00
   9.999725922900000E-01   6.049461020200000E+00   3.443581354800000E-01   6.240268452400000E-01   1.214188607700000E-01   0.000000000000000E+00   0.000000000000000E+00   0.000000000000000E+00   0.000000000000000E+00
   9.999756126200000E-01   6.078432383000000E+00   3.447194812700000E-01   6.177777276400001E-01   1.269120191700000E-01   0.000000000000000E+00   0.000000000000000E+00   0.000000000000000E+00   0.000000000000000E+00
   9.999786329500000E-01   6.107073350900000E+00   3.450819240700000E-01   6.217517193800000E-01   1.126037857200000E-01   0.000000000000000E+00   0.000000000000000E+00   0.000000000000000E+00   0.000000000000000E+00
   9.999806604900000E-01   6.126371095700000E+00   3.453267054500000E-01   6.136488718599999E-01   1.240623667900000E-01   0.000000000000000E+00   0.000000000000000E+00   0.000000000000000E+00   0.000000000000000E+00
   9.999826880200000E-01   6.145441887600000E+00   3.455716977200000E-01   6.149429542600000E-01   1.173069102800000E-01   0.000000000000000E+00   0.000000000000000E+00   0.000000000000000E+00   0.000000000000000E+00
   9.999847155500000E-01   6.164519116900000E+00   3.458176830200000E-01   6.105600656000000E-01   1.217434955400000E-01   0.000000000000000E+00   0.000000000000000E+00   0.000000000000000E+00   0.000000000000000E+00
   9.999867430800000E-01   6.183380223500000E+00   3.460638756400000E-01   6.140496419600000E-01   1.114152672200000E-01   0.000000000000000E+00   0.000000000000000E+00   0.000000000000000E+00   0.000000000000000E+00
   9.999881005300000E-01   6.196062873300000E+00   3.462293826600000E-01   6.087358904200000E-01   1.200651124700000E-01   0.000000000000000E+00   0.000000000000000E+00   0.000000000000000E+00   0.000000000000000E+00
   9.999894579800001E-01   6.208555470900000E+00   3.463945814300000E-01   6.107832095500000E-01   1.158297190200000E-01   0.000000000000000E+00   0.000000000000000E+00   0.000000000000000E+00   0.000000000000000E+00
   9.999908154300000E-01   6.220965346800000E+00   3.465597163200000E-01   6.102484914200000E-01   1.197110197300000E-01   0.000000000000000E+00   0.000000000000000E+00   0.000000000000000E+00   0.000000000000000E+00
   9.999921728900000E-01   6.233006140800000E+00   3.467235257600000E-01   6.179053956400000E-01   1.151042596500000E-01   0.000000000000000E+00   0.000000000000000E+00   0.000000000000000E+00   0.000000000000000E+00
   9.999930040800000E-01   6.240184522800000E+00   3.468228860500000E-01   6.209231695800000E-01   1.229019932900000E-01   0.000000000000000E+00   0.000000000000000E+00   0.000000000000000E+00   0.000000000000000E+00
   9.999938352700000E-01   6.246933137600000E+00   3.469202619800000E-01   6.325237470000000E-01   1.244512202500000E-01   0.000000000000000E+00   0.000000000000000E+00   0.000000000000000E+00   0.000000000000000E+00
   9.999946664600000E-01   6.253092350600000E+00   3.470146287700000E-01   6.498507995700000E-01   1.333009402700000E-01   0.000000000000000E+00   0.000000000000000E+00   0.000000000000000E+00   0.000000000000000E+00
   9.999954976600000E-01   6.258094120900000E+00   3.471031603500000E-01   6.843406250600000E-01   1.433139790700000E-01   0.000000000000000E+00   0.000000000000000E+00   0.000000000000000E+00   0.000000000000000E+00
   9.999959340300000E-01   6.260013509900000E+00   3.471459714900000E-01   7.102681831300000E-01   1.572481266200000E-01   0.000000000000000E+00   0.000000000000000E+00   0.000000000000000E+00   0.000000000000000E+00
   9.999963704100000E-01   6.261107295700000E+00   3.471846271800000E-01   7.490660924000000E-01   1.729043019600000E-01   0.000000000000000E+00   0.000000000000000E+00   0.000000000000000E+00   0.000000000000000E+00
   9.999968067900000E-01   6.261018613300000E+00   3.472173069000000E-01   8.042408981900000E-01   1.987928082400000E-01   0.000000000000000E+00   0.000000000000000E+00   0.000000000000000E+00   0.000000000000000E+00
   9.999972431700000E-01   6.259028159700000E+00   3.472405662500000E-01   8.883071941500000E-01   2.389506658000000E-01   0.000000000000000E+00   0.000000000000000E+00   0.000000000000000E+00   0.000000000000000E+00
   9.999974774900000E-01   6.256783614200000E+00   3.472472983400000E-01   9.510083359600000E-01   2.730478012200000E-01   0.000000000000000E+00   0.000000000000000E+00   0.000000000000000E+00   0.000000000000000E+00
   9.999977118100000E-01   6.253313895600000E+00   3.472481461800000E-01   1.033322249900000E+00   3.193041437300000E-01   0.000000000000000E+00   0.000000000000000E+00   0.000000000000000E+00   0.000000000000000E+00
   9.999979461200000E-01   6.248108605800000E+00   3.472407791100000E-01   1.143425462700000E+00   3.869413540600000E-01   0.000000000000000E+00   0.000000000000000E+00   0.000000000000000E+00   0.000000000000000E+00
   9.999981804400000E-01   6.240296811500000E+00   3.472213115500000E-01   1.296466929100000E+00   4.901727511100000E-01   0.000000000000000E+00   0.000000000000000E+00   0.000000000000000E+00   0.000000000000000E+00
   9.999983179500000E-01   6.233945673800000E+00   3.472018193300000E-01   1.415552950700000E+00   5.787582309000000E-01   0.000000000000000E+00   0.000000000000000E+00   0.000000000000000E+00   0.000000000000000E+00
   9.999984554500000E-01   6.225726158400000E+00   3.471739306000000E-01   1.566063328800000E+00   6.996685993800000E-01   0.000000000000000E+00   0.000000000000000E+00   0.000000000000000E+00   0.000000000000000E+00
   9.999985929600000E-01   6.214902353500000E+00   3.471345085900000E-01   1.760300238300000E+00   8.715073620100000E-01   0.000000000000000E+00   0.000000000000000E+00   0.000000000000000E+00   0.000000000000000E+00
   9.999987304700000E-01   6.200294707900000E+00   3.470785955200000E-01   2.018170781000000E+00   1.125592495200000E+00   0.000000000000000E+00   0.000000000000000E+00   0.000000000000000E+00   0.000000000000000E+00
   9.999988182500000E-01   6.188158817900000E+00   3.470308193200000E-01   2.229504117400000E+00   1.356323257200000E+00   0.000000000000000E+00   0.000000000000000E+00   0.000000000000000E+00   0.000000000000000E+00
   9.999989060400000E-01   6.172963974200000E+00   3.469700557100000E-01   2.491246644200000E+00   1.668426923700000E+00   0.000000000000000E+00   0.000000000000000E+00   0.000000000000000E+00   0.000000000000000E+00
   9.999989938300000E-01   6.153575791500000E+00   3.468916896200000E-01   2.820659659800000E+00   2.103700443800000E+00   0.000000000000000E+00   0.000000000000000E+00   0.000000000000000E+00   0.000000000000000E+00
   9.999990816200000E-01   6.128258243500000E+00   3.467887251100000E-01   3.243697091600000E+00   2.729706987200000E+00   0.000000000000000E+00   0.000000000000000E+00   0.000000000000000E+00   0.000000000000000E+00
   9.999991441800000E-01   6.105180186500000E+00   3.466946691500000E-01   3.622060572600000E+00   3.353846704500000E+00   0.000000000000000E+00   0.000000000000000E+00   0.000000000000000E+00   0.000000000000000E+00
   9.999992067400000E-01   6.076335180200000E+00   3.465771478000000E-01   4.085717252100000E+00   4.198331791900000E+00   0.000000000000000E+00   0.000000000000000E+00   0.000000000000000E+00   0.000000000000000E+00
   9.999992693000000E-01   6.039644705700000E+00   3.464279718600000E-01   4.660212131400000E+00   5.368974049400000E+00   0.000000000000000E+00   0.000000000000000E+00   0.000000000000000E+00   0.000000000000000E+00
   9.999993318600000E-01   5.992038480900000E+00   3.462351242100000E-01   5.381390619100000E+00   7.030283196000000E+00   0.000000000000000E+00   0.000000000000000E+00   0.000000000000000E+00   0.000000000000000E+00
   9.999993817500000E-01   5.943298421600000E+00   3.460385413200000E-01   6.092148492500000E+00   8.879857429199999E+00   0.000000000000000E+00   0.000000000000000E+00   0.000000000000000E+00   0.000000000000000E+00
   9.999994316500000E-01   5.881491578800000E+00   3.457904145000000E-01   6.956628548000000E+00   1.141138494100000E+01   0.000000000000000E+00   0.000000000000000E+00   0.000000000000000E+00   0.000000000000000E+00
   9.999994815400000E-01   5.801979316200000E+00   3.454728746500000E-01   8.011326391600001E+00   1.493665685900000E+01   0.000000000000000E+00   0.000000000000000E+00   0.000000000000000E+00   0.000000000000000E+00
   9.999995314300000E-01   5.698241214000000E+00   3.450609214200000E-01   9.300373414799999E+00   1.991471595800000E+01   0.000000000000000E+00   0.000000000000000E+00   0.000000000000000E+00   0.000000000000000E+00
   9.999995650300000E-01   5.610397777200000E+00   3.447137488600000E-01   1.032195339500000E+01   2.441348050200000E+01   0.000000000000000E+00   0.000000000000000E+00   0.000000000000000E+00   0.000000000000000E+00
   9.999995986300000E-01   5.504088227600000E+00   3.442952388800000E-01   1.148156078600000E+01   3.014855303600000E+01   0.000000000000000E+00   0.000000000000000E+00   0.000000000000000E+00   0.000000000000000E+00
   9.999996322200000E-01   5.375148360000000E+00   3.437895872700000E-01   1.278569013200000E+01   3.746429869400000E+01   0.000000000000000E+00   0.000000000000000E+00   0.000000000000000E+00   0.000000000000000E+00
   9.999996658200000E-01   5.218812000700000E+00   3.431787559800000E-01   1.423206549500000E+01   4.676833218900000E+01   0.000000000000000E+00   0.000000000000000E+00   0.000000000000000E+00   0.000000000000000E+00
   9.999996969600000E-01   5.044956783600000E+00   3.425017307700000E-01   1.568524783900000E+01   5.756340370100000E+01   0.000000000000000E+00   0.000000000000000E+00   0.000000000000000E+00   0.000000000000000E+00
   9.999997281000000E-01   4.839167233800000E+00   3.417026988600000E-01   1.721546215600000E+01   7.081840117300000E+01   0.000000000000000E+00   0.000000000000000E+00   0.000000000000000E+00   0.000000000000000E+00
   9.999997592500000E-01   4.598310631400000E+00   3.407699342400000E-01   1.877170011600000E+01   8.681261821200000E+01   0.000000000000000E+00   0.000000000000000E+00   0.000000000000000E+00   0.000000000000000E+00
   9.999997903900000E-01   4.321001703600000E+00   3.396983442700000E-01   2.027796358400000E+01   1.056538060500000E+02   0.000000000000000E+00   0.000000000000000E+00   0.000000000000000E+00   0.000000000000000E+00
   9.999998167100000E-01   4.059086118100000E+00   3.386878681600000E-01   2.144214966700000E+01   1.236687498000000E+02   0.000000000000000E+00   0.000000000000000E+00   0.000000000000000E+00   0.000000000000000E+00
   9.999998430300000E-01   3.774857519600000E+00   3.375924944400000E-01   2.243710231800000E+01   1.432470407100000E+02   0.000000000000000E+00   0.000000000000000E+00   0.000000000000000E+00   0.000000000000000E+00
   9.999998693400000E-01   3.473229403500000E+00   3.364308498100000E-01   2.319975069500000E+01   1.638059320400000E+02   0.000000000000000E+00   0.000000000000000E+00   0.000000000000000E+00   0.000000000000000E+00
   9.999998956600000E-01   3.161012429300000E+00   3.352287057000000E-01   2.367646005800000E+01   1.845429737100000E+02   0.000000000000000E+00   0.000000000000000E+00   0.000000000000000E+00   0.000000000000000E+00
   9.999999217500000E-01   2.849130973700000E+00   3.340275701700000E-01   2.383324561900000E+01   2.043241299400000E+02   0.000000000000000E+00   0.000000000000000E+00   0.000000000000000E+00   0.000000000000000E+00
   9.999999478300000E-01   2.543237861000000E+00   3.328486370300000E-01   2.366755411900000E+01   2.223528297800000E+02   0.000000000000000E+00   0.000000000000000E+00   0.000000000000000E+00   0.000000000000000E+00
   9.999999739200000E-01   2.251060485800000E+00   3.317211625300000E-01   2.319641561800000E+01   2.377484835600000E+02   0.000000000000000E+00   0.000000000000000E+00   0.000000000000000E+00   0.000000000000000E+00
   1.000000000000000E+00   1.978880643800000E+00   3.306689837500000E-01   2.246003280700000E+01   2.498316878700000E+02   0.000000000000000E+00   0.000000000000000E+00   0.000000000000000E+00   0.000000000000000E+00
