   0.000000000000000E+00   4.925132044000000E-01   9.999999955900000E-01   1.683947896900000E+00   1.822576332700000E+00   0.000000000000000E+00   0.000000000000000E+00   0.000000000000000E+00   0.000000000000000E+00
   2.840126864400000E-04   5.948778529800000E-01   9.047387771600000E-01   1.607639224800000E+00   1.701926287600000E+00   0.000000000000000E+00   0.000000000000000E+00   0.000000000000000E+00   0.000000000000000E+00
   5.680253728800000E-04   7.074730049900000E-01   8.224809032700000E-01   1.568460944200000E+00   1.527887683100000E+00   0.000000000000000E+00   0.000000000000000E+00   0.000000000000000E+00   0.000000000000000E+00
   8.520380593200000E-04   8.319823861400000E-01   7.512095954300000E-01   1.513591924100000E+00   1.430397623800000E+00   0.000000000000000E+00   0.000000000000000E+00   0.000000000000000E+00   0.000000000000000E+00
   1.136050745800000E-03   9.663707437000000E-01   6.893174771700000E-01   1.493561864700000E+00   1.269361990800000E+00   0.000000000000000E+00   0.000000000000000E+00   0.000000000000000E+00   0.000000000000000E+00
   1.413611001100000E-03   1.108762449600000E+00   6.366771712100000E-01   1.437064253700000E+00   1.230259375800000E+00   0.000000000000000E+00   0.000000000000000E+00   0.000000000000000E+00   0.000000000000000E+00
   1.691171256500000E-03   1.258896703100000E+00   5.907914512100000E-01   1.414025527800000E+00   1.121653188300000E+00   0.000000000000000E+00   0.000000000000000E+00   0.000000000000000E+00   0.000000000000000E+00
   1.968731511900000E-03   1.416955327400000E+00   5.508458611400000E-01   1.372277947600000E+00   1.076602515200000E+00   0.000000000000000E+00   0.000000000000000E+00   0.000000000000000E+00   0.000000000000000E+00
   2.246291767300000E-03   1.579666038900000E+00   5.161365913700000E-01   1.363492406600000E+00   9.595108071700000E-01   0.000000000000000E+00   0.000000000000000E+00   0.000000000000000E+00   0.000000000000000E+00
   2.663021337100000E-03   1.831174917300000E+00   4.725766652900000E-01   1.302691581500000E+00   9.280017711600000E-01   0.000000000000000E+00   0.000000000000000E+00   0.000000000000000E+00   0.000000000000000E+00
   3.079750906900000E-03   2.081246459900000E+00   4.377569638500000E-01   1.276924416200000E+00   8.299726281499999E-01   0.000000000000000E+00   0.000000000000000E+00   0.000000000000000E+00   0.000000000000000E+00
   3.496480476700000E-03   2.322790172000000E+00   4.102133679000000E-01   1.234118738500000E+00   7.975301626000000E-01   0.000000000000000E+00   0.000000000000000E+00   0.000000000000000E+00   0.000000000000000E+00
   3.913210046500000E-03   2.545918412100000E+00   3.886662005600000E-01   1.226597229000000E+00   6.960534029300000E-01   0.000000000000000E+00   0.000000000000000E+00   0.000000000000000E+00   0.000000000000000E+00
   4.433093015200000E-03   2.792448694100000E+00   3.685426908500000E-01   1.176836984500000E+00   6.996358149500000E-01   0.000000000000000E+00   0.000000000000000E+00   0.000000000000000E+00   0.000000000000000E+00
   4.952975983900000E-03   2.994449113100000E+00   3.542040328300000E-01   1.164520670700000E+00   6.361502556400001E-01   0.000000000000000E+00   0.000000000000000E+00   0.000000000000000E+00   0.000000000000000E+00
   5.472858952600000E-03   3.153515382600000E+00   3.441548067200000E-01   1.136491700900000E+00   6.361457340000000E-01   0.000000000000000E+00   0.000000000000000E+00   0.000000000000000E+00   0.000000000000000E+00
   5.992741921200000E-03   3.272079339900000E+00   3.371962955500000E-01   1.144434985600000E+00   5.649670131200000E-01   0.000000000000000E+00   0.000000000000000E+00   0.000000000000000E+00   0.000000000000000E+00
   6.725749910700000E-03   3.387505035600000E+00   3.309527142000000E-01   1.111717114000000E+00   5.992148552700000E-01   0.000000000000000E+00   0.000000000000000E+00   0.000000000000000E+00   0.000000000000000E+00
   7.458757900100000E-03   3.457017817300000E+00   3.273450433200000E-01   1.115196163800000E+00   5.620309367100000E-01   0.000000000000000E+00   0.000000000000000E+00   0.000000000000000E+00   0.000000000000000E+00
   8.191765889500000E-03   3.498591989600000E+00   3.252778956600000E-01   1.100296480400000E+00   5.826840813900001E-01   0.000000000000000E+00   0.000000000000000E+00   0.000000000000000E+00   0.000000000000000E+00
   8.924773878900000E-03   3.522259327600000E+00   3.240941206500000E-01   1.118571797800000E+00   5.273350304100000E-01   0.000000000000000E+00   0.000000000000000E+00   0.000000000000000E+00   0.000000000000000E+00
   1.082195461700000E-02   3.547564639300000E+00   3.228854633400000E-01   1.095331814100000E+00   5.755912067400000E-01   0.000000000000000E+00   0.000000000000000E+00   0.000000000000000E+00   0.000000000000000E+00
   1.271913535500000E-02   3.552485800300000E+00   3.226406746000000E-01   1.105488892300000E+00   5.481552332500000E-01   0.000000000000000E+00   0.000000000000000E+00   0.000000000000000E+00   0.000000000000000E+00
   1.461631609400000E-02   3.554079323000000E+00   3.225719333100000E-01   1.094674998500000E+00   5.746538432500000E-01   0.000000000000000E+00   0.000000000000000E+00   0.000000000000000E+00   0.000000000000000E+00
   1.651349683200000E-02   3.554121759800000E+00   3.225554156600000E-01   1.115347781300000E+00   5.227738799300000E-01   0.000000000000000E+00   0.000000000000000E+00   0.000000000000000E+00   0.000000000000000E+00
   2.317854875900000E-02   3.554590658600000E+00   3.225473270300000E-01   1.094623982000000E+00   5.745791743799999E-01   0.000000000000000E+00   0.000000000000000E+00   0.000000000000000E+00   0.000000000000000E+00
   2.984360068600000E-02   3.554402910500000E+00   3.225489130200000E-01   1.105294052400000E+00   5.478849145300000E-01   0.000000000000000E+00   0.000000000000000E+00   0.000000000000000E+00   0.000000000000000E+00
   3.650865261300000E-02   3.554576845600000E+00   3.225479894600000E-01   1.094625659300000E+00   5.745804265700000E-01   0.000000000000000E+00   0.000000000000000E+00   0.000000000000000E+00   0.000000000000000E+00
   4.317370454000000E-02   3.554263070500000E+00   3.225486379900000E-01   1.115331710400000E+00   5.227582902500000E-01   0.000000000000000E+00   0.000000000000000E+00   0.000000000000000E+00   0.000000000000000E+00
   6.920458210500000E-02   3.554574811800000E+00   3.225480869300000E-01   1.094626016200000E+00   5.745803304600000E-01   0.000000000000000E+00   0.000000000000000E+00   0.000000000000000E+00   0.000000000000000E+00
   9.523545966999999E-02   3.554416725700000E+00   3.225482505600000E-01   1.105292230700000E+00   5.478840300400000E-01   0.000000000000000E+00   0.000000000000000E+00   0.000000000000000E+00   0.000000000000000E+00
   1.212663372300000E-01   3.554573354600000E+00   3.225481567900000E-01   1.094626235900000E+00   5.745803533300000E-01   0.000000000000000E+00   0.000000000000000E+00   0.000000000000000E+00   0.000000000000000E+00
   1.472972148000000E-01   3.554272653100000E+00   3.225481786000000E-01   1.115330278300000E+00   5.227581071500000E-01   0.000000000000000E+00   0.000000000000000E+00   0.000000000000000E+00   0.000000000000000E+00
   1.611711156500000E-01   3.554571863100000E+00   3.225482282800000E-01   1.094626475300000E+00   5.745803398000000E-01   0.000000000000000E+00   0.000000000000000E+00   0.000000000000000E+00   0.000000000000000E+00
   1.750450164900000E-01   3.554420431700000E+00   3.225480729400000E-01   1.105291605800000E+00   5.478841406100000E-01   0.000000000000000E+00   0.000000000000000E+00   0.000000000000000E+00   0.000000000000000E+00
   1.889189173400000E-01   3.554570579000000E+00   3.225482897900000E-01   1.094626741300000E+00   5.745801751100000E-01   0.000000000000000E+00   0.000000000000000E+00   0.000000000000000E+00   0.000000000000000E+00
   2.027928181800000E-01   3.554281710200000E+00   3.225477446600000E-01   1.115328491000000E+00   5.227590410300000E-01   0.000000000000000E+00   0.000000000000000E+00   0.000000000000000E+00   0.000000000000000E+00
   2.194185844100000E-01   3.554569956300000E+00   3.225483196000000E-01   1.094626910600000E+00   5.745799925300000E-01   0.000000000000000E+00   0.000000000000000E+00   0.000000000000000E+00   0.000000000000000E+00
   2.360443506300000E-01   3.554422381800000E+00   3.225479795800000E-01   1.105291108500000E+00   5.478846286500000E-01   0.000000000000000E+00   0.000000000000000E+00   0.000000000000000E+00   0.000000000000000E+00
   2.526701168600000E-01   3.554569487800000E+00   3.225483420000000E-01   1.094627071800000E+00   5.745797687700001E-01   0.000000000000000E+00   0.000000000000000E+00   0.000000000000000E+00   0.000000000000000E+00
   2.692958830900000E-01   3.554284916900000E+00   3.225475912800000E-01   1.115327438500000E+00   5.227604433000000E-01   0.000000000000000E+00   0.000000000000000E+00   0.000000000000000E+00   0.000000000000000E+00
   2.862478525300000E-01   3.554569217500000E+00   3.225483549100000E-01   1.094627194900000E+00   5.745795626300000E-01   0.000000000000000E+00   0.000000000000000E+00   0.000000000000000E+00   0.000000000000000E+00
   3.031998219800000E-01   3.554423176300000E+00   3.225479416400000E-01   1.105290757600000E+00   5.478852062000000E-01   0.000000000000000E+00   0.000000000000000E+00   0.000000000000000E+00   0.000000000000000E+00
   3.201517914200000E-01   3.554569002700000E+00   3.225483651500000E-01   1.094627328300000E+00   5.745793081500000E-01   0.000000000000000E+00   0.000000000000000E+00   0.000000000000000E+00   0.000000000000000E+00
   3.371037608700000E-01   3.554286383100000E+00   3.225475213800000E-01   1.115326575500000E+00   5.227620588800000E-01   0.000000000000000E+00   0.000000000000000E+00   0.000000000000000E+00   0.000000000000000E+00
   3.541887170500000E-01   3.554568876800000E+00   3.225483711300000E-01   1.094627435600000E+00   5.745790846700000E-01   0.000000000000000E+00   0.000000000000000E+00   0.000000000000000E+00   0.000000000000000E+00
   3.712736732300000E-01   3.554423544600000E+00   3.225479241300000E-01   1.105290453400000E+00   5.478858353500000E-01   0.000000000000000E+00   0.000000000000000E+00   0.000000000000000E+00   0.000000000000000E+00
   3.883586294100000E-01   3.554568775800000E+00   3.225483759000000E-01   1.094627556600000E+00   5.745788161199999E-01   0.000000000000000E+00   0.000000000000000E+00   0.000000000000000E+00   0.000000000000000E+00
   4.054435855900000E-01   3.554287071200000E+00   3.225474888100000E-01   1.115325796700000E+00   5.227637716100000E-01   0.000000000000000E+00   0.000000000000000E+00   0.000000000000000E+00   0.000000000000000E+00
   4.221831022500000E-01   3.554568715300000E+00   3.225483787500000E-01   1.094627657900000E+00   5.745785817600000E-01   0.000000000000000E+00   0.000000000000000E+00   0.000000000000000E+00   0.000000000000000E+00
   4.389226189100000E-01   3.554423720500000E+00   3.225479158600000E-01   1.105290166900000E+00   5.478864963900000E-01   0.000000000000000E+00   0.000000000000000E+00   0.000000000000000E+00   0.000000000000000E+00
   4.556621355700000E-01   3.554568666400000E+00   3.225483810200000E-01   1.094627776000000E+00   5.745782999200000E-01   0.000000000000000E+00   0.000000000000000E+00   0.000000000000000E+00   0.000000000000000E+00
   4.724016522300000E-01   3.554287404600000E+00   3.225474732600000E-01   1.115325039000000E+00   5.227655724100000E-01   0.000000000000000E+00   0.000000000000000E+00   0.000000000000000E+00   0.000000000000000E+00
   4.832196950100000E-01   3.554568627400000E+00   3.225483828200000E-01   1.094627902400000E+00   5.745779928100000E-01   0.000000000000000E+00   0.000000000000000E+00   0.000000000000000E+00   0.000000000000000E+00
   4.940377377800000E-01   3.554423820700000E+00   3.225479112600000E-01   1.105289810900000E+00   5.478873649400000E-01   0.000000000000000E+00   0.000000000000000E+00   0.000000000000000E+00   0.000000000000000E+00
   5.048557805500000E-01   3.554568599300000E+00   3.225483840600000E-01   1.094628080300000E+00   5.745775499100000E-01   0.000000000000000E+00   0.000000000000000E+00   0.000000000000000E+00   0.000000000000000E+00
   5.156738233300000E-01   3.554287613400000E+00   3.225474639400000E-01   1.115323897700000E+00   5.227684027700000E-01   0.000000000000000E+00   0.000000000000000E+00   0.000000000000000E+00   0.000000000000000E+00
   5.253959282300000E-01   3.554568584000000E+00   3.225483847000000E-01   1.094628239000000E+00   5.745771508400001E-01   0.000000000000000E+00   0.000000000000000E+00   0.000000000000000E+00   0.000000000000000E+00
   5.351180331399999E-01   3.554423865800000E+00   3.225479093700000E-01   1.105289362600000E+00   5.478884915000000E-01   0.000000000000000E+00   0.000000000000000E+00   0.000000000000000E+00   0.000000000000000E+00
   5.448401380500000E-01   3.554568573600000E+00   3.225483850800000E-01   1.094628434800000E+00   5.745766550600000E-01   0.000000000000000E+00   0.000000000000000E+00   0.000000000000000E+00   0.000000000000000E+00
   5.545622429600000E-01   3.554287691400000E+00   3.225474609700000E-01   1.115322643400000E+00   5.227715740700000E-01   0.000000000000000E+00   0.000000000000000E+00   0.000000000000000E+00   0.000000000000000E+00
   5.643603176300001E-01   3.554568568000000E+00   3.225483852400000E-01   1.094628600300000E+00   5.745762348500000E-01   0.000000000000000E+00   0.000000000000000E+00   0.000000000000000E+00   0.000000000000000E+00
   5.741583923000000E-01   3.554423882800000E+00   3.225479088400000E-01   1.105288895300000E+00   5.478896778200000E-01   0.000000000000000E+00   0.000000000000000E+00   0.000000000000000E+00   0.000000000000000E+00
   5.839564669800000E-01   3.554568563500000E+00   3.225483853400000E-01   1.094628793900000E+00   5.745757421200000E-01   0.000000000000000E+00   0.000000000000000E+00   0.000000000000000E+00   0.000000000000000E+00
   5.937545416500000E-01   3.554287723100000E+00   3.225474602000000E-01   1.115321403500000E+00   5.227747270999999E-01   0.000000000000000E+00   0.000000000000000E+00   0.000000000000000E+00   0.000000000000000E+00
   6.032988093100000E-01   3.554568560500000E+00   3.225483853800000E-01   1.094628960700000E+00   5.745753176200000E-01   0.000000000000000E+00   0.000000000000000E+00   0.000000000000000E+00   0.000000000000000E+00
   6.128430769600000E-01   3.554423891600000E+00   3.225479087100000E-01   1.105288424600000E+00   5.478908763500000E-01   0.000000000000000E+00   0.000000000000000E+00   0.000000000000000E+00   0.000000000000000E+00
   6.223873446200000E-01   3.554568557500000E+00   3.225483854000000E-01   1.094629159300000E+00   5.745748115900000E-01   0.000000000000000E+00   0.000000000000000E+00   0.000000000000000E+00   0.000000000000000E+00
   6.319316122700001E-01   3.554287742900000E+00   3.225474600300000E-01   1.115320132100000E+00   5.227779655700000E-01   0.000000000000000E+00   0.000000000000000E+00   0.000000000000000E+00   0.000000000000000E+00
   6.438424089700000E-01   3.554568555500000E+00   3.225483854100000E-01   1.094629311300000E+00   5.745744241800000E-01   0.000000000000000E+00   0.000000000000000E+00   0.000000000000000E+00   0.000000000000000E+00
   6.557532056599999E-01   3.554423897500000E+00   3.225479086900000E-01   1.105287995200000E+00   5.478919702100000E-01   0.000000000000000E+00   0.000000000000000E+00   0.000000000000000E+00   0.000000000000000E+00
   6.676640023600000E-01   3.554568553400000E+00   3.225483854100000E-01   1.094629470500000E+00   5.745740186700000E-01   0.000000000000000E+00   0.000000000000000E+00   0.000000000000000E+00   0.000000000000000E+00
   6.795747990500000E-01   3.554287756300000E+00   3.225474600200000E-01   1.115319113700000E+00   5.227805608000000E-01   0.000000000000000E+00   0.000000000000000E+00   0.000000000000000E+00   0.000000000000000E+00
   6.883600897500000E-01   3.554568551400000E+00   3.225483854100000E-01   1.094629629800000E+00   5.745736126800000E-01   0.000000000000000E+00   0.000000000000000E+00   0.000000000000000E+00   0.000000000000000E+00
   6.971453804400000E-01   3.554423903200000E+00   3.225479086900000E-01   1.105287545400000E+00   5.478931165399999E-01   0.000000000000000E+00   0.000000000000000E+00   0.000000000000000E+00   0.000000000000000E+00
   7.059306711300000E-01   3.554568548800000E+00   3.225483854000000E-01   1.094629845500000E+00   5.745730629200000E-01   0.000000000000000E+00   0.000000000000000E+00   0.000000000000000E+00   0.000000000000000E+00
   7.147159618300000E-01   3.554287773300000E+00   3.225474600500000E-01   1.115317733200000E+00   5.227840792500000E-01   0.000000000000000E+00   0.000000000000000E+00   0.000000000000000E+00   0.000000000000000E+00
   7.215906098900000E-01   3.554568546200000E+00   3.225483854000000E-01   1.094630054300000E+00   5.745725307000000E-01   0.000000000000000E+00   0.000000000000000E+00   0.000000000000000E+00   0.000000000000000E+00
   7.284652579499999E-01   3.554423910300000E+00   3.225479087100000E-01   1.105286955900000E+00   5.478946192600000E-01   0.000000000000000E+00   0.000000000000000E+00   0.000000000000000E+00   0.000000000000000E+00
   7.353399060100000E-01   3.554568542900000E+00   3.225483853900000E-01   1.094630329900000E+00   5.745718282000000E-01   0.000000000000000E+00   0.000000000000000E+00   0.000000000000000E+00   0.000000000000000E+00
   7.422145540700000E-01   3.554287794600000E+00   3.225474601100000E-01   1.115315969200000E+00   5.227885752400000E-01   0.000000000000000E+00   0.000000000000000E+00   0.000000000000000E+00   0.000000000000000E+00
   7.482644326000000E-01   3.554568539900000E+00   3.225483853800000E-01   1.094630580100000E+00   5.745711904000000E-01   0.000000000000000E+00   0.000000000000000E+00   0.000000000000000E+00   0.000000000000000E+00
   7.543143111400000E-01   3.554423918800000E+00   3.225479087400000E-01   1.105286249400000E+00   5.478964200899999E-01   0.000000000000000E+00   0.000000000000000E+00   0.000000000000000E+00   0.000000000000000E+00
   7.603641896800000E-01   3.554568536100000E+00   3.225483853600000E-01   1.094630893300000E+00   5.745703922099999E-01   0.000000000000000E+00   0.000000000000000E+00   0.000000000000000E+00   0.000000000000000E+00
   7.664140682100000E-01   3.554287818700000E+00   3.225474601800000E-01   1.115313965200000E+00   5.227936836500000E-01   0.000000000000000E+00   0.000000000000000E+00   0.000000000000000E+00   0.000000000000000E+00
   7.717029699600000E-01   3.554568532700000E+00   3.225483853500000E-01   1.094631178600000E+00   5.745696649800000E-01   0.000000000000000E+00   0.000000000000000E+00   0.000000000000000E+00   0.000000000000000E+00
   7.769918717099999E-01   3.554423928500000E+00   3.225479087700000E-01   1.105285443800000E+00   5.478984734400000E-01   0.000000000000000E+00   0.000000000000000E+00   0.000000000000000E+00   0.000000000000000E+00
   7.822807734600000E-01   3.554568528400000E+00   3.225483853400000E-01   1.094631536700000E+00   5.745687520500000E-01   0.000000000000000E+00   0.000000000000000E+00   0.000000000000000E+00   0.000000000000000E+00
   7.875696752100000E-01   3.554287846200000E+00   3.225474602600000E-01   1.115311673200000E+00   5.227995263800000E-01   0.000000000000000E+00   0.000000000000000E+00   0.000000000000000E+00   0.000000000000000E+00
   7.921155405500000E-01   3.554568524500000E+00   3.225483853300000E-01   1.094631865900000E+00   5.745679127000000E-01   0.000000000000000E+00   0.000000000000000E+00   0.000000000000000E+00   0.000000000000000E+00
   7.966614058900000E-01   3.554423939600000E+00   3.225479088000000E-01   1.105284514200000E+00   5.479008433700000E-01   0.000000000000000E+00   0.000000000000000E+00   0.000000000000000E+00   0.000000000000000E+00
   8.012072712300000E-01   3.554568519500000E+00   3.225483853100000E-01   1.094632282500000E+00   5.745668506900000E-01   0.000000000000000E+00   0.000000000000000E+00   0.000000000000000E+00   0.000000000000000E+00
   8.057531365600000E-01   3.554287878200000E+00   3.225474603600000E-01   1.115309007100000E+00   5.228063231900000E-01   0.000000000000000E+00   0.000000000000000E+00   0.000000000000000E+00   0.000000000000000E+00
   8.099031922800000E-01   3.554568515000000E+00   3.225483853000000E-01   1.094632653400000E+00   5.745659050100000E-01   0.000000000000000E+00   0.000000000000000E+00   0.000000000000000E+00   0.000000000000000E+00
   8.140532479900000E-01   3.554423952200000E+00   3.225479088400000E-01   1.105283466900000E+00   5.479035135200000E-01   0.000000000000000E+00   0.000000000000000E+00   0.000000000000000E+00   0.000000000000000E+00
   8.182033037100001E-01   3.554568509600000E+00   3.225483852800000E-01   1.094633109600000E+00   5.745647419000000E-01   0.000000000000000E+00   0.000000000000000E+00   0.000000000000000E+00   0.000000000000000E+00
   8.223533594200000E-01   3.554287913200000E+00   3.225474604700000E-01   1.115306087500000E+00   5.228137671200001E-01   0.000000000000000E+00   0.000000000000000E+00   0.000000000000000E+00   0.000000000000000E+00
   8.264146972999999E-01   3.554568504900000E+00   3.225483852700000E-01   1.094633501600000E+00   5.745637425300000E-01   0.000000000000000E+00   0.000000000000000E+00   0.000000000000000E+00   0.000000000000000E+00
   8.304760351700000E-01   3.554423965500000E+00   3.225479088800000E-01   1.105282360200000E+00   5.479063352500000E-01   0.000000000000000E+00   0.000000000000000E+00   0.000000000000000E+00   0.000000000000000E+00
   8.345373730500000E-01   3.554568499300000E+00   3.225483852500000E-01   1.094633967600000E+00   5.745625542100000E-01   0.000000000000000E+00   0.000000000000000E+00   0.000000000000000E+00   0.000000000000000E+00
   8.385987109200000E-01   3.554287948900000E+00   3.225474605800000E-01   1.115303104800000E+00   5.228213724200000E-01   0.000000000000000E+00   0.000000000000000E+00   0.000000000000000E+00   0.000000000000000E+00
   8.427652085600000E-01   3.554568494600000E+00   3.225483852400000E-01   1.094634358700000E+00   5.745615569600000E-01   0.000000000000000E+00   0.000000000000000E+00   0.000000000000000E+00   0.000000000000000E+00
   8.469317061900000E-01   3.554423978700000E+00   3.225479089200000E-01   1.105281255900000E+00   5.479091510200000E-01   0.000000000000000E+00   0.000000000000000E+00   0.000000000000000E+00   0.000000000000000E+00
   8.510982038300000E-01   3.554568489100000E+00   3.225483852200000E-01   1.094634812900000E+00   5.745603988100000E-01   0.000000000000000E+00   0.000000000000000E+00   0.000000000000000E+00   0.000000000000000E+00
   8.552647014600000E-01   3.554287983700000E+00   3.225474606900000E-01   1.115300198100000E+00   5.228287845700000E-01   0.000000000000000E+00   0.000000000000000E+00   0.000000000000000E+00   0.000000000000000E+00
   8.596081326700000E-01   3.554568484600000E+00   3.225483852100000E-01   1.094635191000000E+00   5.745594345100000E-01   0.000000000000000E+00   0.000000000000000E+00   0.000000000000000E+00   0.000000000000000E+00
   8.639515638700000E-01   3.554423991500000E+00   3.225479089600000E-01   1.105280188300000E+00   5.479118737499999E-01   0.000000000000000E+00   0.000000000000000E+00   0.000000000000000E+00   0.000000000000000E+00
   8.682949950700000E-01   3.554568479400000E+00   3.225483851900000E-01   1.094635626600000E+00   5.745583237100000E-01   0.000000000000000E+00   0.000000000000000E+00   0.000000000000000E+00   0.000000000000000E+00
   8.726384262800000E-01   3.554288017100000E+00   3.225474607900000E-01   1.115297410600000E+00   5.228358936800001E-01   0.000000000000000E+00   0.000000000000000E+00   0.000000000000000E+00   0.000000000000000E+00
   8.751968403200000E-01   3.554568473400000E+00   3.225483851700000E-01   1.094636125900000E+00   5.745570502200000E-01   0.000000000000000E+00   0.000000000000000E+00   0.000000000000000E+00   0.000000000000000E+00
   8.777552543700000E-01   3.554424008300000E+00   3.225479090100000E-01   1.105278778500000E+00   5.479154693400000E-01   0.000000000000000E+00   0.000000000000000E+00   0.000000000000000E+00   0.000000000000000E+00
   8.803136684100000E-01   3.554568464600000E+00   3.225483851500000E-01   1.094636865100000E+00   5.745551648100000E-01   0.000000000000000E+00   0.000000000000000E+00   0.000000000000000E+00   0.000000000000000E+00
   8.828720824600000E-01   3.554288073600000E+00   3.225474609600000E-01   1.115292679600000E+00   5.228479603500000E-01   0.000000000000000E+00   0.000000000000000E+00   0.000000000000000E+00   0.000000000000000E+00
   8.846032816300000E-01   3.554568455300000E+00   3.225483851200000E-01   1.094637643400000E+00   5.745531795200000E-01   0.000000000000000E+00   0.000000000000000E+00   0.000000000000000E+00   0.000000000000000E+00
   8.863344808100000E-01   3.554424034600000E+00   3.225479090900000E-01   1.105276581000000E+00   5.479210745799999E-01   0.000000000000000E+00   0.000000000000000E+00   0.000000000000000E+00   0.000000000000000E+00
   8.880656799900000E-01   3.554568442300000E+00   3.225483850800000E-01   1.094638735300000E+00   5.745503940900000E-01   0.000000000000000E+00   0.000000000000000E+00   0.000000000000000E+00   0.000000000000000E+00
   8.897968791700001E-01   3.554288157100000E+00   3.225474612200000E-01   1.115285691500000E+00   5.228657871200000E-01   0.000000000000000E+00   0.000000000000000E+00   0.000000000000000E+00   0.000000000000000E+00
   8.916457696100000E-01   3.554568431500000E+00   3.225483850400000E-01   1.094639633600000E+00   5.745481022800000E-01   0.000000000000000E+00   0.000000000000000E+00   0.000000000000000E+00   0.000000000000000E+00
   8.934946600400000E-01   3.554424064900000E+00   3.225479091900000E-01   1.105274044600000E+00   5.479275456400000E-01   0.000000000000000E+00   0.000000000000000E+00   0.000000000000000E+00   0.000000000000000E+00
   8.953435504800000E-01   3.554568419400000E+00   3.225483850100000E-01   1.094640655400000E+00   5.745454951200000E-01   0.000000000000000E+00   0.000000000000000E+00   0.000000000000000E+00   0.000000000000000E+00
   8.971924409100001E-01   3.554288235000000E+00   3.225474614600000E-01   1.115279152100000E+00   5.228824729600000E-01   0.000000000000000E+00   0.000000000000000E+00   0.000000000000000E+00   0.000000000000000E+00
   8.996012757900000E-01   3.554568410200000E+00   3.225483849800000E-01   1.094641422700000E+00   5.745435369800000E-01   0.000000000000000E+00   0.000000000000000E+00   0.000000000000000E+00   0.000000000000000E+00
   9.020101106700000E-01   3.554424090700000E+00   3.225479092600000E-01   1.105271877900000E+00   5.479330746700000E-01   0.000000000000000E+00   0.000000000000000E+00   0.000000000000000E+00   0.000000000000000E+00
   9.044189455500000E-01   3.554568400900000E+00   3.225483849500000E-01   1.094642206600000E+00   5.745415364899999E-01   0.000000000000000E+00   0.000000000000000E+00   0.000000000000000E+00   0.000000000000000E+00
   9.068277804300000E-01   3.554288294700000E+00   3.225474616400000E-01   1.115274135300000E+00   5.228952760700000E-01   0.000000000000000E+00   0.000000000000000E+00   0.000000000000000E+00   0.000000000000000E+00
   9.089619254800000E-01   3.554568392500000E+00   3.225483849200000E-01   1.094642915600000E+00   5.745397268800000E-01   0.000000000000000E+00   0.000000000000000E+00   0.000000000000000E+00   0.000000000000000E+00
   9.110960705300000E-01   3.554424114500000E+00   3.225479093400000E-01   1.105269876000000E+00   5.479381840899999E-01   0.000000000000000E+00   0.000000000000000E+00   0.000000000000000E+00   0.000000000000000E+00
   9.132302155799999E-01   3.554568381900000E+00   3.225483848900000E-01   1.094643800000000E+00   5.745374695700000E-01   0.000000000000000E+00   0.000000000000000E+00   0.000000000000000E+00   0.000000000000000E+00
   9.153643606300000E-01   3.554288362000000E+00   3.225474618400000E-01   1.115268475400000E+00   5.229097228900000E-01   0.000000000000000E+00   0.000000000000000E+00   0.000000000000000E+00   0.000000000000000E+00
   9.173602200200000E-01   3.554568372700000E+00   3.225483848600000E-01   1.094644577600000E+00   5.745354846800000E-01   0.000000000000000E+00   0.000000000000000E+00   0.000000000000000E+00   0.000000000000000E+00
   9.193560794100000E-01   3.554424140600000E+00   3.225479094200000E-01   1.105267680600000E+00   5.479437884500000E-01   0.000000000000000E+00   0.000000000000000E+00   0.000000000000000E+00   0.000000000000000E+00
   9.213519388000000E-01   3.554568361500000E+00   3.225483848300000E-01   1.094645522700000E+00   5.745330717300000E-01   0.000000000000000E+00   0.000000000000000E+00   0.000000000000000E+00   0.000000000000000E+00
   9.233477981900000E-01   3.554288433900000E+00   3.225474620600000E-01   1.115262426400000E+00   5.229251657600000E-01   0.000000000000000E+00   0.000000000000000E+00   0.000000000000000E+00   0.000000000000000E+00
   9.254888626000000E-01   3.554568352300000E+00   3.225483848000000E-01   1.094646298600000E+00   5.745310906000000E-01   0.000000000000000E+00   0.000000000000000E+00   0.000000000000000E+00   0.000000000000000E+00
   9.276299270000000E-01   3.554424166600000E+00   3.225479095000000E-01   1.105265489700000E+00   5.479493822500000E-01   0.000000000000000E+00   0.000000000000000E+00   0.000000000000000E+00   0.000000000000000E+00
   9.297709914100000E-01   3.554568341800000E+00   3.225483847700000E-01   1.094647179300000E+00   5.745288420100000E-01   0.000000000000000E+00   0.000000000000000E+00   0.000000000000000E+00   0.000000000000000E+00
   9.319120558200000E-01   3.554288500700000E+00   3.225474622700000E-01   1.115256790500000E+00   5.229395567400000E-01   0.000000000000000E+00   0.000000000000000E+00   0.000000000000000E+00   0.000000000000000E+00
   9.337358569200001E-01   3.554568332200000E+00   3.225483847400000E-01   1.094647992700000E+00   5.745267647700000E-01   0.000000000000000E+00   0.000000000000000E+00   0.000000000000000E+00   0.000000000000000E+00
   9.355596580200000E-01   3.554424193800000E+00   3.225479095800000E-01   1.105263193000000E+00   5.479552473100000E-01   0.000000000000000E+00   0.000000000000000E+00   0.000000000000000E+00   0.000000000000000E+00
   9.373834591200000E-01   3.554568320000000E+00   3.225483847000000E-01   1.094649025900000E+00   5.745241258900000E-01   0.000000000000000E+00   0.000000000000000E+00   0.000000000000000E+00   0.000000000000000E+00
   9.392072602200000E-01   3.554288579000000E+00   3.225474625000000E-01   1.115250177800000E+00   5.229564455200000E-01   0.000000000000000E+00   0.000000000000000E+00   0.000000000000000E+00   0.000000000000000E+00
   9.406789759300000E-01   3.554568308300000E+00   3.225483846700000E-01   1.094650009000000E+00   5.745216149500000E-01   0.000000000000000E+00   0.000000000000000E+00   0.000000000000000E+00   0.000000000000000E+00
   9.421506916500000E-01   3.554424226600000E+00   3.225479096800000E-01   1.105260417500000E+00   5.479623367899999E-01   0.000000000000000E+00   0.000000000000000E+00   0.000000000000000E+00   0.000000000000000E+00
   9.436224073600000E-01   3.554568293200000E+00   3.225483846200000E-01   1.094651288600000E+00   5.745183460800000E-01   0.000000000000000E+00   0.000000000000000E+00   0.000000000000000E+00   0.000000000000000E+00
   9.450941230800000E-01   3.554288675800000E+00   3.225474628000000E-01   1.115241988300000E+00   5.229773662900000E-01   0.000000000000000E+00   0.000000000000000E+00   0.000000000000000E+00   0.000000000000000E+00
   9.467499823700000E-01   3.554568281100000E+00   3.225483845900000E-01   1.094652315400000E+00   5.745157226499999E-01   0.000000000000000E+00   0.000000000000000E+00   0.000000000000000E+00   0.000000000000000E+00
   9.484058416500000E-01   3.554424260800000E+00   3.225479097800000E-01   1.105257518200000E+00   5.479697442800000E-01   0.000000000000000E+00   0.000000000000000E+00   0.000000000000000E+00   0.000000000000000E+00
   9.500617009400000E-01   3.554568267700000E+00   3.225483845500000E-01   1.094653451900000E+00   5.745128185200000E-01   0.000000000000000E+00   0.000000000000000E+00   0.000000000000000E+00   0.000000000000000E+00
   9.517175602300000E-01   3.554288761500000E+00   3.225474630600000E-01   1.115234714600000E+00   5.229959527400000E-01   0.000000000000000E+00   0.000000000000000E+00   0.000000000000000E+00   0.000000000000000E+00
   9.533348777000000E-01   3.554568256200000E+00   3.225483845100000E-01   1.094654429100000E+00   5.745103210800000E-01   0.000000000000000E+00   0.000000000000000E+00   0.000000000000000E+00   0.000000000000000E+00
   9.549521951700000E-01   3.554424293400000E+00   3.225479098800000E-01   1.105254758900000E+00   5.479767958500000E-01   0.000000000000000E+00   0.000000000000000E+00   0.000000000000000E+00   0.000000000000000E+00
   9.565695126400000E-01   3.554568242500000E+00   3.225483844700000E-01   1.094655592000000E+00   5.745073489200000E-01   0.000000000000000E+00   0.000000000000000E+00   0.000000000000000E+00   0.000000000000000E+00
   9.581868301100001E-01   3.554288849200000E+00   3.225474633200000E-01   1.115227272300000E+00   5.230149745600000E-01   0.000000000000000E+00   0.000000000000000E+00   0.000000000000000E+00   0.000000000000000E+00
   9.591830882600000E-01   3.554568227200000E+00   3.225483844200000E-01   1.094656888200000E+00   5.745040356300000E-01   0.000000000000000E+00   0.000000000000000E+00   0.000000000000000E+00   0.000000000000000E+00
   9.601793464200000E-01   3.554424336400000E+00   3.225479100100000E-01   1.105251099700000E+00   5.479861501300000E-01   0.000000000000000E+00   0.000000000000000E+00   0.000000000000000E+00   0.000000000000000E+00
   9.611756045800000E-01   3.554568205100000E+00   3.225483843600000E-01   1.094658774300000E+00   5.744992131900000E-01   0.000000000000000E+00   0.000000000000000E+00   0.000000000000000E+00   0.000000000000000E+00
   9.621718627300000E-01   3.554288990900000E+00   3.225474637500000E-01   1.115215201100000E+00   5.230458381899999E-01   0.000000000000000E+00   0.000000000000000E+00   0.000000000000000E+00   0.000000000000000E+00
   9.631308419400000E-01   3.554568185900000E+00   3.225483843000000E-01   1.094660407800000E+00   5.744950357800001E-01   0.000000000000000E+00   0.000000000000000E+00   0.000000000000000E+00   0.000000000000000E+00
   9.640898211400000E-01   3.554424390500000E+00   3.225479101800000E-01   1.105246487500000E+00   5.479979450600000E-01   0.000000000000000E+00   0.000000000000000E+00   0.000000000000000E+00   0.000000000000000E+00
   9.650488003500000E-01   3.554568163000000E+00   3.225483842300000E-01   1.094662365100000E+00   5.744900291900000E-01   0.000000000000000E+00   0.000000000000000E+00   0.000000000000000E+00   0.000000000000000E+00
   9.660077795499999E-01   3.554289137500000E+00   3.225474642000000E-01   1.115202674400000E+00   5.230778803900000E-01   0.000000000000000E+00   0.000000000000000E+00   0.000000000000000E+00   0.000000000000000E+00
   9.671334742600000E-01   3.554568145000000E+00   3.225483841700000E-01   1.094663904700000E+00   5.744860901100000E-01   0.000000000000000E+00   0.000000000000000E+00   0.000000000000000E+00   0.000000000000000E+00
   9.682591689600000E-01   3.554424441300000E+00   3.225479103300000E-01   1.105242140200000E+00   5.480090675700000E-01   0.000000000000000E+00   0.000000000000000E+00   0.000000000000000E+00   0.000000000000000E+00
   9.693848636700000E-01   3.554568125600000E+00   3.225483841200000E-01   1.094665570400000E+00   5.744818276500000E-01   0.000000000000000E+00   0.000000000000000E+00   0.000000000000000E+00   0.000000000000000E+00
   9.705105583800000E-01   3.554289261900000E+00   3.225474645700000E-01   1.115192014100000E+00   5.231051601700000E-01   0.000000000000000E+00   0.000000000000000E+00   0.000000000000000E+00   0.000000000000000E+00
   9.715034202600000E-01   3.554568108000000E+00   3.225483840600000E-01   1.094667080200000E+00   5.744779632300000E-01   0.000000000000000E+00   0.000000000000000E+00   0.000000000000000E+00   0.000000000000000E+00
   9.724962821399999E-01   3.554424490900000E+00   3.225479104800000E-01   1.105237877300000E+00   5.480199785500000E-01   0.000000000000000E+00   0.000000000000000E+00   0.000000000000000E+00   0.000000000000000E+00
   9.734891440300000E-01   3.554568086100000E+00   3.225483840000000E-01   1.094668966800000E+00   5.744731334400000E-01   0.000000000000000E+00   0.000000000000000E+00   0.000000000000000E+00   0.000000000000000E+00
   9.744820059100000E-01   3.554289402300000E+00   3.225474649900000E-01   1.115179940000000E+00   5.231360708600000E-01   0.000000000000000E+00   0.000000000000000E+00   0.000000000000000E+00   0.000000000000000E+00
   9.750844373100001E-01   3.554568061400000E+00   3.225483839200000E-01   1.094671089200000E+00   5.744676991000000E-01   0.000000000000000E+00   0.000000000000000E+00   0.000000000000000E+00   0.000000000000000E+00
   9.756868687200000E-01   3.554424560500000E+00   3.225479106900000E-01   1.105231886300000E+00   5.480353201600000E-01   0.000000000000000E+00   0.000000000000000E+00   0.000000000000000E+00   0.000000000000000E+00
   9.762893001200000E-01   3.554568025400000E+00   3.225483838100000E-01   1.094674193900000E+00   5.744597459500000E-01   0.000000000000000E+00   0.000000000000000E+00   0.000000000000000E+00   0.000000000000000E+00
   9.768917315300000E-01   3.554289632300000E+00   3.225474656800000E-01   1.115160069900000E+00   5.231869711200000E-01   0.000000000000000E+00   0.000000000000000E+00   0.000000000000000E+00   0.000000000000000E+00
   9.773700051100001E-01   3.554567991000000E+00   3.225483837100000E-01   1.094677173000000E+00   5.744521119200000E-01   0.000000000000000E+00   0.000000000000000E+00   0.000000000000000E+00   0.000000000000000E+00
   9.778482787000000E-01   3.554424657500000E+00   3.225479109800000E-01   1.105223476300000E+00   5.480568728700000E-01   0.000000000000000E+00   0.000000000000000E+00   0.000000000000000E+00   0.000000000000000E+00
   9.783265522800000E-01   3.554567946200000E+00   3.225483835800000E-01   1.094681075600000E+00   5.744421060700000E-01   0.000000000000000E+00   0.000000000000000E+00   0.000000000000000E+00   0.000000000000000E+00
   9.788048258700000E-01   3.554289919500000E+00   3.225474665400000E-01   1.115135093400000E+00   5.232510086400000E-01   0.000000000000000E+00   0.000000000000000E+00   0.000000000000000E+00   0.000000000000000E+00
   9.792338153500000E-01   3.554567906000000E+00   3.225483834600000E-01   1.094684579400000E+00   5.744331182100000E-01   0.000000000000000E+00   0.000000000000000E+00   0.000000000000000E+00   0.000000000000000E+00
   9.796628048300000E-01   3.554424770800000E+00   3.225479113100000E-01   1.105213584100000E+00   5.480822489400000E-01   0.000000000000000E+00   0.000000000000000E+00   0.000000000000000E+00   0.000000000000000E+00
   9.800917943200000E-01   3.554567856500000E+00   3.225483833100000E-01   1.094688919500000E+00   5.744219783600000E-01   0.000000000000000E+00   0.000000000000000E+00   0.000000000000000E+00   0.000000000000000E+00
   9.805207838000000E-01   3.554290236300000E+00   3.225474674800000E-01   1.115107316600000E+00   5.233223038700000E-01   0.000000000000000E+00   0.000000000000000E+00   0.000000000000000E+00   0.000000000000000E+00
   9.809175802600000E-01   3.554567813000000E+00   3.225483831800000E-01   1.094692753400000E+00   5.744121322800000E-01   0.000000000000000E+00   0.000000000000000E+00   0.000000000000000E+00   0.000000000000000E+00
   9.813143767200000E-01   3.554424893700000E+00   3.225479116800000E-01   1.105202760000000E+00   5.481100484000000E-01   0.000000000000000E+00   0.000000000000000E+00   0.000000000000000E+00   0.000000000000000E+00
   9.817111731800000E-01   3.554567760100000E+00   3.225483830300000E-01   1.094697432700000E+00   5.744001068000000E-01   0.000000000000000E+00   0.000000000000000E+00   0.000000000000000E+00   0.000000000000000E+00
   9.821079696400000E-01   3.554290574500000E+00   3.225474684800000E-01   1.115077369200000E+00   5.233992672200000E-01   0.000000000000000E+00   0.000000000000000E+00   0.000000000000000E+00   0.000000000000000E+00
   9.824973808300000E-01   3.554567715100000E+00   3.225483828900000E-01   1.094701442100000E+00   5.743897961400000E-01   0.000000000000000E+00   0.000000000000000E+00   0.000000000000000E+00   0.000000000000000E+00
   9.828867920100000E-01   3.554425020800000E+00   3.225479120500000E-01   1.105191439800000E+00   5.481391605300000E-01   0.000000000000000E+00   0.000000000000000E+00   0.000000000000000E+00   0.000000000000000E+00
   9.832762032000000E-01   3.554567662000000E+00   3.225483827400000E-01   1.094706196100000E+00   5.743775617400000E-01   0.000000000000000E+00   0.000000000000000E+00   0.000000000000000E+00   0.000000000000000E+00
   9.836656143900000E-01   3.554290914300000E+00   3.225474694700000E-01   1.115046943700000E+00   5.234775676600000E-01   0.000000000000000E+00   0.000000000000000E+00   0.000000000000000E+00   0.000000000000000E+00
   9.840310724000000E-01   3.554567615700000E+00   3.225483826000000E-01   1.094710363300000E+00   5.743668298500000E-01   0.000000000000000E+00   0.000000000000000E+00   0.000000000000000E+00   0.000000000000000E+00
   9.843965304200000E-01   3.554425151500000E+00   3.225479124300000E-01   1.105179674500000E+00   5.481694611900000E-01   0.000000000000000E+00   0.000000000000000E+00   0.000000000000000E+00   0.000000000000000E+00
   9.847619884300000E-01   3.554567560000000E+00   3.225483824400000E-01   1.094715413000000E+00   5.743538145300000E-01   0.000000000000000E+00   0.000000000000000E+00   0.000000000000000E+00   0.000000000000000E+00
   9.851274464500001E-01   3.554291271000000E+00   3.225474705100000E-01   1.115014625500000E+00   5.235608660600000E-01   0.000000000000000E+00   0.000000000000000E+00   0.000000000000000E+00   0.000000000000000E+00
   9.854490490400000E-01   3.554567509800000E+00   3.225483823000000E-01   1.094719990800000E+00   5.743420063300000E-01   0.000000000000000E+00   0.000000000000000E+00   0.000000000000000E+00   0.000000000000000E+00
   9.857706516300000E-01   3.554425293100000E+00   3.225479128400000E-01   1.105166751100000E+00   5.482027992000000E-01   0.000000000000000E+00   0.000000000000000E+00   0.000000000000000E+00   0.000000000000000E+00
   9.860922542200000E-01   3.554567447500000E+00   3.225483821200000E-01   1.094725709000000E+00   5.743272419800000E-01   0.000000000000000E+00   0.000000000000000E+00   0.000000000000000E+00   0.000000000000000E+00
   9.864138568100000E-01   3.554291669100000E+00   3.225474716500000E-01   1.114978029700000E+00   5.236553584400000E-01   0.000000000000000E+00   0.000000000000000E+00   0.000000000000000E+00   0.000000000000000E+00
   9.867231615700000E-01   3.554567394100000E+00   3.225483819700000E-01   1.094730656700000E+00   5.743144542900001E-01   0.000000000000000E+00   0.000000000000000E+00   0.000000000000000E+00   0.000000000000000E+00
   9.870324663200000E-01   3.554425443900000E+00   3.225479132700000E-01   1.105152781900000E+00   5.482389046700000E-01   0.000000000000000E+00   0.000000000000000E+00   0.000000000000000E+00   0.000000000000000E+00
   9.873417710700000E-01   3.554567330700000E+00   3.225483817900000E-01   1.094736579000000E+00   5.742991314300000E-01   0.000000000000000E+00   0.000000000000000E+00   0.000000000000000E+00   0.000000000000000E+00
   9.876510758300000E-01   3.554292074500000E+00   3.225474728000000E-01   1.114940127800000E+00   5.237534253100000E-01   0.000000000000000E+00   0.000000000000000E+00   0.000000000000000E+00   0.000000000000000E+00
   9.879600104300000E-01   3.554567277500000E+00   3.225483816400000E-01   1.094741605600000E+00   5.742861113100000E-01   0.000000000000000E+00   0.000000000000000E+00   0.000000000000000E+00   0.000000000000000E+00
   9.882689450200000E-01   3.554425594300000E+00   3.225479136900000E-01   1.105138589100000E+00   5.482756673700000E-01   0.000000000000000E+00   0.000000000000000E+00   0.000000000000000E+00   0.000000000000000E+00
   9.885778796200000E-01   3.554567215500000E+00   3.225483814600000E-01   1.094747510600000E+00   5.742707985700000E-01   0.000000000000000E+00   0.000000000000000E+00   0.000000000000000E+00   0.000000000000000E+00
   9.888868142200000E-01   3.554292471200000E+00   3.225474739000000E-01   1.114902336100000E+00   5.238514274800000E-01   0.000000000000000E+00   0.000000000000000E+00   0.000000000000000E+00   0.000000000000000E+00
   9.892314157200000E-01   3.554567166200000E+00   3.225483813300000E-01   1.094752259700000E+00   5.742584680100000E-01   0.000000000000000E+00   0.000000000000000E+00   0.000000000000000E+00   0.000000000000000E+00
   9.895760172300000E-01   3.554425733700000E+00   3.225479140800000E-01   1.105125177700000E+00   5.483104855700000E-01   0.000000000000000E+00   0.000000000000000E+00   0.000000000000000E+00   0.000000000000000E+00
   9.899206187300000E-01   3.554567111900000E+00   3.225483811800000E-01   1.094757532400000E+00   5.742447637900000E-01   0.000000000000000E+00   0.000000000000000E+00   0.000000000000000E+00   0.000000000000000E+00
   9.902652202400000E-01   3.554292818600000E+00   3.225474748600000E-01   1.114868591200000E+00   5.239391349500000E-01   0.000000000000000E+00   0.000000000000000E+00   0.000000000000000E+00   0.000000000000000E+00
   9.906614563800000E-01   3.554567069300000E+00   3.225483810600000E-01   1.094761713700000E+00   5.742338833100000E-01   0.000000000000000E+00   0.000000000000000E+00   0.000000000000000E+00   0.000000000000000E+00
   9.910576925200000E-01   3.554425854100000E+00   3.225479144100000E-01   1.105113369600000E+00   5.483412093300000E-01   0.000000000000000E+00   0.000000000000000E+00   0.000000000000000E+00   0.000000000000000E+00
   9.914539286600000E-01   3.554567023100000E+00   3.225483809400000E-01   1.094766282600000E+00   5.742219826500000E-01   0.000000000000000E+00   0.000000000000000E+00   0.000000000000000E+00   0.000000000000000E+00
   9.918501648000000E-01   3.554293113900000E+00   3.225474756600000E-01   1.114839350200000E+00   5.240152995100000E-01   0.000000000000000E+00   0.000000000000000E+00   0.000000000000000E+00   0.000000000000000E+00
   9.921765334100000E-01   3.554566980100000E+00   3.225483808200000E-01   1.094770575100000E+00   5.742107913000000E-01   0.000000000000000E+00   0.000000000000000E+00   0.000000000000000E+00   0.000000000000000E+00
   9.925029020100000E-01   3.554425975300000E+00   3.225479147300000E-01   1.105101252900000E+00   5.483728050300000E-01   0.000000000000000E+00   0.000000000000000E+00   0.000000000000000E+00   0.000000000000000E+00
   9.928292706100000E-01   3.554566925400000E+00   3.225483806800000E-01   1.094776101000000E+00   5.741963646600000E-01   0.000000000000000E+00   0.000000000000000E+00   0.000000000000000E+00   0.000000000000000E+00
   9.931556392100001E-01   3.554293463700000E+00   3.225474765900000E-01   1.114803985400000E+00   5.241076306100000E-01   0.000000000000000E+00   0.000000000000000E+00   0.000000000000000E+00   0.000000000000000E+00
   9.933873086300000E-01   3.554566870100000E+00   3.225483805300000E-01   1.094781747800000E+00   5.741816056700000E-01   0.000000000000000E+00   0.000000000000000E+00   0.000000000000000E+00   0.000000000000000E+00
   9.936189780500000E-01   3.554426130800000E+00   3.225479151400000E-01   1.105085319700000E+00   5.484144673700000E-01   0.000000000000000E+00   0.000000000000000E+00   0.000000000000000E+00   0.000000000000000E+00
   9.938506474600000E-01   3.554566795700000E+00   3.225483803400000E-01   1.094789491900000E+00   5.741613209899999E-01   0.000000000000000E+00   0.000000000000000E+00   0.000000000000000E+00   0.000000000000000E+00
   9.940823168800000E-01   3.554293939300000E+00   3.225474778100000E-01   1.114754424500000E+00   5.242374542700000E-01   0.000000000000000E+00   0.000000000000000E+00   0.000000000000000E+00   0.000000000000000E+00
   9.942921121900000E-01   3.554566730700000E+00   3.225483801700000E-01   1.094796396600000E+00   5.741431990300000E-01   0.000000000000000E+00   0.000000000000000E+00   0.000000000000000E+00   0.000000000000000E+00
   9.945019074900000E-01   3.554426314100000E+00   3.225479156000000E-01   1.105065829100000E+00   5.484656311500000E-01   0.000000000000000E+00   0.000000000000000E+00   0.000000000000000E+00   0.000000000000000E+00
   9.947117028000000E-01   3.554566652500000E+00   3.225483799800000E-01   1.094804891100000E+00   5.741208501900000E-01   0.000000000000000E+00   0.000000000000000E+00   0.000000000000000E+00   0.000000000000000E+00
   9.949214981100000E-01   3.554294438800000E+00   3.225474790500000E-01   1.114700062300000E+00   5.243804895600001E-01   0.000000000000000E+00   0.000000000000000E+00   0.000000000000000E+00   0.000000000000000E+00
   9.950290072300000E-01   3.554566556000000E+00   3.225483797400000E-01   1.094815522400000E+00   5.740928369800000E-01   0.000000000000000E+00   0.000000000000000E+00   0.000000000000000E+00   0.000000000000000E+00
   9.951365163500000E-01   3.554426580400000E+00   3.225479162400000E-01   1.105035891800000E+00   5.485446650200000E-01   0.000000000000000E+00   0.000000000000000E+00   0.000000000000000E+00   0.000000000000000E+00
   9.952440254700000E-01   3.554566415900000E+00   3.225483794200000E-01   1.094831917900000E+00   5.740493693600000E-01   0.000000000000000E+00   0.000000000000000E+00   0.000000000000000E+00   0.000000000000000E+00
   9.953515345900000E-01   3.554295329400000E+00   3.225474810600000E-01   1.114595148500000E+00   5.246587023600000E-01   0.000000000000000E+00   0.000000000000000E+00   0.000000000000000E+00   0.000000000000000E+00
   9.954420242799999E-01   3.554566295000000E+00   3.225483791700000E-01   1.094847054900000E+00   5.740090213600000E-01   0.000000000000000E+00   0.000000000000000E+00   0.000000000000000E+00   0.000000000000000E+00
   9.955325139800000E-01   3.554426918900000E+00   3.225479169400000E-01   1.104993204300000E+00   5.486585620800000E-01   0.000000000000000E+00   0.000000000000000E+00   0.000000000000000E+00   0.000000000000000E+00
   9.956230036800000E-01   3.554566154700000E+00   3.225483789100000E-01   1.094866194600000E+00   5.739575940500000E-01   0.000000000000000E+00   0.000000000000000E+00   0.000000000000000E+00   0.000000000000000E+00
   9.957134933800000E-01   3.554296217800000E+00   3.225474826600000E-01   1.114472689200000E+00   5.249878756700000E-01   0.000000000000000E+00   0.000000000000000E+00   0.000000000000000E+00   0.000000000000000E+00
   9.958173533000000E-01   3.554566058700000E+00   3.225483787800000E-01   1.094881246600000E+00   5.739167754500000E-01   0.000000000000000E+00   0.000000000000000E+00   0.000000000000000E+00   0.000000000000000E+00
   9.959212132300000E-01   3.554427195700000E+00   3.225479173300000E-01   1.104950664800000E+00   5.487738400700000E-01   0.000000000000000E+00   0.000000000000000E+00   0.000000000000000E+00   0.000000000000000E+00
   9.960250731600000E-01   3.554565964900000E+00   3.225483786900000E-01   1.094897584800000E+00   5.738721190600000E-01   0.000000000000000E+00   0.000000000000000E+00   0.000000000000000E+00   0.000000000000000E+00
   9.961289330799999E-01   3.554296810400000E+00   3.225474831900000E-01   1.114368153600000E+00   5.252737073400000E-01   0.000000000000000E+00   0.000000000000000E+00   0.000000000000000E+00   0.000000000000000E+00
   9.962325767700000E-01   3.554565899200000E+00   3.225483786800000E-01   1.094911340000000E+00   5.738341671300000E-01   0.000000000000000E+00   0.000000000000000E+00   0.000000000000000E+00   0.000000000000000E+00
   9.963362204500000E-01   3.554427382100000E+00   3.225479173600000E-01   1.104911832400000E+00   5.488810037400000E-01   0.000000000000000E+00   0.000000000000000E+00   0.000000000000000E+00   0.000000000000000E+00
   9.964398641400000E-01   3.554565837000000E+00   3.225483787400000E-01   1.094927357900000E+00   5.737895165100000E-01   0.000000000000000E+00   0.000000000000000E+00   0.000000000000000E+00   0.000000000000000E+00
   9.965435078200000E-01   3.554297199900000E+00   3.225474827500000E-01   1.114265674200000E+00   5.255595081300000E-01   0.000000000000000E+00   0.000000000000000E+00   0.000000000000000E+00   0.000000000000000E+00
   9.966377756100000E-01   3.554565798300000E+00   3.225483788800000E-01   1.094941483000000E+00   5.737497024100000E-01   0.000000000000000E+00   0.000000000000000E+00   0.000000000000000E+00   0.000000000000000E+00
   9.967320433900000E-01   3.554427488400000E+00   3.225479169600000E-01   1.104871995300000E+00   5.489934233800000E-01   0.000000000000000E+00   0.000000000000000E+00   0.000000000000000E+00   0.000000000000000E+00
   9.968263111800000E-01   3.554565774000000E+00   3.225483791600000E-01   1.094958629800000E+00   5.737006675500000E-01   0.000000000000000E+00   0.000000000000000E+00   0.000000000000000E+00   0.000000000000000E+00
   9.969205789600000E-01   3.554297343300000E+00   3.225474809000000E-01   1.114155990500000E+00   5.258733897000000E-01   0.000000000000000E+00   0.000000000000000E+00   0.000000000000000E+00   0.000000000000000E+00
   9.970009755400000E-01   3.554565775900000E+00   3.225483795300000E-01   1.094974229500000E+00   5.736553932400000E-01   0.000000000000000E+00   0.000000000000000E+00   0.000000000000000E+00   0.000000000000000E+00
   9.970813721100000E-01   3.554427473300000E+00   3.225479158600000E-01   1.104828059100000E+00   5.491212753000000E-01   0.000000000000000E+00   0.000000000000000E+00   0.000000000000000E+00   0.000000000000000E+00
   9.971617686799999E-01   3.554565819500000E+00   3.225483802000000E-01   1.094993617100000E+00   5.735978715600000E-01   0.000000000000000E+00   0.000000000000000E+00   0.000000000000000E+00   0.000000000000000E+00
   9.972421652500000E-01   3.554297043500000E+00   3.225474765000000E-01   1.114032022000000E+00   5.262416442900000E-01   0.000000000000000E+00   0.000000000000000E+00   0.000000000000000E+00   0.000000000000000E+00
   9.973077243100000E-01   3.554565901900000E+00   3.225483810400000E-01   1.095011582800000E+00   5.735433859700000E-01   0.000000000000000E+00   0.000000000000000E+00   0.000000000000000E+00   0.000000000000000E+00
   9.973732833800000E-01   3.554427215500000E+00   3.225479133800000E-01   1.104777578000000E+00   5.492751945600000E-01   0.000000000000000E+00   0.000000000000000E+00   0.000000000000000E+00   0.000000000000000E+00
   9.974388424400000E-01   3.554566090500000E+00   3.225483825100000E-01   1.095034086400000E+00   5.734725862500000E-01   0.000000000000000E+00   0.000000000000000E+00   0.000000000000000E+00   0.000000000000000E+00
   9.975044015000000E-01   3.554295793500000E+00   3.225474668700000E-01   1.113888269700000E+00   5.266950382300000E-01   0.000000000000000E+00   0.000000000000000E+00   0.000000000000000E+00   0.000000000000000E+00
   9.975574418599999E-01   3.554566350000000E+00   3.225483842900000E-01   1.095054761900000E+00   5.734050721700000E-01   0.000000000000000E+00   0.000000000000000E+00   0.000000000000000E+00   0.000000000000000E+00
   9.976104822100000E-01   3.554426426000000E+00   3.225479080700000E-01   1.104719712300000E+00   5.494660712100000E-01   0.000000000000000E+00   0.000000000000000E+00   0.000000000000000E+00   0.000000000000000E+00
   9.976635225600000E-01   3.554566860000000E+00   3.225483874400000E-01   1.095080112700000E+00   5.733166305600000E-01   0.000000000000000E+00   0.000000000000000E+00   0.000000000000000E+00   0.000000000000000E+00
   9.977165629100000E-01   3.554292430000000E+00   3.225474462100000E-01   1.113726738600000E+00   5.272617831700001E-01   0.000000000000000E+00   0.000000000000000E+00   0.000000000000000E+00   0.000000000000000E+00
   9.977796851700000E-01   3.554567430400000E+00   3.225483907400000E-01   1.095098489700000E+00   5.732467110000000E-01   0.000000000000000E+00   0.000000000000000E+00   0.000000000000000E+00   0.000000000000000E+00
   9.978428074200000E-01   3.554424861600000E+00   3.225478990000000E-01   1.104667462700000E+00   5.496633532100000E-01   0.000000000000000E+00   0.000000000000000E+00   0.000000000000000E+00   0.000000000000000E+00
   9.979059296700000E-01   3.554568200200000E+00   3.225483950400000E-01   1.095116932000000E+00   5.731708408800000E-01   0.000000000000000E+00   0.000000000000000E+00   0.000000000000000E+00   0.000000000000000E+00
   9.979690519300000E-01   3.554287466000000E+00   3.225474185800000E-01   1.113609286600000E+00   5.277479258200000E-01   0.000000000000000E+00   0.000000000000000E+00   0.000000000000000E+00   0.000000000000000E+00
   9.980207107500000E-01   3.554569135700000E+00   3.225484001600000E-01   1.095132954900000E+00   5.730983117800000E-01   0.000000000000000E+00   0.000000000000000E+00   0.000000000000000E+00   0.000000000000000E+00
   9.980723695700000E-01   3.554422370700000E+00   3.225478856400000E-01   1.104623075300000E+00   5.498687013800000E-01   0.000000000000000E+00   0.000000000000000E+00   0.000000000000000E+00   0.000000000000000E+00
   9.981240283900000E-01   3.554570990300000E+00   3.225484103000000E-01   1.095150603800000E+00   5.730023054800000E-01   0.000000000000000E+00   0.000000000000000E+00   0.000000000000000E+00   0.000000000000000E+00
   9.981756872100001E-01   3.554278695800000E+00   3.225473733100000E-01   1.113496435000000E+00   5.283621279800000E-01   0.000000000000000E+00   0.000000000000000E+00   0.000000000000000E+00   0.000000000000000E+00
   9.982200873000000E-01   3.554575179500000E+00   3.225484346000000E-01   1.095163033700000E+00   5.729107872500000E-01   0.000000000000000E+00   0.000000000000000E+00   0.000000000000000E+00   0.000000000000000E+00
   9.982644873900000E-01   3.554423994100000E+00   3.225479011400000E-01   1.104583660200000E+00   5.501211321300000E-01   0.000000000000000E+00   0.000000000000000E+00   0.000000000000000E+00   0.000000000000000E+00
   9.983088874800000E-01   3.554592095600000E+00   3.225485367000000E-01   1.095168299400000E+00   5.727847181500000E-01   0.000000000000000E+00   0.000000000000000E+00   0.000000000000000E+00   0.000000000000000E+00
   9.983532875700000E-01   3.554300093900000E+00   3.225475282900000E-01   1.113409440600000E+00   5.291026444500000E-01   0.000000000000000E+00   0.000000000000000E+00   0.000000000000000E+00   0.000000000000000E+00
   9.984014962200000E-01   3.554691365000000E+00   3.225491514400000E-01   1.095129664500000E+00   5.726314421599999E-01   0.000000000000000E+00   0.000000000000000E+00   0.000000000000000E+00   0.000000000000000E+00
   9.984497048700000E-01   3.554704134000000E+00   3.225496568700000E-01   1.104447156200000E+00   5.502525506300000E-01   0.000000000000000E+00   0.000000000000000E+00   0.000000000000000E+00   0.000000000000000E+00
   9.984979135099999E-01   3.555355491300000E+00   3.225532839100000E-01   1.094838063400000E+00   5.721566151600000E-01   0.000000000000000E+00   0.000000000000000E+00   0.000000000000000E+00   0.000000000000000E+00
   9.985461221600000E-01   3.556304671800000E+00   3.225600545200000E-01   1.112542601600000E+00   5.287851599200000E-01   0.000000000000000E+00   0.000000000000000E+00   0.000000000000000E+00   0.000000000000000E+00
   9.985805045100000E-01   3.558767127500000E+00   3.225745471600000E-01   1.093341120100000E+00   5.702038570900000E-01   0.000000000000000E+00   0.000000000000000E+00   0.000000000000000E+00   0.000000000000000E+00
   9.986148868500000E-01   3.562747937600000E+00   3.225998390400000E-01   1.100972154500000E+00   5.463190222500000E-01   0.000000000000000E+00   0.000000000000000E+00   0.000000000000000E+00   0.000000000000000E+00
   9.986492692000000E-01   3.571236177000000E+00   3.226523980600000E-01   1.087915891900000E+00   5.634201979400000E-01   0.000000000000000E+00   0.000000000000000E+00   0.000000000000000E+00   0.000000000000000E+00
   9.986836515500001E-01   3.587187949500000E+00   3.227533253000000E-01   1.099479957700000E+00   5.138356131000000E-01   0.000000000000000E+00   0.000000000000000E+00   0.000000000000000E+00   0.000000000000000E+00
   9.987178656600000E-01   3.618817226400000E+00   3.229518275100000E-01   1.067961249900000E+00   5.392231453200000E-01   0.000000000000000E+00   0.000000000000000E+00   0.000000000000000E+00   0.000000000000000E+00
   9.987520797700000E-01   3.676421457600000E+00   3.233189707400000E-01   1.054725657400000E+00   4.914313996800000E-01   0.000000000000000E+00   0.000000000000000E+00   0.000000000000000E+00   0.000000000000000E+00
   9.987862938800000E-01   3.777150558500000E+00   3.239716582600000E-01   1.008382831000000E+00   4.701942165600000E-01   0.000000000000000E+00   0.000000000000000E+00   0.000000000000000E+00   0.000000000000000E+00
   9.988205079900000E-01   3.935776885000000E+00   3.250340416500000E-01   9.760854277900000E-01   3.750853822000000E-01   0.000000000000000E+00   0.000000000000000E+00   0.000000000000000E+00   0.000000000000000E+00
   9.988486800400000E-01   4.117879666700000E+00   3.263008267100000E-01   9.066313719500000E-01   3.629664769300000E-01   0.000000000000000E+00   0.000000000000000E+00   0.000000000000000E+00   0.000000000000000E+00
   9.988768520900000E-01   4.342365809200000E+00   3.279441372200000E-01   8.634834854000000E-01   2.925745856100000E-01   0.000000000000000E+00   0.000000000000000E+00   0.000000000000000E+00   0.000000000000000E+00
   9.989050241400000E-01   4.601909644200000E+00   3.299601194400000E-01   8.018264454400000E-01   2.667388692400000E-01   0.000000000000000E+00   0.000000000000000E+00   0.000000000000000E+00   0.000000000000000E+00
   9.989331961900000E-01   4.883892486900000E+00   3.323117803500000E-01   7.742050925400000E-01   1.904758871500000E-01   0.000000000000000E+00   0.000000000000000E+00   0.000000000000000E+00   0.000000000000000E+00
   9.989610255100000E-01   5.174364330800000E+00   3.349264477700000E-01   7.131216683000000E-01   1.968480291400000E-01   0.000000000000000E+00   0.000000000000000E+00   0.000000000000000E+00   0.000000000000000E+00
   9.989888548300000E-01   5.465645902600000E+00   3.377815434900000E-01   6.875183294200000E-01   1.526071959900000E-01   0.000000000000000E+00   0.000000000000000E+00   0.000000000000000E+00   0.000000000000000E+00
   9.990166841500000E-01   5.751616549600000E+00   3.408426501600000E-01   6.462087513800000E-01   1.512851317000000E-01   0.000000000000000E+00   0.000000000000000E+00   0.000000000000000E+00   0.000000000000000E+00
   9.990445134700000E-01   6.026200504400000E+00   3.440726896200000E-01   6.397409037800000E-01   9.857783657800000E-02   0.000000000000000E+00   0.000000000000000E+00   0.000000000000000E+00   0.000000000000000E+00
   9.990774880900000E-01   6.334215994700000E+00   3.480882650100000E-01   5.924619065800000E-01   1.193345260700000E-01   0.000000000000000E+00   0.000000000000000E+00   0.000000000000000E+00   0.000000000000000E+00
   9.991104627100000E-01   6.619281440900000E+00   3.522683290200000E-01   5.799517271200000E-01   8.849616926900000E-02   0.000000000000000E+00   0.000000000000000E+00   0.000000000000000E+00   0.000000000000000E+00
   9.991434373300000E-01   6.881500901800000E+00   3.565892138200000E-01   5.495782237900000E-01   9.691814757599999E-02   0.000000000000000E+00   0.000000000000000E+00   0.000000000000000E+00   0.000000000000000E+00
   9.991764119500000E-01   7.120182586100000E+00   3.610255752600000E-01   5.527590967700000E-01   5.323904655100000E-02   0.000000000000000E+00   0.000000000000000E+00   0.000000000000000E+00   0.000000000000000E+00
   9.992120620700000E-01   7.354466401200000E+00   3.659380688300000E-01   5.157960920400000E-01   8.128911672100000E-02   0.000000000000000E+00   0.000000000000000E+00   0.000000000000000E+00   0.000000000000000E+00
   9.992477121800000E-01   7.564488756500000E+00   3.709497856800000E-01   5.117867964900000E-01   5.701725116400000E-02   0.000000000000000E+00   0.000000000000000E+00   0.000000000000000E+00   0.000000000000000E+00
   9.992833622900000E-01   7.753364007900000E+00   3.760514426000000E-01   4.880682855000000E-01   6.983417108300000E-02   0.000000000000000E+00   0.000000000000000E+00   0.000000000000000E+00   0.000000000000000E+00
   9.993190124000000E-01   7.922352926400000E+00   3.812293322100000E-01   4.966848197200000E-01   3.048112983200000E-02   0.000000000000000E+00   0.000000000000000E+00   0.000000000000000E+00   0.000000000000000E+00
   9.993486264000000E-01   8.050233939700000E+00   3.855865636800000E-01   4.669780965500000E-01   6.196738798300000E-02   0.000000000000000E+00   0.000000000000000E+00   0.000000000000000E+00   0.000000000000000E+00
   9.993782404100000E-01   8.166856446900001E+00   3.899862674000000E-01   4.689498105800000E-01   4.119061017900000E-02   0.000000000000000E+00   0.000000000000000E+00   0.000000000000000E+00   0.000000000000000E+00
   9.994078544100000E-01   8.274222627200000E+00   3.944285800900000E-01   4.502656621900000E-01   5.622905835200000E-02   0.000000000000000E+00   0.000000000000000E+00   0.000000000000000E+00   0.000000000000000E+00
   9.994374684100000E-01   8.372425304800000E+00   3.989075394100000E-01   4.629870452000000E-01   1.954148504600000E-02   0.000000000000000E+00   0.000000000000000E+00   0.000000000000000E+00   0.000000000000000E+00
   9.994569173700000E-01   8.433243385300001E+00   4.018709782800000E-01   4.377153904200000E-01   5.219552335700000E-02   0.000000000000000E+00   0.000000000000000E+00   0.000000000000000E+00   0.000000000000000E+00
   9.994763663300000E-01   8.490435377200001E+00   4.048475422000000E-01   4.434552289100000E-01   3.332745431600000E-02   0.000000000000000E+00   0.000000000000000E+00   0.000000000000000E+00   0.000000000000000E+00
   9.994958152900000E-01   8.545112270400001E+00   4.078398737800000E-01   4.284245848100000E-01   4.931868218300000E-02   0.000000000000000E+00   0.000000000000000E+00   0.000000000000000E+00   0.000000000000000E+00
   9.995152642500000E-01   8.596602850400000E+00   4.108443980700000E-01   4.440695355300000E-01   1.463586323600000E-02   0.000000000000000E+00   0.000000000000000E+00   0.000000000000000E+00   0.000000000000000E+00
   9.995312181100000E-01   8.637606965600000E+00   4.133213441100000E-01   4.203852442000000E-01   4.693115102700000E-02   0.000000000000000E+00   0.000000000000000E+00   0.000000000000000E+00   0.000000000000000E+00
   9.995471719700000E-01   8.676525664100000E+00   4.158053714300000E-01   4.271380143400000E-01   2.897168714400000E-02   0.000000000000000E+00   0.000000000000000E+00   0.000000000000000E+00   0.000000000000000E+00
   9.995631258300000E-01   8.714320785500000E+00   4.182993410200000E-01   4.134382184300000E-01   4.490661845200000E-02   0.000000000000000E+00   0.000000000000000E+00   0.000000000000000E+00   0.000000000000000E+00
   9.995790796900000E-01   8.750222191300001E+00   4.208000521100000E-01   4.297440976100000E-01   1.155923369900000E-02   0.000000000000000E+00   0.000000000000000E+00   0.000000000000000E+00   0.000000000000000E+00
   9.995931456800000E-01   8.781420625299999E+00   4.230139771000000E-01   4.071210256500000E-01   4.313077192800000E-02   0.000000000000000E+00   0.000000000000000E+00   0.000000000000000E+00   0.000000000000000E+00
   9.996072116700000E-01   8.811152081400000E+00   4.252324878000000E-01   4.142549876300000E-01   2.590139509600000E-02   0.000000000000000E+00   0.000000000000000E+00   0.000000000000000E+00   0.000000000000000E+00
   9.996212776500000E-01   8.840314532200001E+00   4.274584562100000E-01   4.013814480100000E-01   4.153259285200000E-02   0.000000000000000E+00   0.000000000000000E+00   0.000000000000000E+00   0.000000000000000E+00
   9.996353436400000E-01   8.868118131799999E+00   4.296888514600000E-01   4.177707444400000E-01   9.402138597100001E-03   0.000000000000000E+00   0.000000000000000E+00   0.000000000000000E+00   0.000000000000000E+00
   9.996484014400000E-01   8.893824800899999E+00   4.317670119700000E-01   3.959847040300000E-01   4.008339968100000E-02   0.000000000000000E+00   0.000000000000000E+00   0.000000000000000E+00   0.000000000000000E+00
   9.996614592400000E-01   8.918366089799999E+00   4.338485902300000E-01   4.032007202400000E-01   2.351025263000000E-02   0.000000000000000E+00   0.000000000000000E+00   0.000000000000000E+00   0.000000000000000E+00
   9.996745170400000E-01   8.942600552800000E+00   4.359364157700000E-01   3.909149286900000E-01   3.872966996600000E-02   0.000000000000000E+00   0.000000000000000E+00   0.000000000000000E+00   0.000000000000000E+00
   9.996875748400000E-01   8.965742395500000E+00   4.380275711500000E-01   4.071085432300000E-01   7.752415262800000E-03   0.000000000000000E+00   0.000000000000000E+00   0.000000000000000E+00   0.000000000000000E+00
   9.996998102600000E-01   8.987515540000000E+00   4.399936759000000E-01   3.861011224200000E-01   3.748963423000000E-02   0.000000000000000E+00   0.000000000000000E+00   0.000000000000000E+00   0.000000000000000E+00
   9.997120456800000E-01   9.008320204100000E+00   4.419623937100000E-01   3.933050343000000E-01   2.154614658700000E-02   0.000000000000000E+00   0.000000000000000E+00   0.000000000000000E+00   0.000000000000000E+00
   9.997242810900000E-01   9.028983026800001E+00   4.439365010200000E-01   3.815381954300000E-01   3.631493979700000E-02   0.000000000000000E+00   0.000000000000000E+00   0.000000000000000E+00   0.000000000000000E+00
   9.997365165100000E-01   9.048728127400000E+00   4.459131674000000E-01   3.974539362300000E-01   6.473053274700000E-03   0.000000000000000E+00   0.000000000000000E+00   0.000000000000000E+00   0.000000000000000E+00
   9.997521616400000E-01   9.074064617199999E+00   4.484492289000000E-01   3.764090204900000E-01   3.508174122700000E-02   0.000000000000000E+00   0.000000000000000E+00   0.000000000000000E+00   0.000000000000000E+00
   9.997678067700000E-01   9.098270618800001E+00   4.509903623100000E-01   3.828357415700000E-01   1.953914420600000E-02   0.000000000000000E+00   0.000000000000000E+00   0.000000000000000E+00   0.000000000000000E+00
   9.997834519000000E-01   9.122169086700000E+00   4.535392526700000E-01   3.707581822100000E-01   3.377139558700000E-02   0.000000000000000E+00   0.000000000000000E+00   0.000000000000000E+00   0.000000000000000E+00
   9.997990970300000E-01   9.145015378200000E+00   4.560931101900000E-01   3.857513266500000E-01   4.645238098000000E-03   0.000000000000000E+00   0.000000000000000E+00   0.000000000000000E+00   0.000000000000000E+00
   9.998105924500000E-01   9.161968395300001E+00   4.579755584400000E-01   3.659552141700000E-01   3.267473305600000E-02   0.000000000000000E+00   0.000000000000000E+00   0.000000000000000E+00   0.000000000000000E+00
   9.998220878700000E-01   9.178172708700000E+00   4.598598894900000E-01   3.729732081200000E-01   1.778167107400000E-02   0.000000000000000E+00   0.000000000000000E+00   0.000000000000000E+00   0.000000000000000E+00
   9.998335832900000E-01   9.194404727700000E+00   4.617487462600000E-01   3.619676863200000E-01   3.173572220500000E-02   0.000000000000000E+00   0.000000000000000E+00   0.000000000000000E+00   0.000000000000000E+00
   9.998450787099999E-01   9.209921102199999E+00   4.636394859000000E-01   3.772074119500000E-01   3.786702127100000E-03   0.000000000000000E+00   0.000000000000000E+00   0.000000000000000E+00   0.000000000000000E+00
   9.998524765000000E-01   9.220249582999999E+00   4.648597264400000E-01   3.587518890700000E-01   3.095766355000000E-02   0.000000000000000E+00   0.000000000000000E+00   0.000000000000000E+00   0.000000000000000E+00
   9.998598742900000E-01   9.230032557199999E+00   4.660798407400000E-01   3.661680991300000E-01   1.683739967900000E-02   0.000000000000000E+00   0.000000000000000E+00   0.000000000000000E+00   0.000000000000000E+00
   9.998672720900000E-01   9.240007668800001E+00   4.673023745500000E-01   3.562985538700000E-01   3.028438338100000E-02   0.000000000000000E+00   0.000000000000000E+00   0.000000000000000E+00   0.000000000000000E+00
   9.998746698800000E-01   9.249457546900000E+00   4.685248276300000E-01   3.714230029400000E-01   3.929128312300000E-03   0.000000000000000E+00   0.000000000000000E+00   0.000000000000000E+00   0.000000000000000E+00
   9.998816453400000E-01   9.258819130899999E+00   4.696806333000000E-01   3.539246587900000E-01   2.966322927200000E-02   0.000000000000000E+00   0.000000000000000E+00   0.000000000000000E+00   0.000000000000000E+00
   9.998886207900000E-01   9.267677200100000E+00   4.708362135700000E-01   3.609846105900000E-01   1.631849047800000E-02   0.000000000000000E+00   0.000000000000000E+00   0.000000000000000E+00   0.000000000000000E+00
   9.998955962400000E-01   9.276731674300001E+00   4.719939855100000E-01   3.516521304600000E-01   2.903958578900000E-02   0.000000000000000E+00   0.000000000000000E+00   0.000000000000000E+00   0.000000000000000E+00
   9.999025717000000E-01   9.285301755700001E+00   4.731515807100000E-01   3.659957026100000E-01   4.159220792700000E-03   0.000000000000000E+00   0.000000000000000E+00   0.000000000000000E+00   0.000000000000000E+00
   9.999083453600000E-01   9.292816583400000E+00   4.741123199400000E-01   3.495935776200000E-01   2.847903836700000E-02   0.000000000000000E+00   0.000000000000000E+00   0.000000000000000E+00   0.000000000000000E+00
   9.999141190200000E-01   9.299882294400000E+00   4.750725171100000E-01   3.563957700700000E-01   1.596499490700000E-02   0.000000000000000E+00   0.000000000000000E+00   0.000000000000000E+00   0.000000000000000E+00
   9.999198926900000E-01   9.307158494099999E+00   4.760344520500000E-01   3.477691062400000E-01   2.792460857000000E-02   0.000000000000000E+00   0.000000000000000E+00   0.000000000000000E+00   0.000000000000000E+00
   9.999256663500000E-01   9.314004904100001E+00   4.769959036000000E-01   3.613378238100000E-01   4.710082557300000E-03   0.000000000000000E+00   0.000000000000000E+00   0.000000000000000E+00   0.000000000000000E+00
   9.999302801600000E-01   9.319882947100000E+00   4.777663361900000E-01   3.461444142800000E-01   2.742670802100000E-02   0.000000000000000E+00   0.000000000000000E+00   0.000000000000000E+00   0.000000000000000E+00
   9.999348939700000E-01   9.325359864399999E+00   4.785360144400000E-01   3.526014039500000E-01   1.584461519500000E-02   0.000000000000000E+00   0.000000000000000E+00   0.000000000000000E+00   0.000000000000000E+00
   9.999395077800000E-01   9.331049340300000E+00   4.793070599300000E-01   3.447447719100000E-01   2.692293717300000E-02   0.000000000000000E+00   0.000000000000000E+00   0.000000000000000E+00   0.000000000000000E+00
   9.999441215800000E-01   9.336358728200000E+00   4.800774203800000E-01   3.573624485800000E-01   5.610877902200000E-03   0.000000000000000E+00   0.000000000000000E+00   0.000000000000000E+00   0.000000000000000E+00
   9.999479262600000E-01   9.341127876400000E+00   4.807145042100000E-01   3.434762046200000E-01   2.646947274100000E-02   0.000000000000000E+00   0.000000000000000E+00   0.000000000000000E+00   0.000000000000000E+00
   9.999517309400000E-01   9.345537706500000E+00   4.813507694300000E-01   3.494482972000000E-01   1.592014152600000E-02   0.000000000000000E+00   0.000000000000000E+00   0.000000000000000E+00   0.000000000000000E+00
   9.999555356199999E-01   9.350149735300000E+00   4.819881571700000E-01   3.423706256200000E-01   2.599766518300000E-02   0.000000000000000E+00   0.000000000000000E+00   0.000000000000000E+00   0.000000000000000E+00
   9.999593403000000E-01   9.354425151699999E+00   4.826248032100000E-01   3.538493363900000E-01   6.761227040200000E-03   0.000000000000000E+00   0.000000000000000E+00   0.000000000000000E+00   0.000000000000000E+00
   9.999622202500000E-01   9.358008227999999E+00   4.831081891200000E-01   3.414166526600000E-01   2.557014276900000E-02   0.000000000000000E+00   0.000000000000000E+00   0.000000000000000E+00   0.000000000000000E+00
   9.999651002000000E-01   9.361275509300000E+00   4.835907234300000E-01   3.468327543400000E-01   1.618646677300000E-02   0.000000000000000E+00   0.000000000000000E+00   0.000000000000000E+00   0.000000000000000E+00
   9.999679801400000E-01   9.364729430100001E+00   4.840741426600000E-01   3.406499681600000E-01   2.511412434600000E-02   0.000000000000000E+00   0.000000000000000E+00   0.000000000000000E+00   0.000000000000000E+00
   9.999708600900000E-01   9.367893853500000E+00   4.845568006000000E-01   3.507840100200000E-01   8.293903563100001E-03   0.000000000000000E+00   0.000000000000000E+00   0.000000000000000E+00   0.000000000000000E+00
   9.999731690000000E-01   9.370745928300000E+00   4.849450183500000E-01   3.399643224000000E-01   2.470601376000000E-02   0.000000000000000E+00   0.000000000000000E+00   0.000000000000000E+00   0.000000000000000E+00
   9.999754779200000E-01   9.373325990200000E+00   4.853324488100000E-01   3.446721449200000E-01   1.661855873700000E-02   0.000000000000000E+00   0.000000000000000E+00   0.000000000000000E+00   0.000000000000000E+00
   9.999777868300000E-01   9.376069150799999E+00   4.857205952900000E-01   3.394058131700000E-01   2.426556462300000E-02   0.000000000000000E+00   0.000000000000000E+00   0.000000000000000E+00   0.000000000000000E+00
   9.999800957500000E-01   9.378567997699999E+00   4.861080484300000E-01   3.480293805100000E-01   1.002562500000000E-02   0.000000000000000E+00   0.000000000000000E+00   0.000000000000000E+00   0.000000000000000E+00
   9.999818454800000E-01   9.380722732900001E+00   4.864026676200000E-01   3.389538705800000E-01   2.387171796100000E-02   0.000000000000000E+00   0.000000000000000E+00   0.000000000000000E+00   0.000000000000000E+00
   9.999835952200000E-01   9.382649318000000E+00   4.866965786800000E-01   3.429333758300000E-01   1.718738109300000E-02   0.000000000000000E+00   0.000000000000000E+00   0.000000000000000E+00   0.000000000000000E+00
   9.999853449600000E-01   9.384707351299999E+00   4.869910136300000E-01   3.387738498300000E-01   2.345973228700000E-02   0.000000000000000E+00   0.000000000000000E+00   0.000000000000000E+00   0.000000000000000E+00
   9.999870947000000E-01   9.386557132200000E+00   4.872847704400000E-01   3.460486426500000E-01   1.205246895500000E-02   0.000000000000000E+00   0.000000000000000E+00   0.000000000000000E+00   0.000000000000000E+00
   9.999882507000000E-01   9.387963450399999E+00   4.874794762100000E-01   3.392891514300000E-01   2.314473516000000E-02   0.000000000000000E+00   0.000000000000000E+00   0.000000000000000E+00   0.000000000000000E+00
   9.999894067000000E-01   9.389169409100001E+00   4.876734417700000E-01   3.431586909500000E-01   1.812393301800000E-02   0.000000000000000E+00   0.000000000000000E+00   0.000000000000000E+00   0.000000000000000E+00
   9.999905627000000E-01   9.390435954499999E+00   4.878674958000000E-01   3.415081101600000E-01   2.298007360900000E-02   0.000000000000000E+00   0.000000000000000E+00   0.000000000000000E+00   0.000000000000000E+00
   9.999917187000000E-01   9.391478802300000E+00   4.880605181500000E-01   3.493643263700000E-01   1.507926605100000E-02   0.000000000000000E+00   0.000000000000000E+00   0.000000000000000E+00   0.000000000000000E+00
   9.999925825300000E-01   9.392314270300000E+00   4.882046361400000E-01   3.478600566200000E-01   2.337953737800000E-02   0.000000000000000E+00   0.000000000000000E+00   0.000000000000000E+00   0.000000000000000E+00
   9.999934463600000E-01   9.392890415700000E+00   4.883473971900000E-01   3.557575680100000E-01   2.059083846700000E-02   0.000000000000000E+00   0.000000000000000E+00   0.000000000000000E+00   0.000000000000000E+00
   9.999943101900000E-01   9.393313072300000E+00   4.884888646500000E-01   3.631497544900000E-01   2.489972492300000E-02   0.000000000000000E+00   0.000000000000000E+00   0.000000000000000E+00   0.000000000000000E+00
   9.999951740200000E-01   9.393259383500000E+00   4.886273949800000E-01   3.823638269400000E-01   2.164842685000000E-02   0.000000000000000E+00   0.000000000000000E+00   0.000000000000000E+00   0.000000000000000E+00
   9.999956969300000E-01   9.393011038899999E+00   4.887095146100000E-01   3.940862439400000E-01   2.862237296500000E-02   0.000000000000000E+00   0.000000000000000E+00   0.000000000000000E+00   0.000000000000000E+00
   9.999962198300000E-01   9.392331565399999E+00   4.887890148100000E-01   4.165452785300000E-01   2.961249145400000E-02   0.000000000000000E+00   0.000000000000000E+00   0.000000000000000E+00   0.000000000000000E+00
   9.999967427400001E-01   9.391144163700000E+00   4.888651086300000E-01   4.468130110800000E-01   3.595309363700000E-02   0.000000000000000E+00   0.000000000000000E+00   0.000000000000000E+00   0.000000000000000E+00
   9.999972656500000E-01   9.389014588400000E+00   4.889354114600000E-01   4.971087450000000E-01   4.117407477000000E-02   0.000000000000000E+00   0.000000000000000E+00   0.000000000000000E+00   0.000000000000000E+00
   9.999975493800000E-01   9.387305189699999E+00   4.889700811400000E-01   5.339927992600000E-01   5.026678208800000E-02   0.000000000000000E+00   0.000000000000000E+00   0.000000000000000E+00   0.000000000000000E+00
   9.999978331100000E-01   9.384922881000000E+00   4.890008494400000E-01   5.861541315800000E-01   5.928706992000000E-02   0.000000000000000E+00   0.000000000000000E+00   0.000000000000000E+00   0.000000000000000E+00
   9.999981168500000E-01   9.381586685000000E+00   4.890261296500000E-01   6.583809354300000E-01   7.501907917800001E-02   0.000000000000000E+00   0.000000000000000E+00   0.000000000000000E+00   0.000000000000000E+00
   9.999984005800000E-01   9.376660195800000E+00   4.890426858000000E-01   7.667665069500000E-01   9.961532963500000E-02   0.000000000000000E+00   0.000000000000000E+00   0.000000000000000E+00   0.000000000000000E+00
   9.999985440600000E-01   9.373241081400000E+00   4.890461016100000E-01   8.424958775100000E-01   1.203862038000000E-01   0.000000000000000E+00   0.000000000000000E+00   0.000000000000000E+00   0.000000000000000E+00
   9.999986875300000E-01   9.368858827700000E+00   4.890445577100000E-01   9.411506552800000E-01   1.486640195600000E-01   0.000000000000000E+00   0.000000000000000E+00   0.000000000000000E+00   0.000000000000000E+00
   9.999988310100000E-01   9.363083119100001E+00   4.890360158200000E-01   1.072938394400000E+00   1.912379754900000E-01   0.000000000000000E+00   0.000000000000000E+00   0.000000000000000E+00   0.000000000000000E+00
   9.999989744900000E-01   9.355140642600000E+00   4.890169287000000E-01   1.257261171200000E+00   2.584534658200000E-01   0.000000000000000E+00   0.000000000000000E+00   0.000000000000000E+00   0.000000000000000E+00
   9.999990549000000E-01   9.349270333100000E+00   4.889994967200000E-01   1.395030141800000E+00   3.151978599100000E-01   0.000000000000000E+00   0.000000000000000E+00   0.000000000000000E+00   0.000000000000000E+00
   9.999991353200000E-01   9.341904850000001E+00   4.889751282900000E-01   1.569429501700000E+00   3.938330071400000E-01   0.000000000000000E+00   0.000000000000000E+00   0.000000000000000E+00   0.000000000000000E+00
   9.999992157299999E-01   9.332412896299999E+00   4.889410898300000E-01   1.795718204600000E+00   5.080036053500000E-01   0.000000000000000E+00   0.000000000000000E+00   0.000000000000000E+00   0.000000000000000E+00
   9.999992961500000E-01   9.319748903700001E+00   4.888929298000000E-01   2.099274606900000E+00   6.813006899300000E-01   0.000000000000000E+00   0.000000000000000E+00   0.000000000000000E+00   0.000000000000000E+00
   9.999993450000000E-01   9.309809760800000E+00   4.888538478000000E-01   2.337798718700000E+00   8.338556665200000E-01   0.000000000000000E+00   0.000000000000000E+00   0.000000000000000E+00   0.000000000000000E+00
   9.999993938600000E-01   9.297459628700000E+00   4.888043780700000E-01   2.633950657600000E+00   1.041884710100000E+00   0.000000000000000E+00   0.000000000000000E+00   0.000000000000000E+00   0.000000000000000E+00
   9.999994427200000E-01   9.281764495799999E+00   4.887406900500000E-01   3.008762941700000E+00   1.335298858900000E+00   0.000000000000000E+00   0.000000000000000E+00   0.000000000000000E+00   0.000000000000000E+00
   9.999994915700000E-01   9.261261515299999E+00   4.886568472900000E-01   3.494752671100000E+00   1.763657694100000E+00   0.000000000000000E+00   0.000000000000000E+00   0.000000000000000E+00   0.000000000000000E+00
   9.999995236700000E-01   9.244117496399999E+00   4.885865395300000E-01   3.897022034300000E+00   2.158836279700000E+00   0.000000000000000E+00   0.000000000000000E+00   0.000000000000000E+00   0.000000000000000E+00
   9.999995557600000E-01   9.222948663100000E+00   4.884997212600000E-01   4.388260329600000E+00   2.688931193900000E+00   0.000000000000000E+00   0.000000000000000E+00   0.000000000000000E+00   0.000000000000000E+00
   9.999995878600000E-01   9.196323385199999E+00   4.883907199500000E-01   4.996689832200000E+00   3.418332341300000E+00   0.000000000000000E+00   0.000000000000000E+00   0.000000000000000E+00   0.000000000000000E+00
   9.999996199500000E-01   9.162106218200000E+00   4.882511313600000E-01   5.763185151600000E+00   4.448564943700000E+00   0.000000000000000E+00   0.000000000000000E+00   0.000000000000000E+00   0.000000000000000E+00
   9.999996435000000E-01   9.130375221800000E+00   4.881222255800000E-01   6.458441402800000E+00   5.489481940600000E+00   0.000000000000000E+00   0.000000000000000E+00   0.000000000000000E+00   0.000000000000000E+00
   9.999996670500000E-01   9.091039889499999E+00   4.879631270700000E-01   7.300655754400000E+00   6.881721219000000E+00   0.000000000000000E+00   0.000000000000000E+00   0.000000000000000E+00   0.000000000000000E+00
   9.999996906000000E-01   9.041492931200001E+00   4.877637360400000E-01   8.331319536600001E+00   8.782887881500001E+00   0.000000000000000E+00   0.000000000000000E+00   0.000000000000000E+00   0.000000000000000E+00
   9.999997141500000E-01   8.977963465300000E+00   4.875095124600000E-01   9.607285383900001E+00   1.143327119100000E+01   0.000000000000000E+00   0.000000000000000E+00   0.000000000000000E+00   0.000000000000000E+00
   9.999997320700000E-01   8.917018583799999E+00   4.872669037800000E-01   1.078664155600000E+01   1.417588996700000E+01   0.000000000000000E+00   0.000000000000000E+00   0.000000000000000E+00   0.000000000000000E+00
   9.999997499800000E-01   8.841544346099999E+00   4.869678830100000E-01   1.219237853600000E+01   1.780980524700000E+01   0.000000000000000E+00   0.000000000000000E+00   0.000000000000000E+00   0.000000000000000E+00
   9.999997678900000E-01   8.746976218600000E+00   4.865950376600000E-01   1.387495370400000E+01   2.269379091200000E+01   0.000000000000000E+00   0.000000000000000E+00   0.000000000000000E+00   0.000000000000000E+00
   9.999997858100000E-01   8.627073617300001E+00   4.861246347500000E-01   1.589609344500000E+01   2.934364265300000E+01   0.000000000000000E+00   0.000000000000000E+00   0.000000000000000E+00   0.000000000000000E+00
   9.999997994599999E-01   8.513555761999999E+00   4.856811718300000E-01   1.770617398900000E+01   3.604961296900000E+01   0.000000000000000E+00   0.000000000000000E+00   0.000000000000000E+00   0.000000000000000E+00
   9.999998131200000E-01   8.375658412000000E+00   4.851444288300000E-01   1.978490635800000E+01   4.466022866000000E+01   0.000000000000000E+00   0.000000000000000E+00   0.000000000000000E+00   0.000000000000000E+00
   9.999998267800000E-01   8.207403650700000E+00   4.844918318300000E-01   2.216116609600000E+01   5.576915267900000E+01   0.000000000000000E+00   0.000000000000000E+00   0.000000000000000E+00   0.000000000000000E+00
   9.999998404300000E-01   8.001546587300000E+00   4.836960775800000E-01   2.485673169900000E+01   7.013457996699999E+01   0.000000000000000E+00   0.000000000000000E+00   0.000000000000000E+00   0.000000000000000E+00
   9.999998515700000E-01   7.799996027300000E+00   4.829191987700000E-01   2.729516524800000E+01   8.491024828899999E+01   0.000000000000000E+00   0.000000000000000E+00   0.000000000000000E+00   0.000000000000000E+00
   9.999998627100000E-01   7.562785595500000E+00   4.820070741400000E-01   2.993762113500000E+01   1.030777198300000E+02   0.000000000000000E+00   0.000000000000000E+00   0.000000000000000E+00   0.000000000000000E+00
   9.999998738500000E-01   7.284826019000000E+00   4.809406270700000E-01   3.275250029400000E+01   1.252894057500000E+02   0.000000000000000E+00   0.000000000000000E+00   0.000000000000000E+00   0.000000000000000E+00
   9.999998849900000E-01   6.961503690900000E+00   4.797026030500000E-01   3.568165852600000E+01   1.522011321700000E+02   0.000000000000000E+00   0.000000000000000E+00   0.000000000000000E+00   0.000000000000000E+00
   9.999998952700000E-01   6.619571292000000E+00   4.783955124200000E-01   3.841209497900000E+01   1.817363101000000E+02   0.000000000000000E+00   0.000000000000000E+00   0.000000000000000E+00   0.000000000000000E+00
   9.999999055600000E-01   6.235035081600000E+00   4.769275700500000E-01   4.106615569900000E+01   2.160759617200000E+02   0.000000000000000E+00   0.000000000000000E+00   0.000000000000000E+00   0.000000000000000E+00
   9.999999158500000E-01   5.809428098500000E+00   4.753046317400000E-01   4.352435121500000E+01   2.552460147300000E+02   0.000000000000000E+00   0.000000000000000E+00   0.000000000000000E+00   0.000000000000000E+00
   9.999999261400000E-01   5.347457735700000E+00   4.735444594600000E-01   4.564977572000000E+01   2.989019142400000E+02   0.000000000000000E+00   0.000000000000000E+00   0.000000000000000E+00   0.000000000000000E+00
   9.999999354100000E-01   4.906349222400000E+00   4.718645895400000E-01   4.716721674500000E+01   3.414639135400000E+02   0.000000000000000E+00   0.000000000000000E+00   0.000000000000000E+00   0.000000000000000E+00
   9.999999446900000E-01   4.450643612000000E+00   4.701294300500000E-01   4.821218139700000E+01   3.860960949000000E+02   0.000000000000000E+00   0.000000000000000E+00   0.000000000000000E+00   0.000000000000000E+00
   9.999999539700000E-01   3.990308941300000E+00   4.683764319400000E-01   4.871911278200000E+01   4.315961604600000E+02   0.000000000000000E+00   0.000000000000000E+00   0.000000000000000E+00   0.000000000000000E+00
   9.999999632500000E-01   3.536094084300000E+00   4.666459808500000E-01   4.865495006300000E+01   4.765815059200000E+02   0.000000000000000E+00   0.000000000000000E+00   0.000000000000000E+00   0.000000000000000E+00
   9.999999724300001E-01   3.102637927600000E+00   4.649933323900000E-01   4.803328240400000E+01   5.192110424700001E+02   0.000000000000000E+00   0.000000000000000E+00   0.000000000000000E+00   0.000000000000000E+00
   9.999999816200000E-01   2.694446008700000E+00   4.634352437500000E-01   4.689800083200000E+01   5.586233455100000E+02   0.000000000000000E+00   0.000000000000000E+00   0.000000000000000E+00   0.000000000000000E+00
   9.999999908100000E-01   2.318384063700000E+00   4.619976100700000E-01   4.531859473700000E+01   5.937482596400000E+02   0.000000000000000E+00   0.000000000000000E+00   0.000000000000000E+00   0.000000000000000E+00
   1.000000000000000E+00   1.978880643800000E+00   4.606972138100000E-01   4.338492894200000E+01   6.238160432600000E+02   0.000000000000000E+00   0.000000000000000E+00   0.000000000000000E+00   0.000000000000000E+00
