   0.000000000000000E+00   4.929659010700000E-01   9.999999955900000E-01   1.684742658100000E+00   1.823480685200000E+00   0.000000000000000E+00   0.000000000000000E+00   0.000000000000000E+00   0.000000000000000E+00
   3.060899186400000E-04   6.031271344100000E-01   8.979028714800000E-01   1.603352367000000E+00   1.689400545400000E+00   0.000000000000000E+00   0.000000000000000E+00   0.000000000000000E+00   0.000000000000000E+00
   6.121798372800000E-04   7.262209836900000E-01   8.107224563800000E-01   1.561498192200000E+00   1.507417450000000E+00   0.000000000000000E+00   0.000000000000000E+00   0.000000000000000E+00   0.000000000000000E+00
   9.182697559200000E-04   8.623853178200001E-01   7.359877429100000E-01   1.503673477500000E+00   1.403695049400000E+00   0.000000000000000E+00   0.000000000000000E+00   0.000000000000000E+00   0.000000000000000E+00
   1.224359674600000E-03   1.010961210900000E+00   6.717809908300000E-01   1.482285934100000E+00   1.239144516600000E+00   0.000000000000000E+00   0.000000000000000E+00   0.000000000000000E+00   0.000000000000000E+00
   1.512164714100000E-03   1.161111903200000E+00   6.196539684100000E-01   1.424733723600000E+00   1.200147160900000E+00   0.000000000000000E+00   0.000000000000000E+00   0.000000000000000E+00   0.000000000000000E+00
   1.799969753700000E-03   1.320152605900000E+00   5.744660178600000E-01   1.401677861900000E+00   1.092380090200000E+00   0.000000000000000E+00   0.000000000000000E+00   0.000000000000000E+00   0.000000000000000E+00
   2.087774793200000E-03   1.486271969300000E+00   5.353537230300000E-01   1.359412063300000E+00   1.048066927800000E+00   0.000000000000000E+00   0.000000000000000E+00   0.000000000000000E+00   0.000000000000000E+00
   2.375579832800000E-03   1.657672037400000E+00   5.015907894600000E-01   1.350780162500000E+00   9.317523692700000E-01   0.000000000000000E+00   0.000000000000000E+00   0.000000000000000E+00   0.000000000000000E+00
   3.094455802200000E-03   2.090263085300000E+00   4.366631466400000E-01   1.265096289800000E+00   8.547740462000000E-01   0.000000000000000E+00   0.000000000000000E+00   0.000000000000000E+00   0.000000000000000E+00
   3.813331771700000E-03   2.494672594800000E+00   3.933466384800000E-01   1.223029774300000E+00   7.321771558200000E-01   0.000000000000000E+00   0.000000000000000E+00   0.000000000000000E+00   0.000000000000000E+00
   4.532207741200000E-03   2.834423559100000E+00   3.654164746900000E-01   1.171951673500000E+00   6.918976935200000E-01   0.000000000000000E+00   0.000000000000000E+00   0.000000000000000E+00   0.000000000000000E+00
   5.251083710600000E-03   3.090193401800000E+00   3.479973791600000E-01   1.164111574100000E+00   5.940986386400000E-01   0.000000000000000E+00   0.000000000000000E+00   0.000000000000000E+00   0.000000000000000E+00
   5.869440434900000E-03   3.247760507900000E+00   3.386198415100000E-01   1.126345842300000E+00   6.210194102600000E-01   0.000000000000000E+00   0.000000000000000E+00   0.000000000000000E+00   0.000000000000000E+00
   6.487797159200000E-03   3.355712866700000E+00   3.326242299000000E-01   1.125722791500000E+00   5.771118854300000E-01   0.000000000000000E+00   0.000000000000000E+00   0.000000000000000E+00   0.000000000000000E+00
   7.106153883500000E-03   3.428110362700000E+00   3.288365297300000E-01   1.107471500400000E+00   5.932093738200001E-01   0.000000000000000E+00   0.000000000000000E+00   0.000000000000000E+00   0.000000000000000E+00
   7.724510607800000E-03   3.474482963800000E+00   3.264563653500000E-01   1.123582152500000E+00   5.338872263500000E-01   0.000000000000000E+00   0.000000000000000E+00   0.000000000000000E+00   0.000000000000000E+00
   8.764535723700000E-03   3.518559604000000E+00   3.242940900800000E-01   1.098224472000000E+00   5.798922641299999E-01   0.000000000000000E+00   0.000000000000000E+00   0.000000000000000E+00   0.000000000000000E+00
   9.804560839499999E-03   3.538122714500000E+00   3.233326412400000E-01   1.106995949000000E+00   5.500674495000000E-01   0.000000000000000E+00   0.000000000000000E+00   0.000000000000000E+00   0.000000000000000E+00
   1.084458595500000E-02   3.547245558500000E+00   3.229006801200000E-01   1.095321437200000E+00   5.757480981799999E-01   0.000000000000000E+00   0.000000000000000E+00   0.000000000000000E+00   0.000000000000000E+00
   1.188461107100000E-02   3.551036998000000E+00   3.227033914100000E-01   1.115806967500000E+00   5.228230868800000E-01   0.000000000000000E+00   0.000000000000000E+00   0.000000000000000E+00   0.000000000000000E+00
   1.535531168700000E-02   3.554522912300000E+00   3.225506004400000E-01   1.094588134300000E+00   5.747020724500000E-01   0.000000000000000E+00   0.000000000000000E+00   0.000000000000000E+00   0.000000000000000E+00
   1.882601230300000E-02   3.554272432200000E+00   3.225551463300000E-01   1.105362406900000E+00   5.477571928700000E-01   0.000000000000000E+00   0.000000000000000E+00   0.000000000000000E+00   0.000000000000000E+00
   2.229671291900000E-02   3.554579301300000E+00   3.225478907700000E-01   1.094583001000000E+00   5.746925891500000E-01   0.000000000000000E+00   0.000000000000000E+00   0.000000000000000E+00   0.000000000000000E+00
   2.576741353400000E-02   3.554194003700000E+00   3.225518881900000E-01   1.115484993800000E+00   5.223799376500000E-01   0.000000000000000E+00   0.000000000000000E+00   0.000000000000000E+00   0.000000000000000E+00
   3.649155563800000E-02   3.554587043400000E+00   3.225475183500000E-01   1.094582533200000E+00   5.746906914800000E-01   0.000000000000000E+00   0.000000000000000E+00   0.000000000000000E+00   0.000000000000000E+00
   4.721569774100000E-02   3.554405319200000E+00   3.225487742200000E-01   1.105348121500000E+00   5.477403938400000E-01   0.000000000000000E+00   0.000000000000000E+00   0.000000000000000E+00   0.000000000000000E+00
   5.793983984500000E-02   3.554578515900000E+00   3.225479272900000E-01   1.094583573300000E+00   5.746914589800000E-01   0.000000000000000E+00   0.000000000000000E+00   0.000000000000000E+00   0.000000000000000E+00
   6.866398194800000E-02   3.554258436000000E+00   3.225487981100000E-01   1.115477343100000E+00   5.223736142900000E-01   0.000000000000000E+00   0.000000000000000E+00   0.000000000000000E+00   0.000000000000000E+00
   8.822614952700000E-02   3.554575672100000E+00   3.225480636300000E-01   1.094583978600000E+00   5.746915677900000E-01   0.000000000000000E+00   0.000000000000000E+00   0.000000000000000E+00   0.000000000000000E+00
   1.077883171100000E-01   3.554415963900000E+00   3.225482638100000E-01   1.105346713400000E+00   5.477397121899999E-01   0.000000000000000E+00   0.000000000000000E+00   0.000000000000000E+00   0.000000000000000E+00
   1.273504846800000E-01   3.554573665800000E+00   3.225481598000000E-01   1.094584279600000E+00   5.746916064599999E-01   0.000000000000000E+00   0.000000000000000E+00   0.000000000000000E+00   0.000000000000000E+00
   1.469126522600000E-01   3.554271911800000E+00   3.225481521000000E-01   1.115475352300000E+00   5.223732757800000E-01   0.000000000000000E+00   0.000000000000000E+00   0.000000000000000E+00   0.000000000000000E+00
   1.728678464500000E-01   3.554572613600000E+00   3.225482102300000E-01   1.094584459300000E+00   5.746915718400000E-01   0.000000000000000E+00   0.000000000000000E+00   0.000000000000000E+00   0.000000000000000E+00
   1.988230406400000E-01   3.554419191100000E+00   3.225481091400000E-01   1.105346180200000E+00   5.477397732500000E-01   0.000000000000000E+00   0.000000000000000E+00   0.000000000000000E+00   0.000000000000000E+00
   2.247782348200000E-01   3.554571751600000E+00   3.225482515300000E-01   1.094584620700000E+00   5.746915079100000E-01   0.000000000000000E+00   0.000000000000000E+00   0.000000000000000E+00   0.000000000000000E+00
   2.507334290100000E-01   3.554277581500000E+00   3.225478804500000E-01   1.115474304300000E+00   5.223736630700000E-01   0.000000000000000E+00   0.000000000000000E+00   0.000000000000000E+00   0.000000000000000E+00
   2.686386133000000E-01   3.554571022100000E+00   3.225482864700000E-01   1.094584771700000E+00   5.746914173100000E-01   0.000000000000000E+00   0.000000000000000E+00   0.000000000000000E+00   0.000000000000000E+00
   2.865437975900000E-01   3.554421128800000E+00   3.225480163400000E-01   1.105345766100000E+00   5.477400465200000E-01   0.000000000000000E+00   0.000000000000000E+00   0.000000000000000E+00   0.000000000000000E+00
   3.044489818800000E-01   3.554570353800000E+00   3.225483184600000E-01   1.094584946900000E+00   5.746912414200001E-01   0.000000000000000E+00   0.000000000000000E+00   0.000000000000000E+00   0.000000000000000E+00
   3.223541661700000E-01   3.554282113100000E+00   3.225476635300000E-01   1.115473157100000E+00   5.223747523600000E-01   0.000000000000000E+00   0.000000000000000E+00   0.000000000000000E+00   0.000000000000000E+00
   3.345587444800000E-01   3.554569834300000E+00   3.225483433000000E-01   1.094585112400000E+00   5.746910310400000E-01   0.000000000000000E+00   0.000000000000000E+00   0.000000000000000E+00   0.000000000000000E+00
   3.467633227900000E-01   3.554422485300000E+00   3.225479514800000E-01   1.105345310000000E+00   5.477406563000000E-01   0.000000000000000E+00   0.000000000000000E+00   0.000000000000000E+00   0.000000000000000E+00
   3.589679011000000E-01   3.554569446500000E+00   3.225483617900000E-01   1.094585309700000E+00   5.746906881500000E-01   0.000000000000000E+00   0.000000000000000E+00   0.000000000000000E+00   0.000000000000000E+00
   3.711724794100000E-01   3.554284928700000E+00   3.225475291600000E-01   1.115471860700000E+00   5.223768990800000E-01   0.000000000000000E+00   0.000000000000000E+00   0.000000000000000E+00   0.000000000000000E+00
   3.828288008300000E-01   3.554569240900000E+00   3.225483715600000E-01   1.094585468100000E+00   5.746903709900000E-01   0.000000000000000E+00   0.000000000000000E+00   0.000000000000000E+00   0.000000000000000E+00
   3.944851222400000E-01   3.554423095600000E+00   3.225479224700000E-01   1.105344859800000E+00   5.477415475900000E-01   0.000000000000000E+00   0.000000000000000E+00   0.000000000000000E+00   0.000000000000000E+00
   4.061414436600000E-01   3.554569102100000E+00   3.225483781100000E-01   1.094585647700000E+00   5.746899737200000E-01   0.000000000000000E+00   0.000000000000000E+00   0.000000000000000E+00   0.000000000000000E+00
   4.177977650700000E-01   3.554285947400000E+00   3.225474810100000E-01   1.115470697900000E+00   5.223794228500001E-01   0.000000000000000E+00   0.000000000000000E+00   0.000000000000000E+00   0.000000000000000E+00
   4.290599469100000E-01   3.554569030200000E+00   3.225483814600000E-01   1.094585798200000E+00   5.746896232699999E-01   0.000000000000000E+00   0.000000000000000E+00   0.000000000000000E+00   0.000000000000000E+00
   4.403221287500000E-01   3.554423310900000E+00   3.225479124200000E-01   1.105344433700000E+00   5.477425353499999E-01   0.000000000000000E+00   0.000000000000000E+00   0.000000000000000E+00   0.000000000000000E+00
   4.515843105800000E-01   3.554568982100000E+00   3.225483836500000E-01   1.094585974500000E+00   5.746891984500000E-01   0.000000000000000E+00   0.000000000000000E+00   0.000000000000000E+00   0.000000000000000E+00
   4.628464924200000E-01   3.554286302600000E+00   3.225474647100000E-01   1.115469565000000E+00   5.223821348900000E-01   0.000000000000000E+00   0.000000000000000E+00   0.000000000000000E+00   0.000000000000000E+00
   4.717748536200000E-01   3.554568953300000E+00   3.225483849200000E-01   1.094586142100000E+00   5.746887876800000E-01   0.000000000000000E+00   0.000000000000000E+00   0.000000000000000E+00   0.000000000000000E+00
   4.807032148100000E-01   3.554423391200000E+00   3.225479088800000E-01   1.105343960400000E+00   5.477436953100000E-01   0.000000000000000E+00   0.000000000000000E+00   0.000000000000000E+00   0.000000000000000E+00
   4.896315760100000E-01   3.554568935500000E+00   3.225483856300000E-01   1.094586360100000E+00   5.746882457300000E-01   0.000000000000000E+00   0.000000000000000E+00   0.000000000000000E+00   0.000000000000000E+00
   4.985599372000000E-01   3.554286443100000E+00   3.225474589100000E-01   1.115468167100000E+00   5.223855995900000E-01   0.000000000000000E+00   0.000000000000000E+00   0.000000000000000E+00   0.000000000000000E+00
   5.064613120500000E-01   3.554568925800000E+00   3.225483859600000E-01   1.094586556800000E+00   5.746877542300000E-01   0.000000000000000E+00   0.000000000000000E+00   0.000000000000000E+00   0.000000000000000E+00
   5.143626869100000E-01   3.554423419900000E+00   3.225479078800000E-01   1.105343404900000E+00   5.477450828700000E-01   0.000000000000000E+00   0.000000000000000E+00   0.000000000000000E+00   0.000000000000000E+00
   5.222640617600000E-01   3.554568919100000E+00   3.225483861200000E-01   1.094586801800000E+00   5.746871399700000E-01   0.000000000000000E+00   0.000000000000000E+00   0.000000000000000E+00   0.000000000000000E+00
   5.301654366100000E-01   3.554286494500000E+00   3.225474575100000E-01   1.115466598400000E+00   5.223895296500000E-01   0.000000000000000E+00   0.000000000000000E+00   0.000000000000000E+00   0.000000000000000E+00
   5.382324234400000E-01   3.554568915000000E+00   3.225483861700000E-01   1.094587007700000E+00   5.746866230100000E-01   0.000000000000000E+00   0.000000000000000E+00   0.000000000000000E+00   0.000000000000000E+00
   5.462994102600000E-01   3.554423432300000E+00   3.225479076800000E-01   1.105342823400000E+00   5.477465424100000E-01   0.000000000000000E+00   0.000000000000000E+00   0.000000000000000E+00   0.000000000000000E+00
   5.543663970800000E-01   3.554568911100000E+00   3.225483862000000E-01   1.094587247300000E+00   5.746860210300000E-01   0.000000000000000E+00   0.000000000000000E+00   0.000000000000000E+00   0.000000000000000E+00
   5.624333839100000E-01   3.554286520900000E+00   3.225474572800000E-01   1.115465064600000E+00   5.223933821100000E-01   0.000000000000000E+00   0.000000000000000E+00   0.000000000000000E+00   0.000000000000000E+00
   5.702537809700000E-01   3.554568908100000E+00   3.225483862000000E-01   1.094587454200000E+00   5.746855012600000E-01   0.000000000000000E+00   0.000000000000000E+00   0.000000000000000E+00   0.000000000000000E+00
   5.780741780300001E-01   3.554423440900000E+00   3.225479076600000E-01   1.105342239300000E+00   5.477480099900000E-01   0.000000000000000E+00   0.000000000000000E+00   0.000000000000000E+00   0.000000000000000E+00
   5.858945750900000E-01   3.554568904700000E+00   3.225483862000000E-01   1.094587701300000E+00   5.746848802700000E-01   0.000000000000000E+00   0.000000000000000E+00   0.000000000000000E+00   0.000000000000000E+00
   5.937149721500000E-01   3.554286543100000E+00   3.225474572900000E-01   1.115463483100000E+00   5.223973563800000E-01   0.000000000000000E+00   0.000000000000000E+00   0.000000000000000E+00   0.000000000000000E+00
   6.012076999300000E-01   3.554568901800000E+00   3.225483861900000E-01   1.094587915900000E+00   5.746843409000000E-01   0.000000000000000E+00   0.000000000000000E+00   0.000000000000000E+00   0.000000000000000E+00
   6.087004277200000E-01   3.554423449200000E+00   3.225479076800000E-01   1.105341633400000E+00   5.477495328899999E-01   0.000000000000000E+00   0.000000000000000E+00   0.000000000000000E+00   0.000000000000000E+00
   6.161931555100000E-01   3.554568898300000E+00   3.225483861800000E-01   1.094588173800000E+00   5.746836928100000E-01   0.000000000000000E+00   0.000000000000000E+00   0.000000000000000E+00   0.000000000000000E+00
   6.236858833000000E-01   3.554286565200000E+00   3.225474573500000E-01   1.115461832600000E+00   5.224015041900000E-01   0.000000000000000E+00   0.000000000000000E+00   0.000000000000000E+00   0.000000000000000E+00
   6.310270391900000E-01   3.554568895400000E+00   3.225483861700000E-01   1.094588395300000E+00   5.746831362600000E-01   0.000000000000000E+00   0.000000000000000E+00   0.000000000000000E+00   0.000000000000000E+00
   6.383681950800000E-01   3.554423457500000E+00   3.225479077000000E-01   1.105341008100000E+00   5.477511043100000E-01   0.000000000000000E+00   0.000000000000000E+00   0.000000000000000E+00   0.000000000000000E+00
   6.457093509600000E-01   3.554568891900000E+00   3.225483861600000E-01   1.094588658400000E+00   5.746824748400000E-01   0.000000000000000E+00   0.000000000000000E+00   0.000000000000000E+00   0.000000000000000E+00
   6.530505068500000E-01   3.554286587500000E+00   3.225474574200000E-01   1.115460148400000E+00   5.224057372599999E-01   0.000000000000000E+00   0.000000000000000E+00   0.000000000000000E+00   0.000000000000000E+00
   6.590132413599999E-01   3.554568888600000E+00   3.225483861500000E-01   1.094588908000000E+00   5.746818476900000E-01   0.000000000000000E+00   0.000000000000000E+00   0.000000000000000E+00   0.000000000000000E+00
   6.649759758800000E-01   3.554423466800000E+00   3.225479077300000E-01   1.105340303500000E+00   5.477528751000000E-01   0.000000000000000E+00   0.000000000000000E+00   0.000000000000000E+00   0.000000000000000E+00
   6.709387103900000E-01   3.554568884300000E+00   3.225483861400000E-01   1.094589231900000E+00   5.746810334600000E-01   0.000000000000000E+00   0.000000000000000E+00   0.000000000000000E+00   0.000000000000000E+00
   6.769014449100000E-01   3.554286614900000E+00   3.225474575100000E-01   1.115458075000000E+00   5.224109483000000E-01   0.000000000000000E+00   0.000000000000000E+00   0.000000000000000E+00   0.000000000000000E+00
   6.828947575400000E-01   3.554568880700000E+00   3.225483861300000E-01   1.094589506600000E+00   5.746803431800001E-01   0.000000000000000E+00   0.000000000000000E+00   0.000000000000000E+00   0.000000000000000E+00
   6.888880701700000E-01   3.554423477100000E+00   3.225479077700000E-01   1.105339528000000E+00   5.477548241300000E-01   0.000000000000000E+00   0.000000000000000E+00   0.000000000000000E+00   0.000000000000000E+00
   6.948813828100000E-01   3.554568876400000E+00   3.225483861100000E-01   1.094589828800000E+00   5.746795332100000E-01   0.000000000000000E+00   0.000000000000000E+00   0.000000000000000E+00   0.000000000000000E+00
   7.008746954400000E-01   3.554286642200000E+00   3.225474576000000E-01   1.115456012400000E+00   5.224161321100000E-01   0.000000000000000E+00   0.000000000000000E+00   0.000000000000000E+00   0.000000000000000E+00
   7.066599630500000E-01   3.554568872700000E+00   3.225483861000000E-01   1.094590107700000E+00   5.746788323899999E-01   0.000000000000000E+00   0.000000000000000E+00   0.000000000000000E+00   0.000000000000000E+00
   7.124452306500000E-01   3.554423487500000E+00   3.225479078000000E-01   1.105338740700000E+00   5.477568028899999E-01   0.000000000000000E+00   0.000000000000000E+00   0.000000000000000E+00   0.000000000000000E+00
   7.182304982600000E-01   3.554568868300000E+00   3.225483860900000E-01   1.094590441500000E+00   5.746779934000000E-01   0.000000000000000E+00   0.000000000000000E+00   0.000000000000000E+00   0.000000000000000E+00
   7.240157658700000E-01   3.554286670500000E+00   3.225474576900000E-01   1.115453876000000E+00   5.224215016600000E-01   0.000000000000000E+00   0.000000000000000E+00   0.000000000000000E+00   0.000000000000000E+00
   7.288042024400000E-01   3.554568864200000E+00   3.225483860700000E-01   1.094590754800000E+00   5.746772060799999E-01   0.000000000000000E+00   0.000000000000000E+00   0.000000000000000E+00   0.000000000000000E+00
   7.335926390200000E-01   3.554423499200000E+00   3.225479078400000E-01   1.105337856300000E+00   5.477590259100000E-01   0.000000000000000E+00   0.000000000000000E+00   0.000000000000000E+00   0.000000000000000E+00
   7.383810755900000E-01   3.554568858800000E+00   3.225483860600000E-01   1.094591158000000E+00   5.746761925700000E-01   0.000000000000000E+00   0.000000000000000E+00   0.000000000000000E+00   0.000000000000000E+00
   7.431695121700000E-01   3.554286704600000E+00   3.225474578000000E-01   1.115451295300000E+00   5.224279880900000E-01   0.000000000000000E+00   0.000000000000000E+00   0.000000000000000E+00   0.000000000000000E+00
   7.477274524400001E-01   3.554568854200000E+00   3.225483860400000E-01   1.094591509400000E+00   5.746753093800000E-01   0.000000000000000E+00   0.000000000000000E+00   0.000000000000000E+00   0.000000000000000E+00
   7.522853927099999E-01   3.554423512300000E+00   3.225479078800000E-01   1.105336864100000E+00   5.477615196200000E-01   0.000000000000000E+00   0.000000000000000E+00   0.000000000000000E+00   0.000000000000000E+00
   7.568433329799999E-01   3.554568848600000E+00   3.225483860200000E-01   1.094591932900000E+00   5.746742447900000E-01   0.000000000000000E+00   0.000000000000000E+00   0.000000000000000E+00   0.000000000000000E+00
   7.614012732500000E-01   3.554286740500000E+00   3.225474579200000E-01   1.115448584500000E+00   5.224348014500000E-01   0.000000000000000E+00   0.000000000000000E+00   0.000000000000000E+00   0.000000000000000E+00
   7.656746138200000E-01   3.554568843700000E+00   3.225483860100000E-01   1.094592304900000E+00   5.746733098300000E-01   0.000000000000000E+00   0.000000000000000E+00   0.000000000000000E+00   0.000000000000000E+00
   7.699479543900000E-01   3.554423526200000E+00   3.225479079300000E-01   1.105335813800000E+00   5.477641594900000E-01   0.000000000000000E+00   0.000000000000000E+00   0.000000000000000E+00   0.000000000000000E+00
   7.742212949600000E-01   3.554568837700000E+00   3.225483859900000E-01   1.094592756600000E+00   5.746721745400000E-01   0.000000000000000E+00   0.000000000000000E+00   0.000000000000000E+00   0.000000000000000E+00
   7.784946355300000E-01   3.554286778700000E+00   3.225474580400000E-01   1.115445693700000E+00   5.224420673400000E-01   0.000000000000000E+00   0.000000000000000E+00   0.000000000000000E+00   0.000000000000000E+00
   7.846115988300000E-01   3.554568833400000E+00   3.225483859700000E-01   1.094593082700000E+00   5.746713550400000E-01   0.000000000000000E+00   0.000000000000000E+00   0.000000000000000E+00   0.000000000000000E+00
   7.907285621400000E-01   3.554423538400000E+00   3.225479079700000E-01   1.105334893200000E+00   5.477664734100000E-01   0.000000000000000E+00   0.000000000000000E+00   0.000000000000000E+00   0.000000000000000E+00
   7.968455254400000E-01   3.554568829200000E+00   3.225483859600000E-01   1.094593398200000E+00   5.746705620300000E-01   0.000000000000000E+00   0.000000000000000E+00   0.000000000000000E+00   0.000000000000000E+00
   8.029624887500000E-01   3.554286805400000E+00   3.225474581300000E-01   1.115443674500000E+00   5.224471425800000E-01   0.000000000000000E+00   0.000000000000000E+00   0.000000000000000E+00   0.000000000000000E+00
   8.067482376400000E-01   3.554568824600000E+00   3.225483859400000E-01   1.094593748900000E+00   5.746696804800000E-01   0.000000000000000E+00   0.000000000000000E+00   0.000000000000000E+00   0.000000000000000E+00
   8.105339865400000E-01   3.554423551500000E+00   3.225479080100000E-01   1.105333903000000E+00   5.477689624300000E-01   0.000000000000000E+00   0.000000000000000E+00   0.000000000000000E+00   0.000000000000000E+00
   8.143197354300000E-01   3.554568817800000E+00   3.225483859200000E-01   1.094594258600000E+00   5.746683993600000E-01   0.000000000000000E+00   0.000000000000000E+00   0.000000000000000E+00   0.000000000000000E+00
   8.181054843300000E-01   3.554286848500000E+00   3.225474582700000E-01   1.115440412500000E+00   5.224553417700000E-01   0.000000000000000E+00   0.000000000000000E+00   0.000000000000000E+00   0.000000000000000E+00
   8.215206469900000E-01   3.554568811800000E+00   3.225483859000000E-01   1.094594715300000E+00   5.746672514300000E-01   0.000000000000000E+00   0.000000000000000E+00   0.000000000000000E+00   0.000000000000000E+00
   8.249358096500000E-01   3.554423568500000E+00   3.225479080600000E-01   1.105332613500000E+00   5.477722036200000E-01   0.000000000000000E+00   0.000000000000000E+00   0.000000000000000E+00   0.000000000000000E+00
   8.283509723000000E-01   3.554568804300000E+00   3.225483858800000E-01   1.094595280100000E+00   5.746658315800000E-01   0.000000000000000E+00   0.000000000000000E+00   0.000000000000000E+00   0.000000000000000E+00
   8.317661349600000E-01   3.554286896300000E+00   3.225474584200000E-01   1.115436797400000E+00   5.224644287900000E-01   0.000000000000000E+00   0.000000000000000E+00   0.000000000000000E+00   0.000000000000000E+00
   8.351012858200000E-01   3.554568797900000E+00   3.225483858600000E-01   1.094595766000000E+00   5.746646103700001E-01   0.000000000000000E+00   0.000000000000000E+00   0.000000000000000E+00   0.000000000000000E+00
   8.384364366800000E-01   3.554423586600000E+00   3.225479081200000E-01   1.105331241700000E+00   5.477756517400000E-01   0.000000000000000E+00   0.000000000000000E+00   0.000000000000000E+00   0.000000000000000E+00
   8.417715875400000E-01   3.554568790300000E+00   3.225483858300000E-01   1.094596344200000E+00   5.746631567800000E-01   0.000000000000000E+00   0.000000000000000E+00   0.000000000000000E+00   0.000000000000000E+00
   8.451067383999999E-01   3.554286945300000E+00   3.225474585800000E-01   1.115433096400000E+00   5.224737317500000E-01   0.000000000000000E+00   0.000000000000000E+00   0.000000000000000E+00   0.000000000000000E+00
   8.480870679400000E-01   3.554568783400000E+00   3.225483858100000E-01   1.094596865000000E+00   5.746618478200000E-01   0.000000000000000E+00   0.000000000000000E+00   0.000000000000000E+00   0.000000000000000E+00
   8.510673974800000E-01   3.554423606100000E+00   3.225479081900000E-01   1.105329771400000E+00   5.477793475900000E-01   0.000000000000000E+00   0.000000000000000E+00   0.000000000000000E+00   0.000000000000000E+00
   8.540477270300000E-01   3.554568774800000E+00   3.225483857800000E-01   1.094597511900000E+00   5.746602215600000E-01   0.000000000000000E+00   0.000000000000000E+00   0.000000000000000E+00   0.000000000000000E+00
   8.570280565700000E-01   3.554287000000000E+00   3.225474587600000E-01   1.115428955800000E+00   5.224841398000000E-01   0.000000000000000E+00   0.000000000000000E+00   0.000000000000000E+00   0.000000000000000E+00
   8.598830102600000E-01   3.554568767400000E+00   3.225483857600000E-01   1.094598073900000E+00   5.746588090700000E-01   0.000000000000000E+00   0.000000000000000E+00   0.000000000000000E+00   0.000000000000000E+00
   8.627379639500000E-01   3.554423627000000E+00   3.225479082500000E-01   1.105328184800000E+00   5.477833358100000E-01   0.000000000000000E+00   0.000000000000000E+00   0.000000000000000E+00   0.000000000000000E+00
   8.655929176500000E-01   3.554568758500000E+00   3.225483857300000E-01   1.094598749000000E+00   5.746571118200000E-01   0.000000000000000E+00   0.000000000000000E+00   0.000000000000000E+00   0.000000000000000E+00
   8.684478713400000E-01   3.554287057100000E+00   3.225474589500000E-01   1.115424634700000E+00   5.224950021500000E-01   0.000000000000000E+00   0.000000000000000E+00   0.000000000000000E+00   0.000000000000000E+00
   8.712186863500000E-01   3.554568750800000E+00   3.225483857000000E-01   1.094599331600000E+00   5.746556474500000E-01   0.000000000000000E+00   0.000000000000000E+00   0.000000000000000E+00   0.000000000000000E+00
   8.739895013600000E-01   3.554423648800000E+00   3.225479083200000E-01   1.105326540000000E+00   5.477874704900000E-01   0.000000000000000E+00   0.000000000000000E+00   0.000000000000000E+00   0.000000000000000E+00
   8.767603163600000E-01   3.554568741600000E+00   3.225483856700000E-01   1.094600027000000E+00   5.746538991400000E-01   0.000000000000000E+00   0.000000000000000E+00   0.000000000000000E+00   0.000000000000000E+00
   8.795311313700001E-01   3.554287115900000E+00   3.225474591400000E-01   1.115420183600000E+00   5.225061913900000E-01   0.000000000000000E+00   0.000000000000000E+00   0.000000000000000E+00   0.000000000000000E+00
   8.820882227900000E-01   3.554568733400000E+00   3.225483856500000E-01   1.094600642800000E+00   5.746523511600000E-01   0.000000000000000E+00   0.000000000000000E+00   0.000000000000000E+00   0.000000000000000E+00
   8.846453142000000E-01   3.554423671800000E+00   3.225479084000000E-01   1.105324801400000E+00   5.477918412000000E-01   0.000000000000000E+00   0.000000000000000E+00   0.000000000000000E+00   0.000000000000000E+00
   8.872024056200000E-01   3.554568723500000E+00   3.225483856200000E-01   1.094601396200000E+00   5.746504572500000E-01   0.000000000000000E+00   0.000000000000000E+00   0.000000000000000E+00   0.000000000000000E+00
   8.897594970400000E-01   3.554287179600000E+00   3.225474593400000E-01   1.115415362000000E+00   5.225183124300000E-01   0.000000000000000E+00   0.000000000000000E+00   0.000000000000000E+00   0.000000000000000E+00
   8.928187526000000E-01   3.554568715700000E+00   3.225483855900000E-01   1.094601983900000E+00   5.746489797800000E-01   0.000000000000000E+00   0.000000000000000E+00   0.000000000000000E+00   0.000000000000000E+00
   8.958780081600000E-01   3.554423693700000E+00   3.225479084700000E-01   1.105323141900000E+00   5.477960129600000E-01   0.000000000000000E+00   0.000000000000000E+00   0.000000000000000E+00   0.000000000000000E+00
   8.989372637300000E-01   3.554568707400000E+00   3.225483855600000E-01   1.094602613400000E+00   5.746473971700000E-01   0.000000000000000E+00   0.000000000000000E+00   0.000000000000000E+00   0.000000000000000E+00
   9.019965192900000E-01   3.554287232800000E+00   3.225474595200000E-01   1.115411333000000E+00   5.225284411400000E-01   0.000000000000000E+00   0.000000000000000E+00   0.000000000000000E+00   0.000000000000000E+00
   9.047433962100000E-01   3.554568699900000E+00   3.225483855400000E-01   1.094603178900000E+00   5.746459756200000E-01   0.000000000000000E+00   0.000000000000000E+00   0.000000000000000E+00   0.000000000000000E+00
   9.074902731300000E-01   3.554423714800000E+00   3.225479085400000E-01   1.105321545400000E+00   5.478000266900001E-01   0.000000000000000E+00   0.000000000000000E+00   0.000000000000000E+00   0.000000000000000E+00
   9.102371500500001E-01   3.554568690700000E+00   3.225483855100000E-01   1.094603879800000E+00   5.746442134900001E-01   0.000000000000000E+00   0.000000000000000E+00   0.000000000000000E+00   0.000000000000000E+00
   9.129840269700000E-01   3.554287292100000E+00   3.225474597100000E-01   1.115406847100000E+00   5.225397188000001E-01   0.000000000000000E+00   0.000000000000000E+00   0.000000000000000E+00   0.000000000000000E+00
   9.148909831699999E-01   3.554568681100000E+00   3.225483854800000E-01   1.094604606700000E+00   5.746423860200000E-01   0.000000000000000E+00   0.000000000000000E+00   0.000000000000000E+00   0.000000000000000E+00
   9.167979393700000E-01   3.554423741900000E+00   3.225479086300000E-01   1.105319493000000E+00   5.478051863700000E-01   0.000000000000000E+00   0.000000000000000E+00   0.000000000000000E+00   0.000000000000000E+00
   9.187048955800000E-01   3.554568667800000E+00   3.225483854300000E-01   1.094605616000000E+00   5.746398485899999E-01   0.000000000000000E+00   0.000000000000000E+00   0.000000000000000E+00   0.000000000000000E+00
   9.206118517800000E-01   3.554287377400000E+00   3.225474599900000E-01   1.115400387700000E+00   5.225559583500000E-01   0.000000000000000E+00   0.000000000000000E+00   0.000000000000000E+00   0.000000000000000E+00
   9.224167133100000E-01   3.554568656100000E+00   3.225483854000000E-01   1.094606498000000E+00   5.746376312000000E-01   0.000000000000000E+00   0.000000000000000E+00   0.000000000000000E+00   0.000000000000000E+00
   9.242215748300000E-01   3.554423774700000E+00   3.225479087300000E-01   1.105317002800000E+00   5.478114471900000E-01   0.000000000000000E+00   0.000000000000000E+00   0.000000000000000E+00   0.000000000000000E+00
   9.260264363600000E-01   3.554568642100000E+00   3.225483853500000E-01   1.094607563900000E+00   5.746349513100000E-01   0.000000000000000E+00   0.000000000000000E+00   0.000000000000000E+00   0.000000000000000E+00
   9.278312978800000E-01   3.554287467400000E+00   3.225474602800000E-01   1.115393566000000E+00   5.225731096300000E-01   0.000000000000000E+00   0.000000000000000E+00   0.000000000000000E+00   0.000000000000000E+00
   9.295723037000000E-01   3.554568629900000E+00   3.225483853100000E-01   1.094608486300000E+00   5.746326321000000E-01   0.000000000000000E+00   0.000000000000000E+00   0.000000000000000E+00   0.000000000000000E+00
   9.313133095200000E-01   3.554423809100000E+00   3.225479088500000E-01   1.105314398400000E+00   5.478179955000000E-01   0.000000000000000E+00   0.000000000000000E+00   0.000000000000000E+00   0.000000000000000E+00
   9.330543153400001E-01   3.554568615300000E+00   3.225483852600000E-01   1.094609590800000E+00   5.746298550900000E-01   0.000000000000000E+00   0.000000000000000E+00   0.000000000000000E+00   0.000000000000000E+00
   9.347953211600000E-01   3.554287560700000E+00   3.225474605800000E-01   1.115386497300000E+00   5.225908825100000E-01   0.000000000000000E+00   0.000000000000000E+00   0.000000000000000E+00   0.000000000000000E+00
   9.362672484700000E-01   3.554568601800000E+00   3.225483852200000E-01   1.094610615200000E+00   5.746272793900000E-01   0.000000000000000E+00   0.000000000000000E+00   0.000000000000000E+00   0.000000000000000E+00
   9.377391757800000E-01   3.554423847300000E+00   3.225479089700000E-01   1.105311506000000E+00   5.478252678700000E-01   0.000000000000000E+00   0.000000000000000E+00   0.000000000000000E+00   0.000000000000000E+00
   9.392111030900000E-01   3.554568584600000E+00   3.225483851600000E-01   1.094611920900000E+00   5.746239962500000E-01   0.000000000000000E+00   0.000000000000000E+00   0.000000000000000E+00   0.000000000000000E+00
   9.406830304000000E-01   3.554287670900000E+00   3.225474609400000E-01   1.115378140800000E+00   5.226118945900000E-01   0.000000000000000E+00   0.000000000000000E+00   0.000000000000000E+00   0.000000000000000E+00
   9.419696995800000E-01   3.554568568900000E+00   3.225483851100000E-01   1.094613110300000E+00   5.746210053900001E-01   0.000000000000000E+00   0.000000000000000E+00   0.000000000000000E+00   0.000000000000000E+00
   9.432563687600000E-01   3.554423891600000E+00   3.225479091100000E-01   1.105308147700000E+00   5.478337124200000E-01   0.000000000000000E+00   0.000000000000000E+00   0.000000000000000E+00   0.000000000000000E+00
   9.445430379500001E-01   3.554568549200000E+00   3.225483850500000E-01   1.094614603100000E+00   5.746172515700000E-01   0.000000000000000E+00   0.000000000000000E+00   0.000000000000000E+00   0.000000000000000E+00
   9.458297071300000E-01   3.554287796900000E+00   3.225474613500000E-01   1.115368586700000E+00   5.226359190400000E-01   0.000000000000000E+00   0.000000000000000E+00   0.000000000000000E+00   0.000000000000000E+00
   9.471852135000000E-01   3.554568532900000E+00   3.225483850000000E-01   1.094615839400000E+00   5.746141427600000E-01   0.000000000000000E+00   0.000000000000000E+00   0.000000000000000E+00   0.000000000000000E+00
   9.485407198700000E-01   3.554423937600000E+00   3.225479092600000E-01   1.105304657000000E+00   5.478424903300000E-01   0.000000000000000E+00   0.000000000000000E+00   0.000000000000000E+00   0.000000000000000E+00
   9.498962262400000E-01   3.554568514200000E+00   3.225483849400000E-01   1.094617255500000E+00   5.746105815700000E-01   0.000000000000000E+00   0.000000000000000E+00   0.000000000000000E+00   0.000000000000000E+00
   9.512517326000000E-01   3.554287916400000E+00   3.225474617400000E-01   1.115359523500000E+00   5.226587106100000E-01   0.000000000000000E+00   0.000000000000000E+00   0.000000000000000E+00   0.000000000000000E+00
   9.522840112400000E-01   3.554568495900000E+00   3.225483848800000E-01   1.094618647300000E+00   5.746070814999999E-01   0.000000000000000E+00   0.000000000000000E+00   0.000000000000000E+00   0.000000000000000E+00
   9.533162898700001E-01   3.554423989400000E+00   3.225479094300000E-01   1.105300727500000E+00   5.478523722600001E-01   0.000000000000000E+00   0.000000000000000E+00   0.000000000000000E+00   0.000000000000000E+00
   9.543485685000000E-01   3.554568471400000E+00   3.225483848000000E-01   1.094620505600000E+00   5.746024082000000E-01   0.000000000000000E+00   0.000000000000000E+00   0.000000000000000E+00   0.000000000000000E+00
   9.553808471300000E-01   3.554288073100000E+00   3.225474622400000E-01   1.115347630800000E+00   5.226886197300000E-01   0.000000000000000E+00   0.000000000000000E+00   0.000000000000000E+00   0.000000000000000E+00
   9.562225971500000E-01   3.554568448200000E+00   3.225483847200000E-01   1.094622263200000E+00   5.745979877800000E-01   0.000000000000000E+00   0.000000000000000E+00   0.000000000000000E+00   0.000000000000000E+00
   9.570643471600000E-01   3.554424054800000E+00   3.225479096400000E-01   1.105295765200000E+00   5.478648526900000E-01   0.000000000000000E+00   0.000000000000000E+00   0.000000000000000E+00   0.000000000000000E+00
   9.579060971800000E-01   3.554568418200000E+00   3.225483846200000E-01   1.094624540000000E+00   5.745922612700000E-01   0.000000000000000E+00   0.000000000000000E+00   0.000000000000000E+00   0.000000000000000E+00
   9.587478471899999E-01   3.554288265000000E+00   3.225474628700000E-01   1.115333059100000E+00   5.227252693800000E-01   0.000000000000000E+00   0.000000000000000E+00   0.000000000000000E+00   0.000000000000000E+00
   9.597051407400000E-01   3.554568394300000E+00   3.225483845500000E-01   1.094626357600000E+00   5.745876896100000E-01   0.000000000000000E+00   0.000000000000000E+00   0.000000000000000E+00   0.000000000000000E+00
   9.606624342800000E-01   3.554424122300000E+00   3.225479098600000E-01   1.105290633000000E+00   5.478777614400000E-01   0.000000000000000E+00   0.000000000000000E+00   0.000000000000000E+00   0.000000000000000E+00
   9.616197278300000E-01   3.554568368000000E+00   3.225483844600000E-01   1.094628357700000E+00   5.745826584500000E-01   0.000000000000000E+00   0.000000000000000E+00   0.000000000000000E+00   0.000000000000000E+00
   9.625770213700000E-01   3.554288433400000E+00   3.225474634100000E-01   1.115320258000000E+00   5.227574688000000E-01   0.000000000000000E+00   0.000000000000000E+00   0.000000000000000E+00   0.000000000000000E+00
   9.634384659500000E-01   3.554568344400000E+00   3.225483843900000E-01   1.094630151700000E+00   5.745781457200000E-01   0.000000000000000E+00   0.000000000000000E+00   0.000000000000000E+00   0.000000000000000E+00
   9.642999105200000E-01   3.554424189000000E+00   3.225479100800000E-01   1.105285567800000E+00   5.478905028500000E-01   0.000000000000000E+00   0.000000000000000E+00   0.000000000000000E+00   0.000000000000000E+00
   9.651613550900000E-01   3.554568315200000E+00   3.225483842900000E-01   1.094632372400000E+00   5.745725593300000E-01   0.000000000000000E+00   0.000000000000000E+00   0.000000000000000E+00   0.000000000000000E+00
   9.660227996600000E-01   3.554288620400000E+00   3.225474640200000E-01   1.115306045600000E+00   5.227932216800000E-01   0.000000000000000E+00   0.000000000000000E+00   0.000000000000000E+00   0.000000000000000E+00
   9.665981289100000E-01   3.554568284200000E+00   3.225483841900000E-01   1.094634728500000E+00   5.745666322300000E-01   0.000000000000000E+00   0.000000000000000E+00   0.000000000000000E+00   0.000000000000000E+00
   9.671734581600000E-01   3.554424276400000E+00   3.225479103600000E-01   1.105278916600000E+00   5.479072355000000E-01   0.000000000000000E+00   0.000000000000000E+00   0.000000000000000E+00   0.000000000000000E+00
   9.677487874100000E-01   3.554568240500000E+00   3.225483840500000E-01   1.094638049500000E+00   5.745582766800000E-01   0.000000000000000E+00   0.000000000000000E+00   0.000000000000000E+00   0.000000000000000E+00
   9.683241166600000E-01   3.554288899700000E+00   3.225474649200000E-01   1.115284790800000E+00   5.228466972600000E-01   0.000000000000000E+00   0.000000000000000E+00   0.000000000000000E+00   0.000000000000000E+00
   9.690858426000000E-01   3.554568208100000E+00   3.225483839400000E-01   1.094640525100000E+00   5.745520478200000E-01   0.000000000000000E+00   0.000000000000000E+00   0.000000000000000E+00   0.000000000000000E+00
   9.698475685400000E-01   3.554424368200000E+00   3.225479106600000E-01   1.105271925900000E+00   5.479248249400001E-01   0.000000000000000E+00   0.000000000000000E+00   0.000000000000000E+00   0.000000000000000E+00
   9.706092944900000E-01   3.554568175200000E+00   3.225483838400000E-01   1.094643030300000E+00   5.745457440100000E-01   0.000000000000000E+00   0.000000000000000E+00   0.000000000000000E+00   0.000000000000000E+00
   9.713710204300000E-01   3.554289110200000E+00   3.225474656000000E-01   1.115268757400000E+00   5.228870416500000E-01   0.000000000000000E+00   0.000000000000000E+00   0.000000000000000E+00   0.000000000000000E+00
   9.720083477800000E-01   3.554568144500000E+00   3.225483837400000E-01   1.094645366400000E+00   5.745398654700000E-01   0.000000000000000E+00   0.000000000000000E+00   0.000000000000000E+00   0.000000000000000E+00
   9.726456751400000E-01   3.554424454800000E+00   3.225479109400000E-01   1.105265330500000E+00   5.479414219900000E-01   0.000000000000000E+00   0.000000000000000E+00   0.000000000000000E+00   0.000000000000000E+00
   9.732830024900000E-01   3.554568105300000E+00   3.225483836100000E-01   1.094648357000000E+00   5.745323392600000E-01   0.000000000000000E+00   0.000000000000000E+00   0.000000000000000E+00   0.000000000000000E+00
   9.739203298500000E-01   3.554289361300000E+00   3.225474664200000E-01   1.115249617600000E+00   5.229352094500000E-01   0.000000000000000E+00   0.000000000000000E+00   0.000000000000000E+00   0.000000000000000E+00
   9.745192334100000E-01   3.554568070900000E+00   3.225483835000000E-01   1.094650978900000E+00   5.745257404800000E-01   0.000000000000000E+00   0.000000000000000E+00   0.000000000000000E+00   0.000000000000000E+00
   9.751181369800000E-01   3.554424551800000E+00   3.225479112500000E-01   1.105257927700000E+00   5.479600533100000E-01   0.000000000000000E+00   0.000000000000000E+00   0.000000000000000E+00   0.000000000000000E+00
   9.757170405500000E-01   3.554568029200000E+00   3.225483833600000E-01   1.094654157000000E+00   5.745177409800000E-01   0.000000000000000E+00   0.000000000000000E+00   0.000000000000000E+00   0.000000000000000E+00
   9.763159441200000E-01   3.554289627800000E+00   3.225474672800000E-01   1.115229277300000E+00   5.229864063000000E-01   0.000000000000000E+00   0.000000000000000E+00   0.000000000000000E+00   0.000000000000000E+00
   9.768809876600000E-01   3.554567992800000E+00   3.225483832500000E-01   1.094656937500000E+00   5.745107418700000E-01   0.000000000000000E+00   0.000000000000000E+00   0.000000000000000E+00   0.000000000000000E+00
   9.774460312100000E-01   3.554424654700000E+00   3.225479115800000E-01   1.105250077200000E+00   5.479798149400000E-01   0.000000000000000E+00   0.000000000000000E+00   0.000000000000000E+00   0.000000000000000E+00
   9.780110747500000E-01   3.554567948800000E+00   3.225483831000000E-01   1.094660301300000E+00   5.745022737500000E-01   0.000000000000000E+00   0.000000000000000E+00   0.000000000000000E+00   0.000000000000000E+00
   9.785761183000000E-01   3.554289909600000E+00   3.225474681900000E-01   1.115207749100000E+00   5.230406023500001E-01   0.000000000000000E+00   0.000000000000000E+00   0.000000000000000E+00   0.000000000000000E+00
   9.791128376500000E-01   3.554567910400000E+00   3.225483829800000E-01   1.094663233800000E+00   5.744948906200000E-01   0.000000000000000E+00   0.000000000000000E+00   0.000000000000000E+00   0.000000000000000E+00
   9.796495570000000E-01   3.554424763000000E+00   3.225479119300000E-01   1.105241797400000E+00   5.480006608800000E-01   0.000000000000000E+00   0.000000000000000E+00   0.000000000000000E+00   0.000000000000000E+00
   9.801862763500000E-01   3.554567864200000E+00   3.225483828300000E-01   1.094666769700000E+00   5.744859875200000E-01   0.000000000000000E+00   0.000000000000000E+00   0.000000000000000E+00   0.000000000000000E+00
   9.807229957000000E-01   3.554290205400000E+00   3.225474691400000E-01   1.115185119500000E+00   5.230975822300000E-01   0.000000000000000E+00   0.000000000000000E+00   0.000000000000000E+00   0.000000000000000E+00
   9.812762339600000E-01   3.554567825600000E+00   3.225483827100000E-01   1.094669728000000E+00   5.744785380200000E-01   0.000000000000000E+00   0.000000000000000E+00   0.000000000000000E+00   0.000000000000000E+00
   9.818294722200001E-01   3.554424872100000E+00   3.225479122900000E-01   1.105233444400000E+00   5.480216950600000E-01   0.000000000000000E+00   0.000000000000000E+00   0.000000000000000E+00   0.000000000000000E+00
   9.823827104800000E-01   3.554567780800000E+00   3.225483825600000E-01   1.094673153000000E+00   5.744699124000000E-01   0.000000000000000E+00   0.000000000000000E+00   0.000000000000000E+00   0.000000000000000E+00
   9.829359487400000E-01   3.554290491500000E+00   3.225474700700000E-01   1.115163199500000E+00   5.231527862499999E-01   0.000000000000000E+00   0.000000000000000E+00   0.000000000000000E+00   0.000000000000000E+00
   9.832604768300000E-01   3.554567729500000E+00   3.225483824000000E-01   1.094677087900000E+00   5.744600018100000E-01   0.000000000000000E+00   0.000000000000000E+00   0.000000000000000E+00   0.000000000000000E+00
   9.835850049200000E-01   3.554425017000000E+00   3.225479127500000E-01   1.105222338500000E+00   5.480496680700000E-01   0.000000000000000E+00   0.000000000000000E+00   0.000000000000000E+00   0.000000000000000E+00
   9.839095330099999E-01   3.554567653500000E+00   3.225483821500000E-01   1.094682914600000E+00   5.744453236900000E-01   0.000000000000000E+00   0.000000000000000E+00   0.000000000000000E+00   0.000000000000000E+00
   9.842340610900000E-01   3.554290977600000E+00   3.225474716300000E-01   1.115125908700000E+00   5.232467264700000E-01   0.000000000000000E+00   0.000000000000000E+00   0.000000000000000E+00   0.000000000000000E+00
   9.847040460800000E-01   3.554567599200000E+00   3.225483819800000E-01   1.094687094700000E+00   5.744347913000000E-01   0.000000000000000E+00   0.000000000000000E+00   0.000000000000000E+00   0.000000000000000E+00
   9.851740310700000E-01   3.554425170700000E+00   3.225479132500000E-01   1.105210532200000E+00   5.480794143600000E-01   0.000000000000000E+00   0.000000000000000E+00   0.000000000000000E+00   0.000000000000000E+00
   9.856440160600000E-01   3.554567546900000E+00   3.225483818100000E-01   1.094691109200000E+00   5.744246752400000E-01   0.000000000000000E+00   0.000000000000000E+00   0.000000000000000E+00   0.000000000000000E+00
   9.861140010500000E-01   3.554291311700000E+00   3.225474727100000E-01   1.115100216200000E+00   5.233114693399999E-01   0.000000000000000E+00   0.000000000000000E+00   0.000000000000000E+00   0.000000000000000E+00
   9.864518834200000E-01   3.554567494000000E+00   3.225483816400000E-01   1.094695185400000E+00   5.744144024000000E-01   0.000000000000000E+00   0.000000000000000E+00   0.000000000000000E+00   0.000000000000000E+00
   9.867897657900000E-01   3.554425320200000E+00   3.225479137300000E-01   1.105199026000000E+00   5.481084134000000E-01   0.000000000000000E+00   0.000000000000000E+00   0.000000000000000E+00   0.000000000000000E+00
   9.871276481600000E-01   3.554567421600000E+00   3.225483814000000E-01   1.094700757300000E+00   5.744003573699999E-01   0.000000000000000E+00   0.000000000000000E+00   0.000000000000000E+00   0.000000000000000E+00
   9.874655305300000E-01   3.554291774400000E+00   3.225474742000000E-01   1.115064556300000E+00   5.234013577400000E-01   0.000000000000000E+00   0.000000000000000E+00   0.000000000000000E+00   0.000000000000000E+00
   9.878245963700000E-01   3.554567362200000E+00   3.225483812100000E-01   1.094705347700000E+00   5.743887840000000E-01   0.000000000000000E+00   0.000000000000000E+00   0.000000000000000E+00   0.000000000000000E+00
   9.881836622000000E-01   3.554425488200000E+00   3.225479142700000E-01   1.105186064200000E+00   5.481410926900000E-01   0.000000000000000E+00   0.000000000000000E+00   0.000000000000000E+00   0.000000000000000E+00
   9.885427280400000E-01   3.554567294400000E+00   3.225483810000000E-01   1.094710577900000E+00   5.743755951800000E-01   0.000000000000000E+00   0.000000000000000E+00   0.000000000000000E+00   0.000000000000000E+00
   9.889017938700000E-01   3.554292207700000E+00   3.225474755900000E-01   1.115031083100000E+00   5.234857663600000E-01   0.000000000000000E+00   0.000000000000000E+00   0.000000000000000E+00   0.000000000000000E+00
   9.892441229900000E-01   3.554567235600000E+00   3.225483808100000E-01   1.094715126800000E+00   5.743641220000000E-01   0.000000000000000E+00   0.000000000000000E+00   0.000000000000000E+00   0.000000000000000E+00
   9.895864521100000E-01   3.554425654200000E+00   3.225479148000000E-01   1.105173220600000E+00   5.481734863300000E-01   0.000000000000000E+00   0.000000000000000E+00   0.000000000000000E+00   0.000000000000000E+00
   9.899287812300001E-01   3.554567165000000E+00   3.225483805800000E-01   1.094720599200000E+00   5.743503169900001E-01   0.000000000000000E+00   0.000000000000000E+00   0.000000000000000E+00   0.000000000000000E+00
   9.902711103500000E-01   3.554292659800000E+00   3.225474770400000E-01   1.114996060200000E+00   5.235741186300000E-01   0.000000000000000E+00   0.000000000000000E+00   0.000000000000000E+00   0.000000000000000E+00
   9.905408449699999E-01   3.554567097000000E+00   3.225483803600000E-01   1.094725870600000E+00   5.743370162100000E-01   0.000000000000000E+00   0.000000000000000E+00   0.000000000000000E+00   0.000000000000000E+00
   9.908105795800000E-01   3.554425846000000E+00   3.225479154200000E-01   1.105158340400000E+00   5.482110334100000E-01   0.000000000000000E+00   0.000000000000000E+00   0.000000000000000E+00   0.000000000000000E+00
   9.910803142000000E-01   3.554567007900000E+00   3.225483800800000E-01   1.094732795600000E+00   5.743195378000000E-01   0.000000000000000E+00   0.000000000000000E+00   0.000000000000000E+00   0.000000000000000E+00
   9.913500488100000E-01   3.554293229900000E+00   3.225474788700000E-01   1.114951740000000E+00   5.236859809800000E-01   0.000000000000000E+00   0.000000000000000E+00   0.000000000000000E+00   0.000000000000000E+00
   9.915595621800000E-01   3.554566921500000E+00   3.225483798000000E-01   1.094739518100000E+00   5.743025659900000E-01   0.000000000000000E+00   0.000000000000000E+00   0.000000000000000E+00   0.000000000000000E+00
   9.917690755600000E-01   3.554426089600000E+00   3.225479162000000E-01   1.105139365900000E+00   5.482589399300000E-01   0.000000000000000E+00   0.000000000000000E+00   0.000000000000000E+00   0.000000000000000E+00
   9.919785889300000E-01   3.554566807700000E+00   3.225483794400000E-01   1.094748400400000E+00   5.742801323200000E-01   0.000000000000000E+00   0.000000000000000E+00   0.000000000000000E+00   0.000000000000000E+00
   9.921881023000000E-01   3.554293957800000E+00   3.225474811900000E-01   1.114894893900000E+00   5.238295574900000E-01   0.000000000000000E+00   0.000000000000000E+00   0.000000000000000E+00   0.000000000000000E+00
   9.923646457600001E-01   3.554566702500000E+00   3.225483791000000E-01   1.094756639000000E+00   5.742593159600000E-01   0.000000000000000E+00   0.000000000000000E+00   0.000000000000000E+00   0.000000000000000E+00
   9.925411892300000E-01   3.554426386600000E+00   3.225479171400000E-01   1.105116110800000E+00   5.483177013600000E-01   0.000000000000000E+00   0.000000000000000E+00   0.000000000000000E+00   0.000000000000000E+00
   9.927177326900000E-01   3.554566568800000E+00   3.225483786800000E-01   1.094767131100000E+00   5.742327919900000E-01   0.000000000000000E+00   0.000000000000000E+00   0.000000000000000E+00   0.000000000000000E+00
   9.928942761600000E-01   3.554294812200000E+00   3.225474839100000E-01   1.114827745900000E+00   5.239993125500000E-01   0.000000000000000E+00   0.000000000000000E+00   0.000000000000000E+00   0.000000000000000E+00
   9.930432138700001E-01   3.554566445700000E+00   3.225483782800000E-01   1.094776852500000E+00   5.742082028600000E-01   0.000000000000000E+00   0.000000000000000E+00   0.000000000000000E+00   0.000000000000000E+00
   9.931921515800000E-01   3.554426734400000E+00   3.225479182500000E-01   1.105088671700000E+00   5.483871099700000E-01   0.000000000000000E+00   0.000000000000000E+00   0.000000000000000E+00   0.000000000000000E+00
   9.933410892900000E-01   3.554566289300000E+00   3.225483777900000E-01   1.094789219400000E+00   5.741769004100000E-01   0.000000000000000E+00   0.000000000000000E+00   0.000000000000000E+00   0.000000000000000E+00
   9.934900270000000E-01   3.554295811000000E+00   3.225474870700000E-01   1.114748599600000E+00   5.241996509100000E-01   0.000000000000000E+00   0.000000000000000E+00   0.000000000000000E+00   0.000000000000000E+00
   9.936721054400000E-01   3.554566170200000E+00   3.225483774100000E-01   1.094798742500000E+00   5.741527756500000E-01   0.000000000000000E+00   0.000000000000000E+00   0.000000000000000E+00   0.000000000000000E+00
   9.938541838900000E-01   3.554427072200000E+00   3.225479193100000E-01   1.105061771200000E+00   5.484552488000000E-01   0.000000000000000E+00   0.000000000000000E+00   0.000000000000000E+00   0.000000000000000E+00
   9.940362623400000E-01   3.554566044300000E+00   3.225483770200000E-01   1.094808801100000E+00   5.741272799500000E-01   0.000000000000000E+00   0.000000000000000E+00   0.000000000000000E+00   0.000000000000000E+00
   9.942183407800000E-01   3.554296615300000E+00   3.225474896000000E-01   1.114684225800000E+00   5.243628250400000E-01   0.000000000000000E+00   0.000000000000000E+00   0.000000000000000E+00   0.000000000000000E+00
   9.943658525600000E-01   3.554565925900000E+00   3.225483766400000E-01   1.094818330000000E+00   5.741031111100000E-01   0.000000000000000E+00   0.000000000000000E+00   0.000000000000000E+00   0.000000000000000E+00
   9.945133643400000E-01   3.554427406500000E+00   3.225479203600000E-01   1.105034878300000E+00   5.485234673200000E-01   0.000000000000000E+00   0.000000000000000E+00   0.000000000000000E+00   0.000000000000000E+00
   9.946608761200000E-01   3.554565773000000E+00   3.225483761700000E-01   1.094830673300000E+00   5.740717745800000E-01   0.000000000000000E+00   0.000000000000000E+00   0.000000000000000E+00   0.000000000000000E+00
   9.948083879000000E-01   3.554297591400000E+00   3.225474926500000E-01   1.114605230700000E+00   5.245633820000000E-01   0.000000000000000E+00   0.000000000000000E+00   0.000000000000000E+00   0.000000000000000E+00
   9.949445248700000E-01   3.554565639500000E+00   3.225483757500000E-01   1.094841568400000E+00   5.740440876500000E-01   0.000000000000000E+00   0.000000000000000E+00   0.000000000000000E+00   0.000000000000000E+00
   9.950806618300000E-01   3.554427783900000E+00   3.225479215400000E-01   1.105004122000000E+00   5.486016308300000E-01   0.000000000000000E+00   0.000000000000000E+00   0.000000000000000E+00   0.000000000000000E+00
   9.952167987900000E-01   3.554565477500000E+00   3.225483752500000E-01   1.094854850800000E+00   5.740102960900000E-01   0.000000000000000E+00   0.000000000000000E+00   0.000000000000000E+00   0.000000000000000E+00
   9.953529357499999E-01   3.554298626200000E+00   3.225474958500000E-01   1.114520226400000E+00   5.247796520500000E-01   0.000000000000000E+00   0.000000000000000E+00   0.000000000000000E+00   0.000000000000000E+00
   9.955031126900000E-01   3.554565348500000E+00   3.225483748500000E-01   1.094865571600000E+00   5.739829856100001E-01   0.000000000000000E+00   0.000000000000000E+00   0.000000000000000E+00   0.000000000000000E+00
   9.956532896300000E-01   3.554428149400000E+00   3.225479226600000E-01   1.104973843600000E+00   5.486787561599999E-01   0.000000000000000E+00   0.000000000000000E+00   0.000000000000000E+00   0.000000000000000E+00
   9.958034665700000E-01   3.554565205200000E+00   3.225483744100000E-01   1.094877526900000E+00   5.739524963700000E-01   0.000000000000000E+00   0.000000000000000E+00   0.000000000000000E+00   0.000000000000000E+00
   9.959536435100000E-01   3.554299541500000E+00   3.225474986600000E-01   1.114443714900000E+00   5.249747865700000E-01   0.000000000000000E+00   0.000000000000000E+00   0.000000000000000E+00   0.000000000000000E+00
   9.961045009800000E-01   3.554565085700000E+00   3.225483740500000E-01   1.094887630500000E+00   5.739266954000000E-01   0.000000000000000E+00   0.000000000000000E+00   0.000000000000000E+00   0.000000000000000E+00
   9.962553584500000E-01   3.554428487500000E+00   3.225479236900000E-01   1.104945315500000E+00   5.487516066200000E-01   0.000000000000000E+00   0.000000000000000E+00   0.000000000000000E+00   0.000000000000000E+00
   9.964062159200000E-01   3.554564946800000E+00   3.225483736300000E-01   1.094899448900000E+00   5.738964754500000E-01   0.000000000000000E+00   0.000000000000000E+00   0.000000000000000E+00   0.000000000000000E+00
   9.965570733900000E-01   3.554300428000000E+00   3.225475013400000E-01   1.114368080100000E+00   5.251681981300000E-01   0.000000000000000E+00   0.000000000000000E+00   0.000000000000000E+00   0.000000000000000E+00
   9.966476387600000E-01   3.554564791500000E+00   3.225483731600000E-01   1.094912803000000E+00   5.738622915000000E-01   0.000000000000000E+00   0.000000000000000E+00   0.000000000000000E+00   0.000000000000000E+00
   9.967382041400000E-01   3.554428922800000E+00   3.225479249900000E-01   1.104907678800000E+00   5.488480247300001E-01   0.000000000000000E+00   0.000000000000000E+00   0.000000000000000E+00   0.000000000000000E+00
   9.968287695200000E-01   3.554564568700000E+00   3.225483725000000E-01   1.094932299100000E+00   5.738122363400000E-01   0.000000000000000E+00   0.000000000000000E+00   0.000000000000000E+00   0.000000000000000E+00
   9.969193349000000E-01   3.554301845400000E+00   3.225475055300000E-01   1.114243318600000E+00   5.254885685700000E-01   0.000000000000000E+00   0.000000000000000E+00   0.000000000000000E+00   0.000000000000000E+00
   9.969940478800000E-01   3.554564366700000E+00   3.225483719100000E-01   1.094950521200000E+00   5.737653209800000E-01   0.000000000000000E+00   0.000000000000000E+00   0.000000000000000E+00   0.000000000000000E+00
   9.970687608600000E-01   3.554429492300000E+00   3.225479266500000E-01   1.104856283500000E+00   5.489804237000000E-01   0.000000000000000E+00   0.000000000000000E+00   0.000000000000000E+00   0.000000000000000E+00
   9.971434738400000E-01   3.554564115100000E+00   3.225483711900000E-01   1.094973814600000E+00   5.737050927000000E-01   0.000000000000000E+00   0.000000000000000E+00   0.000000000000000E+00   0.000000000000000E+00
   9.972181868200000E-01   3.554303445500000E+00   3.225475100800000E-01   1.114094269100000E+00   5.258740638900000E-01   0.000000000000000E+00   0.000000000000000E+00   0.000000000000000E+00   0.000000000000000E+00
   9.973140290500000E-01   3.554563936800000E+00   3.225483707000000E-01   1.094991266500000E+00   5.736597287200000E-01   0.000000000000000E+00   0.000000000000000E+00   0.000000000000000E+00   0.000000000000000E+00
   9.974098712900000E-01   3.554430003300000E+00   3.225479280600000E-01   1.104806938900000E+00   5.491085929600000E-01   0.000000000000000E+00   0.000000000000000E+00   0.000000000000000E+00   0.000000000000000E+00
   9.975057135299999E-01   3.554563758100000E+00   3.225483702200000E-01   1.095009142800000E+00   5.736130891900000E-01   0.000000000000000E+00   0.000000000000000E+00   0.000000000000000E+00   0.000000000000000E+00
   9.976015557600000E-01   3.554304581800000E+00   3.225475131100000E-01   1.113979878100000E+00   5.261725775800000E-01   0.000000000000000E+00   0.000000000000000E+00   0.000000000000000E+00   0.000000000000000E+00
   9.976822593300000E-01   3.554563600900000E+00   3.225483698200000E-01   1.095025649200000E+00   5.735698355200000E-01   0.000000000000000E+00   0.000000000000000E+00   0.000000000000000E+00   0.000000000000000E+00
   9.977629629000000E-01   3.554430445100000E+00   3.225479291900000E-01   1.104760386100000E+00   5.492306795400000E-01   0.000000000000000E+00   0.000000000000000E+00   0.000000000000000E+00   0.000000000000000E+00
   9.978436664700000E-01   3.554563412300000E+00   3.225483693600000E-01   1.095046528500000E+00   5.735147662900000E-01   0.000000000000000E+00   0.000000000000000E+00   0.000000000000000E+00   0.000000000000000E+00
   9.979243700400000E-01   3.554305776600000E+00   3.225475159800000E-01   1.113846286300000E+00   5.265250614300000E-01   0.000000000000000E+00   0.000000000000000E+00   0.000000000000000E+00   0.000000000000000E+00
   9.979894146900000E-01   3.554563247800000E+00   3.225483689900000E-01   1.095066234200000E+00   5.734624557900000E-01   0.000000000000000E+00   0.000000000000000E+00   0.000000000000000E+00   0.000000000000000E+00
   9.980544593300000E-01   3.554430902900000E+00   3.225479301900000E-01   1.104704859400000E+00   5.493783185000000E-01   0.000000000000000E+00   0.000000000000000E+00   0.000000000000000E+00   0.000000000000000E+00
   9.981195039800000E-01   3.554563058600000E+00   3.225483686300000E-01   1.095091546100000E+00   5.733945371500000E-01   0.000000000000000E+00   0.000000000000000E+00   0.000000000000000E+00   0.000000000000000E+00
   9.981845486299999E-01   3.554306965400000E+00   3.225475181600000E-01   1.113684378000000E+00   5.269598367400000E-01   0.000000000000000E+00   0.000000000000000E+00   0.000000000000000E+00   0.000000000000000E+00
   9.982401041000000E-01   3.554562913100000E+00   3.225483684400000E-01   1.095114580500000E+00   5.733320309300000E-01   0.000000000000000E+00   0.000000000000000E+00   0.000000000000000E+00   0.000000000000000E+00
   9.982956595600000E-01   3.554431303200000E+00   3.225479306800000E-01   1.104639974300000E+00   5.495547774600000E-01   0.000000000000000E+00   0.000000000000000E+00   0.000000000000000E+00   0.000000000000000E+00
   9.983512150300000E-01   3.554562775600000E+00   3.225483684200000E-01   1.095143229800000E+00   5.732529218600000E-01   0.000000000000000E+00   0.000000000000000E+00   0.000000000000000E+00   0.000000000000000E+00
   9.984067705000000E-01   3.554307809600000E+00   3.225475181100000E-01   1.113501214500000E+00   5.274663389499999E-01   0.000000000000000E+00   0.000000000000000E+00   0.000000000000000E+00   0.000000000000000E+00
   9.984580367500000E-01   3.554562707300000E+00   3.225483686600000E-01   1.095168064000000E+00   5.731829688100000E-01   0.000000000000000E+00   0.000000000000000E+00   0.000000000000000E+00   0.000000000000000E+00
   9.985093030000000E-01   3.554431488900000E+00   3.225479299700000E-01   1.104570005600000E+00   5.497523275500000E-01   0.000000000000000E+00   0.000000000000000E+00   0.000000000000000E+00   0.000000000000000E+00
   9.985605692400000E-01   3.554562707200000E+00   3.225483693600000E-01   1.095197607800000E+00   5.730974208200000E-01   0.000000000000000E+00   0.000000000000000E+00   0.000000000000000E+00   0.000000000000000E+00
   9.986118354900000E-01   3.554307812800000E+00   3.225475137400000E-01   1.113312462000000E+00   5.280141807800000E-01   0.000000000000000E+00   0.000000000000000E+00   0.000000000000000E+00   0.000000000000000E+00
   9.986740288700000E-01   3.554562848400000E+00   3.225483706500000E-01   1.095219684100000E+00   5.730309779100000E-01   0.000000000000000E+00   0.000000000000000E+00   0.000000000000000E+00   0.000000000000000E+00
   9.987362222500000E-01   3.554431510400000E+00   3.225479288900000E-01   1.104507267100000E+00   5.499397381800000E-01   0.000000000000000E+00   0.000000000000000E+00   0.000000000000000E+00   0.000000000000000E+00
   9.987984156300000E-01   3.554563670800000E+00   3.225483761200000E-01   1.095242212000000E+00   5.729598728100000E-01   0.000000000000000E+00   0.000000000000000E+00   0.000000000000000E+00   0.000000000000000E+00
   9.988606090100000E-01   3.554309426800000E+00   3.225475216500000E-01   1.113165535200000E+00   5.284658196699999E-01   0.000000000000000E+00   0.000000000000000E+00   0.000000000000000E+00   0.000000000000000E+00
   9.989042913500000E-01   3.554569748500000E+00   3.225484142300000E-01   1.095262465300000E+00   5.728836614100000E-01   0.000000000000000E+00   0.000000000000000E+00   0.000000000000000E+00   0.000000000000000E+00
   9.989479736900000E-01   3.554446318900000E+00   3.225480206000000E-01   1.104436995600000E+00   5.501380941500000E-01   0.000000000000000E+00   0.000000000000000E+00   0.000000000000000E+00   0.000000000000000E+00
   9.989916560200000E-01   3.554601722400000E+00   3.225486134200000E-01   1.095278083500000E+00   5.727649473799999E-01   0.000000000000000E+00   0.000000000000000E+00   0.000000000000000E+00   0.000000000000000E+00
   9.990353383600000E-01   3.554395799900000E+00   3.225480599700000E-01   1.112939269100000E+00   5.290702195700000E-01   0.000000000000000E+00   0.000000000000000E+00   0.000000000000000E+00   0.000000000000000E+00
   9.990689161300000E-01   3.554748946900000E+00   3.225495302900000E-01   1.095240688500000E+00   5.725856571200000E-01   0.000000000000000E+00   0.000000000000000E+00   0.000000000000000E+00   0.000000000000000E+00
   9.991024938900001E-01   3.554791965400000E+00   3.225501753100000E-01   1.104211301600000E+00   5.502363094500000E-01   0.000000000000000E+00   0.000000000000000E+00   0.000000000000000E+00   0.000000000000000E+00
   9.991360716500000E-01   3.555284135900000E+00   3.225528635200000E-01   1.095037427800000E+00   5.721620799400000E-01   0.000000000000000E+00   0.000000000000000E+00   0.000000000000000E+00   0.000000000000000E+00
   9.991696494200000E-01   3.555714383200000E+00   3.225562850900000E-01   1.112168108900000E+00   5.292362664900000E-01   0.000000000000000E+00   0.000000000000000E+00   0.000000000000000E+00   0.000000000000000E+00
   9.992009430600000E-01   3.557259049700000E+00   3.225651704700000E-01   1.094196387500000E+00   5.709798060200000E-01   0.000000000000000E+00   0.000000000000000E+00   0.000000000000000E+00   0.000000000000000E+00
   9.992322367000001E-01   3.559486227400000E+00   3.225794445200000E-01   1.102101993200000E+00   5.480725603600000E-01   0.000000000000000E+00   0.000000000000000E+00   0.000000000000000E+00   0.000000000000000E+00
   9.992635303400000E-01   3.564084027600000E+00   3.226077448400000E-01   1.091246781800000E+00   5.671892319100000E-01   0.000000000000000E+00   0.000000000000000E+00   0.000000000000000E+00   0.000000000000000E+00
   9.992948239800000E-01   3.572123385500000E+00   3.226587672100000E-01   1.104948708800000E+00   5.215469341700000E-01   0.000000000000000E+00   0.000000000000000E+00   0.000000000000000E+00   0.000000000000000E+00
   9.993208551600000E-01   3.584548605600000E+00   3.227358443200000E-01   1.082492310700000E+00   5.563704520000000E-01   0.000000000000000E+00   0.000000000000000E+00   0.000000000000000E+00   0.000000000000000E+00
   9.993468863400000E-01   3.604354611600000E+00   3.228607931700000E-01   1.083031109400000E+00   5.253864226200000E-01   0.000000000000000E+00   0.000000000000000E+00   0.000000000000000E+00   0.000000000000000E+00
   9.993729175200000E-01   3.636833219500000E+00   3.230658481600000E-01   1.060976707300000E+00   5.303896899400000E-01   0.000000000000000E+00   0.000000000000000E+00   0.000000000000000E+00   0.000000000000000E+00
   9.993989487000000E-01   3.687342058000000E+00   3.233894570200000E-01   1.058479751900000E+00   4.675506502100000E-01   0.000000000000000E+00   0.000000000000000E+00   0.000000000000000E+00   0.000000000000000E+00
   9.994255983700000E-01   3.766737182500000E+00   3.239036110900000E-01   1.012337131500000E+00   4.740943603700000E-01   0.000000000000000E+00   0.000000000000000E+00   0.000000000000000E+00   0.000000000000000E+00
   9.994522480300000E-01   3.880807901600000E+00   3.246612248600000E-01   9.834106795899999E-01   4.124767147500000E-01   0.000000000000000E+00   0.000000000000000E+00   0.000000000000000E+00   0.000000000000000E+00
   9.994788976900000E-01   4.035588619400000E+00   3.257211866300000E-01   9.288587952300000E-01   3.846553267300000E-01   0.000000000000000E+00   0.000000000000000E+00   0.000000000000000E+00   0.000000000000000E+00
   9.995055473500000E-01   4.230243762800000E+00   3.271130898800000E-01   8.969618498700000E-01   2.982697516100000E-01   0.000000000000000E+00   0.000000000000000E+00   0.000000000000000E+00   0.000000000000000E+00
   9.995287482000000E-01   4.429368691400000E+00   3.286046145500000E-01   8.355247820400000E-01   2.955065911500000E-01   0.000000000000000E+00   0.000000000000000E+00   0.000000000000000E+00   0.000000000000000E+00
   9.995519490500000E-01   4.648774455500000E+00   3.303392851800000E-01   8.030039210200000E-01   2.404735064100000E-01   0.000000000000000E+00   0.000000000000000E+00   0.000000000000000E+00   0.000000000000000E+00
   9.995751499000000E-01   4.882700684300000E+00   3.322996274200000E-01   7.551203948300000E-01   2.279959516300000E-01   0.000000000000000E+00   0.000000000000000E+00   0.000000000000000E+00   0.000000000000000E+00
   9.995983507500000E-01   5.123832029100000E+00   3.344576145700000E-01   7.382088537600000E-01   1.654733316600000E-01   0.000000000000000E+00   0.000000000000000E+00   0.000000000000000E+00   0.000000000000000E+00
   9.996156877300000E-01   5.306154223100000E+00   3.361871194000000E-01   6.967037043600000E-01   1.844346599500000E-01   0.000000000000000E+00   0.000000000000000E+00   0.000000000000000E+00   0.000000000000000E+00
   9.996330247200000E-01   5.487125759200000E+00   3.380019383600000E-01   6.844611352300000E-01   1.514665219800000E-01   0.000000000000000E+00   0.000000000000000E+00   0.000000000000000E+00   0.000000000000000E+00
   9.996503617000000E-01   5.665981226300000E+00   3.398961004300000E-01   6.555966147500000E-01   1.565427627400000E-01   0.000000000000000E+00   0.000000000000000E+00   0.000000000000000E+00   0.000000000000000E+00
   9.996676986900001E-01   5.840660010300000E+00   3.418585704500000E-01   6.556300649200000E-01   1.108153380700000E-01   0.000000000000000E+00   0.000000000000000E+00   0.000000000000000E+00   0.000000000000000E+00
   9.996850235700000E-01   6.011163332300000E+00   3.438846170000000E-01   6.214737344800000E-01   1.352227087700000E-01   0.000000000000000E+00   0.000000000000000E+00   0.000000000000000E+00   0.000000000000000E+00
   9.997023484499999E-01   6.175810068300000E+00   3.459652584500000E-01   6.157869251500000E-01   1.091132978400000E-01   0.000000000000000E+00   0.000000000000000E+00   0.000000000000000E+00   0.000000000000000E+00
   9.997196733400000E-01   6.334893530700000E+00   3.480978152900000E-01   5.929843240900000E-01   1.186805662100000E-01   0.000000000000000E+00   0.000000000000000E+00   0.000000000000000E+00   0.000000000000000E+00
   9.997369982200000E-01   6.487335247900000E+00   3.502747507300000E-01   5.980987105200000E-01   7.877498888800000E-02   0.000000000000000E+00   0.000000000000000E+00   0.000000000000000E+00   0.000000000000000E+00
   9.997478741600000E-01   6.580254433400000E+00   3.516645609600000E-01   5.731530767700000E-01   1.078157035000000E-01   0.000000000000000E+00   0.000000000000000E+00   0.000000000000000E+00   0.000000000000000E+00
   9.997587500900000E-01   6.670194514800000E+00   3.530682797300000E-01   5.751132660300000E-01   8.755477052299999E-02   0.000000000000000E+00   0.000000000000000E+00   0.000000000000000E+00   0.000000000000000E+00
   9.997696260300000E-01   6.757891146600000E+00   3.544876602300000E-01   5.595463857600000E-01   1.005824306900000E-01   0.000000000000000E+00   0.000000000000000E+00   0.000000000000000E+00   0.000000000000000E+00
   9.997805019600000E-01   6.842627636900000E+00   3.559193664500000E-01   5.702167090300000E-01   6.612749824000000E-02   0.000000000000000E+00   0.000000000000000E+00   0.000000000000000E+00   0.000000000000000E+00
   9.997924659200000E-01   6.933530806000000E+00   3.575114716000000E-01   5.465618891800000E-01   9.399640534700000E-02   0.000000000000000E+00   0.000000000000000E+00   0.000000000000000E+00   0.000000000000000E+00
   9.998044298800000E-01   7.021001355200000E+00   3.591170043900000E-01   5.488608089300000E-01   7.520381130100000E-02   0.000000000000000E+00   0.000000000000000E+00   0.000000000000000E+00   0.000000000000000E+00
   9.998163938400000E-01   7.105805311500000E+00   3.607376741700000E-01   5.341908326900000E-01   8.794825392500000E-02   0.000000000000000E+00   0.000000000000000E+00   0.000000000000000E+00   0.000000000000000E+00
   9.998283577900000E-01   7.187303041000000E+00   3.623702960800000E-01   5.448589377900001E-01   5.552099545800000E-02   0.000000000000000E+00   0.000000000000000E+00   0.000000000000000E+00   0.000000000000000E+00
   9.998378690300000E-01   7.250555874500000E+00   3.636789902800000E-01   5.240242512700000E-01   8.313992516800001E-02   0.000000000000000E+00   0.000000000000000E+00   0.000000000000000E+00   0.000000000000000E+00
   9.998473802700000E-01   7.311647337700000E+00   3.649939554800000E-01   5.280585325000000E-01   6.629433576700000E-02   0.000000000000000E+00   0.000000000000000E+00   0.000000000000000E+00   0.000000000000000E+00
   9.998568915000000E-01   7.371297604600000E+00   3.663172758100000E-01   5.156686416600000E-01   7.923200406000000E-02   0.000000000000000E+00   0.000000000000000E+00   0.000000000000000E+00   0.000000000000000E+00
   9.998664027400000E-01   7.428880695400000E+00   3.676463656600000E-01   5.273628244600000E-01   4.942203093100000E-02   0.000000000000000E+00   0.000000000000000E+00   0.000000000000000E+00   0.000000000000000E+00
   9.998740323500001E-01   7.474350623000000E+00   3.687190911700000E-01   5.086000848600000E-01   7.599770745499999E-02   0.000000000000000E+00   0.000000000000000E+00   0.000000000000000E+00   0.000000000000000E+00
   9.998816619599999E-01   7.518402473400000E+00   3.697947593600000E-01   5.134258742000000E-01   6.068733041000000E-02   0.000000000000000E+00   0.000000000000000E+00   0.000000000000000E+00   0.000000000000000E+00
   9.998892915699999E-01   7.561702568000000E+00   3.708754878500000E-01   5.026518532799999E-01   7.325225098400000E-02   0.000000000000000E+00   0.000000000000000E+00   0.000000000000000E+00   0.000000000000000E+00
   9.998969211800000E-01   7.603645813800000E+00   3.719589957300000E-01   5.145058871900000E-01   4.587906358100000E-02   0.000000000000000E+00   0.000000000000000E+00   0.000000000000000E+00   0.000000000000000E+00
   9.999032609600000E-01   7.638203536100000E+00   3.728638558200000E-01   4.974540947400000E-01   7.089470976900000E-02   0.000000000000000E+00   0.000000000000000E+00   0.000000000000000E+00   0.000000000000000E+00
   9.999096007400000E-01   7.671744376900000E+00   3.737701236800000E-01   5.024869073500000E-01   5.695184141800000E-02   0.000000000000000E+00   0.000000000000000E+00   0.000000000000000E+00   0.000000000000000E+00
   9.999159405200000E-01   7.704883223000000E+00   3.746798265800000E-01   4.929441519800000E-01   6.880031230600001E-02   0.000000000000000E+00   0.000000000000000E+00   0.000000000000000E+00   0.000000000000000E+00
   9.999222802900000E-01   7.737049602500000E+00   3.755908983700000E-01   5.043866965500000E-01   4.381201574100000E-02   0.000000000000000E+00   0.000000000000000E+00   0.000000000000000E+00   0.000000000000000E+00
   9.999274183000000E-01   7.763068980000000E+00   3.763324913700000E-01   4.890098333600000E-01   6.699043440999999E-02   0.000000000000000E+00   0.000000000000000E+00   0.000000000000000E+00   0.000000000000000E+00
   9.999325563000000E-01   7.788355313400000E+00   3.770745426000000E-01   4.940088375400000E-01   5.441742693400000E-02   0.000000000000000E+00   0.000000000000000E+00   0.000000000000000E+00   0.000000000000000E+00
   9.999376943000000E-01   7.813469485500000E+00   3.778189398900000E-01   4.856245468500000E-01   6.535634067500000E-02   0.000000000000000E+00   0.000000000000000E+00   0.000000000000000E+00   0.000000000000000E+00
   9.999428323000000E-01   7.837885122900000E+00   3.785638216200000E-01   4.963557757400000E-01   4.288982087400000E-02   0.000000000000000E+00   0.000000000000000E+00   0.000000000000000E+00   0.000000000000000E+00
   9.999468960300000E-01   7.857290011000000E+00   3.791553006100000E-01   4.826836394500000E-01   6.393700261000000E-02   0.000000000000000E+00   0.000000000000000E+00   0.000000000000000E+00   0.000000000000000E+00
   9.999509597700000E-01   7.876158533600000E+00   3.797466864500000E-01   4.874381505100000E-01   5.279211768400000E-02   0.000000000000000E+00   0.000000000000000E+00   0.000000000000000E+00   0.000000000000000E+00
   9.999550235100000E-01   7.894993456800000E+00   3.803396900600000E-01   4.801852734700000E-01   6.263071583599999E-02   0.000000000000000E+00   0.000000000000000E+00   0.000000000000000E+00   0.000000000000000E+00
   9.999590872500000E-01   7.913322286300000E+00   3.809326624800000E-01   4.899187257800000E-01   4.289031763900000E-02   0.000000000000000E+00   0.000000000000000E+00   0.000000000000000E+00   0.000000000000000E+00
   9.999622768000000E-01   7.927871122900000E+00   3.813998192000000E-01   4.780108708900000E-01   6.148765582200000E-02   0.000000000000000E+00   0.000000000000000E+00   0.000000000000000E+00   0.000000000000000E+00
   9.999654663500001E-01   7.942016957600000E+00   3.818666180600000E-01   4.823193111700000E-01   5.185222195100000E-02   0.000000000000000E+00   0.000000000000000E+00   0.000000000000000E+00   0.000000000000000E+00
   9.999686559099999E-01   7.956199081200000E+00   3.823345618800000E-01   4.761771031900000E-01   6.040892519600000E-02   0.000000000000000E+00   0.000000000000000E+00   0.000000000000000E+00   0.000000000000000E+00
   9.999718454600000E-01   7.970007589600000E+00   3.828022297600000E-01   4.846477079300000E-01   4.359201228200000E-02   0.000000000000000E+00   0.000000000000000E+00   0.000000000000000E+00   0.000000000000000E+00
   9.999742610300000E-01   7.980646994900000E+00   3.831577027800000E-01   4.746047910900000E-01   5.946418381800000E-02   0.000000000000000E+00   0.000000000000000E+00   0.000000000000000E+00   0.000000000000000E+00
   9.999766766000000E-01   7.990985171800000E+00   3.835127079800000E-01   4.783222293500000E-01   5.144450090600000E-02   0.000000000000000E+00   0.000000000000000E+00   0.000000000000000E+00   0.000000000000000E+00
   9.999790921700000E-01   8.001391775000000E+00   3.838685133100000E-01   4.733229816700000E-01   5.855784239300000E-02   0.000000000000000E+00   0.000000000000000E+00   0.000000000000000E+00   0.000000000000000E+00
   9.999815077500001E-01   8.011527000799999E+00   3.842239444100000E-01   4.803192961800000E-01   4.490070507400000E-02   0.000000000000000E+00   0.000000000000000E+00   0.000000000000000E+00   0.000000000000000E+00
   9.999832229500000E-01   8.018891464499999E+00   3.844772346000000E-01   4.722905436700000E-01   5.776834666600000E-02   0.000000000000000E+00   0.000000000000000E+00   0.000000000000000E+00   0.000000000000000E+00
   9.999849381500000E-01   8.026035282200001E+00   3.847300387000000E-01   4.753398839300000E-01   5.151020626300000E-02   0.000000000000000E+00   0.000000000000000E+00   0.000000000000000E+00   0.000000000000000E+00
   9.999866533600000E-01   8.033247165300001E+00   3.849833379300000E-01   4.716942912000000E-01   5.704402192600000E-02   0.000000000000000E+00   0.000000000000000E+00   0.000000000000000E+00   0.000000000000000E+00
   9.999883685600000E-01   8.040252648099999E+00   3.852361538000000E-01   4.774350041600000E-01   4.691581925100000E-02   0.000000000000000E+00   0.000000000000000E+00   0.000000000000000E+00   0.000000000000000E+00
   9.999895304200001E-01   8.045105390100000E+00   3.854078660000000E-01   4.722117230500000E-01   5.662351941500000E-02   0.000000000000000E+00   0.000000000000000E+00   0.000000000000000E+00   0.000000000000000E+00
   9.999906922800000E-01   8.049759721899999E+00   3.855789035600000E-01   4.757653927800000E-01   5.252192010600000E-02   0.000000000000000E+00   0.000000000000000E+00   0.000000000000000E+00   0.000000000000000E+00
   9.999918541500000E-01   8.054375117199999E+00   3.857496939400000E-01   4.760296418100000E-01   5.692551952800000E-02   0.000000000000000E+00   0.000000000000000E+00   0.000000000000000E+00   0.000000000000000E+00
   9.999930160100000E-01   8.058666356300000E+00   3.859190003600000E-01   4.853590891200000E-01   5.154005197400000E-02   0.000000000000000E+00   0.000000000000000E+00   0.000000000000000E+00   0.000000000000000E+00
   9.999937840599999E-01   8.061379632300000E+00   3.860300612500000E-01   4.885575939500000E-01   5.928284748000000E-02   0.000000000000000E+00   0.000000000000000E+00   0.000000000000000E+00   0.000000000000000E+00
   9.999945521200000E-01   8.063704228700001E+00   3.861391451300000E-01   5.012209531700000E-01   5.929256322700000E-02   0.000000000000000E+00   0.000000000000000E+00   0.000000000000000E+00   0.000000000000000E+00
   9.999953201700000E-01   8.065560143400001E+00   3.862455192900000E-01   5.187751483800001E-01   6.595293982800000E-02   0.000000000000000E+00   0.000000000000000E+00   0.000000000000000E+00   0.000000000000000E+00
   9.999960882300000E-01   8.066449698300000E+00   3.863466320500000E-01   5.536883781400000E-01   7.058750307400000E-02   0.000000000000000E+00   0.000000000000000E+00   0.000000000000000E+00   0.000000000000000E+00
   9.999964887900000E-01   8.066362011900001E+00   3.863962301900000E-01   5.785823700000000E-01   8.075318676200000E-02   0.000000000000000E+00   0.000000000000000E+00   0.000000000000000E+00   0.000000000000000E+00
   9.999968893400000E-01   8.065590689600000E+00   3.864421881600000E-01   6.165233198300000E-01   8.993928342500000E-02   0.000000000000000E+00   0.000000000000000E+00   0.000000000000000E+00   0.000000000000000E+00
   9.999972899000000E-01   8.063861429899999E+00   3.864829962800000E-01   6.700989453800000E-01   1.066210952800000E-01   0.000000000000000E+00   0.000000000000000E+00   0.000000000000000E+00   0.000000000000000E+00
   9.999976904500000E-01   8.060537159400001E+00   3.865155110000000E-01   7.529543531200000E-01   1.318423828900000E-01   0.000000000000000E+00   0.000000000000000E+00   0.000000000000000E+00   0.000000000000000E+00
   9.999978959300000E-01   8.057897623200001E+00   3.865273990100000E-01   8.120958546300000E-01   1.537131483600000E-01   0.000000000000000E+00   0.000000000000000E+00   0.000000000000000E+00   0.000000000000000E+00
   9.999981014000000E-01   8.054284357000000E+00   3.865344364200000E-01   8.902033702500000E-01   1.828560460300000E-01   0.000000000000000E+00   0.000000000000000E+00   0.000000000000000E+00   0.000000000000000E+00
   9.999983068700000E-01   8.049280452500000E+00   3.865346656800000E-01   9.952411517800001E-01   2.263921769800000E-01   0.000000000000000E+00   0.000000000000000E+00   0.000000000000000E+00   0.000000000000000E+00
   9.999985123500000E-01   8.042139542999999E+00   3.865246910300000E-01   1.143051738900000E+00   2.941392333500000E-01   0.000000000000000E+00   0.000000000000000E+00   0.000000000000000E+00   0.000000000000000E+00
   9.999986280800000E-01   8.036724655200000E+00   3.865125553600000E-01   1.254384099300000E+00   3.510781873500000E-01   0.000000000000000E+00   0.000000000000000E+00   0.000000000000000E+00   0.000000000000000E+00
   9.999987438100000E-01   8.029850855399999E+00   3.864937239300000E-01   1.395674617300000E+00   4.293324665200000E-01   0.000000000000000E+00   0.000000000000000E+00   0.000000000000000E+00   0.000000000000000E+00
   9.999988595400000E-01   8.020920132100001E+00   3.864656133400000E-01   1.579256909100000E+00   5.419744229000000E-01   0.000000000000000E+00   0.000000000000000E+00   0.000000000000000E+00   0.000000000000000E+00
   9.999989752800000E-01   8.008950089700001E+00   3.864240470500000E-01   1.825657882100000E+00   7.113493133600000E-01   0.000000000000000E+00   0.000000000000000E+00   0.000000000000000E+00   0.000000000000000E+00
   9.999990460300000E-01   7.999479173800000E+00   3.863892522700000E-01   2.020506775100000E+00   8.603378731100000E-01   0.000000000000000E+00   0.000000000000000E+00   0.000000000000000E+00   0.000000000000000E+00
   9.999991167800000E-01   7.987701552500000E+00   3.863445454400000E-01   2.262551997400000E+00   1.062570846700000E+00   0.000000000000000E+00   0.000000000000000E+00   0.000000000000000E+00   0.000000000000000E+00
   9.999991875300001E-01   7.972739872100000E+00   3.862863283500000E-01   2.568855849600000E+00   1.346396956200000E+00   0.000000000000000E+00   0.000000000000000E+00   0.000000000000000E+00   0.000000000000000E+00
   9.999992582800000E-01   7.953227405600000E+00   3.862090534100000E-01   2.965728851600000E+00   1.758521878300000E+00   0.000000000000000E+00   0.000000000000000E+00   0.000000000000000E+00   0.000000000000000E+00
   9.999993050100000E-01   7.936850112100000E+00   3.861435612400000E-01   3.295755574600000E+00   2.139294379300000E+00   0.000000000000000E+00   0.000000000000000E+00   0.000000000000000E+00   0.000000000000000E+00
   9.999993517400000E-01   7.916653755900000E+00   3.860624053000000E-01   3.698569175800000E+00   2.648740466100000E+00   0.000000000000000E+00   0.000000000000000E+00   0.000000000000000E+00   0.000000000000000E+00
   9.999993984700000E-01   7.891296973400000E+00   3.859602686800000E-01   4.196879882400000E+00   3.347610033400000E+00   0.000000000000000E+00   0.000000000000000E+00   0.000000000000000E+00   0.000000000000000E+00
   9.999994451999999E-01   7.858789127500000E+00   3.858293140300000E-01   4.823374880000000E+00   4.331081001700000E+00   0.000000000000000E+00   0.000000000000000E+00   0.000000000000000E+00   0.000000000000000E+00
   9.999994810100000E-01   7.827246576800000E+00   3.857024442600000E-01   5.417597640400000E+00   5.371481967000000E+00   0.000000000000000E+00   0.000000000000000E+00   0.000000000000000E+00   0.000000000000000E+00
   9.999995168100000E-01   7.787864007900000E+00   3.855444414000000E-01   6.141405140700000E+00   6.776048629200000E+00   0.000000000000000E+00   0.000000000000000E+00   0.000000000000000E+00   0.000000000000000E+00
   9.999995526200000E-01   7.737864337600000E+00   3.853445486700000E-01   7.031609369100000E+00   8.713554169200000E+00   0.000000000000000E+00   0.000000000000000E+00   0.000000000000000E+00   0.000000000000000E+00
   9.999995884200000E-01   7.673203520100000E+00   3.850871773100000E-01   8.138536193200000E+00   1.144267382500000E+01   0.000000000000000E+00   0.000000000000000E+00   0.000000000000000E+00   0.000000000000000E+00
   9.999996195500001E-01   7.600568699000000E+00   3.847994141100000E-01   9.326312409200000E+00   1.477163091300000E+01   0.000000000000000E+00   0.000000000000000E+00   0.000000000000000E+00   0.000000000000000E+00
   9.999996506900000E-01   7.506938827900000E+00   3.844302332700000E-01   1.078034500700000E+01   1.940998143600000E+01   0.000000000000000E+00   0.000000000000000E+00   0.000000000000000E+00   0.000000000000000E+00
   9.999996818200000E-01   7.384479397500000E+00   3.839497933000000E-01   1.256272361600000E+01   2.598429796500000E+01   0.000000000000000E+00   0.000000000000000E+00   0.000000000000000E+00   0.000000000000000E+00
   9.999997129600000E-01   7.222147588600000E+00   3.833161846800000E-01   1.474568596600000E+01   3.542398833200000E+01   0.000000000000000E+00   0.000000000000000E+00   0.000000000000000E+00   0.000000000000000E+00
   9.999997323599999E-01   7.094384309800000E+00   3.828195039400000E-01   1.633696745400000E+01   4.333929785500000E+01   0.000000000000000E+00   0.000000000000000E+00   0.000000000000000E+00   0.000000000000000E+00
   9.999997517700000E-01   6.940832982100000E+00   3.822243945400000E-01   1.811980802100000E+01   5.332510860500000E+01   0.000000000000000E+00   0.000000000000000E+00   0.000000000000000E+00   0.000000000000000E+00
   9.999997711700001E-01   6.756259671100000E+00   3.815111422600000E-01   2.009520012800000E+01   6.590902065400000E+01   0.000000000000000E+00   0.000000000000000E+00   0.000000000000000E+00   0.000000000000000E+00
   9.999997905800000E-01   6.534942843300000E+00   3.806582409200000E-01   2.224934114200000E+01   8.169622177300000E+01   0.000000000000000E+00   0.000000000000000E+00   0.000000000000000E+00   0.000000000000000E+00
   9.999998109900000E-01   6.256150915200000E+00   3.795866040200000E-01   2.466827257500000E+01   1.024691204200000E+02   0.000000000000000E+00   0.000000000000000E+00   0.000000000000000E+00   0.000000000000000E+00
   9.999998314000000E-01   5.924406156900000E+00   3.783143993300000E-01   2.716538636800000E+01   1.282184613300000E+02   0.000000000000000E+00   0.000000000000000E+00   0.000000000000000E+00   0.000000000000000E+00
   9.999998518100000E-01   5.536410172100000E+00   3.768294006500000E-01   2.961894551500000E+01   1.594081595500000E+02   0.000000000000000E+00   0.000000000000000E+00   0.000000000000000E+00   0.000000000000000E+00
   9.999998722200000E-01   5.093382361900000E+00   3.751363847700000E-01   3.185962332600000E+01   1.960346330300000E+02   0.000000000000000E+00   0.000000000000000E+00   0.000000000000000E+00   0.000000000000000E+00
   9.999998882900000E-01   4.710386706400000E+00   3.736742307400000E-01   3.334839826600000E+01   2.282467441700000E+02   0.000000000000000E+00   0.000000000000000E+00   0.000000000000000E+00   0.000000000000000E+00
   9.999999043600000E-01   4.304494679400000E+00   3.721254776100000E-01   3.448946569300000E+01   2.626285184800000E+02   0.000000000000000E+00   0.000000000000000E+00   0.000000000000000E+00   0.000000000000000E+00
   9.999999204300000E-01   3.885009506000000E+00   3.705251443200000E-01   3.520379873300000E+01   2.980744836500000E+02   0.000000000000000E+00   0.000000000000000E+00   0.000000000000000E+00   0.000000000000000E+00
   9.999999365000000E-01   3.462999120200000E+00   3.689148702000000E-01   3.543931026800000E+01   3.332173156900000E+02   0.000000000000000E+00   0.000000000000000E+00   0.000000000000000E+00   0.000000000000000E+00
   9.999999523799999E-01   3.055070943200000E+00   3.673574210500000E-01   3.518721001300000E+01   3.661718992000000E+02   0.000000000000000E+00   0.000000000000000E+00   0.000000000000000E+00   0.000000000000000E+00
   9.999999682500000E-01   2.666542173000000E+00   3.658725640400000E-01   3.447804477500000E+01   3.959961142800000E+02   0.000000000000000E+00   0.000000000000000E+00   0.000000000000000E+00   0.000000000000000E+00
   9.999999841300000E-01   2.305876014200000E+00   3.644922196300000E-01   3.336781130300000E+01   4.215595513300000E+02   0.000000000000000E+00   0.000000000000000E+00   0.000000000000000E+00   0.000000000000000E+00
   1.000000000000000E+00   1.978880643800000E+00   3.632383736100000E-01   3.193668983400000E+01   4.420763552800000E+02   0.000000000000000E+00   0.000000000000000E+00   0.000000000000000E+00   0.000000000000000E+00
