   0.000000000000000E+00   4.923764925200000E-01   9.999999955900000E-01   1.683879730100000E+00   1.822527018600000E+00   0.000000000000000E+00   0.000000000000000E+00   0.000000000000000E+00   0.000000000000000E+00
   3.812719317900000E-04   6.323280557400000E-01   8.752122551100000E-01   1.590011295100000E+00   1.648974452700000E+00   0.000000000000000E+00   0.000000000000000E+00   0.000000000000000E+00   0.000000000000000E+00
   7.625438635800000E-04   7.912789617200000E-01   7.725846924000001E-01   1.537520258900000E+00   1.440293715500000E+00   0.000000000000000E+00   0.000000000000000E+00   0.000000000000000E+00   0.000000000000000E+00
   1.143815795400000E-03   9.708497519700000E-01   6.877554070100000E-01   1.472229732900000E+00   1.319744482700000E+00   0.000000000000000E+00   0.000000000000000E+00   0.000000000000000E+00   0.000000000000000E+00
   1.525087727200000E-03   1.167530026400000E+00   6.174834392600000E-01   1.443564413000000E+00   1.143357821800000E+00   0.000000000000000E+00   0.000000000000000E+00   0.000000000000000E+00   0.000000000000000E+00
   1.849381799800000E-03   1.348356809400000E+00   5.673417371300000E-01   1.385481555100000E+00   1.106690759900000E+00   0.000000000000000E+00   0.000000000000000E+00   0.000000000000000E+00   0.000000000000000E+00
   2.173675872400000E-03   1.536776751200000E+00   5.247468113300000E-01   1.361006290700000E+00   1.001139807200000E+00   0.000000000000000E+00   0.000000000000000E+00   0.000000000000000E+00   0.000000000000000E+00
   2.497969945000000E-03   1.731387745000000E+00   4.886967625500000E-01   1.318211927600000E+00   9.596707821000000E-01   0.000000000000000E+00   0.000000000000000E+00   0.000000000000000E+00   0.000000000000000E+00
   2.822264017700000E-03   1.926680718200000E+00   4.583222238400000E-01   1.308754678000000E+00   8.468561382699999E-01   0.000000000000000E+00   0.000000000000000E+00   0.000000000000000E+00   0.000000000000000E+00
   3.308785442600000E-03   2.215868568400000E+00   4.218036867900000E-01   1.248151925400000E+00   8.229926134900000E-01   0.000000000000000E+00   0.000000000000000E+00   0.000000000000000E+00   0.000000000000000E+00
   3.795306867500000E-03   2.485106899600000E+00   3.942212707500000E-01   1.224111586800000E+00   7.342961603700000E-01   0.000000000000000E+00   0.000000000000000E+00   0.000000000000000E+00   0.000000000000000E+00
   4.281828292400000E-03   2.725285886300000E+00   3.737275143100000E-01   1.184680291500000E+00   7.124772272400000E-01   0.000000000000000E+00   0.000000000000000E+00   0.000000000000000E+00   0.000000000000000E+00
   4.768349717400000E-03   2.926996638800000E+00   3.587302373700000E-01   1.181983209700000E+00   6.226304062600000E-01   0.000000000000000E+00   0.000000000000000E+00   0.000000000000000E+00   0.000000000000000E+00
   5.403003410200000E-03   3.134704314800000E+00   3.453007657000000E-01   1.138533924900000E+00   6.392575789100000E-01   0.000000000000000E+00   0.000000000000000E+00   0.000000000000000E+00   0.000000000000000E+00
   6.037657103100000E-03   3.281047093400000E+00   3.367114893700000E-01   1.133490107000000E+00   5.888143211200000E-01   0.000000000000000E+00   0.000000000000000E+00   0.000000000000000E+00   0.000000000000000E+00
   6.672310796000000E-03   3.380821757600000E+00   3.313073501000000E-01   1.112410686800000E+00   6.002263590300000E-01   0.000000000000000E+00   0.000000000000000E+00   0.000000000000000E+00   0.000000000000000E+00
   7.306964488900000E-03   3.445068983300000E+00   3.279353548000000E-01   1.126434755900000E+00   5.386006087300000E-01   0.000000000000000E+00   0.000000000000000E+00   0.000000000000000E+00   0.000000000000000E+00
   8.473275449300001E-03   3.509685326900000E+00   3.247308162400000E-01   1.099169413600000E+00   5.810697760600000E-01   0.000000000000000E+00   0.000000000000000E+00   0.000000000000000E+00   0.000000000000000E+00
   9.639586409700000E-03   3.535837483000000E+00   3.234423799900000E-01   1.107171930300000E+00   5.505422729100000E-01   0.000000000000000E+00   0.000000000000000E+00   0.000000000000000E+00   0.000000000000000E+00
   1.080589737000000E-02   3.546971128000000E+00   3.229141990600000E-01   1.095391204500000E+00   5.756745638300000E-01   0.000000000000000E+00   0.000000000000000E+00   0.000000000000000E+00   0.000000000000000E+00
   1.197220833000000E-02   3.551240256300000E+00   3.226936856600000E-01   1.115640997100000E+00   5.231844425500000E-01   0.000000000000000E+00   0.000000000000000E+00   0.000000000000000E+00   0.000000000000000E+00
   1.556918980600000E-02   3.554556402300000E+00   3.225489774700000E-01   1.094626792500000E+00   5.745844286100000E-01   0.000000000000000E+00   0.000000000000000E+00   0.000000000000000E+00   0.000000000000000E+00
   1.916617128200000E-02   3.554274112600000E+00   3.225550863200000E-01   1.105307724100000E+00   5.479033128500000E-01   0.000000000000000E+00   0.000000000000000E+00   0.000000000000000E+00   0.000000000000000E+00
   2.276315275800000E-02   3.554582560100000E+00   3.225477187400000E-01   1.094624677700000E+00   5.745793310400000E-01   0.000000000000000E+00   0.000000000000000E+00   0.000000000000000E+00   0.000000000000000E+00
   2.636013423500000E-02   3.554190231300000E+00   3.225521231100000E-01   1.115340104000000E+00   5.227705931400000E-01   0.000000000000000E+00   0.000000000000000E+00   0.000000000000000E+00   0.000000000000000E+00
   3.726364165800000E-02   3.554587844100000E+00   3.225474643400000E-01   1.094624441800000E+00   5.745778132100000E-01   0.000000000000000E+00   0.000000000000000E+00   0.000000000000000E+00   0.000000000000000E+00
   4.816714908200000E-02   3.554404555900000E+00   3.225488310500000E-01   1.105293730100000E+00   5.478867848300000E-01   0.000000000000000E+00   0.000000000000000E+00   0.000000000000000E+00   0.000000000000000E+00
   5.907065650500000E-02   3.554578895000000E+00   3.225478935300000E-01   1.094625517700000E+00   5.745786507100000E-01   0.000000000000000E+00   0.000000000000000E+00   0.000000000000000E+00   0.000000000000000E+00
   6.997416392899999E-02   3.554257467400000E+00   3.225488984200000E-01   1.115332213500000E+00   5.227638066900000E-01   0.000000000000000E+00   0.000000000000000E+00   0.000000000000000E+00   0.000000000000000E+00
   8.632846663700000E-02   3.554575541600000E+00   3.225480543200000E-01   1.094625978700000E+00   5.745788164700000E-01   0.000000000000000E+00   0.000000000000000E+00   0.000000000000000E+00   0.000000000000000E+00
   1.026827693500000E-01   3.554416372400000E+00   3.225482644100000E-01   1.105292191700000E+00   5.478859806100000E-01   0.000000000000000E+00   0.000000000000000E+00   0.000000000000000E+00   0.000000000000000E+00
   1.190370720500000E-01   3.554573160200000E+00   3.225481684900000E-01   1.094626334400000E+00   5.745788615400000E-01   0.000000000000000E+00   0.000000000000000E+00   0.000000000000000E+00   0.000000000000000E+00
   1.353913747600000E-01   3.554273805700000E+00   3.225481151100000E-01   1.115329826000000E+00   5.227633611400000E-01   0.000000000000000E+00   0.000000000000000E+00   0.000000000000000E+00   0.000000000000000E+00
   1.507520822400000E-01   3.554571722900000E+00   3.225482373800000E-01   1.094626580800000E+00   5.745788076800000E-01   0.000000000000000E+00   0.000000000000000E+00   0.000000000000000E+00   0.000000000000000E+00
   1.661127897100000E-01   3.554420510500000E+00   3.225480660800000E-01   1.105291488000000E+00   5.478861212500000E-01   0.000000000000000E+00   0.000000000000000E+00   0.000000000000000E+00   0.000000000000000E+00
   1.814734971800000E-01   3.554570602300000E+00   3.225482910600000E-01   1.094626816900000E+00   5.745786530900000E-01   0.000000000000000E+00   0.000000000000000E+00   0.000000000000000E+00   0.000000000000000E+00
   1.968342046500000E-01   3.554281566800000E+00   3.225477432800000E-01   1.115328255900000E+00   5.227642661300000E-01   0.000000000000000E+00   0.000000000000000E+00   0.000000000000000E+00   0.000000000000000E+00
   2.165778017500000E-01   3.554570056700000E+00   3.225483171700000E-01   1.094626964900000E+00   5.745784931500000E-01   0.000000000000000E+00   0.000000000000000E+00   0.000000000000000E+00   0.000000000000000E+00
   2.363213988400000E-01   3.554422223300000E+00   3.225479840700000E-01   1.105291052800000E+00   5.478865481600000E-01   0.000000000000000E+00   0.000000000000000E+00   0.000000000000000E+00   0.000000000000000E+00
   2.560649959400000E-01   3.554569632800000E+00   3.225483374500000E-01   1.094627103300000E+00   5.745783087400000E-01   0.000000000000000E+00   0.000000000000000E+00   0.000000000000000E+00   0.000000000000000E+00
   2.758085930300000E-01   3.554284411000000E+00   3.225476072100000E-01   1.115327356400000E+00   5.227654275000000E-01   0.000000000000000E+00   0.000000000000000E+00   0.000000000000000E+00   0.000000000000000E+00
   2.959336393200000E-01   3.554569373700000E+00   3.225483498300000E-01   1.094627210100000E+00   5.745781394900000E-01   0.000000000000000E+00   0.000000000000000E+00   0.000000000000000E+00   0.000000000000000E+00
   3.160586856000000E-01   3.554422976600000E+00   3.225479480700000E-01   1.105290749200000E+00   5.478870229500000E-01   0.000000000000000E+00   0.000000000000000E+00   0.000000000000000E+00   0.000000000000000E+00
   3.361837318800000E-01   3.554569154800000E+00   3.225483602800000E-01   1.094627326000000E+00   5.745779304000000E-01   0.000000000000000E+00   0.000000000000000E+00   0.000000000000000E+00   0.000000000000000E+00
   3.563087781600000E-01   3.554285877600000E+00   3.225475372200000E-01   1.115326607500000E+00   5.227667563500000E-01   0.000000000000000E+00   0.000000000000000E+00   0.000000000000000E+00   0.000000000000000E+00
   3.773983052600000E-01   3.554569022200000E+00   3.225483665900000E-01   1.094627417400000E+00   5.745777496800000E-01   0.000000000000000E+00   0.000000000000000E+00   0.000000000000000E+00   0.000000000000000E+00
   3.984878323700000E-01   3.554423363800000E+00   3.225479296300000E-01   1.105290490000000E+00   5.478875313700000E-01   0.000000000000000E+00   0.000000000000000E+00   0.000000000000000E+00   0.000000000000000E+00
   4.195773594800000E-01   3.554568909500000E+00   3.225483719400000E-01   1.094627518400000E+00   5.745775363800000E-01   0.000000000000000E+00   0.000000000000000E+00   0.000000000000000E+00   0.000000000000000E+00
   4.406668865800000E-01   3.554286629400000E+00   3.225475015000000E-01   1.115325958200000E+00   5.227681171100000E-01   0.000000000000000E+00   0.000000000000000E+00   0.000000000000000E+00   0.000000000000000E+00
   4.603411690900000E-01   3.554568835100000E+00   3.225483754600000E-01   1.094627604800000E+00   5.745773450000000E-01   0.000000000000000E+00   0.000000000000000E+00   0.000000000000000E+00   0.000000000000000E+00
   4.800154515900000E-01   3.554423575200000E+00   3.225479196200000E-01   1.105290245900000E+00   5.478880715400000E-01   0.000000000000000E+00   0.000000000000000E+00   0.000000000000000E+00   0.000000000000000E+00
   4.996897341000000E-01   3.554568770600000E+00   3.225483785000000E-01   1.094627707300000E+00   5.745771083000000E-01   0.000000000000000E+00   0.000000000000000E+00   0.000000000000000E+00   0.000000000000000E+00
   5.193640166000000E-01   3.554287062200000E+00   3.225474811100000E-01   1.115325299900000E+00   5.227696291200000E-01   0.000000000000000E+00   0.000000000000000E+00   0.000000000000000E+00   0.000000000000000E+00
   5.328222712200000E-01   3.554568718900000E+00   3.225483809200000E-01   1.094627813000000E+00   5.745768583800001E-01   0.000000000000000E+00   0.000000000000000E+00   0.000000000000000E+00   0.000000000000000E+00
   5.462805258400000E-01   3.554423710900000E+00   3.225479132800000E-01   1.105289948500000E+00   5.478887786600000E-01   0.000000000000000E+00   0.000000000000000E+00   0.000000000000000E+00   0.000000000000000E+00
   5.597387804600000E-01   3.554568677300000E+00   3.225483828300000E-01   1.094627957600000E+00   5.745765048300000E-01   0.000000000000000E+00   0.000000000000000E+00   0.000000000000000E+00   0.000000000000000E+00
   5.731970350800000E-01   3.554287356600000E+00   3.225474675300000E-01   1.115324371700000E+00   5.227718878600000E-01   0.000000000000000E+00   0.000000000000000E+00   0.000000000000000E+00   0.000000000000000E+00
   5.826229457100000E-01   3.554568648000000E+00   3.225483841500000E-01   1.094628105400000E+00   5.745761380800000E-01   0.000000000000000E+00   0.000000000000000E+00   0.000000000000000E+00   0.000000000000000E+00
   5.920488563400000E-01   3.554423788000000E+00   3.225479098300000E-01   1.105289531700000E+00   5.478898149800000E-01   0.000000000000000E+00   0.000000000000000E+00   0.000000000000000E+00   0.000000000000000E+00
   6.014747669700000E-01   3.554568629100000E+00   3.225483849400000E-01   1.094628307800000E+00   5.745756275100000E-01   0.000000000000000E+00   0.000000000000000E+00   0.000000000000000E+00   0.000000000000000E+00
   6.109006776000000E-01   3.554287503800000E+00   3.225474612400000E-01   1.115323074100000E+00   5.227751517700000E-01   0.000000000000000E+00   0.000000000000000E+00   0.000000000000000E+00   0.000000000000000E+00
   6.207458628400000E-01   3.554568619900000E+00   3.225483852800000E-01   1.094628475400000E+00   5.745752018400000E-01   0.000000000000000E+00   0.000000000000000E+00   0.000000000000000E+00   0.000000000000000E+00
   6.305910480900000E-01   3.554423816700000E+00   3.225479087400000E-01   1.105289058000000E+00   5.478910164700000E-01   0.000000000000000E+00   0.000000000000000E+00   0.000000000000000E+00   0.000000000000000E+00
   6.404362333300000E-01   3.554568613400000E+00   3.225483854700000E-01   1.094628667900000E+00   5.745747113800000E-01   0.000000000000000E+00   0.000000000000000E+00   0.000000000000000E+00   0.000000000000000E+00
   6.502814185800000E-01   3.554287551600000E+00   3.225474596800000E-01   1.115321841300000E+00   5.227782898100000E-01   0.000000000000000E+00   0.000000000000000E+00   0.000000000000000E+00   0.000000000000000E+00
   6.581359784900001E-01   3.554568608900000E+00   3.225483855800000E-01   1.094628852200000E+00   5.745742414300000E-01   0.000000000000000E+00   0.000000000000000E+00   0.000000000000000E+00   0.000000000000000E+00
   6.659905384100000E-01   3.554423829400000E+00   3.225479084400000E-01   1.105288537900000E+00   5.478923433800000E-01   0.000000000000000E+00   0.000000000000000E+00   0.000000000000000E+00   0.000000000000000E+00
   6.738450983199999E-01   3.554568605000000E+00   3.225483856200000E-01   1.094629093000000E+00   5.745736261200000E-01   0.000000000000000E+00   0.000000000000000E+00   0.000000000000000E+00   0.000000000000000E+00
   6.816996582400000E-01   3.554287579700000E+00   3.225474592600000E-01   1.115320299400000E+00   5.227822274000000E-01   0.000000000000000E+00   0.000000000000000E+00   0.000000000000000E+00   0.000000000000000E+00
   6.884626066700000E-01   3.554568601800000E+00   3.225483856400000E-01   1.094629314200000E+00   5.745730608500000E-01   0.000000000000000E+00   0.000000000000000E+00   0.000000000000000E+00   0.000000000000000E+00
   6.952255551099999E-01   3.554423838300000E+00   3.225479083900000E-01   1.105287913400000E+00   5.478939394300000E-01   0.000000000000000E+00   0.000000000000000E+00   0.000000000000000E+00   0.000000000000000E+00
   7.019885035400000E-01   3.554568598400000E+00   3.225483856400000E-01   1.094629593800000E+00   5.745723461200000E-01   0.000000000000000E+00   0.000000000000000E+00   0.000000000000000E+00   0.000000000000000E+00
   7.087514519800000E-01   3.554287602800000E+00   3.225474592200000E-01   1.115318509900000E+00   5.227868015100000E-01   0.000000000000000E+00   0.000000000000000E+00   0.000000000000000E+00   0.000000000000000E+00
   7.148546392300000E-01   3.554568595300000E+00   3.225483856400000E-01   1.094629844300000E+00   5.745717057900001E-01   0.000000000000000E+00   0.000000000000000E+00   0.000000000000000E+00   0.000000000000000E+00
   7.209578264900000E-01   3.554423846800000E+00   3.225479084000000E-01   1.105287206100000E+00   5.478957474200000E-01   0.000000000000000E+00   0.000000000000000E+00   0.000000000000000E+00   0.000000000000000E+00
   7.270610137500000E-01   3.554568591700000E+00   3.225483856300000E-01   1.094630154100000E+00   5.745709138600000E-01   0.000000000000000E+00   0.000000000000000E+00   0.000000000000000E+00   0.000000000000000E+00
   7.331642010000000E-01   3.554287626400000E+00   3.225474592800000E-01   1.115316527400000E+00   5.227918698600000E-01   0.000000000000000E+00   0.000000000000000E+00   0.000000000000000E+00   0.000000000000000E+00
   7.413885749100000E-01   3.554568589000000E+00   3.225483856200000E-01   1.094630383400000E+00   5.745703275500000E-01   0.000000000000000E+00   0.000000000000000E+00   0.000000000000000E+00   0.000000000000000E+00
   7.496129488200000E-01   3.554423854500000E+00   3.225479084200000E-01   1.105286558600000E+00   5.478974028800000E-01   0.000000000000000E+00   0.000000000000000E+00   0.000000000000000E+00   0.000000000000000E+00
   7.578373227300000E-01   3.554568586300000E+00   3.225483856100000E-01   1.094630613200000E+00   5.745697399200000E-01   0.000000000000000E+00   0.000000000000000E+00   0.000000000000000E+00   0.000000000000000E+00
   7.660616966400000E-01   3.554287643700000E+00   3.225474593300000E-01   1.115315056500000E+00   5.227956306900000E-01   0.000000000000000E+00   0.000000000000000E+00   0.000000000000000E+00   0.000000000000000E+00
   7.735274901100000E-01   3.554568583800000E+00   3.225483856000000E-01   1.094630818500000E+00   5.745692150800000E-01   0.000000000000000E+00   0.000000000000000E+00   0.000000000000000E+00   0.000000000000000E+00
   7.809932835900000E-01   3.554423861300000E+00   3.225479084400000E-01   1.105285979100000E+00   5.478988847900000E-01   0.000000000000000E+00   0.000000000000000E+00   0.000000000000000E+00   0.000000000000000E+00
   7.884590770600000E-01   3.554568580900000E+00   3.225483855900000E-01   1.094631071600000E+00   5.745685678000000E-01   0.000000000000000E+00   0.000000000000000E+00   0.000000000000000E+00   0.000000000000000E+00
   7.959248705400001E-01   3.554287662700000E+00   3.225474593900000E-01   1.115313436400000E+00   5.227997733000000E-01   0.000000000000000E+00   0.000000000000000E+00   0.000000000000000E+00   0.000000000000000E+00
   8.013922131400000E-01   3.554568577900000E+00   3.225483855800000E-01   1.094631326100000E+00   5.745679170700000E-01   0.000000000000000E+00   0.000000000000000E+00   0.000000000000000E+00   0.000000000000000E+00
   8.068595557500000E-01   3.554423869700000E+00   3.225479084700000E-01   1.105285260500000E+00   5.479007221000000E-01   0.000000000000000E+00   0.000000000000000E+00   0.000000000000000E+00   0.000000000000000E+00
   8.123268983500000E-01   3.554568573800000E+00   3.225483855700000E-01   1.094631671700000E+00   5.745670332800000E-01   0.000000000000000E+00   0.000000000000000E+00   0.000000000000000E+00   0.000000000000000E+00
   8.177942409600000E-01   3.554287688700000E+00   3.225474594600000E-01   1.115311224400000E+00   5.228054295800000E-01   0.000000000000000E+00   0.000000000000000E+00   0.000000000000000E+00   0.000000000000000E+00
   8.214548890900000E-01   3.554568569500000E+00   3.225483855600000E-01   1.094632038000000E+00   5.745660967200000E-01   0.000000000000000E+00   0.000000000000000E+00   0.000000000000000E+00   0.000000000000000E+00
   8.251155372300000E-01   3.554423881900000E+00   3.225479085100000E-01   1.105284226500000E+00   5.479033664400000E-01   0.000000000000000E+00   0.000000000000000E+00   0.000000000000000E+00   0.000000000000000E+00
   8.287761853600000E-01   3.554568563500000E+00   3.225483855400000E-01   1.094632554000000E+00   5.745647769300000E-01   0.000000000000000E+00   0.000000000000000E+00   0.000000000000000E+00   0.000000000000000E+00
   8.324368334900000E-01   3.554287727400000E+00   3.225474595800000E-01   1.115307921600000E+00   5.228138762300000E-01   0.000000000000000E+00   0.000000000000000E+00   0.000000000000000E+00   0.000000000000000E+00
   8.356927155800000E-01   3.554568558000000E+00   3.225483855200000E-01   1.094633019900000E+00   5.745635854800000E-01   0.000000000000000E+00   0.000000000000000E+00   0.000000000000000E+00   0.000000000000000E+00
   8.389485976700000E-01   3.554423897300000E+00   3.225479085500000E-01   1.105282911100000E+00   5.479067305200001E-01   0.000000000000000E+00   0.000000000000000E+00   0.000000000000000E+00   0.000000000000000E+00
   8.422044797600000E-01   3.554568551200000E+00   3.225483855000000E-01   1.094633599900000E+00   5.745621019000000E-01   0.000000000000000E+00   0.000000000000000E+00   0.000000000000000E+00   0.000000000000000E+00
   8.454603618500000E-01   3.554287770900000E+00   3.225474597100000E-01   1.115304209300000E+00   5.228233711700000E-01   0.000000000000000E+00   0.000000000000000E+00   0.000000000000000E+00   0.000000000000000E+00
   8.497164029399999E-01   3.554568546100000E+00   3.225483854900000E-01   1.094634035000000E+00   5.745609891400000E-01   0.000000000000000E+00   0.000000000000000E+00   0.000000000000000E+00   0.000000000000000E+00
   8.539724440300001E-01   3.554423911600000E+00   3.225479086000000E-01   1.105281682800000E+00   5.479098724700000E-01   0.000000000000000E+00   0.000000000000000E+00   0.000000000000000E+00   0.000000000000000E+00
   8.582284851200001E-01   3.554568541000000E+00   3.225483854700000E-01   1.094634478600000E+00   5.745598543900000E-01   0.000000000000000E+00   0.000000000000000E+00   0.000000000000000E+00   0.000000000000000E+00
   8.624845262100000E-01   3.554287804100000E+00   3.225474598100000E-01   1.115301370200000E+00   5.228306335600000E-01   0.000000000000000E+00   0.000000000000000E+00   0.000000000000000E+00   0.000000000000000E+00
   8.665059619000000E-01   3.554568536400000E+00   3.225483854600000E-01   1.094634866600000E+00   5.745588618000000E-01   0.000000000000000E+00   0.000000000000000E+00   0.000000000000000E+00   0.000000000000000E+00
   8.705273975900000E-01   3.554423924500000E+00   3.225479086300000E-01   1.105280587200000E+00   5.479126750900000E-01   0.000000000000000E+00   0.000000000000000E+00   0.000000000000000E+00   0.000000000000000E+00
   8.745488332800000E-01   3.554568530900000E+00   3.225483854400000E-01   1.094635335900000E+00   5.745576610300001E-01   0.000000000000000E+00   0.000000000000000E+00   0.000000000000000E+00   0.000000000000000E+00
   8.785702689700000E-01   3.554287839200000E+00   3.225474599200000E-01   1.115298366300000E+00   5.228383184199999E-01   0.000000000000000E+00   0.000000000000000E+00   0.000000000000000E+00   0.000000000000000E+00
   8.814514498100000E-01   3.554568525300000E+00   3.225483854300000E-01   1.094635813800000E+00   5.745564385100000E-01   0.000000000000000E+00   0.000000000000000E+00   0.000000000000000E+00   0.000000000000000E+00
   8.843326306500000E-01   3.554423940200000E+00   3.225479086800000E-01   1.105279238100000E+00   5.479161268500000E-01   0.000000000000000E+00   0.000000000000000E+00   0.000000000000000E+00   0.000000000000000E+00
   8.872138114900000E-01   3.554568517700000E+00   3.225483854000000E-01   1.094636468700000E+00   5.745547628500000E-01   0.000000000000000E+00   0.000000000000000E+00   0.000000000000000E+00   0.000000000000000E+00
   8.900949923400000E-01   3.554287888200000E+00   3.225474600700000E-01   1.115294174900000E+00   5.228490425900000E-01   0.000000000000000E+00   0.000000000000000E+00   0.000000000000000E+00   0.000000000000000E+00
   8.924331372300000E-01   3.554568510400000E+00   3.225483853800000E-01   1.094637089900000E+00   5.745531733100000E-01   0.000000000000000E+00   0.000000000000000E+00   0.000000000000000E+00   0.000000000000000E+00
   8.947712821100000E-01   3.554423960700000E+00   3.225479087400000E-01   1.105277484100000E+00   5.479206148800000E-01   0.000000000000000E+00   0.000000000000000E+00   0.000000000000000E+00   0.000000000000000E+00
   8.971094270000000E-01   3.554568501000000E+00   3.225483853500000E-01   1.094637896600000E+00   5.745511090099999E-01   0.000000000000000E+00   0.000000000000000E+00   0.000000000000000E+00   0.000000000000000E+00
   8.994475718900000E-01   3.554287948400000E+00   3.225474602500000E-01   1.115289012200000E+00   5.228622541600000E-01   0.000000000000000E+00   0.000000000000000E+00   0.000000000000000E+00   0.000000000000000E+00
   9.021306329800000E-01   3.554568493600000E+00   3.225483853300000E-01   1.094638538000000E+00   5.745494673700000E-01   0.000000000000000E+00   0.000000000000000E+00   0.000000000000000E+00   0.000000000000000E+00
   9.048136940700000E-01   3.554423981800000E+00   3.225479088100000E-01   1.105275673000000E+00   5.479252501600000E-01   0.000000000000000E+00   0.000000000000000E+00   0.000000000000000E+00   0.000000000000000E+00
   9.074967551499999E-01   3.554568485400000E+00   3.225483853100000E-01   1.094639240700000E+00   5.745476688900000E-01   0.000000000000000E+00   0.000000000000000E+00   0.000000000000000E+00   0.000000000000000E+00
   9.101798162400000E-01   3.554288000800000E+00   3.225474604100000E-01   1.115284515200000E+00   5.228737643800000E-01   0.000000000000000E+00   0.000000000000000E+00   0.000000000000000E+00   0.000000000000000E+00
   9.131309455900000E-01   3.554568478700000E+00   3.225483852900000E-01   1.094639810700000E+00   5.745462098000000E-01   0.000000000000000E+00   0.000000000000000E+00   0.000000000000000E+00   0.000000000000000E+00
   9.160820749300000E-01   3.554424000600000E+00   3.225479088600000E-01   1.105274063500000E+00   5.479293699800000E-01   0.000000000000000E+00   0.000000000000000E+00   0.000000000000000E+00   0.000000000000000E+00
   9.190332042700000E-01   3.554568471300000E+00   3.225483852600000E-01   1.094640449300000E+00   5.745445750700000E-01   0.000000000000000E+00   0.000000000000000E+00   0.000000000000000E+00   0.000000000000000E+00
   9.219843336200000E-01   3.554288048400000E+00   3.225474605500000E-01   1.115280428200000E+00   5.228842266800000E-01   0.000000000000000E+00   0.000000000000000E+00   0.000000000000000E+00   0.000000000000000E+00
   9.239399416000000E-01   3.554568463400000E+00   3.225483852400000E-01   1.094641130100000E+00   5.745428320200000E-01   0.000000000000000E+00   0.000000000000000E+00   0.000000000000000E+00   0.000000000000000E+00
   9.258955495900000E-01   3.554424022900000E+00   3.225479089300000E-01   1.105272141200000E+00   5.479342913200000E-01   0.000000000000000E+00   0.000000000000000E+00   0.000000000000000E+00   0.000000000000000E+00
   9.278511575800000E-01   3.554568452200000E+00   3.225483852100000E-01   1.094642093400000E+00   5.745403657800000E-01   0.000000000000000E+00   0.000000000000000E+00   0.000000000000000E+00   0.000000000000000E+00
   9.298067655700000E-01   3.554288120000000E+00   3.225474607600000E-01   1.115274263600000E+00   5.229000106100000E-01   0.000000000000000E+00   0.000000000000000E+00   0.000000000000000E+00   0.000000000000000E+00
   9.315984804700000E-01   3.554568442300000E+00   3.225483851800000E-01   1.094642949300000E+00   5.745381739500000E-01   0.000000000000000E+00   0.000000000000000E+00   0.000000000000000E+00   0.000000000000000E+00
   9.333901953700000E-01   3.554424051000000E+00   3.225479090200000E-01   1.105269724400000E+00   5.479404799599999E-01   0.000000000000000E+00   0.000000000000000E+00   0.000000000000000E+00   0.000000000000000E+00
   9.351819102600000E-01   3.554568430100000E+00   3.225483851400000E-01   1.094644000000000E+00   5.745354830300000E-01   0.000000000000000E+00   0.000000000000000E+00   0.000000000000000E+00   0.000000000000000E+00
   9.369736251600000E-01   3.554288198000000E+00   3.225474610000000E-01   1.115267539000000E+00   5.229172324600000E-01   0.000000000000000E+00   0.000000000000000E+00   0.000000000000000E+00   0.000000000000000E+00
   9.384475974299999E-01   3.554568418600000E+00   3.225483851000000E-01   1.094644989100000E+00   5.745329496400000E-01   0.000000000000000E+00   0.000000000000000E+00   0.000000000000000E+00   0.000000000000000E+00
   9.399215697100000E-01   3.554424083300000E+00   3.225479091100000E-01   1.105266931800000E+00   5.479476328800000E-01   0.000000000000000E+00   0.000000000000000E+00   0.000000000000000E+00   0.000000000000000E+00
   9.413955419800000E-01   3.554568403800000E+00   3.225483850600000E-01   1.094646265500000E+00   5.745296799400000E-01   0.000000000000000E+00   0.000000000000000E+00   0.000000000000000E+00   0.000000000000000E+00
   9.428695142600000E-01   3.554288292500000E+00   3.225474612800000E-01   1.115259370400000E+00   5.229381585500000E-01   0.000000000000000E+00   0.000000000000000E+00   0.000000000000000E+00   0.000000000000000E+00
   9.442385004200000E-01   3.554568390800000E+00   3.225483850200000E-01   1.094647391600000E+00   5.745267947200000E-01   0.000000000000000E+00   0.000000000000000E+00   0.000000000000000E+00   0.000000000000000E+00
   9.456074865900000E-01   3.554424120100000E+00   3.225479092200000E-01   1.105263752300000E+00   5.479557792600001E-01   0.000000000000000E+00   0.000000000000000E+00   0.000000000000000E+00   0.000000000000000E+00
   9.469764727500000E-01   3.554568375000000E+00   3.225483849700000E-01   1.094648764700000E+00   5.745232758500000E-01   0.000000000000000E+00   0.000000000000000E+00   0.000000000000000E+00   0.000000000000000E+00
   9.483454589200000E-01   3.554288394000000E+00   3.225474615900000E-01   1.115250582100000E+00   5.229606793500000E-01   0.000000000000000E+00   0.000000000000000E+00   0.000000000000000E+00   0.000000000000000E+00
   9.500514733099999E-01   3.554568362800000E+00   3.225483849400000E-01   1.094649816200000E+00   5.745205809200000E-01   0.000000000000000E+00   0.000000000000000E+00   0.000000000000000E+00   0.000000000000000E+00
   9.517574877000000E-01   3.554424154300000E+00   3.225479093200000E-01   1.105260783400000E+00   5.479633887200001E-01   0.000000000000000E+00   0.000000000000000E+00   0.000000000000000E+00   0.000000000000000E+00
   9.534635020900000E-01   3.554568350200000E+00   3.225483849000000E-01   1.094650917300000E+00   5.745177583900000E-01   0.000000000000000E+00   0.000000000000000E+00   0.000000000000000E+00   0.000000000000000E+00
   9.551695164800000E-01   3.554288475100000E+00   3.225474618300000E-01   1.115243535200000E+00   5.229787435600000E-01   0.000000000000000E+00   0.000000000000000E+00   0.000000000000000E+00   0.000000000000000E+00
   9.566263423600000E-01   3.554568338500000E+00   3.225483848600000E-01   1.094651932900000E+00   5.745151545000000E-01   0.000000000000000E+00   0.000000000000000E+00   0.000000000000000E+00   0.000000000000000E+00
   9.580831682500000E-01   3.554424187300000E+00   3.225479094200000E-01   1.105257915800000E+00   5.479707407000000E-01   0.000000000000000E+00   0.000000000000000E+00   0.000000000000000E+00   0.000000000000000E+00
   9.595399941400000E-01   3.554568323700000E+00   3.225483848200000E-01   1.094653221400000E+00   5.745118505100000E-01   0.000000000000000E+00   0.000000000000000E+00   0.000000000000000E+00   0.000000000000000E+00
   9.609968200300000E-01   3.554288569900000E+00   3.225474621100000E-01   1.115235288700000E+00   5.229998891300000E-01   0.000000000000000E+00   0.000000000000000E+00   0.000000000000000E+00   0.000000000000000E+00
   9.619577789600000E-01   3.554568307900000E+00   3.225483847700000E-01   1.094654598800000E+00   5.745083181400000E-01   0.000000000000000E+00   0.000000000000000E+00   0.000000000000000E+00   0.000000000000000E+00
   9.629187378900000E-01   3.554424231900000E+00   3.225479095600000E-01   1.105254027200000E+00   5.479807136200000E-01   0.000000000000000E+00   0.000000000000000E+00   0.000000000000000E+00   0.000000000000000E+00
   9.638796968200000E-01   3.554568285500000E+00   3.225483847100000E-01   1.094656550300000E+00   5.745033119700000E-01   0.000000000000000E+00   0.000000000000000E+00   0.000000000000000E+00   0.000000000000000E+00
   9.648406557600000E-01   3.554288712900000E+00   3.225474625400000E-01   1.115222799000000E+00   5.230319286400000E-01   0.000000000000000E+00   0.000000000000000E+00   0.000000000000000E+00   0.000000000000000E+00
   9.656284422300000E-01   3.554568264500000E+00   3.225483846400000E-01   1.094658390500000E+00   5.744985904300000E-01   0.000000000000000E+00   0.000000000000000E+00   0.000000000000000E+00   0.000000000000000E+00
   9.664162287100000E-01   3.554424291300000E+00   3.225479097300000E-01   1.105248832100000E+00   5.479940443000000E-01   0.000000000000000E+00   0.000000000000000E+00   0.000000000000000E+00   0.000000000000000E+00
   9.672040151800000E-01   3.554568237400000E+00   3.225483845600000E-01   1.094660767900000E+00   5.744924882200000E-01   0.000000000000000E+00   0.000000000000000E+00   0.000000000000000E+00   0.000000000000000E+00
   9.679918016500000E-01   3.554288886400000E+00   3.225474630500000E-01   1.115207583600000E+00   5.230709828300000E-01   0.000000000000000E+00   0.000000000000000E+00   0.000000000000000E+00   0.000000000000000E+00
   9.686760542700000E-01   3.554568212700000E+00   3.225483844900000E-01   1.094662940100000E+00   5.744869110000000E-01   0.000000000000000E+00   0.000000000000000E+00   0.000000000000000E+00   0.000000000000000E+00
   9.693603068900000E-01   3.554424361000000E+00   3.225479099400000E-01   1.105242699300000E+00   5.480097910300000E-01   0.000000000000000E+00   0.000000000000000E+00   0.000000000000000E+00   0.000000000000000E+00
   9.700445595100000E-01   3.554568181700000E+00   3.225483844000000E-01   1.094665673000000E+00   5.744798914500000E-01   0.000000000000000E+00   0.000000000000000E+00   0.000000000000000E+00   0.000000000000000E+00
   9.707288121300000E-01   3.554289084700000E+00   3.225474636400000E-01   1.115190093100000E+00   5.231159080000000E-01   0.000000000000000E+00   0.000000000000000E+00   0.000000000000000E+00   0.000000000000000E+00
   9.714435088900000E-01   3.554568156000000E+00   3.225483843200000E-01   1.094667944500000E+00   5.744740546000000E-01   0.000000000000000E+00   0.000000000000000E+00   0.000000000000000E+00   0.000000000000000E+00
   9.721582056500000E-01   3.554424433600000E+00   3.225479101500000E-01   1.105236285300000E+00   5.480262717900000E-01   0.000000000000000E+00   0.000000000000000E+00   0.000000000000000E+00   0.000000000000000E+00
   9.728729024100000E-01   3.554568126500000E+00   3.225483842400000E-01   1.094670556700000E+00   5.744673400100000E-01   0.000000000000000E+00   0.000000000000000E+00   0.000000000000000E+00   0.000000000000000E+00
   9.735875991700000E-01   3.554289273200000E+00   3.225474641900000E-01   1.115173375100000E+00   5.231588814000000E-01   0.000000000000000E+00   0.000000000000000E+00   0.000000000000000E+00   0.000000000000000E+00
   9.743548461000000E-01   3.554568102400000E+00   3.225483841700000E-01   1.094672699300000E+00   5.744618305100000E-01   0.000000000000000E+00   0.000000000000000E+00   0.000000000000000E+00   0.000000000000000E+00
   9.751220930400000E-01   3.554424501600000E+00   3.225479103500000E-01   1.105230235600000E+00   5.480418283800000E-01   0.000000000000000E+00   0.000000000000000E+00   0.000000000000000E+00   0.000000000000000E+00
   9.758893399700000E-01   3.554568075200000E+00   3.225483840900000E-01   1.094675128700000E+00   5.744555810200001E-01   0.000000000000000E+00   0.000000000000000E+00   0.000000000000000E+00   0.000000000000000E+00
   9.766565869000000E-01   3.554289447500000E+00   3.225474647000000E-01   1.115157826600000E+00   5.231988781900000E-01   0.000000000000000E+00   0.000000000000000E+00   0.000000000000000E+00   0.000000000000000E+00
   9.773190986200000E-01   3.554568050300000E+00   3.225483840100000E-01   1.094677355400000E+00   5.744498512000000E-01   0.000000000000000E+00   0.000000000000000E+00   0.000000000000000E+00   0.000000000000000E+00
   9.779816103500000E-01   3.554424571800000E+00   3.225479105600000E-01   1.105223949000000E+00   5.480580059300000E-01   0.000000000000000E+00   0.000000000000000E+00   0.000000000000000E+00   0.000000000000000E+00
   9.786441220700000E-01   3.554568019000000E+00   3.225483839200000E-01   1.094680164300000E+00   5.744426199500000E-01   0.000000000000000E+00   0.000000000000000E+00   0.000000000000000E+00   0.000000000000000E+00
   9.793066337900000E-01   3.554289647800000E+00   3.225474652900000E-01   1.115139849600000E+00   5.232451582200000E-01   0.000000000000000E+00   0.000000000000000E+00   0.000000000000000E+00   0.000000000000000E+00
   9.797989791300000E-01   3.554567987900000E+00   3.225483838300000E-01   1.094682962400000E+00   5.744354140400000E-01   0.000000000000000E+00   0.000000000000000E+00   0.000000000000000E+00   0.000000000000000E+00
   9.802913244800000E-01   3.554424659500000E+00   3.225479108100000E-01   1.105216050500000E+00   5.480783496300000E-01   0.000000000000000E+00   0.000000000000000E+00   0.000000000000000E+00   0.000000000000000E+00
   9.807836698200000E-01   3.554567946200000E+00   3.225483837100000E-01   1.094686734200000E+00   5.744256939400000E-01   0.000000000000000E+00   0.000000000000000E+00   0.000000000000000E+00   0.000000000000000E+00
   9.812760151700000E-01   3.554289914500000E+00   3.225474660600000E-01   1.115115709900000E+00   5.233073670000000E-01   0.000000000000000E+00   0.000000000000000E+00   0.000000000000000E+00   0.000000000000000E+00
   9.817303010800000E-01   3.554567909600000E+00   3.225483836000000E-01   1.094690070600000E+00   5.744170908300000E-01   0.000000000000000E+00   0.000000000000000E+00   0.000000000000000E+00   0.000000000000000E+00
   9.821845869900000E-01   3.554424763100000E+00   3.225479111100000E-01   1.105206630700000E+00   5.481026398400000E-01   0.000000000000000E+00   0.000000000000000E+00   0.000000000000000E+00   0.000000000000000E+00
   9.826388729100000E-01   3.554567864900000E+00   3.225483834800000E-01   1.094694148100000E+00   5.744065697500000E-01   0.000000000000000E+00   0.000000000000000E+00   0.000000000000000E+00   0.000000000000000E+00
   9.830931588200000E-01   3.554290199900000E+00   3.225474668800000E-01   1.115089614300000E+00   5.233747020800000E-01   0.000000000000000E+00   0.000000000000000E+00   0.000000000000000E+00   0.000000000000000E+00
   9.835384860700001E-01   3.554567826900000E+00   3.225483833700000E-01   1.094697644100000E+00   5.743975427200000E-01   0.000000000000000E+00   0.000000000000000E+00   0.000000000000000E+00   0.000000000000000E+00
   9.839838133200000E-01   3.554424870400000E+00   3.225479114200000E-01   1.105196759800000E+00   5.481281276800000E-01   0.000000000000000E+00   0.000000000000000E+00   0.000000000000000E+00   0.000000000000000E+00
   9.844291405700000E-01   3.554567782100000E+00   3.225483832400000E-01   1.094701792300000E+00   5.743868241100000E-01   0.000000000000000E+00   0.000000000000000E+00   0.000000000000000E+00   0.000000000000000E+00
   9.848744678200000E-01   3.554290486900000E+00   3.225474677000000E-01   1.115063066000000E+00   5.234433014200000E-01   0.000000000000000E+00   0.000000000000000E+00   0.000000000000000E+00   0.000000000000000E+00
   9.851863268100000E-01   3.554567736000000E+00   3.225483831100000E-01   1.094706067900000E+00   5.743757696900000E-01   0.000000000000000E+00   0.000000000000000E+00   0.000000000000000E+00   0.000000000000000E+00
   9.854981858000000E-01   3.554425000000000E+00   3.225479117900000E-01   1.105184693100000E+00   5.481593336000000E-01   0.000000000000000E+00   0.000000000000000E+00   0.000000000000000E+00   0.000000000000000E+00
   9.858100447900000E-01   3.554567673100000E+00   3.225483829300000E-01   1.094711971400000E+00   5.743604881000000E-01   0.000000000000000E+00   0.000000000000000E+00   0.000000000000000E+00   0.000000000000000E+00
   9.861219037800000E-01   3.554290889400000E+00   3.225474688400000E-01   1.115025284300000E+00   5.235411042100000E-01   0.000000000000000E+00   0.000000000000000E+00   0.000000000000000E+00   0.000000000000000E+00
   9.863793169800000E-01   3.554567614600000E+00   3.225483827600000E-01   1.094717509600000E+00   5.743461371200000E-01   0.000000000000000E+00   0.000000000000000E+00   0.000000000000000E+00   0.000000000000000E+00
   9.866367301800000E-01   3.554425164900000E+00   3.225479122500000E-01   1.105169060700000E+00   5.481998481700000E-01   0.000000000000000E+00   0.000000000000000E+00   0.000000000000000E+00   0.000000000000000E+00
   9.868941433800000E-01   3.554567540300000E+00   3.225483825600000E-01   1.094724629400000E+00   5.743276607700000E-01   0.000000000000000E+00   0.000000000000000E+00   0.000000000000000E+00   0.000000000000000E+00
   9.871515565800000E-01   3.554291364700000E+00   3.225474701600000E-01   1.114979718400000E+00   5.236593539100000E-01   0.000000000000000E+00   0.000000000000000E+00   0.000000000000000E+00   0.000000000000000E+00
   9.874394410900000E-01   3.554567481500000E+00   3.225483824000000E-01   1.094730345700000E+00   5.743128037800000E-01   0.000000000000000E+00   0.000000000000000E+00   0.000000000000000E+00   0.000000000000000E+00
   9.877273255900000E-01   3.554425331300000E+00   3.225479127100000E-01   1.105152917300000E+00   5.482418009800000E-01   0.000000000000000E+00   0.000000000000000E+00   0.000000000000000E+00   0.000000000000000E+00
   9.880152101000000E-01   3.554567416900000E+00   3.225483822200000E-01   1.094736681100000E+00   5.742963168100000E-01   0.000000000000000E+00   0.000000000000000E+00   0.000000000000000E+00   0.000000000000000E+00
   9.883030946000000E-01   3.554291777500000E+00   3.225474712800000E-01   1.114939172900000E+00   5.237648713700001E-01   0.000000000000000E+00   0.000000000000000E+00   0.000000000000000E+00   0.000000000000000E+00
   9.885822244900000E-01   3.554567362100000E+00   3.225483820700000E-01   1.094742137900000E+00   5.742820963300000E-01   0.000000000000000E+00   0.000000000000000E+00   0.000000000000000E+00   0.000000000000000E+00
   9.888613543800000E-01   3.554425486200000E+00   3.225479131300000E-01   1.105137510900000E+00   5.482819521000000E-01   0.000000000000000E+00   0.000000000000000E+00   0.000000000000000E+00   0.000000000000000E+00
   9.891404842600000E-01   3.554567297500000E+00   3.225483819000000E-01   1.094748640500000E+00   5.742651246300000E-01   0.000000000000000E+00   0.000000000000000E+00   0.000000000000000E+00   0.000000000000000E+00
   9.894196141500000E-01   3.554292190400000E+00   3.225474723800000E-01   1.114897556500000E+00   5.238734912500000E-01   0.000000000000000E+00   0.000000000000000E+00   0.000000000000000E+00   0.000000000000000E+00
   9.896924750700000E-01   3.554567243000000E+00   3.225483817600000E-01   1.094754217400000E+00   5.742505465400000E-01   0.000000000000000E+00   0.000000000000000E+00   0.000000000000000E+00   0.000000000000000E+00
   9.899653359900000E-01   3.554425640200000E+00   3.225479135300000E-01   1.105121765200000E+00   5.483231131600000E-01   0.000000000000000E+00   0.000000000000000E+00   0.000000000000000E+00   0.000000000000000E+00
   9.902381969100000E-01   3.554567179200000E+00   3.225483815900000E-01   1.094760835600000E+00   5.742332177800000E-01   0.000000000000000E+00   0.000000000000000E+00   0.000000000000000E+00   0.000000000000000E+00
   9.905110578300000E-01   3.554292598300000E+00   3.225474734400000E-01   1.114855201300000E+00   5.239843964599999E-01   0.000000000000000E+00   0.000000000000000E+00   0.000000000000000E+00   0.000000000000000E+00
   9.907173002400000E-01   3.554567117300000E+00   3.225483814300000E-01   1.094767354400000E+00   5.742161232900000E-01   0.000000000000000E+00   0.000000000000000E+00   0.000000000000000E+00   0.000000000000000E+00
   9.909235426500000E-01   3.554425814300000E+00   3.225479139700000E-01   1.105103371100000E+00   5.483713693200000E-01   0.000000000000000E+00   0.000000000000000E+00   0.000000000000000E+00   0.000000000000000E+00
   9.911297850600000E-01   3.554567036500000E+00   3.225483812300000E-01   1.094776055900000E+00   5.741932462600000E-01   0.000000000000000E+00   0.000000000000000E+00   0.000000000000000E+00   0.000000000000000E+00
   9.913360274700000E-01   3.554293114200000E+00   3.225474747300000E-01   1.114799514000000E+00   5.241308120300000E-01   0.000000000000000E+00   0.000000000000000E+00   0.000000000000000E+00   0.000000000000000E+00
   9.915724142800000E-01   3.554566974400000E+00   3.225483810800000E-01   1.094782953700000E+00   5.741750629200000E-01   0.000000000000000E+00   0.000000000000000E+00   0.000000000000000E+00   0.000000000000000E+00
   9.918088010900000E-01   3.554425990600000E+00   3.225479144000000E-01   1.105083888300000E+00   5.484227164400000E-01   0.000000000000000E+00   0.000000000000000E+00   0.000000000000000E+00   0.000000000000000E+00
   9.920451878900000E-01   3.554566907700000E+00   3.225483809200000E-01   1.094790492700000E+00   5.741551464000000E-01   0.000000000000000E+00   0.000000000000000E+00   0.000000000000000E+00   0.000000000000000E+00
   9.922815747000000E-01   3.554293540200000E+00   3.225474757400000E-01   1.114751265900000E+00   5.242582796200000E-01   0.000000000000000E+00   0.000000000000000E+00   0.000000000000000E+00   0.000000000000000E+00
   9.925399422300000E-01   3.554566855100000E+00   3.225483808000000E-01   1.094796606800000E+00   5.741389535800000E-01   0.000000000000000E+00   0.000000000000000E+00   0.000000000000000E+00   0.000000000000000E+00
   9.927983097500001E-01   3.554426139400000E+00   3.225479147500000E-01   1.105066621300000E+00   5.484684403000000E-01   0.000000000000000E+00   0.000000000000000E+00   0.000000000000000E+00   0.000000000000000E+00
   9.930566772700000E-01   3.554566797500000E+00   3.225483806700000E-01   1.094803459600000E+00   5.741207647300000E-01   0.000000000000000E+00   0.000000000000000E+00   0.000000000000000E+00   0.000000000000000E+00
   9.933150448000000E-01   3.554293908600000E+00   3.225474765600000E-01   1.114707409800000E+00   5.243746898300000E-01   0.000000000000000E+00   0.000000000000000E+00   0.000000000000000E+00   0.000000000000000E+00
   9.934847354200000E-01   3.554566737100000E+00   3.225483805400000E-01   1.094810787700000E+00   5.741012774399999E-01   0.000000000000000E+00   0.000000000000000E+00   0.000000000000000E+00   0.000000000000000E+00
   9.936544260400000E-01   3.554426307800000E+00   3.225479151100000E-01   1.105045957100000E+00   5.485234459200000E-01   0.000000000000000E+00   0.000000000000000E+00   0.000000000000000E+00   0.000000000000000E+00
   9.938241166600000E-01   3.554566655800000E+00   3.225483803700000E-01   1.094821135800000E+00   5.740736407900000E-01   0.000000000000000E+00   0.000000000000000E+00   0.000000000000000E+00   0.000000000000000E+00
   9.939938072800000E-01   3.554294427500000E+00   3.225474776200000E-01   1.114641187200000E+00   5.245515701200000E-01   0.000000000000000E+00   0.000000000000000E+00   0.000000000000000E+00   0.000000000000000E+00
   9.941632227500000E-01   3.554566590600000E+00   3.225483802500000E-01   1.094829892600000E+00   5.740501575200000E-01   0.000000000000000E+00   0.000000000000000E+00   0.000000000000000E+00   0.000000000000000E+00
   9.943326382200000E-01   3.554426492300000E+00   3.225479154600000E-01   1.105021232900000E+00   5.485897523000000E-01   0.000000000000000E+00   0.000000000000000E+00   0.000000000000000E+00   0.000000000000000E+00
   9.945020536900000E-01   3.554566517900000E+00   3.225483801300000E-01   1.094840147300000E+00   5.740225383300001E-01   0.000000000000000E+00   0.000000000000000E+00   0.000000000000000E+00   0.000000000000000E+00
   9.946714691600000E-01   3.554294890800000E+00   3.225474784100000E-01   1.114575562500000E+00   5.247283392800000E-01   0.000000000000000E+00   0.000000000000000E+00   0.000000000000000E+00   0.000000000000000E+00
   9.948470609000000E-01   3.554566461600000E+00   3.225483800400000E-01   1.094848661300000E+00   5.739994984900000E-01   0.000000000000000E+00   0.000000000000000E+00   0.000000000000000E+00   0.000000000000000E+00
   9.950226526400000E-01   3.554426651900000E+00   3.225479156900000E-01   1.104997190500000E+00   5.486548085200000E-01   0.000000000000000E+00   0.000000000000000E+00   0.000000000000000E+00   0.000000000000000E+00
   9.951982443800000E-01   3.554566400800000E+00   3.225483799700000E-01   1.094858443900000E+00   5.739729022900000E-01   0.000000000000000E+00   0.000000000000000E+00   0.000000000000000E+00   0.000000000000000E+00
   9.953738361200000E-01   3.554295277600000E+00   3.225474788800000E-01   1.114512960000000E+00   5.248985614600000E-01   0.000000000000000E+00   0.000000000000000E+00   0.000000000000000E+00   0.000000000000000E+00
   9.954664634400000E-01   3.554566329900000E+00   3.225483798900000E-01   1.094870438600000E+00   5.739401899400000E-01   0.000000000000000E+00   0.000000000000000E+00   0.000000000000000E+00   0.000000000000000E+00
   9.955590907600000E-01   3.554426839600000E+00   3.225479158500000E-01   1.104963464000000E+00   5.487471273000000E-01   0.000000000000000E+00   0.000000000000000E+00   0.000000000000000E+00   0.000000000000000E+00
   9.956517180800000E-01   3.554566242300000E+00   3.225483798800000E-01   1.094888660300000E+00   5.738898869800000E-01   0.000000000000000E+00   0.000000000000000E+00   0.000000000000000E+00   0.000000000000000E+00
   9.957443454000000E-01   3.554295827800000E+00   3.225474789200000E-01   1.114396385200000E+00   5.252205478800001E-01   0.000000000000000E+00   0.000000000000000E+00   0.000000000000000E+00   0.000000000000000E+00
   9.958419309600000E-01   3.554566189200000E+00   3.225483799600000E-01   1.094903557700000E+00   5.738482590400000E-01   0.000000000000000E+00   0.000000000000000E+00   0.000000000000000E+00   0.000000000000000E+00
   9.959395165200000E-01   3.554426992600000E+00   3.225479156300000E-01   1.104921387200000E+00   5.488646771500000E-01   0.000000000000000E+00   0.000000000000000E+00   0.000000000000000E+00   0.000000000000000E+00
   9.960371020800000E-01   3.554566147400000E+00   3.225483801400000E-01   1.094920409400000E+00   5.738005947300000E-01   0.000000000000000E+00   0.000000000000000E+00   0.000000000000000E+00   0.000000000000000E+00
   9.961346876300000E-01   3.554296085500000E+00   3.225474776900000E-01   1.114288581000000E+00   5.255256485399999E-01   0.000000000000000E+00   0.000000000000000E+00   0.000000000000000E+00   0.000000000000000E+00
   9.962356649400000E-01   3.554566133400000E+00   3.225483803900000E-01   1.094934288400000E+00   5.737607723500000E-01   0.000000000000000E+00   0.000000000000000E+00   0.000000000000000E+00   0.000000000000000E+00
   9.963366422500000E-01   3.554427034000000E+00   3.225479149200000E-01   1.104882193500000E+00   5.489771261500000E-01   0.000000000000000E+00   0.000000000000000E+00   0.000000000000000E+00   0.000000000000000E+00
   9.964376195500000E-01   3.554566139500000E+00   3.225483807900000E-01   1.094950102200000E+00   5.737147221700000E-01   0.000000000000000E+00   0.000000000000000E+00   0.000000000000000E+00   0.000000000000000E+00
   9.965385968600000E-01   3.554296036400000E+00   3.225474750800000E-01   1.114187424200000E+00   5.258204232300000E-01   0.000000000000000E+00   0.000000000000000E+00   0.000000000000000E+00   0.000000000000000E+00
   9.966184311900000E-01   3.554566168700000E+00   3.225483812900000E-01   1.094965103200000E+00   5.736703798500000E-01   0.000000000000000E+00   0.000000000000000E+00   0.000000000000000E+00   0.000000000000000E+00
   9.966982655300000E-01   3.554426935700000E+00   3.225479134400000E-01   1.104839998600000E+00   5.491023607100000E-01   0.000000000000000E+00   0.000000000000000E+00   0.000000000000000E+00   0.000000000000000E+00
   9.967780998600000E-01   3.554566255600000E+00   3.225483821800000E-01   1.094984336300000E+00   5.736120445900000E-01   0.000000000000000E+00   0.000000000000000E+00   0.000000000000000E+00   0.000000000000000E+00
   9.968579341900000E-01   3.554295458300000E+00   3.225474693000000E-01   1.114064461000000E+00   5.261939009800000E-01   0.000000000000000E+00   0.000000000000000E+00   0.000000000000000E+00   0.000000000000000E+00
   9.969296028800000E-01   3.554566380300000E+00   3.225483832000000E-01   1.095001193300000E+00   5.735595362700000E-01   0.000000000000000E+00   0.000000000000000E+00   0.000000000000000E+00   0.000000000000000E+00
   9.970012715600000E-01   3.554426568800000E+00   3.225479104900000E-01   1.104792547900000E+00   5.492506835199999E-01   0.000000000000000E+00   0.000000000000000E+00   0.000000000000000E+00   0.000000000000000E+00
   9.970729402500000E-01   3.554566609600000E+00   3.225483848200000E-01   1.095021397500000E+00   5.734942229400000E-01   0.000000000000000E+00   0.000000000000000E+00   0.000000000000000E+00   0.000000000000000E+00
   9.971446089300000E-01   3.554293955300000E+00   3.225474587500000E-01   1.113935385000000E+00   5.266121399400000E-01   0.000000000000000E+00   0.000000000000000E+00   0.000000000000000E+00   0.000000000000000E+00
   9.972146263100000E-01   3.554566881300000E+00   3.225483865700000E-01   1.095038124500000E+00   5.734378003600000E-01   0.000000000000000E+00   0.000000000000000E+00   0.000000000000000E+00   0.000000000000000E+00
   9.972846437000000E-01   3.554425793000000E+00   3.225479055000000E-01   1.104745406500000E+00   5.494100623000000E-01   0.000000000000000E+00   0.000000000000000E+00   0.000000000000000E+00   0.000000000000000E+00
   9.973546610800000E-01   3.554567305200000E+00   3.225483891400000E-01   1.095057140900000E+00   5.733702482700000E-01   0.000000000000000E+00   0.000000000000000E+00   0.000000000000000E+00   0.000000000000000E+00
   9.974246784600000E-01   3.554291194800000E+00   3.225474420600000E-01   1.113814006500000E+00   5.270448017700000E-01   0.000000000000000E+00   0.000000000000000E+00   0.000000000000000E+00   0.000000000000000E+00
   9.974838166100000E-01   3.554567800800000E+00   3.225483920200000E-01   1.095073931100000E+00   5.733071058000000E-01   0.000000000000000E+00   0.000000000000000E+00   0.000000000000000E+00   0.000000000000000E+00
   9.975429547600000E-01   3.554424339000000E+00   3.225478971100000E-01   1.104698485800000E+00   5.495886568100000E-01   0.000000000000000E+00   0.000000000000000E+00   0.000000000000000E+00   0.000000000000000E+00
   9.976020929100000E-01   3.554568635100000E+00   3.225483966800000E-01   1.095093662500000E+00   5.732256030200000E-01   0.000000000000000E+00   0.000000000000000E+00   0.000000000000000E+00   0.000000000000000E+00
   9.976612310500000E-01   3.554285794800000E+00   3.225474120500000E-01   1.113688445600000E+00   5.275671349000000E-01   0.000000000000000E+00   0.000000000000000E+00   0.000000000000000E+00   0.000000000000000E+00
   9.977122336899999E-01   3.554569629800000E+00   3.225484021000000E-01   1.095110157700000E+00   5.731497694000000E-01   0.000000000000000E+00   0.000000000000000E+00   0.000000000000000E+00   0.000000000000000E+00
   9.977632363300000E-01   3.554421650700000E+00   3.225478826900000E-01   1.104652665200000E+00   5.498032930500000E-01   0.000000000000000E+00   0.000000000000000E+00   0.000000000000000E+00   0.000000000000000E+00
   9.978142389800000E-01   3.554571494300000E+00   3.225484122100000E-01   1.095127831700000E+00   5.730517455500000E-01   0.000000000000000E+00   0.000000000000000E+00   0.000000000000000E+00   0.000000000000000E+00
   9.978652416200000E-01   3.554276352900000E+00   3.225473631500000E-01   1.113575798000000E+00   5.281946726100000E-01   0.000000000000000E+00   0.000000000000000E+00   0.000000000000000E+00   0.000000000000000E+00
   9.979199137600000E-01   3.554575688500000E+00   3.225484365800000E-01   1.095138319300000E+00   5.729677415700000E-01   0.000000000000000E+00   0.000000000000000E+00   0.000000000000000E+00   0.000000000000000E+00
   9.979745859000000E-01   3.554425162200000E+00   3.225479095300000E-01   1.104616237700000E+00   5.500322386900000E-01   0.000000000000000E+00   0.000000000000000E+00   0.000000000000000E+00   0.000000000000000E+00
   9.980292580400000E-01   3.554599622600000E+00   3.225485830600000E-01   1.095138484500000E+00   5.728595162800000E-01   0.000000000000000E+00   0.000000000000000E+00   0.000000000000000E+00   0.000000000000000E+00
   9.980839301900000E-01   3.554335497100000E+00   3.225477487700000E-01   1.113483604300000E+00   5.287749345800000E-01   0.000000000000000E+00   0.000000000000000E+00   0.000000000000000E+00   0.000000000000000E+00
   9.981239663600000E-01   3.554749530500000E+00   3.225495137100000E-01   1.095080138200000E+00   5.726803821499999E-01   0.000000000000000E+00   0.000000000000000E+00   0.000000000000000E+00   0.000000000000000E+00
   9.981640025300000E-01   3.554792671600000E+00   3.225502092300000E-01   1.104439088100000E+00   5.501165163000000E-01   0.000000000000000E+00   0.000000000000000E+00   0.000000000000000E+00   0.000000000000000E+00
   9.982040387100000E-01   3.555444036800000E+00   3.225538346300000E-01   1.094776096900000E+00   5.721652381900000E-01   0.000000000000000E+00   0.000000000000000E+00   0.000000000000000E+00   0.000000000000000E+00
   9.982440748800000E-01   3.556174642400000E+00   3.225592506800000E-01   1.112686778900000E+00   5.287029550000000E-01   0.000000000000000E+00   0.000000000000000E+00   0.000000000000000E+00   0.000000000000000E+00
   9.982789331900001E-01   3.558553311200000E+00   3.225732118100000E-01   1.093408481100000E+00   5.703620453400000E-01   0.000000000000000E+00   0.000000000000000E+00   0.000000000000000E+00   0.000000000000000E+00
   9.983137914900000E-01   3.562393097600000E+00   3.225976269300000E-01   1.101160506700000E+00   5.464503486700000E-01   0.000000000000000E+00   0.000000000000000E+00   0.000000000000000E+00   0.000000000000000E+00
   9.983486497900000E-01   3.570688410500000E+00   3.226489701600000E-01   1.088124089900000E+00   5.637511735700000E-01   0.000000000000000E+00   0.000000000000000E+00   0.000000000000000E+00   0.000000000000000E+00
   9.983835080900000E-01   3.586414280600000E+00   3.227484766100000E-01   1.099902991600000E+00   5.140791906800000E-01   0.000000000000000E+00   0.000000000000000E+00   0.000000000000000E+00   0.000000000000000E+00
   9.984151271000000E-01   3.614338745400000E+00   3.229234485600000E-01   1.069760646000000E+00   5.414454452500000E-01   0.000000000000000E+00   0.000000000000000E+00   0.000000000000000E+00   0.000000000000000E+00
   9.984467461200000E-01   3.662944487800000E+00   3.232327209600000E-01   1.059983299500000E+00   4.974875467100000E-01   0.000000000000000E+00   0.000000000000000E+00   0.000000000000000E+00   0.000000000000000E+00
   9.984783651300000E-01   3.745662067700000E+00   3.237657929200000E-01   1.019427048800000E+00   4.826860190400000E-01   0.000000000000000E+00   0.000000000000000E+00   0.000000000000000E+00   0.000000000000000E+00
   9.985099841400000E-01   3.874508343800000E+00   3.246195547500000E-01   9.951474441900000E-01   3.951696829400000E-01   0.000000000000000E+00   0.000000000000000E+00   0.000000000000000E+00   0.000000000000000E+00
   9.985421633800000E-01   4.064667786800000E+00   3.259243056600000E-01   9.205534716600000E-01   3.768895917300000E-01   0.000000000000000E+00   0.000000000000000E+00   0.000000000000000E+00   0.000000000000000E+00
   9.985743426300000E-01   4.311804331400000E+00   3.277152462600000E-01   8.702954992800001E-01   2.987546070600000E-01   0.000000000000000E+00   0.000000000000000E+00   0.000000000000000E+00   0.000000000000000E+00
   9.986065218700000E-01   4.606173088400000E+00   3.299945642100000E-01   8.009648019900000E-01   2.660878977600000E-01   0.000000000000000E+00   0.000000000000000E+00   0.000000000000000E+00   0.000000000000000E+00
   9.986387011100000E-01   4.929806676100000E+00   3.327115887500000E-01   7.675196468400000E-01   1.849790919100000E-01   0.000000000000000E+00   0.000000000000000E+00   0.000000000000000E+00   0.000000000000000E+00
   9.986688946400000E-01   5.245944681000000E+00   3.356050959200000E-01   7.037497212600000E-01   1.901906801200000E-01   0.000000000000000E+00   0.000000000000000E+00   0.000000000000000E+00   0.000000000000000E+00
   9.986990881600000E-01   5.560831027000000E+00   3.387702226000000E-01   6.769129241500000E-01   1.454056844600000E-01   0.000000000000000E+00   0.000000000000000E+00   0.000000000000000E+00   0.000000000000000E+00
   9.987292816800000E-01   5.867226459200000E+00   3.421641468100000E-01   6.345674782400000E-01   1.441161537200000E-01   0.000000000000000E+00   0.000000000000000E+00   0.000000000000000E+00   0.000000000000000E+00
   9.987594752100000E-01   6.158534290800000E+00   3.457432783100000E-01   6.281298805700000E-01   9.147331867500000E-02   0.000000000000000E+00   0.000000000000000E+00   0.000000000000000E+00   0.000000000000000E+00
   9.987990358700000E-01   6.514233660800000E+00   3.506690983300000E-01   5.776421335300000E-01   1.113944045600000E-01   0.000000000000000E+00   0.000000000000000E+00   0.000000000000000E+00   0.000000000000000E+00
   9.988385965400000E-01   6.836166017700000E+00   3.558070722900000E-01   5.635883517200000E-01   8.009213611300001E-02   0.000000000000000E+00   0.000000000000000E+00   0.000000000000000E+00   0.000000000000000E+00
   9.988781572100000E-01   7.125360977700000E+00   3.611213825200000E-01   5.318300667000000E-01   8.861761563100000E-02   0.000000000000000E+00   0.000000000000000E+00   0.000000000000000E+00   0.000000000000000E+00
   9.989177178700001E-01   7.382505267300000E+00   3.665783521600000E-01   5.346564146400000E-01   4.480572481500000E-02   0.000000000000000E+00   0.000000000000000E+00   0.000000000000000E+00   0.000000000000000E+00
   9.989512763300000E-01   7.578658687500000E+00   3.713070940000000E-01   5.001293955200000E-01   7.480506676100000E-02   0.000000000000000E+00   0.000000000000000E+00   0.000000000000000E+00   0.000000000000000E+00
   9.989848347800000E-01   7.755271171800000E+00   3.761112421700000E-01   4.986470270900000E-01   5.165103568100000E-02   0.000000000000000E+00   0.000000000000000E+00   0.000000000000000E+00   0.000000000000000E+00
   9.990183932300000E-01   7.915175491400000E+00   3.809861244100000E-01   4.765741668500000E-01   6.558793649800000E-02   0.000000000000000E+00   0.000000000000000E+00   0.000000000000000E+00   0.000000000000000E+00
   9.990519516800000E-01   8.059184554100000E+00   3.859212800200000E-01   4.872006277400000E-01   2.673982796800000E-02   0.000000000000000E+00   0.000000000000000E+00   0.000000000000000E+00   0.000000000000000E+00
   9.990804680800000E-01   8.171476749900000E+00   3.901624038300000E-01   4.579360685400000E-01   5.894202518100000E-02   0.000000000000000E+00   0.000000000000000E+00   0.000000000000000E+00   0.000000000000000E+00
   9.991089844900000E-01   8.274302388400001E+00   3.944395228800000E-01   4.609557050500000E-01   3.842070249300000E-02   0.000000000000000E+00   0.000000000000000E+00   0.000000000000000E+00   0.000000000000000E+00
   9.991375009000000E-01   8.369516993100000E+00   3.987538124000000E-01   4.426924303000000E-01   5.390473112900000E-02   0.000000000000000E+00   0.000000000000000E+00   0.000000000000000E+00   0.000000000000000E+00
   9.991660173000000E-01   8.456971649300000E+00   4.030996382300000E-01   4.566093900600000E-01   1.727412950100000E-02   0.000000000000000E+00   0.000000000000000E+00   0.000000000000000E+00   0.000000000000000E+00
   9.991983162000000E-01   8.549071061199999E+00   4.080632329500000E-01   4.279025574200000E-01   4.938841952900000E-02   0.000000000000000E+00   0.000000000000000E+00   0.000000000000000E+00   0.000000000000000E+00
   9.992306150900000E-01   8.633274051200001E+00   4.130632752200000E-01   4.313596442500000E-01   2.967516323000000E-02   0.000000000000000E+00   0.000000000000000E+00   0.000000000000000E+00   0.000000000000000E+00
   9.992629139800000E-01   8.711397119700001E+00   4.181013973200000E-01   4.134396993300000E-01   4.529188352400000E-02   0.000000000000000E+00   0.000000000000000E+00   0.000000000000000E+00   0.000000000000000E+00
   9.992952128700000E-01   8.783244324200000E+00   4.231724572300000E-01   4.275790597100000E-01   9.578834316900001E-03   0.000000000000000E+00   0.000000000000000E+00   0.000000000000000E+00   0.000000000000000E+00
   9.993267649300001E-01   8.849285492200000E+00   4.281613577400000E-01   4.001105778700000E-01   4.179362508200000E-02   0.000000000000000E+00   0.000000000000000E+00   0.000000000000000E+00   0.000000000000000E+00
   9.993583169900000E-01   8.910484864900001E+00   4.331790160700000E-01   4.046109194300000E-01   2.289796434300000E-02   0.000000000000000E+00   0.000000000000000E+00   0.000000000000000E+00   0.000000000000000E+00
   9.993898690500000E-01   8.968269840500000E+00   4.382278751100000E-01   3.876740133800000E-01   3.874057074800000E-02   0.000000000000000E+00   0.000000000000000E+00   0.000000000000000E+00   0.000000000000000E+00
   9.994214211200000E-01   9.022121465900000E+00   4.433036266900000E-01   4.025938475900000E-01   3.958155210800000E-03   0.000000000000000E+00   0.000000000000000E+00   0.000000000000000E+00   0.000000000000000E+00
   9.994570499100000E-01   9.080111161000000E+00   4.490717566000000E-01   3.750747358100000E-01   3.586987002800000E-02   0.000000000000000E+00   0.000000000000000E+00   0.000000000000000E+00   0.000000000000000E+00
   9.994926787100000E-01   9.134161240499999E+00   4.548726511200000E-01   3.793688746300000E-01   1.738195446200000E-02   0.000000000000000E+00   0.000000000000000E+00   0.000000000000000E+00   0.000000000000000E+00
   9.995283075000000E-01   9.185599982899999E+00   4.607087665500000E-01   3.622993967500000E-01   3.315808431100000E-02   0.000000000000000E+00   0.000000000000000E+00   0.000000000000000E+00   0.000000000000000E+00
   9.995639363000000E-01   9.233848646000000E+00   4.665760513000000E-01   3.768847010300000E-01  -1.072868124100000E-03   0.000000000000000E+00   0.000000000000000E+00   0.000000000000000E+00   0.000000000000000E+00
   9.995797064100000E-01   9.254952023800000E+00   4.691852276200000E-01   3.534175173300000E-01   3.135263201700000E-02   0.000000000000000E+00   0.000000000000000E+00   0.000000000000000E+00   0.000000000000000E+00
   9.995954765200000E-01   9.275075450899999E+00   4.717987771200000E-01   3.613567241800000E-01   1.401946565300000E-02   0.000000000000000E+00   0.000000000000000E+00   0.000000000000000E+00   0.000000000000000E+00
   9.996112466300000E-01   9.295147033499999E+00   4.744198393700000E-01   3.481081004100000E-01   3.024771231700000E-02   0.000000000000000E+00   0.000000000000000E+00   0.000000000000000E+00   0.000000000000000E+00
   9.996270167400000E-01   9.314288036700001E+00   4.770452104600000E-01   3.658591370000000E-01  -2.431310381200000E-03   0.000000000000000E+00   0.000000000000000E+00   0.000000000000000E+00   0.000000000000000E+00
   9.996426970900000E-01   9.333644261700000E+00   4.796641704300000E-01   3.428863487800000E-01   2.920836844400000E-02   0.000000000000000E+00   0.000000000000000E+00   0.000000000000000E+00   0.000000000000000E+00
   9.996583774400000E-01   9.352110858400000E+00   4.822872679200000E-01   3.507127531200000E-01   1.234653791800000E-02   0.000000000000000E+00   0.000000000000000E+00   0.000000000000000E+00   0.000000000000000E+00
   9.996740577900000E-01   9.370594523699999E+00   4.849175934800000E-01   3.377564525100000E-01   2.820086775100000E-02   0.000000000000000E+00   0.000000000000000E+00   0.000000000000000E+00   0.000000000000000E+00
   9.996897381400000E-01   9.388227621900000E+00   4.875520110600000E-01   3.552014190100000E-01  -3.630218077700000E-03   0.000000000000000E+00   0.000000000000000E+00   0.000000000000000E+00   0.000000000000000E+00
   9.997066742000000E-01   9.407638745100000E+00   4.904065227600000E-01   3.324832125900000E-01   2.721850659300000E-02   0.000000000000000E+00   0.000000000000000E+00   0.000000000000000E+00   0.000000000000000E+00
   9.997236102600000E-01   9.426178789100000E+00   4.932660135100000E-01   3.399806255000000E-01   1.075714578300000E-02   0.000000000000000E+00   0.000000000000000E+00   0.000000000000000E+00   0.000000000000000E+00
   9.997405463200000E-01   9.444737625800000E+00   4.961335090300000E-01   3.270815859600000E-01   2.623541328600000E-02   0.000000000000000E+00   0.000000000000000E+00   0.000000000000000E+00   0.000000000000000E+00
   9.997574823800000E-01   9.462464408700001E+00   4.990059476100000E-01   3.440231501100000E-01  -4.877463759800000E-03   0.000000000000000E+00   0.000000000000000E+00   0.000000000000000E+00   0.000000000000000E+00
   9.997687167800000E-01   9.474614689199999E+00   5.009169996800000E-01   3.226575208400000E-01   2.543125343400000E-02   0.000000000000000E+00   0.000000000000000E+00   0.000000000000000E+00   0.000000000000000E+00
   9.997799511800000E-01   9.486124497800001E+00   5.028292040600000E-01   3.308777178700000E-01   9.570907337900000E-03   0.000000000000000E+00   0.000000000000000E+00   0.000000000000000E+00   0.000000000000000E+00
   9.997911855700000E-01   9.497849851700000E+00   5.047455217400000E-01   3.191885989400000E-01   2.475712034800000E-02   0.000000000000000E+00   0.000000000000000E+00   0.000000000000000E+00   0.000000000000000E+00
   9.998024199700000E-01   9.508952915700000E+00   5.066630189300000E-01   3.364940362200000E-01  -5.196393889400000E-03   0.000000000000000E+00   0.000000000000000E+00   0.000000000000000E+00   0.000000000000000E+00
   9.998113726500000E-01   9.518302091600001E+00   5.081951869200000E-01   3.161029504100000E-01   2.416109009000000E-02   0.000000000000000E+00   0.000000000000000E+00   0.000000000000000E+00   0.000000000000000E+00
   9.998203253400000E-01   9.527082677199999E+00   5.097274734600000E-01   3.243733517500000E-01   8.928829206900000E-03   0.000000000000000E+00   0.000000000000000E+00   0.000000000000000E+00   0.000000000000000E+00
   9.998292780200000E-01   9.536120866199999E+00   5.112627411200000E-01   3.134075031200000E-01   2.359848269900000E-02   0.000000000000000E+00   0.000000000000000E+00   0.000000000000000E+00   0.000000000000000E+00
   9.998382307000000E-01   9.544606488700000E+00   5.127981686899999E-01   3.303739728300000E-01  -5.095763230600000E-03   0.000000000000000E+00   0.000000000000000E+00   0.000000000000000E+00   0.000000000000000E+00
   9.998466047000000E-01   9.553089269399999E+00   5.142381111000000E-01   3.108086239900000E-01   2.307977632000000E-02   0.000000000000000E+00   0.000000000000000E+00   0.000000000000000E+00   0.000000000000000E+00
   9.998549786900000E-01   9.561036346000000E+00   5.156779917700000E-01   3.188088935700000E-01   8.493087948000000E-03   0.000000000000000E+00   0.000000000000000E+00   0.000000000000000E+00   0.000000000000000E+00
   9.998633526800000E-01   9.569242181400000E+00   5.171205635200000E-01   3.083240735500000E-01   2.255948322200000E-02   0.000000000000000E+00   0.000000000000000E+00   0.000000000000000E+00   0.000000000000000E+00
   9.998717266800000E-01   9.576927850900001E+00   5.185631184800000E-01   3.246549016700000E-01  -4.895164494900000E-03   0.000000000000000E+00   0.000000000000000E+00   0.000000000000000E+00   0.000000000000000E+00
   9.998789267800000E-01   9.584052342500000E+00   5.198066621200000E-01   3.060268732700000E-01   2.208826281100000E-02   0.000000000000000E+00   0.000000000000000E+00   0.000000000000000E+00   0.000000000000000E+00
   9.998861268800000E-01   9.590679555199999E+00   5.210497901000000E-01   3.138187037800000E-01   8.186632231500001E-03   0.000000000000000E+00   0.000000000000000E+00   0.000000000000000E+00   0.000000000000000E+00
   9.998933269800000E-01   9.597569981500000E+00   5.222951369500000E-01   3.039344594000000E-01   2.161835719500000E-02   0.000000000000000E+00   0.000000000000000E+00   0.000000000000000E+00   0.000000000000000E+00
   9.999005270800000E-01   9.603979202100000E+00   5.235401202100000E-01   3.196299991100000E-01  -4.472675634000000E-03   0.000000000000000E+00   0.000000000000000E+00   0.000000000000000E+00   0.000000000000000E+00
   9.999059732400000E-01   9.609306271600000E+00   5.244843457500000E-01   3.021179556500000E-01   2.119737389000000E-02   0.000000000000000E+00   0.000000000000000E+00   0.000000000000000E+00   0.000000000000000E+00
   9.999114193899999E-01   9.614178007200000E+00   5.254277344200000E-01   3.097105745800000E-01   8.091956261000000E-03   0.000000000000000E+00   0.000000000000000E+00   0.000000000000000E+00   0.000000000000000E+00
   9.999168655500000E-01   9.619315101900000E+00   5.263727813200000E-01   3.005975540700000E-01   2.077153047600000E-02   0.000000000000000E+00   0.000000000000000E+00   0.000000000000000E+00   0.000000000000000E+00
   9.999223117100000E-01   9.624015725200000E+00   5.273170559400000E-01   3.155302605800000E-01  -3.640209284000000E-03   0.000000000000000E+00   0.000000000000000E+00   0.000000000000000E+00   0.000000000000000E+00
   9.999269458900000E-01   9.628498336400000E+00   5.281227976100000E-01   2.991953707600000E-01   2.038700289900000E-02   0.000000000000000E+00   0.000000000000000E+00   0.000000000000000E+00   0.000000000000000E+00
   9.999315800800000E-01   9.632560164099999E+00   5.289276141300000E-01   3.063551347900000E-01   8.183569169000000E-03   0.000000000000000E+00   0.000000000000000E+00   0.000000000000000E+00   0.000000000000000E+00
   9.999362142700000E-01   9.636874772200001E+00   5.297338365800000E-01   2.979403955900000E-01   1.998222641500000E-02   0.000000000000000E+00   0.000000000000000E+00   0.000000000000000E+00   0.000000000000000E+00
   9.999408484600000E-01   9.640788959800000E+00   5.305392043100000E-01   3.118588848800000E-01  -2.619465765100000E-03   0.000000000000000E+00   0.000000000000000E+00   0.000000000000000E+00   0.000000000000000E+00
   9.999446319600001E-01   9.644428297699999E+00   5.311986592900000E-01   2.968082685600000E-01   1.961641662700000E-02   0.000000000000000E+00   0.000000000000000E+00   0.000000000000000E+00   0.000000000000000E+00
   9.999484154700000E-01   9.647682984899999E+00   5.318571353700000E-01   3.034771003600000E-01   8.403852562799999E-03   0.000000000000000E+00   0.000000000000000E+00   0.000000000000000E+00   0.000000000000000E+00
   9.999521989700000E-01   9.651174342999999E+00   5.325167819500000E-01   2.958316600900000E-01   1.922346429400000E-02   0.000000000000000E+00   0.000000000000000E+00   0.000000000000000E+00   0.000000000000000E+00
   9.999559824799999E-01   9.654303772500000E+00   5.331755283900000E-01   3.085965068200000E-01  -1.358645596900000E-03   0.000000000000000E+00   0.000000000000000E+00   0.000000000000000E+00   0.000000000000000E+00
   9.999589931000000E-01   9.657196822900000E+00   5.337013510800001E-01   2.949637475300000E-01   1.886746082700000E-02   0.000000000000000E+00   0.000000000000000E+00   0.000000000000000E+00   0.000000000000000E+00
   9.999620037200000E-01   9.659743600500001E+00   5.342261979200000E-01   3.010472662400000E-01   8.763075554900000E-03   0.000000000000000E+00   0.000000000000000E+00   0.000000000000000E+00   0.000000000000000E+00
   9.999650143400000E-01   9.662506387400001E+00   5.347520134100000E-01   2.942422224300000E-01   1.847656583000000E-02   0.000000000000000E+00   0.000000000000000E+00   0.000000000000000E+00   0.000000000000000E+00
   9.999680249600000E-01   9.664948510500000E+00   5.352769417700000E-01   3.056707004800000E-01   1.635178800400000E-04   0.000000000000000E+00   0.000000000000000E+00   0.000000000000000E+00   0.000000000000000E+00
   9.999703709300000E-01   9.667208656400000E+00   5.356873692900000E-01   2.936104467700000E-01   1.812173046200000E-02   0.000000000000000E+00   0.000000000000000E+00   0.000000000000000E+00   0.000000000000000E+00
   9.999727169000000E-01   9.669164083200000E+00   5.360968773000000E-01   2.990003305800000E-01   9.259565243500001E-03   0.000000000000000E+00   0.000000000000000E+00   0.000000000000000E+00   0.000000000000000E+00
   9.999750628600000E-01   9.671310246399999E+00   5.365071785200000E-01   2.931130256700000E-01   1.772578938100000E-02   0.000000000000000E+00   0.000000000000000E+00   0.000000000000000E+00   0.000000000000000E+00
   9.999774088300000E-01   9.673180212900000E+00   5.369166579900000E-01   3.030129181300000E-01   1.949367827400000E-03   0.000000000000000E+00   0.000000000000000E+00   0.000000000000000E+00   0.000000000000000E+00
   9.999792688300000E-01   9.674973317199999E+00   5.372424795100000E-01   2.926859054700000E-01   1.737274039500000E-02   0.000000000000000E+00   0.000000000000000E+00   0.000000000000000E+00   0.000000000000000E+00
   9.999811288300000E-01   9.676505606199999E+00   5.375674791000000E-01   2.973028411500000E-01   9.869333059200000E-03   0.000000000000000E+00   0.000000000000000E+00   0.000000000000000E+00   0.000000000000000E+00
   9.999829888200000E-01   9.678197392600000E+00   5.378931033300000E-01   2.924396179800000E-01   1.698627635400000E-02   0.000000000000000E+00   0.000000000000000E+00   0.000000000000000E+00   0.000000000000000E+00
   9.999848488200000E-01   9.679653872099999E+00   5.382179711700000E-01   3.008282099000000E-01   3.920599729000000E-03   0.000000000000000E+00   0.000000000000000E+00   0.000000000000000E+00   0.000000000000000E+00
   9.999861979900000E-01   9.680950104900001E+00   5.384544617900000E-01   2.925830901300000E-01   1.666250815800000E-02   0.000000000000000E+00   0.000000000000000E+00   0.000000000000000E+00   0.000000000000000E+00
   9.999875471700000E-01   9.682020394500000E+00   5.386901532400000E-01   2.967810483500000E-01   1.067256365400000E-02   0.000000000000000E+00   0.000000000000000E+00   0.000000000000000E+00   0.000000000000000E+00
   9.999888963400000E-01   9.683193720700000E+00   5.389261253199999E-01   2.938178302800000E-01   1.638630502600000E-02   0.000000000000000E+00   0.000000000000000E+00   0.000000000000000E+00   0.000000000000000E+00
   9.999902455100000E-01   9.684136711300001E+00   5.391611134600000E-01   3.019645130900000E-01   6.434693288500000E-03   0.000000000000000E+00   0.000000000000000E+00   0.000000000000000E+00   0.000000000000000E+00
   9.999912000200000E-01   9.684936718499999E+00   5.393275991800000E-01   2.976420035900000E-01   1.638668001600000E-02   0.000000000000000E+00   0.000000000000000E+00   0.000000000000000E+00   0.000000000000000E+00
   9.999921545300000E-01   9.685497846600001E+00   5.394929347900000E-01   3.038695975500000E-01   1.226348316900000E-02   0.000000000000000E+00   0.000000000000000E+00   0.000000000000000E+00   0.000000000000000E+00
   9.999931090400000E-01   9.686025115700000E+00   5.396576153200000E-01   3.067121038400000E-01   1.685683206000000E-02   0.000000000000000E+00   0.000000000000000E+00   0.000000000000000E+00   0.000000000000000E+00
   9.999940635500000E-01   9.686211562400000E+00   5.398202174200000E-01   3.204451543500000E-01   1.072080814500000E-02   0.000000000000000E+00   0.000000000000000E+00   0.000000000000000E+00   0.000000000000000E+00
   9.999946993900000E-01   9.686271185300001E+00   5.399275218200000E-01   3.255276486000000E-01   1.837034582100000E-02   0.000000000000000E+00   0.000000000000000E+00   0.000000000000000E+00   0.000000000000000E+00
   9.999953352199999E-01   9.685987281999999E+00   5.400326872200000E-01   3.410159243300000E-01   1.694043798800000E-02   0.000000000000000E+00   0.000000000000000E+00   0.000000000000000E+00   0.000000000000000E+00
   9.999959710500000E-01   9.685400651500000E+00   5.401354027700001E-01   3.596812219600000E-01   2.167080584000000E-02   0.000000000000000E+00   0.000000000000000E+00   0.000000000000000E+00   0.000000000000000E+00
   9.999966068900000E-01   9.684153316000000E+00   5.402336781800000E-01   3.938566806400000E-01   2.123399799700000E-02   0.000000000000000E+00   0.000000000000000E+00   0.000000000000000E+00   0.000000000000000E+00
   9.999969776099999E-01   9.683068342400000E+00   5.402882699200000E-01   4.182698315100000E-01   2.841827283200000E-02   0.000000000000000E+00   0.000000000000000E+00   0.000000000000000E+00   0.000000000000000E+00
   9.999973483300000E-01   9.681445833600000E+00   5.403394424900000E-01   4.559411617700000E-01   3.195541388800000E-02   0.000000000000000E+00   0.000000000000000E+00   0.000000000000000E+00   0.000000000000000E+00
   9.999977190500000E-01   9.679117870200001E+00   5.403859756900000E-01   5.077250920900001E-01   4.086419918200000E-02   0.000000000000000E+00   0.000000000000000E+00   0.000000000000000E+00   0.000000000000000E+00
   9.999980897700000E-01   9.675546243399999E+00   5.404249150500000E-01   5.885386307100000E-01   5.236733064300000E-02   0.000000000000000E+00   0.000000000000000E+00   0.000000000000000E+00   0.000000000000000E+00
   9.999982691900000E-01   9.673153691300000E+00   5.404397634800000E-01   6.421483521800000E-01   6.397225079299999E-02   0.000000000000000E+00   0.000000000000000E+00   0.000000000000000E+00   0.000000000000000E+00
   9.999984486100000E-01   9.670056032500000E+00   5.404506238400000E-01   7.132550410900000E-01   7.790447046000000E-02   0.000000000000000E+00   0.000000000000000E+00   0.000000000000000E+00   0.000000000000000E+00
   9.999986280299999E-01   9.665961545600000E+00   5.404559633200000E-01   8.083816069100001E-01   9.960390562700000E-02   0.000000000000000E+00   0.000000000000000E+00   0.000000000000000E+00   0.000000000000000E+00
   9.999988074400000E-01   9.660297753600000E+00   5.404529672000000E-01   9.427652243000000E-01   1.334388396500000E-01   0.000000000000000E+00   0.000000000000000E+00   0.000000000000000E+00   0.000000000000000E+00
   9.999989056500000E-01   9.656204280800001E+00   5.404462049800000E-01   1.041184570200000E+00   1.619021543400000E-01   0.000000000000000E+00   0.000000000000000E+00   0.000000000000000E+00   0.000000000000000E+00
   9.999990038600000E-01   9.651070657200000E+00   5.404342408700000E-01   1.166219777600000E+00   2.010277402800000E-01   0.000000000000000E+00   0.000000000000000E+00   0.000000000000000E+00   0.000000000000000E+00
   9.999991020700000E-01   9.644457388899999E+00   5.404150593500000E-01   1.329113267800000E+00   2.580869612700000E-01   0.000000000000000E+00   0.000000000000000E+00   0.000000000000000E+00   0.000000000000000E+00
   9.999992002800000E-01   9.635623072600000E+00   5.403853405900000E-01   1.549191670200000E+00   3.451859901600000E-01   0.000000000000000E+00   0.000000000000000E+00   0.000000000000000E+00   0.000000000000000E+00
   9.999992583800000E-01   9.628874251399999E+00   5.403606981900000E-01   1.718448659000000E+00   4.202804401100000E-01   0.000000000000000E+00   0.000000000000000E+00   0.000000000000000E+00   0.000000000000000E+00
   9.999993164800000E-01   9.620509468400000E+00   5.403287114100001E-01   1.929141335700000E+00   5.227262389300000E-01   0.000000000000000E+00   0.000000000000000E+00   0.000000000000000E+00   0.000000000000000E+00
   9.999993745800000E-01   9.609895207999999E+00   5.402866816800000E-01   2.197027919600000E+00   6.677972177400000E-01   0.000000000000000E+00   0.000000000000000E+00   0.000000000000000E+00   0.000000000000000E+00
   9.999994326800000E-01   9.596024983000000E+00   5.402303823700000E-01   2.547033333400000E+00   8.810753060700000E-01   0.000000000000000E+00   0.000000000000000E+00   0.000000000000000E+00   0.000000000000000E+00
   9.999994695900000E-01   9.584823356799999E+00   5.401843017200000E-01   2.828805340800000E+00   1.072272300800000E+00   0.000000000000000E+00   0.000000000000000E+00   0.000000000000000E+00   0.000000000000000E+00
   9.999995065000000E-01   9.571045712300000E+00   5.401272531300000E-01   3.173820047000000E+00   1.328747753700000E+00   0.000000000000000E+00   0.000000000000000E+00   0.000000000000000E+00   0.000000000000000E+00
   9.999995434100000E-01   9.553764619700001E+00   5.400554655900000E-01   3.603252642600000E+00   1.682640113100000E+00   0.000000000000000E+00   0.000000000000000E+00   0.000000000000000E+00   0.000000000000000E+00
   9.999995803300000E-01   9.531576010200000E+00   5.399632819100000E-01   4.148602304000000E+00   2.185441042300000E+00   0.000000000000000E+00   0.000000000000000E+00   0.000000000000000E+00   0.000000000000000E+00
   9.999996055000000E-01   9.512575156900001E+00   5.398845000900000E-01   4.609653797300000E+00   2.656561571100000E+00   0.000000000000000E+00   0.000000000000000E+00   0.000000000000000E+00   0.000000000000000E+00
   9.999996306800000E-01   9.489329025600000E+00   5.397884118700000E-01   5.166221613800000E+00   3.279284854600000E+00   0.000000000000000E+00   0.000000000000000E+00   0.000000000000000E+00   0.000000000000000E+00
   9.999996558499999E-01   9.460425484400000E+00   5.396694460300000E-01   5.846372888900000E+00   4.120578799300000E+00   0.000000000000000E+00   0.000000000000000E+00   0.000000000000000E+00   0.000000000000000E+00
   9.999996810300000E-01   9.423814285100001E+00   5.395195621000000E-01   6.689564231600000E+00   5.283108494100000E+00   0.000000000000000E+00   0.000000000000000E+00   0.000000000000000E+00   0.000000000000000E+00
   9.999996998900000E-01   9.389592810500000E+00   5.393802120600000E-01   7.459694162400000E+00   6.459449624800000E+00   0.000000000000000E+00   0.000000000000000E+00   0.000000000000000E+00   0.000000000000000E+00
   9.999997187500000E-01   9.347622778700000E+00   5.392101878800000E-01   8.381932520700000E+00   8.008303178900000E+00   0.000000000000000E+00   0.000000000000000E+00   0.000000000000000E+00   0.000000000000000E+00
   9.999997376200001E-01   9.295430452000000E+00   5.389999253900000E-01   9.496017075699999E+00   1.008432704400000E+01   0.000000000000000E+00   0.000000000000000E+00   0.000000000000000E+00   0.000000000000000E+00
   9.999997564799999E-01   9.229528636300000E+00   5.387359979400000E-01   1.085494323300000E+01   1.291710452800000E+01   0.000000000000000E+00   0.000000000000000E+00   0.000000000000000E+00   0.000000000000000E+00
   9.999997711500000E-01   9.165741424800000E+00   5.384819096100000E-01   1.212336338900000E+01   1.586013774200000E+01   0.000000000000000E+00   0.000000000000000E+00   0.000000000000000E+00   0.000000000000000E+00
   9.999997858100000E-01   9.087587501100000E+00   5.381720958800000E-01   1.362058641500000E+01   1.970405137100000E+01   0.000000000000000E+00   0.000000000000000E+00   0.000000000000000E+00   0.000000000000000E+00
   9.999998004800000E-01   8.990843284100000E+00   5.377904537300000E-01   1.539423540200000E+01   2.478778368400000E+01   0.000000000000000E+00   0.000000000000000E+00   0.000000000000000E+00   0.000000000000000E+00
   9.999998151500000E-01   8.869847487600000E+00   5.373154599800000E-01   1.750148747100000E+01   3.158891297000000E+01   0.000000000000000E+00   0.000000000000000E+00   0.000000000000000E+00   0.000000000000000E+00
   9.999998269700000E-01   8.749612908000000E+00   5.368454692000000E-01   1.948591405000000E+01   3.877493170900000E+01   0.000000000000000E+00   0.000000000000000E+00   0.000000000000000E+00   0.000000000000000E+00
   9.999998388000000E-01   8.603754651599999E+00   5.362774476900000E-01   2.176283647500000E+01   4.799103796900000E+01   0.000000000000000E+00   0.000000000000000E+00   0.000000000000000E+00   0.000000000000000E+00
   9.999998506300000E-01   8.426055765799999E+00   5.355879186600000E-01   2.436338442600000E+01   5.986724967600000E+01   0.000000000000000E+00   0.000000000000000E+00   0.000000000000000E+00   0.000000000000000E+00
   9.999998624500001E-01   8.209004692400001E+00   5.347485726400000E-01   2.731086522000000E+01   7.520810399400000E+01   0.000000000000000E+00   0.000000000000000E+00   0.000000000000000E+00   0.000000000000000E+00
   9.999998722700000E-01   7.992809835800000E+00   5.339149778600000E-01   3.002389684600000E+01   9.127903893900000E+01   0.000000000000000E+00   0.000000000000000E+00   0.000000000000000E+00   0.000000000000000E+00
   9.999998820800000E-01   7.738049970800000E+00   5.329351149400000E-01   3.296546377100000E+01   1.110962932600000E+02   0.000000000000000E+00   0.000000000000000E+00   0.000000000000000E+00   0.000000000000000E+00
   9.999998919000000E-01   7.439245384200000E+00   5.317884418100000E-01   3.609842437100000E+01   1.353932581600000E+02   0.000000000000000E+00   0.000000000000000E+00   0.000000000000000E+00   0.000000000000000E+00
   9.999999017100000E-01   7.091507293800000E+00   5.304566739700000E-01   3.935446384900000E+01   1.649082854900000E+02   0.000000000000000E+00   0.000000000000000E+00   0.000000000000000E+00   0.000000000000000E+00
   9.999999107699999E-01   6.724178303900000E+00   5.290522458100000E-01   4.237834273600000E+01   1.973368532700000E+02   0.000000000000000E+00   0.000000000000000E+00   0.000000000000000E+00   0.000000000000000E+00
   9.999999198200000E-01   6.311487974000000E+00   5.274765279400000E-01   4.530342429900000E+01   2.350966174800000E+02   0.000000000000000E+00   0.000000000000000E+00   0.000000000000000E+00   0.000000000000000E+00
   9.999999288800000E-01   5.855582027400000E+00   5.257376793300000E-01   4.799059518500000E+01   2.782068607000000E+02   0.000000000000000E+00   0.000000000000000E+00   0.000000000000000E+00   0.000000000000000E+00
   9.999999379300000E-01   5.362195980500000E+00   5.238573224900001E-01   5.028167473500000E+01   3.262644101600000E+02   0.000000000000000E+00   0.000000000000000E+00   0.000000000000000E+00   0.000000000000000E+00
   9.999999456899999E-01   4.916791545400000E+00   5.221605404600000E-01   5.181071999100000E+01   3.706923524700000E+02   0.000000000000000E+00   0.000000000000000E+00   0.000000000000000E+00   0.000000000000000E+00
   9.999999534500000E-01   4.459026279500000E+00   5.204168509800000E-01   5.284715257600000E+01   4.171828138700000E+02   0.000000000000000E+00   0.000000000000000E+00   0.000000000000000E+00   0.000000000000000E+00
   9.999999612100000E-01   3.998423277900000E+00   5.186620340900000E-01   5.332872722000000E+01   4.645902833100000E+02   0.000000000000000E+00   0.000000000000000E+00   0.000000000000000E+00   0.000000000000000E+00
   9.999999689700000E-01   3.545108069700000E+00   5.169341380400000E-01   5.322476100900000E+01   5.116066098100000E+02   0.000000000000000E+00   0.000000000000000E+00   0.000000000000000E+00   0.000000000000000E+00
   9.999999767300000E-01   3.109015635600000E+00   5.152705206500000E-01   5.254116227300000E+01   5.568601743000000E+02   0.000000000000000E+00   0.000000000000000E+00   0.000000000000000E+00   0.000000000000000E+00
   9.999999844800000E-01   2.698608382200000E+00   5.137030355000000E-01   5.132025415000000E+01   5.990867779100000E+02   0.000000000000000E+00   0.000000000000000E+00   0.000000000000000E+00   0.000000000000000E+00
   9.999999922400000E-01   2.320473934200000E+00   5.122565389000000E-01   4.963222279200000E+01   6.372210031200000E+02   0.000000000000000E+00   0.000000000000000E+00   0.000000000000000E+00   0.000000000000000E+00
   1.000000000000000E+00   1.978880643800000E+00   5.109472160400000E-01   4.756802425000000E+01   6.704746798800001E+02   0.000000000000000E+00   0.000000000000000E+00   0.000000000000000E+00   0.000000000000000E+00
