   0.000000000000000E+00   4.927035618400000E-01   9.999999955900000E-01   1.684377549200000E+00   1.823080924400000E+00   0.000000000000000E+00   0.000000000000000E+00   0.000000000000000E+00   0.000000000000000E+00
   3.396398195700000E-04   6.160594384000000E-01   8.876694320900000E-01   1.597338976900000E+00   1.671126227900000E+00   0.000000000000000E+00   0.000000000000000E+00   0.000000000000000E+00   0.000000000000000E+00
   6.792796391500000E-04   7.548670785200000E-01   7.933483264200000E-01   1.550646362900000E+00   1.476804363000000E+00   0.000000000000000E+00   0.000000000000000E+00   0.000000000000000E+00   0.000000000000000E+00
   1.018919458700000E-03   9.099729879000000E-01   7.137977938700000E-01   1.489353138600000E+00   1.365065013400000E+00   0.000000000000000E+00   0.000000000000000E+00   0.000000000000000E+00   0.000000000000000E+00
   1.358559278300000E-03   1.079532751100000E+00   6.465510765900000E-01   1.464645966600000E+00   1.194837506600000E+00   0.000000000000000E+00   0.000000000000000E+00   0.000000000000000E+00   0.000000000000000E+00
   1.663671242200000E-03   1.243885693300000E+00   5.950598853700000E-01   1.406668422800000E+00   1.156469021900000E+00   0.000000000000000E+00   0.000000000000000E+00   0.000000000000000E+00   0.000000000000000E+00
   1.968783206100000E-03   1.416777585100000E+00   5.508371592400000E-01   1.382868219600000E+00   1.049446848100000E+00   0.000000000000000E+00   0.000000000000000E+00   0.000000000000000E+00   0.000000000000000E+00
   2.273895170000000E-03   1.596643830200000E+00   5.129502853300000E-01   1.340201412800000E+00   1.006120868900000E+00   0.000000000000000E+00   0.000000000000000E+00   0.000000000000000E+00   0.000000000000000E+00
   2.579007133900000E-03   1.780051142000000E+00   4.806035873900000E-01   1.331110299000000E+00   8.912418307500000E-01   0.000000000000000E+00   0.000000000000000E+00   0.000000000000000E+00   0.000000000000000E+00
   3.211847224900000E-03   2.159419030700000E+00   4.282998278000000E-01   1.255663938700000E+00   8.369942827000000E-01   0.000000000000000E+00   0.000000000000000E+00   0.000000000000000E+00   0.000000000000000E+00
   3.844687316000000E-03   2.511042631600000E+00   3.918468034300000E-01   1.220979494200000E+00   7.287477713200000E-01   0.000000000000000E+00   0.000000000000000E+00   0.000000000000000E+00   0.000000000000000E+00
   4.477527407000000E-03   2.811449691100000E+00   3.671161072300000E-01   1.174617812500000E+00   6.961288630000000E-01   0.000000000000000E+00   0.000000000000000E+00   0.000000000000000E+00   0.000000000000000E+00
   5.110367498100000E-03   3.046589092900000E+00   3.507670920300000E-01   1.168803949300000E+00   6.016212074000000E-01   0.000000000000000E+00   0.000000000000000E+00   0.000000000000000E+00   0.000000000000000E+00
   5.692934783500000E-03   3.208472665400000E+00   3.408897382200000E-01   1.130559678800000E+00   6.272656278199999E-01   0.000000000000000E+00   0.000000000000000E+00   0.000000000000000E+00   0.000000000000000E+00
   6.275502068900000E-03   3.323203014700000E+00   3.343837078200000E-01   1.129089035600000E+00   5.821681078600000E-01   0.000000000000000E+00   0.000000000000000E+00   0.000000000000000E+00   0.000000000000000E+00
   6.858069354300000E-03   3.402803913100000E+00   3.301498012200000E-01   1.110108183700000E+00   5.969635084900000E-01   0.000000000000000E+00   0.000000000000000E+00   0.000000000000000E+00   0.000000000000000E+00
   7.440636639700000E-03   3.455471617400000E+00   3.274098983200000E-01   1.125450638500000E+00   5.368447645700000E-01   0.000000000000000E+00   0.000000000000000E+00   0.000000000000000E+00   0.000000000000000E+00
   8.572770489700000E-03   3.512938609500000E+00   3.245704158900000E-01   1.098815873000000E+00   5.806607329100000E-01   0.000000000000000E+00   0.000000000000000E+00   0.000000000000000E+00   0.000000000000000E+00
   9.704904339599999E-03   3.536773884600000E+00   3.233973906500000E-01   1.107106437200000E+00   5.503239151000000E-01   0.000000000000000E+00   0.000000000000000E+00   0.000000000000000E+00   0.000000000000000E+00
   1.083703818900000E-02   3.547167787000000E+00   3.229046003800000E-01   1.095348990700000E+00   5.757109563700000E-01   0.000000000000000E+00   0.000000000000000E+00   0.000000000000000E+00   0.000000000000000E+00
   1.196917203900000E-02   3.551237415300000E+00   3.226938285900000E-01   1.115718616100000E+00   5.229612334400000E-01   0.000000000000000E+00   0.000000000000000E+00   0.000000000000000E+00   0.000000000000000E+00
   1.523261638900000E-02   3.554470390100000E+00   3.225531036900000E-01   1.094613141900000E+00   5.746613283599999E-01   0.000000000000000E+00   0.000000000000000E+00   0.000000000000000E+00   0.000000000000000E+00
   1.849606073800000E-02   3.554293856900000E+00   3.225541393600000E-01   1.105334653500000E+00   5.478167911700000E-01   0.000000000000000E+00   0.000000000000000E+00   0.000000000000000E+00   0.000000000000000E+00
   2.175950508700000E-02   3.554571883100000E+00   3.225482305700000E-01   1.094603493800000E+00   5.746453054200000E-01   0.000000000000000E+00   0.000000000000000E+00   0.000000000000000E+00   0.000000000000000E+00
   2.502294943700000E-02   3.554216893000000E+00   3.225508453800000E-01   1.115414329400000E+00   5.225440305500000E-01   0.000000000000000E+00   0.000000000000000E+00   0.000000000000000E+00   0.000000000000000E+00
   3.378191421500000E-02   3.554580837200000E+00   3.225478000900000E-01   1.094602935200000E+00   5.746431575299999E-01   0.000000000000000E+00   0.000000000000000E+00   0.000000000000000E+00   0.000000000000000E+00
   4.254087899300000E-02   3.554412011700000E+00   3.225484739100000E-01   1.105321765100000E+00   5.478023182600000E-01   0.000000000000000E+00   0.000000000000000E+00   0.000000000000000E+00   0.000000000000000E+00
   5.129984377100000E-02   3.554574276300000E+00   3.225481146600000E-01   1.094603816900000E+00   5.746435444400000E-01   0.000000000000000E+00   0.000000000000000E+00   0.000000000000000E+00   0.000000000000000E+00
   6.005880854900000E-02   3.554271087400000E+00   3.225482466100000E-01   1.115407455800000E+00   5.225398068400000E-01   0.000000000000000E+00   0.000000000000000E+00   0.000000000000000E+00   0.000000000000000E+00
   7.629559267000000E-02   3.554572398500000E+00   3.225482046400000E-01   1.094604150200000E+00   5.746434518300000E-01   0.000000000000000E+00   0.000000000000000E+00   0.000000000000000E+00   0.000000000000000E+00
   9.253237679200001E-02   3.554419754600000E+00   3.225481027600000E-01   1.105320577800000E+00   5.478022302600000E-01   0.000000000000000E+00   0.000000000000000E+00   0.000000000000000E+00   0.000000000000000E+00
   1.087691609100000E-01   3.554571092600000E+00   3.225482672100000E-01   1.094604400600000E+00   5.746433407800000E-01   0.000000000000000E+00   0.000000000000000E+00   0.000000000000000E+00   0.000000000000000E+00
   1.250059450300000E-01   3.554280055800000E+00   3.225478169200000E-01   1.115405791800000E+00   5.225404301500000E-01   0.000000000000000E+00   0.000000000000000E+00   0.000000000000000E+00   0.000000000000000E+00
   1.459728479700000E-01   3.554570443900000E+00   3.225482982600000E-01   1.094604555500000E+00   5.746432089200000E-01   0.000000000000000E+00   0.000000000000000E+00   0.000000000000000E+00   0.000000000000000E+00
   1.669397509100000E-01   3.554421777900000E+00   3.225480058800000E-01   1.105320121100000E+00   5.478025751500000E-01   0.000000000000000E+00   0.000000000000000E+00   0.000000000000000E+00   0.000000000000000E+00
   1.879066538500000E-01   3.554569932600000E+00   3.225483227300000E-01   1.094604699000000E+00   5.746430513400000E-01   0.000000000000000E+00   0.000000000000000E+00   0.000000000000000E+00   0.000000000000000E+00
   2.088735567900000E-01   3.554283468300000E+00   3.225476536300000E-01   1.115404859500000E+00   5.225414185900000E-01   0.000000000000000E+00   0.000000000000000E+00   0.000000000000000E+00   0.000000000000000E+00
   2.291143001800000E-01   3.554569603600000E+00   3.225483384500000E-01   1.094604811600000E+00   5.746428987600000E-01   0.000000000000000E+00   0.000000000000000E+00   0.000000000000000E+00   0.000000000000000E+00
   2.493550435700000E-01   3.554422720400000E+00   3.225479608200000E-01   1.105319801600000E+00   5.478030040100000E-01   0.000000000000000E+00   0.000000000000000E+00   0.000000000000000E+00   0.000000000000000E+00
   2.695957869500000E-01   3.554569319800000E+00   3.225483520000000E-01   1.094604935500000E+00   5.746427003300000E-01   0.000000000000000E+00   0.000000000000000E+00   0.000000000000000E+00   0.000000000000000E+00
   2.898365303400000E-01   3.554285367700000E+00   3.225475629300000E-01   1.115404058800000E+00   5.225426766100000E-01   0.000000000000000E+00   0.000000000000000E+00   0.000000000000000E+00   0.000000000000000E+00
   3.044516942200000E-01   3.554569100500000E+00   3.225483624500000E-01   1.094605054000000E+00   5.746424894200000E-01   0.000000000000000E+00   0.000000000000000E+00   0.000000000000000E+00   0.000000000000000E+00
   3.190668581000000E-01   3.554423305200000E+00   3.225479329500000E-01   1.105319470200000E+00   5.478036044300000E-01   0.000000000000000E+00   0.000000000000000E+00   0.000000000000000E+00   0.000000000000000E+00
   3.336820219800000E-01   3.554568920300000E+00   3.225483710100000E-01   1.094605204000000E+00   5.746421841600000E-01   0.000000000000000E+00   0.000000000000000E+00   0.000000000000000E+00   0.000000000000000E+00
   3.482971858600000E-01   3.554286625400000E+00   3.225475031900000E-01   1.115403088300000E+00   5.225446153500000E-01   0.000000000000000E+00   0.000000000000000E+00   0.000000000000000E+00   0.000000000000000E+00
   3.578935424400000E-01   3.554568785200000E+00   3.225483773900000E-01   1.094605359000000E+00   5.746418485300000E-01   0.000000000000000E+00   0.000000000000000E+00   0.000000000000000E+00   0.000000000000000E+00
   3.674898990200000E-01   3.554423651700000E+00   3.225479166100000E-01   1.105319036200000E+00   5.478045571200000E-01   0.000000000000000E+00   0.000000000000000E+00   0.000000000000000E+00   0.000000000000000E+00
   3.770862556000000E-01   3.554568699900000E+00   3.225483813500000E-01   1.094605568400000E+00   5.746413565700000E-01   0.000000000000000E+00   0.000000000000000E+00   0.000000000000000E+00   0.000000000000000E+00
   3.866826121800000E-01   3.554287294900000E+00   3.225474719600000E-01   1.115401736000000E+00   5.225477462100000E-01   0.000000000000000E+00   0.000000000000000E+00   0.000000000000000E+00   0.000000000000000E+00
   4.005785668100000E-01   3.554568668800000E+00   3.225483827400000E-01   1.094605715700000E+00   5.746409987900000E-01   0.000000000000000E+00   0.000000000000000E+00   0.000000000000000E+00   0.000000000000000E+00
   4.144745214300000E-01   3.554423763200000E+00   3.225479115400000E-01   1.105318617700000E+00   5.478055639300000E-01   0.000000000000000E+00   0.000000000000000E+00   0.000000000000000E+00   0.000000000000000E+00
   4.283704760600000E-01   3.554568647000000E+00   3.225483836900000E-01   1.094605856500000E+00   5.746406537600000E-01   0.000000000000000E+00   0.000000000000000E+00   0.000000000000000E+00   0.000000000000000E+00
   4.422664306900000E-01   3.554287447500000E+00   3.225474652500000E-01   1.115400833500000E+00   5.225499525400000E-01   0.000000000000000E+00   0.000000000000000E+00   0.000000000000000E+00   0.000000000000000E+00
   4.510719416200000E-01   3.554568629900000E+00   3.225483844000000E-01   1.094606010100000E+00   5.746402747400000E-01   0.000000000000000E+00   0.000000000000000E+00   0.000000000000000E+00   0.000000000000000E+00
   4.598774525400000E-01   3.554423806900000E+00   3.225479097500000E-01   1.105318184400000E+00   5.478066347400000E-01   0.000000000000000E+00   0.000000000000000E+00   0.000000000000000E+00   0.000000000000000E+00
   4.686829634600000E-01   3.554568618300000E+00   3.225483848100000E-01   1.094606230100000E+00   5.746397270200000E-01   0.000000000000000E+00   0.000000000000000E+00   0.000000000000000E+00   0.000000000000000E+00
   4.774884743900000E-01   3.554287537300000E+00   3.225474619100000E-01   1.115399424500000E+00   5.225534557200000E-01   0.000000000000000E+00   0.000000000000000E+00   0.000000000000000E+00   0.000000000000000E+00
   4.851063390900000E-01   3.554568611500000E+00   3.225483849900000E-01   1.094606431200000E+00   5.746392246399999E-01   0.000000000000000E+00   0.000000000000000E+00   0.000000000000000E+00   0.000000000000000E+00
   4.927242038000000E-01   3.554423826900000E+00   3.225479091800000E-01   1.105317616500000E+00   5.478080531000000E-01   0.000000000000000E+00   0.000000000000000E+00   0.000000000000000E+00   0.000000000000000E+00
   5.003420685000000E-01   3.554568606100000E+00   3.225483850800000E-01   1.094606684500000E+00   5.746385904300000E-01   0.000000000000000E+00   0.000000000000000E+00   0.000000000000000E+00   0.000000000000000E+00
   5.079599332100000E-01   3.554287576700000E+00   3.225474611400000E-01   1.115397802400000E+00   5.225575138900000E-01   0.000000000000000E+00   0.000000000000000E+00   0.000000000000000E+00   0.000000000000000E+00
   5.167665194200000E-01   3.554568602800000E+00   3.225483851000000E-01   1.094606885200000E+00   5.746380876500000E-01   0.000000000000000E+00   0.000000000000000E+00   0.000000000000000E+00   0.000000000000000E+00
   5.255731056400000E-01   3.554423837000000E+00   3.225479090800000E-01   1.105317049700000E+00   5.478094726700000E-01   0.000000000000000E+00   0.000000000000000E+00   0.000000000000000E+00   0.000000000000000E+00
   5.343796918500000E-01   3.554568599400000E+00   3.225483851100000E-01   1.094607104200000E+00   5.746375389100000E-01   0.000000000000000E+00   0.000000000000000E+00   0.000000000000000E+00   0.000000000000000E+00
   5.431862780600000E-01   3.554287598700000E+00   3.225474610500000E-01   1.115396400700000E+00   5.225610256900000E-01   0.000000000000000E+00   0.000000000000000E+00   0.000000000000000E+00   0.000000000000000E+00
   5.521436787400000E-01   3.554568596800000E+00   3.225483851100000E-01   1.094607288800000E+00   5.746370764099999E-01   0.000000000000000E+00   0.000000000000000E+00   0.000000000000000E+00   0.000000000000000E+00
   5.611010794300000E-01   3.554423844500000E+00   3.225479090800000E-01   1.105316528600000E+00   5.478107785400000E-01   0.000000000000000E+00   0.000000000000000E+00   0.000000000000000E+00   0.000000000000000E+00
   5.700584801100000E-01   3.554568593800000E+00   3.225483851000000E-01   1.094607504100000E+00   5.746365369200001E-01   0.000000000000000E+00   0.000000000000000E+00   0.000000000000000E+00   0.000000000000000E+00
   5.790158807900000E-01   3.554287618000000E+00   3.225474610800000E-01   1.115395022900000E+00   5.225644784000000E-01   0.000000000000000E+00   0.000000000000000E+00   0.000000000000000E+00   0.000000000000000E+00
   5.873955587800000E-01   3.554568591200000E+00   3.225483851000000E-01   1.094607693400000E+00   5.746360625600000E-01   0.000000000000000E+00   0.000000000000000E+00   0.000000000000000E+00   0.000000000000000E+00
   5.957752367600000E-01   3.554423851800000E+00   3.225479091000000E-01   1.105315994200000E+00   5.478121179100000E-01   0.000000000000000E+00   0.000000000000000E+00   0.000000000000000E+00   0.000000000000000E+00
   6.041549147400000E-01   3.554568588100000E+00   3.225483850900000E-01   1.094607923500000E+00   5.746354859200000E-01   0.000000000000000E+00   0.000000000000000E+00   0.000000000000000E+00   0.000000000000000E+00
   6.125345927300000E-01   3.554287638000000E+00   3.225474611400000E-01   1.115393550400000E+00   5.225681689200000E-01   0.000000000000000E+00   0.000000000000000E+00   0.000000000000000E+00   0.000000000000000E+00
   6.227496175600000E-01   3.554568585700000E+00   3.225483850800000E-01   1.094608101500000E+00   5.746350398200000E-01   0.000000000000000E+00   0.000000000000000E+00   0.000000000000000E+00   0.000000000000000E+00
   6.329646423900001E-01   3.554423858600000E+00   3.225479091200000E-01   1.105315491600000E+00   5.478133774700000E-01   0.000000000000000E+00   0.000000000000000E+00   0.000000000000000E+00   0.000000000000000E+00
   6.431796672200000E-01   3.554568583100000E+00   3.225483850700000E-01   1.094608290200000E+00   5.746345668200000E-01   0.000000000000000E+00   0.000000000000000E+00   0.000000000000000E+00   0.000000000000000E+00
   6.533946920600000E-01   3.554287654300000E+00   3.225474611900000E-01   1.115392342500000E+00   5.225711961200000E-01   0.000000000000000E+00   0.000000000000000E+00   0.000000000000000E+00   0.000000000000000E+00
   6.595895493400000E-01   3.554568580300000E+00   3.225483850600000E-01   1.094608502700000E+00   5.746340343300000E-01   0.000000000000000E+00   0.000000000000000E+00   0.000000000000000E+00   0.000000000000000E+00
   6.657844066200000E-01   3.554423866700000E+00   3.225479091500000E-01   1.105314891700000E+00   5.478148809500000E-01   0.000000000000000E+00   0.000000000000000E+00   0.000000000000000E+00   0.000000000000000E+00
   6.719792639000000E-01   3.554568576100000E+00   3.225483850500000E-01   1.094608813800000E+00   5.746332544600000E-01   0.000000000000000E+00   0.000000000000000E+00   0.000000000000000E+00   0.000000000000000E+00
   6.781741211800000E-01   3.554287681200000E+00   3.225474612800000E-01   1.115390351000000E+00   5.225761873400000E-01   0.000000000000000E+00   0.000000000000000E+00   0.000000000000000E+00   0.000000000000000E+00
   6.834694543700000E-01   3.554568572200000E+00   3.225483850400000E-01   1.094609100800000E+00   5.746325353000000E-01   0.000000000000000E+00   0.000000000000000E+00   0.000000000000000E+00   0.000000000000000E+00
   6.887647875500000E-01   3.554423877700000E+00   3.225479091800000E-01   1.105314081500000E+00   5.478169115000000E-01   0.000000000000000E+00   0.000000000000000E+00   0.000000000000000E+00   0.000000000000000E+00
   6.940601207400000E-01   3.554568567300000E+00   3.225483850200000E-01   1.094609464800000E+00   5.746316230600000E-01   0.000000000000000E+00   0.000000000000000E+00   0.000000000000000E+00   0.000000000000000E+00
   6.993554539200000E-01   3.554287712500000E+00   3.225474613800000E-01   1.115388021400000E+00   5.225820256400000E-01   0.000000000000000E+00   0.000000000000000E+00   0.000000000000000E+00   0.000000000000000E+00
   7.066572714600000E-01   3.554568563700000E+00   3.225483850100000E-01   1.094609731600000E+00   5.746309542500000E-01   0.000000000000000E+00   0.000000000000000E+00   0.000000000000000E+00   0.000000000000000E+00
   7.139590890000000E-01   3.554423887800000E+00   3.225479092200000E-01   1.105313328000000E+00   5.478187999300000E-01   0.000000000000000E+00   0.000000000000000E+00   0.000000000000000E+00   0.000000000000000E+00
   7.212609065300000E-01   3.554568560200000E+00   3.225483850000000E-01   1.094609995600000E+00   5.746302927700000E-01   0.000000000000000E+00   0.000000000000000E+00   0.000000000000000E+00   0.000000000000000E+00
   7.285627240700000E-01   3.554287735300000E+00   3.225474614500000E-01   1.115386332300000E+00   5.225862591000000E-01   0.000000000000000E+00   0.000000000000000E+00   0.000000000000000E+00   0.000000000000000E+00
   7.352166537700000E-01   3.554568557000000E+00   3.225483849900000E-01   1.094610230800000E+00   5.746297031700000E-01   0.000000000000000E+00   0.000000000000000E+00   0.000000000000000E+00   0.000000000000000E+00
   7.418705834800000E-01   3.554423896800000E+00   3.225479092400000E-01   1.105312663700000E+00   5.478204646800000E-01   0.000000000000000E+00   0.000000000000000E+00   0.000000000000000E+00   0.000000000000000E+00
   7.485245131800000E-01   3.554568553100000E+00   3.225483849700000E-01   1.094610520400000E+00   5.746289773700000E-01   0.000000000000000E+00   0.000000000000000E+00   0.000000000000000E+00   0.000000000000000E+00
   7.551784428800000E-01   3.554287760300000E+00   3.225474615400000E-01   1.115384478800000E+00   5.225909042600000E-01   0.000000000000000E+00   0.000000000000000E+00   0.000000000000000E+00   0.000000000000000E+00
   7.611469857700000E-01   3.554568549600000E+00   3.225483849600000E-01   1.094610780700000E+00   5.746283250500001E-01   0.000000000000000E+00   0.000000000000000E+00   0.000000000000000E+00   0.000000000000000E+00
   7.671155286600000E-01   3.554423906700000E+00   3.225479092800000E-01   1.105311928800000E+00   5.478223065200000E-01   0.000000000000000E+00   0.000000000000000E+00   0.000000000000000E+00   0.000000000000000E+00
   7.730840715500000E-01   3.554568545200000E+00   3.225483849500000E-01   1.094611103500000E+00   5.746275159899999E-01   0.000000000000000E+00   0.000000000000000E+00   0.000000000000000E+00   0.000000000000000E+00
   7.790526144400000E-01   3.554287788100000E+00   3.225474616300000E-01   1.115382412800000E+00   5.225960822100000E-01   0.000000000000000E+00   0.000000000000000E+00   0.000000000000000E+00   0.000000000000000E+00
   7.837312096200000E-01   3.554568541000000E+00   3.225483849300000E-01   1.094611415700000E+00   5.746267335400000E-01   0.000000000000000E+00   0.000000000000000E+00   0.000000000000000E+00   0.000000000000000E+00
   7.884098047900000E-01   3.554423918500000E+00   3.225479093200000E-01   1.105311047300000E+00   5.478245157700000E-01   0.000000000000000E+00   0.000000000000000E+00   0.000000000000000E+00   0.000000000000000E+00
   7.930883999700000E-01   3.554568535500000E+00   3.225483849200000E-01   1.094611827500000E+00   5.746257015700000E-01   0.000000000000000E+00   0.000000000000000E+00   0.000000000000000E+00   0.000000000000000E+00
   7.977669951500000E-01   3.554287823600000E+00   3.225474617400000E-01   1.115379777600000E+00   5.226026868200000E-01   0.000000000000000E+00   0.000000000000000E+00   0.000000000000000E+00   0.000000000000000E+00
   8.012252312500000E-01   3.554568529900000E+00   3.225483849000000E-01   1.094612239200000E+00   5.746246696900000E-01   0.000000000000000E+00   0.000000000000000E+00   0.000000000000000E+00   0.000000000000000E+00
   8.046834673500000E-01   3.554423934200000E+00   3.225479093700000E-01   1.105309884900000E+00   5.478274292400001E-01   0.000000000000000E+00   0.000000000000000E+00   0.000000000000000E+00   0.000000000000000E+00
   8.081417034500000E-01   3.554568522400000E+00   3.225483848700000E-01   1.094612796100000E+00   5.746232738200000E-01   0.000000000000000E+00   0.000000000000000E+00   0.000000000000000E+00   0.000000000000000E+00
   8.115999395500000E-01   3.554287871600000E+00   3.225474619000000E-01   1.115376213000000E+00   5.226116203900000E-01   0.000000000000000E+00   0.000000000000000E+00   0.000000000000000E+00   0.000000000000000E+00
   8.150364581100000E-01   3.554568516000000E+00   3.225483848500000E-01   1.094613271000000E+00   5.746220837100000E-01   0.000000000000000E+00   0.000000000000000E+00   0.000000000000000E+00   0.000000000000000E+00
   8.184729766800000E-01   3.554423952300000E+00   3.225479094300000E-01   1.105308544100000E+00   5.478307895400000E-01   0.000000000000000E+00   0.000000000000000E+00   0.000000000000000E+00   0.000000000000000E+00
   8.219094952500000E-01   3.554568508500000E+00   3.225483848300000E-01   1.094613831300000E+00   5.746206793300001E-01   0.000000000000000E+00   0.000000000000000E+00   0.000000000000000E+00   0.000000000000000E+00
   8.253460138199999E-01   3.554287919900000E+00   3.225474620600000E-01   1.115372626800000E+00   5.226206084300000E-01   0.000000000000000E+00   0.000000000000000E+00   0.000000000000000E+00   0.000000000000000E+00
   8.286699619100000E-01   3.554568501900000E+00   3.225483848100000E-01   1.094614315700000E+00   5.746194655300000E-01   0.000000000000000E+00   0.000000000000000E+00   0.000000000000000E+00   0.000000000000000E+00
   8.319939100000000E-01   3.554423970700000E+00   3.225479094900000E-01   1.105307176600000E+00   5.478342167400000E-01   0.000000000000000E+00   0.000000000000000E+00   0.000000000000000E+00   0.000000000000000E+00
   8.353178580900000E-01   3.554568494100000E+00   3.225483847800000E-01   1.094614894800000E+00   5.746180139100000E-01   0.000000000000000E+00   0.000000000000000E+00   0.000000000000000E+00   0.000000000000000E+00
   8.386418061799999E-01   3.554287969900000E+00   3.225474622200000E-01   1.115368920000000E+00   5.226298987600000E-01   0.000000000000000E+00   0.000000000000000E+00   0.000000000000000E+00   0.000000000000000E+00
   8.418645738300000E-01   3.554568487400000E+00   3.225483847600000E-01   1.094615394800000E+00   5.746167608100000E-01   0.000000000000000E+00   0.000000000000000E+00   0.000000000000000E+00   0.000000000000000E+00
   8.450873414800000E-01   3.554423989700000E+00   3.225479095500000E-01   1.105305764900000E+00   5.478377549000000E-01   0.000000000000000E+00   0.000000000000000E+00   0.000000000000000E+00   0.000000000000000E+00
   8.483101091300000E-01   3.554568479400000E+00   3.225483847300000E-01   1.094615992100000E+00   5.746152639700000E-01   0.000000000000000E+00   0.000000000000000E+00   0.000000000000000E+00   0.000000000000000E+00
   8.515328767700000E-01   3.554288021400000E+00   3.225474623900000E-01   1.115365097700000E+00   5.226394785400000E-01   0.000000000000000E+00   0.000000000000000E+00   0.000000000000000E+00   0.000000000000000E+00
   8.545325532900000E-01   3.554568472300000E+00   3.225483847100000E-01   1.094616518500000E+00   5.746139445000000E-01   0.000000000000000E+00   0.000000000000000E+00   0.000000000000000E+00   0.000000000000000E+00
   8.575322298100000E-01   3.554424009700000E+00   3.225479096200000E-01   1.105304278400000E+00   5.478414804500000E-01   0.000000000000000E+00   0.000000000000000E+00   0.000000000000000E+00   0.000000000000000E+00
   8.605319063200000E-01   3.554568463600000E+00   3.225483846800000E-01   1.094617160000000E+00   5.746123367300000E-01   0.000000000000000E+00   0.000000000000000E+00   0.000000000000000E+00   0.000000000000000E+00
   8.635315828400000E-01   3.554288076700000E+00   3.225474625700000E-01   1.115360992100000E+00   5.226497682500000E-01   0.000000000000000E+00   0.000000000000000E+00   0.000000000000000E+00   0.000000000000000E+00
   8.658548217900000E-01   3.554568455200000E+00   3.225483846500000E-01   1.094617784600000E+00   5.746107713500000E-01   0.000000000000000E+00   0.000000000000000E+00   0.000000000000000E+00   0.000000000000000E+00
   8.681780607500000E-01   3.554424033500000E+00   3.225479096900000E-01   1.105302515000000E+00   5.478459002200000E-01   0.000000000000000E+00   0.000000000000000E+00   0.000000000000000E+00   0.000000000000000E+00
   8.705012997000000E-01   3.554568444100000E+00   3.225483846200000E-01   1.094618612600000E+00   5.746086960700000E-01   0.000000000000000E+00   0.000000000000000E+00   0.000000000000000E+00   0.000000000000000E+00
   8.728245386600000E-01   3.554288148100000E+00   3.225474628100000E-01   1.115355692700000E+00   5.226630500700000E-01   0.000000000000000E+00   0.000000000000000E+00   0.000000000000000E+00   0.000000000000000E+00
   8.754590671500000E-01   3.554568435100000E+00   3.225483845900000E-01   1.094619274800000E+00   5.746070365800000E-01   0.000000000000000E+00   0.000000000000000E+00   0.000000000000000E+00   0.000000000000000E+00
   8.780935956300000E-01   3.554424058700000E+00   3.225479097800000E-01   1.105300645400000E+00   5.478505859100000E-01   0.000000000000000E+00   0.000000000000000E+00   0.000000000000000E+00   0.000000000000000E+00
   8.807281241200000E-01   3.554568425300000E+00   3.225483845500000E-01   1.094620004700000E+00   5.746052070700000E-01   0.000000000000000E+00   0.000000000000000E+00   0.000000000000000E+00   0.000000000000000E+00
   8.833626526100000E-01   3.554288211000000E+00   3.225474630100000E-01   1.115351020900000E+00   5.226747589200000E-01   0.000000000000000E+00   0.000000000000000E+00   0.000000000000000E+00   0.000000000000000E+00
   8.858375479800000E-01   3.554568416700000E+00   3.225483845300000E-01   1.094620645100000E+00   5.746036020600001E-01   0.000000000000000E+00   0.000000000000000E+00   0.000000000000000E+00   0.000000000000000E+00
   8.883124433600000E-01   3.554424083000000E+00   3.225479098600000E-01   1.105298837300000E+00   5.478551176599999E-01   0.000000000000000E+00   0.000000000000000E+00   0.000000000000000E+00   0.000000000000000E+00
   8.907873387300000E-01   3.554568406200000E+00   3.225483844900000E-01   1.094621421900000E+00   5.746016551300001E-01   0.000000000000000E+00   0.000000000000000E+00   0.000000000000000E+00   0.000000000000000E+00
   8.932622341000001E-01   3.554288278000000E+00   3.225474632300000E-01   1.115346049400000E+00   5.226872192799999E-01   0.000000000000000E+00   0.000000000000000E+00   0.000000000000000E+00   0.000000000000000E+00
   8.962428435300001E-01   3.554568398100000E+00   3.225483844600000E-01   1.094622026100000E+00   5.746001408800000E-01   0.000000000000000E+00   0.000000000000000E+00   0.000000000000000E+00   0.000000000000000E+00
   8.992234529599999E-01   3.554424106000000E+00   3.225479099300000E-01   1.105297131300000E+00   5.478593932800000E-01   0.000000000000000E+00   0.000000000000000E+00   0.000000000000000E+00   0.000000000000000E+00
   9.022040623900000E-01   3.554568389400000E+00   3.225483844400000E-01   1.094622670900000E+00   5.745985247399999E-01   0.000000000000000E+00   0.000000000000000E+00   0.000000000000000E+00   0.000000000000000E+00
   9.051846718200000E-01   3.554288333600000E+00   3.225474634200000E-01   1.115341922500000E+00   5.226975626000000E-01   0.000000000000000E+00   0.000000000000000E+00   0.000000000000000E+00   0.000000000000000E+00
   9.075380655200000E-01   3.554568381000000E+00   3.225483844100000E-01   1.094623292000000E+00   5.745969681300001E-01   0.000000000000000E+00   0.000000000000000E+00   0.000000000000000E+00   0.000000000000000E+00
   9.098914592100000E-01   3.554424129600000E+00   3.225479100100000E-01   1.105295377800000E+00   5.478637882800000E-01   0.000000000000000E+00   0.000000000000000E+00   0.000000000000000E+00   0.000000000000000E+00
   9.122448529100000E-01   3.554568370000000E+00   3.225483843700000E-01   1.094624108400000E+00   5.745949218600001E-01   0.000000000000000E+00   0.000000000000000E+00   0.000000000000000E+00   0.000000000000000E+00
   9.145982466000000E-01   3.554288403900000E+00   3.225474636500000E-01   1.115336697300000E+00   5.227106587700000E-01   0.000000000000000E+00   0.000000000000000E+00   0.000000000000000E+00   0.000000000000000E+00
   9.161589756700000E-01   3.554568358300000E+00   3.225483843300000E-01   1.094624978500000E+00   5.745927411100000E-01   0.000000000000000E+00   0.000000000000000E+00   0.000000000000000E+00   0.000000000000000E+00
   9.177197047300000E-01   3.554424162700000E+00   3.225479101200000E-01   1.105292921200000E+00   5.478699452900000E-01   0.000000000000000E+00   0.000000000000000E+00   0.000000000000000E+00   0.000000000000000E+00
   9.192804338000000E-01   3.554568341700000E+00   3.225483842800000E-01   1.094626209100000E+00   5.745896568300000E-01   0.000000000000000E+00   0.000000000000000E+00   0.000000000000000E+00   0.000000000000000E+00
   9.208411628700000E-01   3.554288510000000E+00   3.225474640000000E-01   1.115328821500000E+00   5.227303982300000E-01   0.000000000000000E+00   0.000000000000000E+00   0.000000000000000E+00   0.000000000000000E+00
   9.223893032500000E-01   3.554568327600000E+00   3.225483842300000E-01   1.094627259100000E+00   5.745870251600000E-01   0.000000000000000E+00   0.000000000000000E+00   0.000000000000000E+00   0.000000000000000E+00
   9.239374436400000E-01   3.554424202600000E+00   3.225479102500000E-01   1.105289956500000E+00   5.478773758600000E-01   0.000000000000000E+00   0.000000000000000E+00   0.000000000000000E+00   0.000000000000000E+00
   9.254855840200000E-01   3.554568310900000E+00   3.225483841800000E-01   1.094628499100000E+00   5.745839173200000E-01   0.000000000000000E+00   0.000000000000000E+00   0.000000000000000E+00   0.000000000000000E+00
   9.270337244100000E-01   3.554288616900000E+00   3.225474643500000E-01   1.115320885600000E+00   5.227502884300000E-01   0.000000000000000E+00   0.000000000000000E+00   0.000000000000000E+00   0.000000000000000E+00
   9.285718779500000E-01   3.554568296700000E+00   3.225483841300000E-01   1.094629556200000E+00   5.745812677200000E-01   0.000000000000000E+00   0.000000000000000E+00   0.000000000000000E+00   0.000000000000000E+00
   9.301100315000000E-01   3.554424242800000E+00   3.225479103800000E-01   1.105286971600000E+00   5.478848570600000E-01   0.000000000000000E+00   0.000000000000000E+00   0.000000000000000E+00   0.000000000000000E+00
   9.316481850400000E-01   3.554568279900000E+00   3.225483840800000E-01   1.094630803600000E+00   5.745781412500000E-01   0.000000000000000E+00   0.000000000000000E+00   0.000000000000000E+00   0.000000000000000E+00
   9.331863385900000E-01   3.554288724400000E+00   3.225474647000000E-01   1.115312902200000E+00   5.227702979000000E-01   0.000000000000000E+00   0.000000000000000E+00   0.000000000000000E+00   0.000000000000000E+00
   9.348569028800000E-01   3.554568266100000E+00   3.225483840300000E-01   1.094631821600000E+00   5.745755897100000E-01   0.000000000000000E+00   0.000000000000000E+00   0.000000000000000E+00   0.000000000000000E+00
   9.365274671800000E-01   3.554424281600000E+00   3.225479105100000E-01   1.105284097200000E+00   5.478920615000000E-01   0.000000000000000E+00   0.000000000000000E+00   0.000000000000000E+00   0.000000000000000E+00
   9.381980314700000E-01   3.554568250700000E+00   3.225483839800000E-01   1.094632969600000E+00   5.745727124100000E-01   0.000000000000000E+00   0.000000000000000E+00   0.000000000000000E+00   0.000000000000000E+00
   9.398685957600000E-01   3.554288823400000E+00   3.225474650200000E-01   1.115305555200000E+00   5.227887126200000E-01   0.000000000000000E+00   0.000000000000000E+00   0.000000000000000E+00   0.000000000000000E+00
   9.413987462600000E-01   3.554568236900000E+00   3.225483839400000E-01   1.094633989900000E+00   5.745701550500000E-01   0.000000000000000E+00   0.000000000000000E+00   0.000000000000000E+00   0.000000000000000E+00
   9.429288967500000E-01   3.554424320400000E+00   3.225479106400000E-01   1.105281216400000E+00   5.478992821599999E-01   0.000000000000000E+00   0.000000000000000E+00   0.000000000000000E+00   0.000000000000000E+00
   9.444590472500000E-01   3.554568220100000E+00   3.225483838800000E-01   1.094635242700000E+00   5.745670152100000E-01   0.000000000000000E+00   0.000000000000000E+00   0.000000000000000E+00   0.000000000000000E+00
   9.459891977500000E-01   3.554288931300000E+00   3.225474653800000E-01   1.115297537800000E+00   5.228088075700000E-01   0.000000000000000E+00   0.000000000000000E+00   0.000000000000000E+00   0.000000000000000E+00
   9.472676099100000E-01   3.554568204300000E+00   3.225483838300000E-01   1.094636412000000E+00   5.745640842600001E-01   0.000000000000000E+00   0.000000000000000E+00   0.000000000000000E+00   0.000000000000000E+00
   9.485460220700000E-01   3.554424364800000E+00   3.225479107800000E-01   1.105277914700000E+00   5.479075575000000E-01   0.000000000000000E+00   0.000000000000000E+00   0.000000000000000E+00   0.000000000000000E+00
   9.498244342300000E-01   3.554568184100000E+00   3.225483837600000E-01   1.094637910600000E+00   5.745603282000000E-01   0.000000000000000E+00   0.000000000000000E+00   0.000000000000000E+00   0.000000000000000E+00
   9.511028463900000E-01   3.554289060500000E+00   3.225474658000000E-01   1.115287947000000E+00   5.228328463600000E-01   0.000000000000000E+00   0.000000000000000E+00   0.000000000000000E+00   0.000000000000000E+00
   9.522712090000000E-01   3.554568166200000E+00   3.225483837000000E-01   1.094639244000000E+00   5.745569861399999E-01   0.000000000000000E+00   0.000000000000000E+00   0.000000000000000E+00   0.000000000000000E+00
   9.534395716100000E-01   3.554424415500000E+00   3.225479109500000E-01   1.105274150000000E+00   5.479169936900000E-01   0.000000000000000E+00   0.000000000000000E+00   0.000000000000000E+00   0.000000000000000E+00
   9.546079342200000E-01   3.554568144100000E+00   3.225483836300000E-01   1.094640882700000E+00   5.745528788599999E-01   0.000000000000000E+00   0.000000000000000E+00   0.000000000000000E+00   0.000000000000000E+00
   9.557762968300000E-01   3.554289201700000E+00   3.225474662700000E-01   1.115277459500000E+00   5.228591329800000E-01   0.000000000000000E+00   0.000000000000000E+00   0.000000000000000E+00   0.000000000000000E+00
   9.568862579500000E-01   3.554568124900000E+00   3.225483835700000E-01   1.094642311700000E+00   5.745492969600000E-01   0.000000000000000E+00   0.000000000000000E+00   0.000000000000000E+00   0.000000000000000E+00
   9.579962190600000E-01   3.554424469800000E+00   3.225479111300000E-01   1.105270115000000E+00   5.479271071400000E-01   0.000000000000000E+00   0.000000000000000E+00   0.000000000000000E+00   0.000000000000000E+00
   9.591061801800000E-01   3.554568101700000E+00   3.225483834900000E-01   1.094644035400000E+00   5.745449764700000E-01   0.000000000000000E+00   0.000000000000000E+00   0.000000000000000E+00   0.000000000000000E+00
   9.602161413000000E-01   3.554289350200000E+00   3.225474667500000E-01   1.115266427600000E+00   5.228867841800000E-01   0.000000000000000E+00   0.000000000000000E+00   0.000000000000000E+00   0.000000000000000E+00
   9.612638080200000E-01   3.554568081400000E+00   3.225483834300000E-01   1.094645543600000E+00   5.745411961300000E-01   0.000000000000000E+00   0.000000000000000E+00   0.000000000000000E+00   0.000000000000000E+00
   9.623114747300000E-01   3.554424527200000E+00   3.225479113100000E-01   1.105265856600000E+00   5.479377808700000E-01   0.000000000000000E+00   0.000000000000000E+00   0.000000000000000E+00   0.000000000000000E+00
   9.633591414400000E-01   3.554568056800000E+00   3.225483833400000E-01   1.094647368500000E+00   5.745366219700000E-01   0.000000000000000E+00   0.000000000000000E+00   0.000000000000000E+00   0.000000000000000E+00
   9.644068081500000E-01   3.554289507500000E+00   3.225474672700000E-01   1.115254748300000E+00   5.229160588200000E-01   0.000000000000000E+00   0.000000000000000E+00   0.000000000000000E+00   0.000000000000000E+00
   9.653351132200000E-01   3.554568034600000E+00   3.225483832700000E-01   1.094649018900000E+00   5.745324853900000E-01   0.000000000000000E+00   0.000000000000000E+00   0.000000000000000E+00   0.000000000000000E+00
   9.662634182800000E-01   3.554424589900000E+00   3.225479115200000E-01   1.105261197100000E+00   5.479494602000000E-01   0.000000000000000E+00   0.000000000000000E+00   0.000000000000000E+00   0.000000000000000E+00
   9.671917233400000E-01   3.554568006900000E+00   3.225483831800000E-01   1.094651076800000E+00   5.745273270800000E-01   0.000000000000000E+00   0.000000000000000E+00   0.000000000000000E+00   0.000000000000000E+00
   9.681200284100000E-01   3.554289684800000E+00   3.225474678500000E-01   1.115241577500000E+00   5.229490720300000E-01   0.000000000000000E+00   0.000000000000000E+00   0.000000000000000E+00   0.000000000000000E+00
   9.691894012500000E-01   3.554567984900000E+00   3.225483831100000E-01   1.094652709900000E+00   5.745232334800000E-01   0.000000000000000E+00   0.000000000000000E+00   0.000000000000000E+00   0.000000000000000E+00
   9.702587741000001E-01   3.554424652000000E+00   3.225479117200000E-01   1.105256585700000E+00   5.479610190700001E-01   0.000000000000000E+00   0.000000000000000E+00   0.000000000000000E+00   0.000000000000000E+00
   9.713281469500000E-01   3.554567960900000E+00   3.225483830300000E-01   1.094654495000000E+00   5.745187590600001E-01   0.000000000000000E+00   0.000000000000000E+00   0.000000000000000E+00   0.000000000000000E+00
   9.723975197900000E-01   3.554289838500000E+00   3.225474683600000E-01   1.115230153100000E+00   5.229777083100000E-01   0.000000000000000E+00   0.000000000000000E+00   0.000000000000000E+00   0.000000000000000E+00
   9.730676383400000E-01   3.554567934400000E+00   3.225483829400000E-01   1.094656463700000E+00   5.745138241600000E-01   0.000000000000000E+00   0.000000000000000E+00   0.000000000000000E+00   0.000000000000000E+00
   9.737377568900000E-01   3.554424726800000E+00   3.225479119700000E-01   1.105251027700000E+00   5.479749506800000E-01   0.000000000000000E+00   0.000000000000000E+00   0.000000000000000E+00   0.000000000000000E+00
   9.744078754400000E-01   3.554567896100000E+00   3.225483828200000E-01   1.094659309700000E+00   5.745066905000000E-01   0.000000000000000E+00   0.000000000000000E+00   0.000000000000000E+00   0.000000000000000E+00
   9.750779939799999E-01   3.554290083700000E+00   3.225474691600000E-01   1.115211939300000E+00   5.230233637400000E-01   0.000000000000000E+00   0.000000000000000E+00   0.000000000000000E+00   0.000000000000000E+00
   9.755423899300000E-01   3.554567856300000E+00   3.225483826900000E-01   1.094662263100000E+00   5.744992872900000E-01   0.000000000000000E+00   0.000000000000000E+00   0.000000000000000E+00   0.000000000000000E+00
   9.760067858800000E-01   3.554424839000000E+00   3.225479123400000E-01   1.105242690200000E+00   5.479958499000001E-01   0.000000000000000E+00   0.000000000000000E+00   0.000000000000000E+00   0.000000000000000E+00
   9.764711818200000E-01   3.554567801100000E+00   3.225483825100000E-01   1.094666363900000E+00   5.744890077900000E-01   0.000000000000000E+00   0.000000000000000E+00   0.000000000000000E+00   0.000000000000000E+00
   9.769355777700000E-01   3.554290436900000E+00   3.225474703200000E-01   1.115185693900000E+00   5.230891526400000E-01   0.000000000000000E+00   0.000000000000000E+00   0.000000000000000E+00   0.000000000000000E+00
   9.773598774900000E-01   3.554567752000000E+00   3.225483823400000E-01   1.094670011400000E+00   5.744798645600000E-01   0.000000000000000E+00   0.000000000000000E+00   0.000000000000000E+00   0.000000000000000E+00
   9.777841772100000E-01   3.554424977600000E+00   3.225479127900000E-01   1.105232392100000E+00   5.480216645600000E-01   0.000000000000000E+00   0.000000000000000E+00   0.000000000000000E+00   0.000000000000000E+00
   9.782084769400000E-01   3.554567691700000E+00   3.225483821500000E-01   1.094674491900000E+00   5.744686329499999E-01   0.000000000000000E+00   0.000000000000000E+00   0.000000000000000E+00   0.000000000000000E+00
   9.786327766600000E-01   3.554290822700000E+00   3.225474715900000E-01   1.115157018600000E+00   5.231610350300000E-01   0.000000000000000E+00   0.000000000000000E+00   0.000000000000000E+00   0.000000000000000E+00
   9.791222102600000E-01   3.554567644000000E+00   3.225483819900000E-01   1.094678043500000E+00   5.744597297300000E-01   0.000000000000000E+00   0.000000000000000E+00   0.000000000000000E+00   0.000000000000000E+00
   9.796116438600000E-01   3.554425112500000E+00   3.225479132300000E-01   1.105222363100000E+00   5.480468052900000E-01   0.000000000000000E+00   0.000000000000000E+00   0.000000000000000E+00   0.000000000000000E+00
   9.801010774600000E-01   3.554567591800000E+00   3.225483818200000E-01   1.094681921100000E+00   5.744500091200000E-01   0.000000000000000E+00   0.000000000000000E+00   0.000000000000000E+00   0.000000000000000E+00
   9.805905110499999E-01   3.554291156500000E+00   3.225474726800000E-01   1.115132201800000E+00   5.232232470100000E-01   0.000000000000000E+00   0.000000000000000E+00   0.000000000000000E+00   0.000000000000000E+00
   9.811118712900000E-01   3.554567548900000E+00   3.225483816800000E-01   1.094685113600000E+00   5.744420059499999E-01   0.000000000000000E+00   0.000000000000000E+00   0.000000000000000E+00   0.000000000000000E+00
   9.816332315300000E-01   3.554425233800000E+00   3.225479136300000E-01   1.105213348800000E+00   5.480694032600000E-01   0.000000000000000E+00   0.000000000000000E+00   0.000000000000000E+00   0.000000000000000E+00
   9.821545917700000E-01   3.554567500000000E+00   3.225483815200000E-01   1.094688748200000E+00   5.744328943500000E-01   0.000000000000000E+00   0.000000000000000E+00   0.000000000000000E+00   0.000000000000000E+00
   9.826759520100000E-01   3.554291469400000E+00   3.225474737100000E-01   1.115108940600000E+00   5.232815613400000E-01   0.000000000000000E+00   0.000000000000000E+00   0.000000000000000E+00   0.000000000000000E+00
   9.830792125800000E-01   3.554567452400000E+00   3.225483813600000E-01   1.094692287600000E+00   5.744240211000000E-01   0.000000000000000E+00   0.000000000000000E+00   0.000000000000000E+00   0.000000000000000E+00
   9.834824731400000E-01   3.554425368100000E+00   3.225479140700000E-01   1.105203356700000E+00   5.480944531000000E-01   0.000000000000000E+00   0.000000000000000E+00   0.000000000000000E+00   0.000000000000000E+00
   9.838857337100000E-01   3.554567389300000E+00   3.225483811500000E-01   1.094696978600000E+00   5.744122607500000E-01   0.000000000000000E+00   0.000000000000000E+00   0.000000000000000E+00   0.000000000000000E+00
   9.842889942800001E-01   3.554291873000000E+00   3.225474750300000E-01   1.115078918300000E+00   5.233568276700000E-01   0.000000000000000E+00   0.000000000000000E+00   0.000000000000000E+00   0.000000000000000E+00
   9.846468801600000E-01   3.554567332300000E+00   3.225483809700000E-01   1.094701214800000E+00   5.744016402500000E-01   0.000000000000000E+00   0.000000000000000E+00   0.000000000000000E+00   0.000000000000000E+00
   9.850047660300000E-01   3.554425528900000E+00   3.225479146000000E-01   1.105191396700000E+00   5.481244376600000E-01   0.000000000000000E+00   0.000000000000000E+00   0.000000000000000E+00   0.000000000000000E+00
   9.853626519100001E-01   3.554567261400000E+00   3.225483807300000E-01   1.094706489700000E+00   5.743884154300000E-01   0.000000000000000E+00   0.000000000000000E+00   0.000000000000000E+00   0.000000000000000E+00
   9.857205377800000E-01   3.554292326800000E+00   3.225474765200000E-01   1.115045159000000E+00   5.234414667100000E-01   0.000000000000000E+00   0.000000000000000E+00   0.000000000000000E+00   0.000000000000000E+00
   9.860641907900000E-01   3.554567200000000E+00   3.225483805300000E-01   1.094711061300000E+00   5.743769534900000E-01   0.000000000000000E+00   0.000000000000000E+00   0.000000000000000E+00   0.000000000000000E+00
   9.864078438000000E-01   3.554425702400000E+00   3.225479151700000E-01   1.105178489000000E+00   5.481567996600000E-01   0.000000000000000E+00   0.000000000000000E+00   0.000000000000000E+00   0.000000000000000E+00
   9.867514968100000E-01   3.554567126300000E+00   3.225483802900000E-01   1.094716542500000E+00   5.743632107800000E-01   0.000000000000000E+00   0.000000000000000E+00   0.000000000000000E+00   0.000000000000000E+00
   9.870951498300000E-01   3.554292798200000E+00   3.225474780600000E-01   1.115010079400000E+00   5.235294202600000E-01   0.000000000000000E+00   0.000000000000000E+00   0.000000000000000E+00   0.000000000000000E+00
   9.873611278100000E-01   3.554567054600000E+00   3.225483800600000E-01   1.094721876400000E+00   5.743498368200000E-01   0.000000000000000E+00   0.000000000000000E+00   0.000000000000000E+00   0.000000000000000E+00
   9.876271058000000E-01   3.554425904700000E+00   3.225479158300000E-01   1.105163432200000E+00   5.481945522100000E-01   0.000000000000000E+00   0.000000000000000E+00   0.000000000000000E+00   0.000000000000000E+00
   9.878930837900000E-01   3.554566959700000E+00   3.225483797500000E-01   1.094728940000000E+00   5.743321257200000E-01   0.000000000000000E+00   0.000000000000000E+00   0.000000000000000E+00   0.000000000000000E+00
   9.881590617800000E-01   3.554293405400000E+00   3.225474800500000E-01   1.114964873000000E+00   5.236427716299999E-01   0.000000000000000E+00   0.000000000000000E+00   0.000000000000000E+00   0.000000000000000E+00
   9.884419632000000E-01   3.554566881700000E+00   3.225483794900000E-01   1.094734755600000E+00   5.743175428500000E-01   0.000000000000000E+00   0.000000000000000E+00   0.000000000000000E+00   0.000000000000000E+00
   9.887248646100000E-01   3.554426125300000E+00   3.225479165500000E-01   1.105147010400000E+00   5.482357299400000E-01   0.000000000000000E+00   0.000000000000000E+00   0.000000000000000E+00   0.000000000000000E+00
   9.890077660200000E-01   3.554566792700000E+00   3.225483792000000E-01   1.094741377700000E+00   5.743009373200000E-01   0.000000000000000E+00   0.000000000000000E+00   0.000000000000000E+00   0.000000000000000E+00
   9.892906674400000E-01   3.554293974400000E+00   3.225474819200000E-01   1.114922491700000E+00   5.237490473500001E-01   0.000000000000000E+00   0.000000000000000E+00   0.000000000000000E+00   0.000000000000000E+00
   9.895557988200000E-01   3.554566714800000E+00   3.225483789400000E-01   1.094747187300000E+00   5.742863685900000E-01   0.000000000000000E+00   0.000000000000000E+00   0.000000000000000E+00   0.000000000000000E+00
   9.898209301999999E-01   3.554426345400000E+00   3.225479172800000E-01   1.105130608000000E+00   5.482768623399999E-01   0.000000000000000E+00   0.000000000000000E+00   0.000000000000000E+00   0.000000000000000E+00
   9.900860615900000E-01   3.554566620200000E+00   3.225483786300000E-01   1.094754233100000E+00   5.742686991800000E-01   0.000000000000000E+00   0.000000000000000E+00   0.000000000000000E+00   0.000000000000000E+00
   9.903511929700000E-01   3.554294579600000E+00   3.225474839000000E-01   1.114877398700000E+00   5.238621319300000E-01   0.000000000000000E+00   0.000000000000000E+00   0.000000000000000E+00   0.000000000000000E+00
   9.906308519800000E-01   3.554566542100000E+00   3.225483783800000E-01   1.094760057600000E+00   5.742540915700000E-01   0.000000000000000E+00   0.000000000000000E+00   0.000000000000000E+00   0.000000000000000E+00
   9.909105109900000E-01   3.554426566100000E+00   3.225479180000000E-01   1.105114161200000E+00   5.483181095800000E-01   0.000000000000000E+00   0.000000000000000E+00   0.000000000000000E+00   0.000000000000000E+00
   9.911901700000000E-01   3.554566452700000E+00   3.225483780800000E-01   1.094766718200000E+00   5.742373866600000E-01   0.000000000000000E+00   0.000000000000000E+00   0.000000000000000E+00   0.000000000000000E+00
   9.914698290100000E-01   3.554295151200000E+00   3.225474857700000E-01   1.114834771000000E+00   5.239690436300000E-01   0.000000000000000E+00   0.000000000000000E+00   0.000000000000000E+00   0.000000000000000E+00
   9.917091311900000E-01   3.554566370600000E+00   3.225483778100000E-01   1.094772849100000E+00   5.742220095800000E-01   0.000000000000000E+00   0.000000000000000E+00   0.000000000000000E+00   0.000000000000000E+00
   9.919484333700000E-01   3.554426798100000E+00   3.225479187600000E-01   1.105096853600000E+00   5.483615197000000E-01   0.000000000000000E+00   0.000000000000000E+00   0.000000000000000E+00   0.000000000000000E+00
   9.921877355499999E-01   3.554566266500000E+00   3.225483774700000E-01   1.094780609300000E+00   5.742025448200000E-01   0.000000000000000E+00   0.000000000000000E+00   0.000000000000000E+00   0.000000000000000E+00
   9.924270377400000E-01   3.554295816700000E+00   3.225474879500000E-01   1.114785105600000E+00   5.240936186000000E-01   0.000000000000000E+00   0.000000000000000E+00   0.000000000000000E+00   0.000000000000000E+00
   9.926133602500000E-01   3.554566165700000E+00   3.225483771400000E-01   1.094788132300000E+00   5.741836739100000E-01   0.000000000000000E+00   0.000000000000000E+00   0.000000000000000E+00   0.000000000000000E+00
   9.927996827600000E-01   3.554427082600000E+00   3.225479196900000E-01   1.105075619600000E+00   5.484147841200000E-01   0.000000000000000E+00   0.000000000000000E+00   0.000000000000000E+00   0.000000000000000E+00
   9.929860052800000E-01   3.554566032600000E+00   3.225483767100000E-01   1.094798061800000E+00   5.741587647400000E-01   0.000000000000000E+00   0.000000000000000E+00   0.000000000000000E+00   0.000000000000000E+00
   9.931723277900000E-01   3.554296667700000E+00   3.225474907300000E-01   1.114721556900000E+00   5.242530382300000E-01   0.000000000000000E+00   0.000000000000000E+00   0.000000000000000E+00   0.000000000000000E+00
   9.933537755200000E-01   3.554565918500000E+00   3.225483763300000E-01   1.094806597300000E+00   5.741373504300000E-01   0.000000000000000E+00   0.000000000000000E+00   0.000000000000000E+00   0.000000000000000E+00
   9.935352232400000E-01   3.554427405200000E+00   3.225479207400000E-01   1.105051520200000E+00   5.484752454100000E-01   0.000000000000000E+00   0.000000000000000E+00   0.000000000000000E+00   0.000000000000000E+00
   9.937166709700000E-01   3.554565782500000E+00   3.225483758900000E-01   1.094816750000000E+00   5.741118771000000E-01   0.000000000000000E+00   0.000000000000000E+00   0.000000000000000E+00   0.000000000000000E+00
   9.938981187000000E-01   3.554297536700000E+00   3.225474935800000E-01   1.114656580100000E+00   5.244160685900000E-01   0.000000000000000E+00   0.000000000000000E+00   0.000000000000000E+00   0.000000000000000E+00
   9.940424520700000E-01   3.554565652700000E+00   3.225483754600000E-01   1.094826470200000E+00   5.740874862799999E-01   0.000000000000000E+00   0.000000000000000E+00   0.000000000000000E+00   0.000000000000000E+00
   9.941867854400001E-01   3.554427771900000E+00   3.225479219400000E-01   1.105024086300000E+00   5.485440856700000E-01   0.000000000000000E+00   0.000000000000000E+00   0.000000000000000E+00   0.000000000000000E+00
   9.943311188200000E-01   3.554565482700000E+00   3.225483749100000E-01   1.094839171000000E+00   5.740556128800000E-01   0.000000000000000E+00   0.000000000000000E+00   0.000000000000000E+00   0.000000000000000E+00
   9.944754521900000E-01   3.554298622500000E+00   3.225474971200000E-01   1.114575295700000E+00   5.246200602600000E-01   0.000000000000000E+00   0.000000000000000E+00   0.000000000000000E+00   0.000000000000000E+00
   9.946179289800000E-01   3.554565338500000E+00   3.225483744400000E-01   1.094850007100000E+00   5.740284144600000E-01   0.000000000000000E+00   0.000000000000000E+00   0.000000000000000E+00   0.000000000000000E+00
   9.947604057800000E-01   3.554428180200000E+00   3.225479232800000E-01   1.104993490700000E+00   5.486208789500000E-01   0.000000000000000E+00   0.000000000000000E+00   0.000000000000000E+00   0.000000000000000E+00
   9.949028825700000E-01   3.554565167500000E+00   3.225483738800000E-01   1.094862802300000E+00   5.739962950800001E-01   0.000000000000000E+00   0.000000000000000E+00   0.000000000000000E+00   0.000000000000000E+00
   9.950453593600000E-01   3.554299714300000E+00   3.225475006900000E-01   1.114493407300000E+00   5.248256263200000E-01   0.000000000000000E+00   0.000000000000000E+00   0.000000000000000E+00   0.000000000000000E+00
   9.951781666800000E-01   3.554565018100000E+00   3.225483733900000E-01   1.094874043300000E+00   5.739680718400000E-01   0.000000000000000E+00   0.000000000000000E+00   0.000000000000000E+00   0.000000000000000E+00
   9.953109740000000E-01   3.554428602900000E+00   3.225479246500000E-01   1.104961755900000E+00   5.487005562700000E-01   0.000000000000000E+00   0.000000000000000E+00   0.000000000000000E+00   0.000000000000000E+00
   9.954437813100000E-01   3.554564836200000E+00   3.225483728000000E-01   1.094887690500000E+00   5.739338019900000E-01   0.000000000000000E+00   0.000000000000000E+00   0.000000000000000E+00   0.000000000000000E+00
   9.955765886300000E-01   3.554300876400000E+00   3.225475044800000E-01   1.114406066000000E+00   5.250449558100000E-01   0.000000000000000E+00   0.000000000000000E+00   0.000000000000000E+00   0.000000000000000E+00
   9.957219609100000E-01   3.554564689600000E+00   3.225483723200000E-01   1.094898754400000E+00   5.739060125000000E-01   0.000000000000000E+00   0.000000000000000E+00   0.000000000000000E+00   0.000000000000000E+00
   9.958673331900000E-01   3.554429018100000E+00   3.225479260100000E-01   1.104930510100000E+00   5.487790348000000E-01   0.000000000000000E+00   0.000000000000000E+00   0.000000000000000E+00   0.000000000000000E+00
   9.960127054700000E-01   3.554564524800000E+00   3.225483717800000E-01   1.094911150000000E+00   5.738748733900000E-01   0.000000000000000E+00   0.000000000000000E+00   0.000000000000000E+00   0.000000000000000E+00
   9.961580777400000E-01   3.554301928800000E+00   3.225475079000000E-01   1.114326735300000E+00   5.252442482500000E-01   0.000000000000000E+00   0.000000000000000E+00   0.000000000000000E+00   0.000000000000000E+00
   9.962684486200000E-01   3.554564363600000E+00   3.225483712600000E-01   1.094923326900000E+00   5.738442766800000E-01   0.000000000000000E+00   0.000000000000000E+00   0.000000000000000E+00   0.000000000000000E+00
   9.963788194900000E-01   3.554429473300000E+00   3.225479274900000E-01   1.104896150600000E+00   5.488653722700000E-01   0.000000000000000E+00   0.000000000000000E+00   0.000000000000000E+00   0.000000000000000E+00
   9.964891903600001E-01   3.554564148400000E+00   3.225483705600000E-01   1.094939548300000E+00   5.738035063900000E-01   0.000000000000000E+00   0.000000000000000E+00   0.000000000000000E+00   0.000000000000000E+00
   9.965995612300000E-01   3.554303301400000E+00   3.225475123600000E-01   1.114222920600000E+00   5.255051826400000E-01   0.000000000000000E+00   0.000000000000000E+00   0.000000000000000E+00   0.000000000000000E+00
   9.966872824700000E-01   3.554563944200000E+00   3.225483698900000E-01   1.094955064200000E+00   5.737644951899999E-01   0.000000000000000E+00   0.000000000000000E+00   0.000000000000000E+00   0.000000000000000E+00
   9.967750037200001E-01   3.554430050800000E+00   3.225479293600000E-01   1.104852371500000E+00   5.489754491100000E-01   0.000000000000000E+00   0.000000000000000E+00   0.000000000000000E+00   0.000000000000000E+00
   9.968627249599999E-01   3.554563676800000E+00   3.225483690200000E-01   1.094975303400000E+00   5.737135871600000E-01   0.000000000000000E+00   0.000000000000000E+00   0.000000000000000E+00   0.000000000000000E+00
   9.969504462000000E-01   3.554305005300000E+00   3.225475178800000E-01   1.114093393700000E+00   5.258310024300000E-01   0.000000000000000E+00   0.000000000000000E+00   0.000000000000000E+00   0.000000000000000E+00
   9.970237228800000E-01   3.554563430900000E+00   3.225483682300000E-01   1.094994119100000E+00   5.736662335600000E-01   0.000000000000000E+00   0.000000000000000E+00   0.000000000000000E+00   0.000000000000000E+00
   9.970969995700000E-01   3.554430746700000E+00   3.225479316100000E-01   1.104799281200000E+00   5.491090697700000E-01   0.000000000000000E+00   0.000000000000000E+00   0.000000000000000E+00   0.000000000000000E+00
   9.971702762500000E-01   3.554563116700000E+00   3.225483672100000E-01   1.095018095800000E+00   5.736058513700000E-01   0.000000000000000E+00   0.000000000000000E+00   0.000000000000000E+00   0.000000000000000E+00
   9.972435529300000E-01   3.554307008600000E+00   3.225475243500000E-01   1.113939949000000E+00   5.262174613300000E-01   0.000000000000000E+00   0.000000000000000E+00   0.000000000000000E+00   0.000000000000000E+00
   9.973380197500000E-01   3.554562884700000E+00   3.225483664700000E-01   1.095036075300000E+00   5.735605292500000E-01   0.000000000000000E+00   0.000000000000000E+00   0.000000000000000E+00   0.000000000000000E+00
   9.974324865700001E-01   3.554431407000000E+00   3.225479337400000E-01   1.104748465000000E+00   5.492371456000000E-01   0.000000000000000E+00   0.000000000000000E+00   0.000000000000000E+00   0.000000000000000E+00
   9.975269533900000E-01   3.554562646000000E+00   3.225483657000000E-01   1.095054481600000E+00   5.735141038200000E-01   0.000000000000000E+00   0.000000000000000E+00   0.000000000000000E+00   0.000000000000000E+00
   9.976214202000000E-01   3.554308530100000E+00   3.225475292300000E-01   1.113822152700000E+00   5.265145920199999E-01   0.000000000000000E+00   0.000000000000000E+00   0.000000000000000E+00   0.000000000000000E+00
   9.976964148300000E-01   3.554562420400000E+00   3.225483649800000E-01   1.095072084300000E+00   5.734696708800000E-01   0.000000000000000E+00   0.000000000000000E+00   0.000000000000000E+00   0.000000000000000E+00
   9.977714094500000E-01   3.554432044600000E+00   3.225479357700000E-01   1.104698807900000E+00   5.493625101200000E-01   0.000000000000000E+00   0.000000000000000E+00   0.000000000000000E+00   0.000000000000000E+00
   9.978464040800000E-01   3.554562126300000E+00   3.225483640400000E-01   1.095095026900000E+00   5.734116933500000E-01   0.000000000000000E+00   0.000000000000000E+00   0.000000000000000E+00   0.000000000000000E+00
   9.979213987100000E-01   3.554310401600000E+00   3.225475351900000E-01   1.113675329100000E+00   5.268856642700001E-01   0.000000000000000E+00   0.000000000000000E+00   0.000000000000000E+00   0.000000000000000E+00
   9.979815012700000E-01   3.554561851600000E+00   3.225483631700000E-01   1.095116824100000E+00   5.733565416800001E-01   0.000000000000000E+00   0.000000000000000E+00   0.000000000000000E+00   0.000000000000000E+00
   9.980416038300000E-01   3.554432820600000E+00   3.225479382300000E-01   1.104637333100000E+00   5.495180974700000E-01   0.000000000000000E+00   0.000000000000000E+00   0.000000000000000E+00   0.000000000000000E+00
   9.981017063900000E-01   3.554561497200000E+00   3.225483620500000E-01   1.095145060400000E+00   5.732849609200000E-01   0.000000000000000E+00   0.000000000000000E+00   0.000000000000000E+00   0.000000000000000E+00
   9.981618089500000E-01   3.554312654200000E+00   3.225475422600000E-01   1.113494637800000E+00   5.273438147200000E-01   0.000000000000000E+00   0.000000000000000E+00   0.000000000000000E+00   0.000000000000000E+00
   9.982101578100000E-01   3.554561170000000E+00   3.225483610300000E-01   1.095171783800000E+00   5.732170725800000E-01   0.000000000000000E+00   0.000000000000000E+00   0.000000000000000E+00   0.000000000000000E+00
   9.982585066600000E-01   3.554433743800000E+00   3.225479411000000E-01   1.104561993900000E+00   5.497095889500000E-01   0.000000000000000E+00   0.000000000000000E+00   0.000000000000000E+00   0.000000000000000E+00
   9.983068555200000E-01   3.554560754500000E+00   3.225483597500000E-01   1.095206247500000E+00   5.731292164900000E-01   0.000000000000000E+00   0.000000000000000E+00   0.000000000000000E+00   0.000000000000000E+00
   9.983552043800000E-01   3.554315295100000E+00   3.225475503600000E-01   1.113274120900000E+00   5.279061664000000E-01   0.000000000000000E+00   0.000000000000000E+00   0.000000000000000E+00   0.000000000000000E+00
   9.984225347800000E-01   3.554560469100000E+00   3.225483589000000E-01   1.095231104400000E+00   5.730655413200000E-01   0.000000000000000E+00   0.000000000000000E+00   0.000000000000000E+00   0.000000000000000E+00
   9.984898651900000E-01   3.554434564100000E+00   3.225479435700000E-01   1.104491647700000E+00   5.498896380800000E-01   0.000000000000000E+00   0.000000000000000E+00   0.000000000000000E+00   0.000000000000000E+00
   9.985571956000000E-01   3.554560193400000E+00   3.225483580800000E-01   1.095255378300000E+00   5.730031676300000E-01   0.000000000000000E+00   0.000000000000000E+00   0.000000000000000E+00   0.000000000000000E+00
   9.986245260100000E-01   3.554317047000000E+00   3.225475555200000E-01   1.113118797400000E+00   5.283053957800000E-01   0.000000000000000E+00   0.000000000000000E+00   0.000000000000000E+00   0.000000000000000E+00
   9.986660693000000E-01   3.554559901200000E+00   3.225483572500000E-01   1.095282237900000E+00   5.729339304800000E-01   0.000000000000000E+00   0.000000000000000E+00   0.000000000000000E+00   0.000000000000000E+00
   9.987076125800000E-01   3.554435388500000E+00   3.225479459500000E-01   1.104416132800000E+00   5.500847364700000E-01   0.000000000000000E+00   0.000000000000000E+00   0.000000000000000E+00   0.000000000000000E+00
   9.987491558700000E-01   3.554559522300000E+00   3.225483562600000E-01   1.095320645900000E+00   5.728339892800000E-01   0.000000000000000E+00   0.000000000000000E+00   0.000000000000000E+00   0.000000000000000E+00
   9.987906991600000E-01   3.554319580000000E+00   3.225475625400000E-01   1.112873093200000E+00   5.289451432100000E-01   0.000000000000000E+00   0.000000000000000E+00   0.000000000000000E+00   0.000000000000000E+00
   9.988277880000000E-01   3.554559289000000E+00   3.225483559800000E-01   1.095354665600000E+00   5.727444357800000E-01   0.000000000000000E+00   0.000000000000000E+00   0.000000000000000E+00   0.000000000000000E+00
   9.988648768500000E-01   3.554436468400000E+00   3.225479493700000E-01   1.104320093900000E+00   5.503372817300000E-01   0.000000000000000E+00   0.000000000000000E+00   0.000000000000000E+00   0.000000000000000E+00
   9.989019656900000E-01   3.554559311500000E+00   3.225483574800000E-01   1.095395908500000E+00   5.726336927200000E-01   0.000000000000000E+00   0.000000000000000E+00   0.000000000000000E+00   0.000000000000000E+00
   9.989390545400000E-01   3.554322518000000E+00   3.225475722000000E-01   1.112608158900000E+00   5.296526446599999E-01   0.000000000000000E+00   0.000000000000000E+00   0.000000000000000E+00   0.000000000000000E+00
   9.989783879400000E-01   3.554560823700000E+00   3.225483679100000E-01   1.095428445500000E+00   5.725419118600000E-01   0.000000000000000E+00   0.000000000000000E+00   0.000000000000000E+00   0.000000000000000E+00
   9.990177213400000E-01   3.554441560700000E+00   3.225479782300000E-01   1.104224105500000E+00   5.505915363200000E-01   0.000000000000000E+00   0.000000000000000E+00   0.000000000000000E+00   0.000000000000000E+00
   9.990570547400000E-01   3.554569063000000E+00   3.225484202600000E-01   1.095461731700000E+00   5.724339490800000E-01   0.000000000000000E+00   0.000000000000000E+00   0.000000000000000E+00   0.000000000000000E+00
   9.990963881500000E-01   3.554345785800000E+00   3.225477107500000E-01   1.112362375400000E+00   5.303032870500000E-01   0.000000000000000E+00   0.000000000000000E+00   0.000000000000000E+00   0.000000000000000E+00
   9.991231110100000E-01   3.554599008500000E+00   3.225486077400000E-01   1.095486386300000E+00   5.723092710500000E-01   0.000000000000000E+00   0.000000000000000E+00   0.000000000000000E+00   0.000000000000000E+00
   9.991498338600000E-01   3.554506376400000E+00   3.225483796900000E-01   1.104090807400000E+00   5.508635195400000E-01   0.000000000000000E+00   0.000000000000000E+00   0.000000000000000E+00   0.000000000000000E+00
   9.991765567200001E-01   3.554678671200000E+00   3.225491047900000E-01   1.095500851600000E+00   5.721141299000000E-01   0.000000000000000E+00   0.000000000000000E+00   0.000000000000000E+00   0.000000000000000E+00
   9.992032795800000E-01   3.554526161100000E+00   3.225488303300000E-01   1.111970749500000E+00   5.311842635200000E-01   0.000000000000000E+00   0.000000000000000E+00   0.000000000000000E+00   0.000000000000000E+00
   9.992305434600000E-01   3.554919360700000E+00   3.225506043100000E-01   1.095433231800000E+00   5.718553286300000E-01   0.000000000000000E+00   0.000000000000000E+00   0.000000000000000E+00   0.000000000000000E+00
   9.992578073500000E-01   3.555060149100000E+00   3.225518300200000E-01   1.103742552500000E+00   5.509321571600000E-01   0.000000000000000E+00   0.000000000000000E+00   0.000000000000000E+00   0.000000000000000E+00
   9.992850712300000E-01   3.555648471200000E+00   3.225551464500000E-01   1.095152690900000E+00   5.713103417900000E-01   0.000000000000000E+00   0.000000000000000E+00   0.000000000000000E+00   0.000000000000000E+00
   9.993123351099999E-01   3.556202241800000E+00   3.225592817000000E-01   1.110997442900000E+00   5.312718781500000E-01   0.000000000000000E+00   0.000000000000000E+00   0.000000000000000E+00   0.000000000000000E+00
   9.993449354600000E-01   3.558239147300000E+00   3.225712950300000E-01   1.094044814500000E+00   5.697988799600000E-01   0.000000000000000E+00   0.000000000000000E+00   0.000000000000000E+00   0.000000000000000E+00
   9.993775358000000E-01   3.561526002700000E+00   3.225921524000000E-01   1.100856086900000E+00   5.478249612000000E-01   0.000000000000000E+00   0.000000000000000E+00   0.000000000000000E+00   0.000000000000000E+00
   9.994101361400000E-01   3.568223621800000E+00   3.226336169200000E-01   1.089735364800000E+00   5.643675171000000E-01   0.000000000000000E+00   0.000000000000000E+00   0.000000000000000E+00   0.000000000000000E+00
   9.994427364900000E-01   3.580519250300000E+00   3.227112899500000E-01   1.100390483500000E+00   5.193468894300000E-01   0.000000000000000E+00   0.000000000000000E+00   0.000000000000000E+00   0.000000000000000E+00
   9.994677938900000E-01   3.597537258300000E+00   3.228174802100000E-01   1.077316150900000E+00   5.491535881000000E-01   0.000000000000000E+00   0.000000000000000E+00   0.000000000000000E+00   0.000000000000000E+00
   9.994928513000000E-01   3.624176693800000E+00   3.229860063700000E-01   1.074533935900000E+00   5.164618957300000E-01   0.000000000000000E+00   0.000000000000000E+00   0.000000000000000E+00   0.000000000000000E+00
   9.995179087100000E-01   3.666188302200000E+00   3.232529522000000E-01   1.049712880900000E+00   5.161779933300000E-01   0.000000000000000E+00   0.000000000000000E+00   0.000000000000000E+00   0.000000000000000E+00
   9.995429661200000E-01   3.729208880100000E+00   3.236598006000000E-01   1.041870733000000E+00   4.517048463300000E-01   0.000000000000000E+00   0.000000000000000E+00   0.000000000000000E+00   0.000000000000000E+00
   9.995645534900000E-01   3.806501425800000E+00   3.241652412900000E-01   9.989914274200000E-01   4.582869291100000E-01   0.000000000000000E+00   0.000000000000000E+00   0.000000000000000E+00   0.000000000000000E+00
   9.995861408700000E-01   3.908134568700000E+00   3.248455866300000E-01   9.744700777600001E-01   4.041322982700000E-01   0.000000000000000E+00   0.000000000000000E+00   0.000000000000000E+00   0.000000000000000E+00
   9.996077282400000E-01   4.036946589400000E+00   3.257306839100000E-01   9.288541248200000E-01   3.837242885400000E-01   0.000000000000000E+00   0.000000000000000E+00   0.000000000000000E+00   0.000000000000000E+00
   9.996293156200000E-01   4.191959437800000E+00   3.268341867900000E-01   9.047545632300000E-01   3.088885564300000E-01   0.000000000000000E+00   0.000000000000000E+00   0.000000000000000E+00   0.000000000000000E+00
   9.996461187900000E-01   4.329973835500000E+00   3.278503457800000E-01   8.569777142400000E-01   3.140110978500000E-01   0.000000000000000E+00   0.000000000000000E+00   0.000000000000000E+00   0.000000000000000E+00
   9.996629219600000E-01   4.480098258100000E+00   3.289976611500000E-01   8.339831676500000E-01   2.682344088800000E-01   0.000000000000000E+00   0.000000000000000E+00   0.000000000000000E+00   0.000000000000000E+00
   9.996797251300000E-01   4.640653477400000E+00   3.302726581900000E-01   7.956453592600000E-01   2.598867951000000E-01   0.000000000000000E+00   0.000000000000000E+00   0.000000000000000E+00   0.000000000000000E+00
   9.996965283000000E-01   4.808358822300000E+00   3.316644236700000E-01   7.831881859800000E-01   2.032913475700000E-01   0.000000000000000E+00   0.000000000000000E+00   0.000000000000000E+00   0.000000000000000E+00
   9.997108602100000E-01   4.955971634100000E+00   3.329396303100000E-01   7.445209471100001E-01   2.186386778300000E-01   0.000000000000000E+00   0.000000000000000E+00   0.000000000000000E+00   0.000000000000000E+00
   9.997251921100000E-01   5.105359851500000E+00   3.342862932400000E-01   7.314535379300000E-01   1.858796486600000E-01   0.000000000000000E+00   0.000000000000000E+00   0.000000000000000E+00   0.000000000000000E+00
   9.997395240200000E-01   5.255927813500000E+00   3.357010515300000E-01   7.034732955500000E-01   1.880375052100000E-01   0.000000000000000E+00   0.000000000000000E+00   0.000000000000000E+00   0.000000000000000E+00
   9.997538559200000E-01   5.405853464700000E+00   3.371757865400000E-01   7.008385126700000E-01   1.436718829400000E-01   0.000000000000000E+00   0.000000000000000E+00   0.000000000000000E+00   0.000000000000000E+00
   9.997674027200000E-01   5.546974973100000E+00   3.386232140700000E-01   6.689968132500000E-01   1.641486925500000E-01   0.000000000000000E+00   0.000000000000000E+00   0.000000000000000E+00   0.000000000000000E+00
   9.997809495200000E-01   5.685910716100000E+00   3.401151325900000E-01   6.620525796000000E-01   1.385172847000000E-01   0.000000000000000E+00   0.000000000000000E+00   0.000000000000000E+00   0.000000000000000E+00
   9.997944963199999E-01   5.822770495700000E+00   3.416502002400000E-01   6.400860951100000E-01   1.453563140800000E-01   0.000000000000000E+00   0.000000000000000E+00   0.000000000000000E+00   0.000000000000000E+00
   9.998080431200000E-01   5.956442542800000E+00   3.432226806700000E-01   6.424932727600000E-01   1.075136505000000E-01   0.000000000000000E+00   0.000000000000000E+00   0.000000000000000E+00   0.000000000000000E+00
   9.998186525100000E-01   6.059379882900000E+00   3.444807876900000E-01   6.176252140700000E-01   1.315531658300000E-01   0.000000000000000E+00   0.000000000000000E+00   0.000000000000000E+00   0.000000000000000E+00
   9.998292619000000E-01   6.159850375100000E+00   3.457580205300000E-01   6.163992742600000E-01   1.113063311600000E-01   0.000000000000000E+00   0.000000000000000E+00   0.000000000000000E+00   0.000000000000000E+00
   9.998398713000000E-01   6.258384021900000E+00   3.470553741500000E-01   6.000983840200000E-01   1.212027347800000E-01   0.000000000000000E+00   0.000000000000000E+00   0.000000000000000E+00   0.000000000000000E+00
   9.998504806900000E-01   6.354278175300000E+00   3.483695394000000E-01   6.067590709000000E-01   8.855258842500000E-02   0.000000000000000E+00   0.000000000000000E+00   0.000000000000000E+00   0.000000000000000E+00
   9.998586931000000E-01   6.427326188600000E+00   3.493999827600000E-01   5.860552008100000E-01   1.132054270800000E-01   0.000000000000000E+00   0.000000000000000E+00   0.000000000000000E+00   0.000000000000000E+00
   9.998669055100000E-01   6.498590981100000E+00   3.504388913700000E-01   5.877149468100000E-01   9.607730842300000E-02   0.000000000000000E+00   0.000000000000000E+00   0.000000000000000E+00   0.000000000000000E+00
   9.998751179199999E-01   6.568659856100000E+00   3.514879292500000E-01   5.748177869900000E-01   1.069162448700000E-01   0.000000000000000E+00   0.000000000000000E+00   0.000000000000000E+00   0.000000000000000E+00
   9.998833303400000E-01   6.636941037600000E+00   3.525446763700000E-01   5.834104194000000E-01   7.801423353200000E-02   0.000000000000000E+00   0.000000000000000E+00   0.000000000000000E+00   0.000000000000000E+00
   9.998905971399999E-01   6.696574576200000E+00   3.534883123800000E-01   5.649878185200000E-01   1.015769981900000E-01   0.000000000000000E+00   0.000000000000000E+00   0.000000000000000E+00   0.000000000000000E+00
   9.998978639500000E-01   6.754735415800000E+00   3.544371877100000E-01   5.675365401300000E-01   8.635536268299999E-02   0.000000000000000E+00   0.000000000000000E+00   0.000000000000000E+00   0.000000000000000E+00
   9.999051307500000E-01   6.811990171100000E+00   3.553930225600000E-01   5.563696957299999E-01   9.694468055800000E-02   0.000000000000000E+00   0.000000000000000E+00   0.000000000000000E+00   0.000000000000000E+00
   9.999123975600001E-01   6.867798903300000E+00   3.563537171800000E-01   5.652223282200000E-01   7.081372556200000E-02   0.000000000000000E+00   0.000000000000000E+00   0.000000000000000E+00   0.000000000000000E+00
   9.999181118600000E-01   6.911270873300000E+00   3.571144953300000E-01   5.491328377400000E-01   9.311973282700001E-02   0.000000000000000E+00   0.000000000000000E+00   0.000000000000000E+00   0.000000000000000E+00
   9.999238261600000E-01   6.953741693600000E+00   3.578776492500000E-01   5.524714966299999E-01   7.974221768100000E-02   0.000000000000000E+00   0.000000000000000E+00   0.000000000000000E+00   0.000000000000000E+00
   9.999295404600000E-01   6.995736563600000E+00   3.586448812500000E-01   5.431071586000000E-01   8.988958908200000E-02   0.000000000000000E+00   0.000000000000000E+00   0.000000000000000E+00   0.000000000000000E+00
   9.999352547700000E-01   7.036760763100000E+00   3.594143831400000E-01   5.520220719900000E-01   6.668653322500000E-02   0.000000000000000E+00   0.000000000000000E+00   0.000000000000000E+00   0.000000000000000E+00
   9.999397192000000E-01   7.068683129100000E+00   3.600189604000000E-01   5.379878091200000E-01   8.716666516000000E-02   0.000000000000000E+00   0.000000000000000E+00   0.000000000000000E+00   0.000000000000000E+00
   9.999441836300000E-01   7.099914399900000E+00   3.606244676200000E-01   5.415698760800000E-01   7.549045497200001E-02   0.000000000000000E+00   0.000000000000000E+00   0.000000000000000E+00   0.000000000000000E+00
   9.999486480599999E-01   7.130927833900000E+00   3.612324840700000E-01   5.336999565500000E-01   8.479989967500000E-02   0.000000000000000E+00   0.000000000000000E+00   0.000000000000000E+00   0.000000000000000E+00
   9.999531124900000E-01   7.161279106800000E+00   3.618414363000000E-01   5.421019732300000E-01   6.456643357600000E-02   0.000000000000000E+00   0.000000000000000E+00   0.000000000000000E+00   0.000000000000000E+00
   9.999566986000000E-01   7.185676198100000E+00   3.623329329500000E-01   5.299697816500000E-01   8.275498628899999E-02   0.000000000000000E+00   0.000000000000000E+00   0.000000000000000E+00   0.000000000000000E+00
   9.999602847100000E-01   7.209568042200000E+00   3.628247093000000E-01   5.333836359200000E-01   7.271813441900001E-02   0.000000000000000E+00   0.000000000000000E+00   0.000000000000000E+00   0.000000000000000E+00
   9.999638708300000E-01   7.233369938000000E+00   3.633181680600000E-01   5.267778582300000E-01   8.090981569400001E-02   0.000000000000000E+00   0.000000000000000E+00   0.000000000000000E+00   0.000000000000000E+00
   9.999674569400000E-01   7.256694527900000E+00   3.638119566600000E-01   5.342449128200000E-01   6.366255185600000E-02   0.000000000000000E+00   0.000000000000000E+00   0.000000000000000E+00   0.000000000000000E+00
   9.999701461600000E-01   7.274277041600000E+00   3.641838363600000E-01   5.240734242200000E-01   7.932831131100000E-02   0.000000000000000E+00   0.000000000000000E+00   0.000000000000000E+00   0.000000000000000E+00
   9.999728353800000E-01   7.291506362500000E+00   3.645555873000000E-01   5.271711537300000E-01   7.100095573500000E-02   0.000000000000000E+00   0.000000000000000E+00   0.000000000000000E+00   0.000000000000000E+00
   9.999755246000001E-01   7.308733929100000E+00   3.649284056800000E-01   5.218548885299999E-01   7.790029108700000E-02   0.000000000000000E+00   0.000000000000000E+00   0.000000000000000E+00   0.000000000000000E+00
   9.999782138200000E-01   7.325636797500000E+00   3.653011743500000E-01   5.281498218200000E-01   6.387911349900000E-02   0.000000000000000E+00   0.000000000000000E+00   0.000000000000000E+00   0.000000000000000E+00
   9.999801490600000E-01   7.337920740500000E+00   3.655704930600000E-01   5.200090435400000E-01   7.667411192900001E-02   0.000000000000000E+00   0.000000000000000E+00   0.000000000000000E+00   0.000000000000000E+00
   9.999820843000000E-01   7.349960645500000E+00   3.658395161700000E-01   5.225955979200000E-01   7.014879213000000E-02   0.000000000000000E+00   0.000000000000000E+00   0.000000000000000E+00   0.000000000000000E+00
   9.999840195400000E-01   7.362036022600000E+00   3.661091959700000E-01   5.185876532100000E-01   7.556338050500000E-02   0.000000000000000E+00   0.000000000000000E+00   0.000000000000000E+00   0.000000000000000E+00
   9.999859547800000E-01   7.373891720000000E+00   3.663786444300000E-01   5.235630276800000E-01   6.500429744700000E-02   0.000000000000000E+00   0.000000000000000E+00   0.000000000000000E+00   0.000000000000000E+00
   9.999873273600000E-01   7.382401773700000E+00   3.665703983300000E-01   5.177170783500000E-01   7.468961812100000E-02   0.000000000000000E+00   0.000000000000000E+00   0.000000000000000E+00   0.000000000000000E+00
   9.999886999299999E-01   7.390727420100000E+00   3.667617404900000E-01   5.201183223700000E-01   7.013577705300000E-02   0.000000000000000E+00   0.000000000000000E+00   0.000000000000000E+00   0.000000000000000E+00
   9.999900725100000E-01   7.399046608700000E+00   3.669532197700000E-01   5.184586144800000E-01   7.425308487500000E-02   0.000000000000000E+00   0.000000000000000E+00   0.000000000000000E+00   0.000000000000000E+00
   9.999914450900000E-01   7.407117330000000E+00   3.671438592700000E-01   5.244960679100000E-01   6.780990804000001E-02   0.000000000000000E+00   0.000000000000000E+00   0.000000000000000E+00   0.000000000000000E+00
   9.999923154800000E-01   7.412194572400000E+00   3.672644815000000E-01   5.238974992400000E-01   7.515329189400000E-02   0.000000000000000E+00   0.000000000000000E+00   0.000000000000000E+00   0.000000000000000E+00
   9.999931858800000E-01   7.416999199400000E+00   3.673838934500000E-01   5.308980988200001E-01   7.386664372899999E-02   0.000000000000000E+00   0.000000000000000E+00   0.000000000000000E+00   0.000000000000000E+00
   9.999940562700000E-01   7.421528740900000E+00   3.675018065100000E-01   5.393733995900000E-01   7.887159404400000E-02   0.000000000000000E+00   0.000000000000000E+00   0.000000000000000E+00   0.000000000000000E+00
   9.999949266700000E-01   7.425434109800000E+00   3.676165085600000E-01   5.591787343300000E-01   8.001727040400000E-02   0.000000000000000E+00   0.000000000000000E+00   0.000000000000000E+00   0.000000000000000E+00
   9.999954426400000E-01   7.427354913200000E+00   3.676822931200000E-01   5.741407326800000E-01   8.835266856100001E-02   0.000000000000000E+00   0.000000000000000E+00   0.000000000000000E+00   0.000000000000000E+00
   9.999959586100000E-01   7.428711132300000E+00   3.677451308400000E-01   5.993979356800000E-01   9.444533268999999E-02   0.000000000000000E+00   0.000000000000000E+00   0.000000000000000E+00   0.000000000000000E+00
   9.999964745900000E-01   7.429285212700000E+00   3.678037701600000E-01   6.356415412100000E-01   1.069294308300000E-01   0.000000000000000E+00   0.000000000000000E+00   0.000000000000000E+00   0.000000000000000E+00
   9.999969905600000E-01   7.428537230100000E+00   3.678555095500000E-01   6.938211154100000E-01   1.246582506200000E-01   0.000000000000000E+00   0.000000000000000E+00   0.000000000000000E+00   0.000000000000000E+00
   9.999972662300000E-01   7.427328512200000E+00   3.678789434600000E-01   7.373756552000000E-01   1.416983734300000E-01   0.000000000000000E+00   0.000000000000000E+00   0.000000000000000E+00   0.000000000000000E+00
   9.999975418900000E-01   7.425245086000000E+00   3.678979537600000E-01   7.963534864500000E-01   1.636969439600000E-01   0.000000000000000E+00   0.000000000000000E+00   0.000000000000000E+00   0.000000000000000E+00
   9.999978175599999E-01   7.421915174500000E+00   3.679107386700000E-01   8.768601284300001E-01   1.970322400600000E-01   0.000000000000000E+00   0.000000000000000E+00   0.000000000000000E+00   0.000000000000000E+00
   9.999980932300000E-01   7.416657752700000E+00   3.679141225700000E-01   9.922922237500000E-01   2.488245068000000E-01   0.000000000000000E+00   0.000000000000000E+00   0.000000000000000E+00   0.000000000000000E+00
   9.999982460900000E-01   7.412512111700000E+00   3.679101085600000E-01   1.078793365900000E+00   2.920156409500000E-01   0.000000000000000E+00   0.000000000000000E+00   0.000000000000000E+00   0.000000000000000E+00
   9.999983989500000E-01   7.407086620200000E+00   3.679000862600000E-01   1.189427168300000E+00   3.511547820100000E-01   0.000000000000000E+00   0.000000000000000E+00   0.000000000000000E+00   0.000000000000000E+00
   9.999985518000000E-01   7.399857695100000E+00   3.678817420400000E-01   1.334277572500000E+00   4.363937120800000E-01   0.000000000000000E+00   0.000000000000000E+00   0.000000000000000E+00   0.000000000000000E+00
   9.999987046600000E-01   7.389958015100000E+00   3.678513122900000E-01   1.530514455400000E+00   5.648646912400000E-01   0.000000000000000E+00   0.000000000000000E+00   0.000000000000000E+00   0.000000000000000E+00
   9.999987968500000E-01   7.382126316000000E+00   3.678246769000000E-01   1.684677506900000E+00   6.766711475700000E-01   0.000000000000000E+00   0.000000000000000E+00   0.000000000000000E+00   0.000000000000000E+00
   9.999988890500000E-01   7.372313137600000E+00   3.677893551000000E-01   1.877103997400000E+00   8.285106314200000E-01   0.000000000000000E+00   0.000000000000000E+00   0.000000000000000E+00   0.000000000000000E+00
   9.999989812400000E-01   7.359759235200000E+00   3.677421824700000E-01   2.122041963300000E+00   1.042198950500000E+00   0.000000000000000E+00   0.000000000000000E+00   0.000000000000000E+00   0.000000000000000E+00
   9.999990734300001E-01   7.343270955600000E+00   3.676782423500000E-01   2.441825844700000E+00   1.353977404600000E+00   0.000000000000000E+00   0.000000000000000E+00   0.000000000000000E+00   0.000000000000000E+00
   9.999991338599999E-01   7.329463968800000E+00   3.676237050400000E-01   2.707524054600000E+00   1.641384142200000E+00   0.000000000000000E+00   0.000000000000000E+00   0.000000000000000E+00   0.000000000000000E+00
   9.999991942899999E-01   7.312371181600000E+00   3.675554870800000E-01   3.033749555100000E+00   2.027643425400000E+00   0.000000000000000E+00   0.000000000000000E+00   0.000000000000000E+00   0.000000000000000E+00
   9.999992547200000E-01   7.290810386600000E+00   3.674688505500000E-01   3.440259653800000E+00   2.561191404300000E+00   0.000000000000000E+00   0.000000000000000E+00   0.000000000000000E+00   0.000000000000000E+00
   9.999993151500000E-01   7.263002066900000E+00   3.673567198000000E-01   3.956081455200000E+00   3.319057434900000E+00   0.000000000000000E+00   0.000000000000000E+00   0.000000000000000E+00   0.000000000000000E+00
   9.999993590700000E-01   7.237388750500000E+00   3.672533708100000E-01   4.422181687500000E+00   4.081528607500000E+00   0.000000000000000E+00   0.000000000000000E+00   0.000000000000000E+00   0.000000000000000E+00
   9.999994029900000E-01   7.205575848300000E+00   3.671251404400000E-01   4.989356055000000E+00   5.105514165000000E+00   0.000000000000000E+00   0.000000000000000E+00   0.000000000000000E+00   0.000000000000000E+00
   9.999994469100000E-01   7.165397964500000E+00   3.669635785400000E-01   5.686720979200000E+00   6.511382392900000E+00   0.000000000000000E+00   0.000000000000000E+00   0.000000000000000E+00   0.000000000000000E+00
   9.999994908299999E-01   7.113698535700000E+00   3.667564342200000E-01   6.554504075900000E+00   8.483823032000000E+00   0.000000000000000E+00   0.000000000000000E+00   0.000000000000000E+00   0.000000000000000E+00
   9.999995279100000E-01   7.057752965700000E+00   3.665332064600000E-01   7.457651333900000E+00   1.080218586900000E+01   0.000000000000000E+00   0.000000000000000E+00   0.000000000000000E+00   0.000000000000000E+00
   9.999995649900000E-01   6.986404412500000E+00   3.662497798100000E-01   8.560339910100000E+00   1.399648654300000E+01   0.000000000000000E+00   0.000000000000000E+00   0.000000000000000E+00   0.000000000000000E+00
   9.999996020700000E-01   6.894027073000000E+00   3.658846125900000E-01   9.911672356600000E+00   1.847827362900000E+01   0.000000000000000E+00   0.000000000000000E+00   0.000000000000000E+00   0.000000000000000E+00
   9.999996391500000E-01   6.772627490800000E+00   3.654072216600000E-01   1.157209347600000E+01   2.486164480700000E+01   0.000000000000000E+00   0.000000000000000E+00   0.000000000000000E+00   0.000000000000000E+00
   9.999996650400000E-01   6.664960753100000E+00   3.649857085700000E-01   1.294668572900000E+01   3.091830682600000E+01   0.000000000000000E+00   0.000000000000000E+00   0.000000000000000E+00   0.000000000000000E+00
   9.999996909200000E-01   6.532935196100000E+00   3.644707351800000E-01   1.452161647200000E+01   3.876860761200000E+01   0.000000000000000E+00   0.000000000000000E+00   0.000000000000000E+00   0.000000000000000E+00
   9.999997168000000E-01   6.370608249600000E+00   3.638398397900000E-01   1.630874110500000E+01   4.895900083400000E+01   0.000000000000000E+00   0.000000000000000E+00   0.000000000000000E+00   0.000000000000000E+00
   9.999997426900000E-01   6.171069187700000E+00   3.630669659200000E-01   1.830680718900000E+01   6.215384728100000E+01   0.000000000000000E+00   0.000000000000000E+00   0.000000000000000E+00   0.000000000000000E+00
   9.999997670200000E-01   5.942831878500000E+00   3.621856480800000E-01   2.035578641700000E+01   7.797705605300000E+01   0.000000000000000E+00   0.000000000000000E+00   0.000000000000000E+00   0.000000000000000E+00
   9.999997913599999E-01   5.668954059700000E+00   3.611309491400000E-01   2.251971121700000E+01   9.778169413200000E+01   0.000000000000000E+00   0.000000000000000E+00   0.000000000000000E+00   0.000000000000000E+00
   9.999998156900000E-01   5.344804143500000E+00   3.598855796600000E-01   2.471334311300000E+01   1.220906977300000E+02   0.000000000000000E+00   0.000000000000000E+00   0.000000000000000E+00   0.000000000000000E+00
   9.999998400300000E-01   4.968840212200000E+00   3.584439204700000E-01   2.680769559800000E+01   1.511262091500000E+02   0.000000000000000E+00   0.000000000000000E+00   0.000000000000000E+00   0.000000000000000E+00
   9.999998604000000E-01   4.616280952600000E+00   3.570938488200000E-01   2.836949207800000E+01   1.788687231800000E+02   0.000000000000000E+00   0.000000000000000E+00   0.000000000000000E+00   0.000000000000000E+00
   9.999998807800000E-01   4.234873247900000E+00   3.556345438100000E-01   2.964445879900000E+01   2.091233478800000E+02   0.000000000000000E+00   0.000000000000000E+00   0.000000000000000E+00   0.000000000000000E+00
   9.999999011600000E-01   3.833199438500000E+00   3.540983815500000E-01   3.053723654800000E+01   2.408848608700000E+02   0.000000000000000E+00   0.000000000000000E+00   0.000000000000000E+00   0.000000000000000E+00
   9.999999215299999E-01   3.422540893100000E+00   3.525278710400000E-01   3.097461813600000E+01   2.727930501300000E+02   0.000000000000000E+00   0.000000000000000E+00   0.000000000000000E+00   0.000000000000000E+00
   9.999999411500000E-01   3.030626982300000E+00   3.510283770200000E-01   3.093269969900000E+01   3.021699376400000E+02   0.000000000000000E+00   0.000000000000000E+00   0.000000000000000E+00   0.000000000000000E+00
   9.999999607700000E-01   2.653456165600000E+00   3.495839812300000E-01   3.044561566200000E+01   3.287984936500000E+02   0.000000000000000E+00   0.000000000000000E+00   0.000000000000000E+00   0.000000000000000E+00
   9.999999803800000E-01   2.300564039200000E+00   3.482306743900000E-01   2.955777064600000E+01   3.514766276500000E+02   0.000000000000000E+00   0.000000000000000E+00   0.000000000000000E+00   0.000000000000000E+00
   1.000000000000000E+00   1.978880643800000E+00   3.469946927600000E-01   2.834249642200000E+01   3.693432687500000E+02   0.000000000000000E+00   0.000000000000000E+00   0.000000000000000E+00   0.000000000000000E+00
