   0.000000000000000E+00   4.924062167900000E-01   9.999999955900000E-01   1.684043575900000E+00   1.822731815100000E+00   0.000000000000000E+00   0.000000000000000E+00   0.000000000000000E+00   0.000000000000000E+00
   3.961502663100000E-04   6.381606316500000E-01   8.708228390500000E-01   1.587328389800000E+00   1.641080983000000E+00   0.000000000000000E+00   0.000000000000000E+00   0.000000000000000E+00   0.000000000000000E+00
   7.923005326300000E-04   8.045788352400000E-01   7.653707667600000E-01   1.533038258700000E+00   1.427755647500000E+00   0.000000000000000E+00   0.000000000000000E+00   0.000000000000000E+00   0.000000000000000E+00
   1.188450798900000E-03   9.930415238900000E-01   6.788307842300000E-01   1.466183011900000E+00   1.304109923300000E+00   0.000000000000000E+00   0.000000000000000E+00   0.000000000000000E+00   0.000000000000000E+00
   1.584601065300000E-03   1.199875715000000E+00   6.076641582100000E-01   1.436526662600000E+00   1.126127774500000E+00   0.000000000000000E+00   0.000000000000000E+00   0.000000000000000E+00   0.000000000000000E+00
   1.940361596100000E-03   1.400554568700000E+00   5.546762040200000E-01   1.375365016600000E+00   1.083607519000000E+00   0.000000000000000E+00   0.000000000000000E+00   0.000000000000000E+00   0.000000000000000E+00
   2.296122127000000E-03   1.609693908800000E+00   5.104148542500000E-01   1.348553191200000E+00   9.742111593300000E-01   0.000000000000000E+00   0.000000000000000E+00   0.000000000000000E+00   0.000000000000000E+00
   2.651882657800000E-03   1.824422065000000E+00   4.736225363400000E-01   1.303708295300000E+00   9.300687841200000E-01   0.000000000000000E+00   0.000000000000000E+00   0.000000000000000E+00   0.000000000000000E+00
   3.007643188700000E-03   2.038027498000000E+00   4.432218880400000E-01   1.292891529500000E+00   8.159715485100000E-01   0.000000000000000E+00   0.000000000000000E+00   0.000000000000000E+00   0.000000000000000E+00
   3.552673718000000E-03   2.354166091600000E+00   4.069828768900000E-01   1.230077767800000E+00   7.903236457500000E-01   0.000000000000000E+00   0.000000000000000E+00   0.000000000000000E+00   0.000000000000000E+00
   4.097704247300000E-03   2.638198926100000E+00   3.807546381800000E-01   1.205531986500000E+00   7.025953696100000E-01   0.000000000000000E+00   0.000000000000000E+00   0.000000000000000E+00   0.000000000000000E+00
   4.642734776600000E-03   2.879441828300000E+00   3.621574084700000E-01   1.166859617800000E+00   6.835517183399999E-01   0.000000000000000E+00   0.000000000000000E+00   0.000000000000000E+00   0.000000000000000E+00
   5.187765305800000E-03   3.070854639400000E+00   3.492096700100000E-01   1.166071218700000E+00   5.976707320300000E-01   0.000000000000000E+00   0.000000000000000E+00   0.000000000000000E+00   0.000000000000000E+00
   5.826391551800000E-03   3.238582641900000E+00   3.391469023700000E-01   1.127364638000000E+00   6.223868281400000E-01   0.000000000000000E+00   0.000000000000000E+00   0.000000000000000E+00   0.000000000000000E+00
   6.465017797700000E-03   3.352407324900000E+00   3.328000829600000E-01   1.126014245300000E+00   5.777425578099999E-01   0.000000000000000E+00   0.000000000000000E+00   0.000000000000000E+00   0.000000000000000E+00
   7.103644043700000E-03   3.427887802500000E+00   3.288490053000000E-01   1.107534341200000E+00   5.931451359300000E-01   0.000000000000000E+00   0.000000000000000E+00   0.000000000000000E+00   0.000000000000000E+00
   7.742270289600000E-03   3.475491501500000E+00   3.264029765300000E-01   1.123343848200000E+00   5.340798727700000E-01   0.000000000000000E+00   0.000000000000000E+00   0.000000000000000E+00   0.000000000000000E+00
   8.973389568199999E-03   3.524014819500000E+00   3.240279145000000E-01   1.097709467800000E+00   5.790028779900001E-01   0.000000000000000E+00   0.000000000000000E+00   0.000000000000000E+00   0.000000000000000E+00
   1.020450884700000E-02   3.542379685500000E+00   3.231266152600000E-01   1.106516544400000E+00   5.495845096000000E-01   0.000000000000000E+00   0.000000000000000E+00   0.000000000000000E+00   0.000000000000000E+00
   1.143562812500000E-02   3.549874488300000E+00   3.227741871200000E-01   1.095093654000000E+00   5.752713322000000E-01   0.000000000000000E+00   0.000000000000000E+00   0.000000000000000E+00   0.000000000000000E+00
   1.266674740400000E-02   3.552503044200000E+00   3.226330750100000E-01   1.115529339200000E+00   5.229566171300000E-01   0.000000000000000E+00   0.000000000000000E+00   0.000000000000000E+00   0.000000000000000E+00
   1.668932612600000E-02   3.554615349600000E+00   3.225461459000000E-01   1.094616282200000E+00   5.745896193200000E-01   0.000000000000000E+00   0.000000000000000E+00   0.000000000000000E+00   0.000000000000000E+00
   2.071190484800000E-02   3.554318063700000E+00   3.225529802000000E-01   1.105309246700000E+00   5.478792385300000E-01   0.000000000000000E+00   0.000000000000000E+00   0.000000000000000E+00   0.000000000000000E+00
   2.473448357000000E-02   3.554585975000000E+00   3.225475536300000E-01   1.094619716300000E+00   5.745926204200000E-01   0.000000000000000E+00   0.000000000000000E+00   0.000000000000000E+00   0.000000000000000E+00
   2.875706229200000E-02   3.554207413000000E+00   3.225513017200000E-01   1.115354422000000E+00   5.227202560200001E-01   0.000000000000000E+00   0.000000000000000E+00   0.000000000000000E+00   0.000000000000000E+00
   4.091141765900000E-02   3.554585265100000E+00   3.225475872500000E-01   1.094620054900000E+00   5.745920413600000E-01   0.000000000000000E+00   0.000000000000000E+00   0.000000000000000E+00   0.000000000000000E+00
   5.306577302700000E-02   3.554406813500000E+00   3.225487238000000E-01   1.105299542000000E+00   5.478684527800000E-01   0.000000000000000E+00   0.000000000000000E+00   0.000000000000000E+00   0.000000000000000E+00
   6.522012839499999E-02   3.554578083600000E+00   3.225479316500000E-01   1.094620935500000E+00   5.745926715500000E-01   0.000000000000000E+00   0.000000000000000E+00   0.000000000000000E+00   0.000000000000000E+00
   7.737448376300000E-02   3.554259645900000E+00   3.225487967000000E-01   1.115348154100000E+00   5.227153248800001E-01   0.000000000000000E+00   0.000000000000000E+00   0.000000000000000E+00   0.000000000000000E+00
   9.931591428500000E-02   3.554575483700000E+00   3.225480563000000E-01   1.094621300900000E+00   5.745927809100000E-01   0.000000000000000E+00   0.000000000000000E+00   0.000000000000000E+00   0.000000000000000E+00
   1.212573448100000E-01   3.554416114600000E+00   3.225482778000000E-01   1.105298312600000E+00   5.478678633400000E-01   0.000000000000000E+00   0.000000000000000E+00   0.000000000000000E+00   0.000000000000000E+00
   1.431987753300000E-01   3.554573623700000E+00   3.225481454700000E-01   1.094621575000000E+00   5.745928267200000E-01   0.000000000000000E+00   0.000000000000000E+00   0.000000000000000E+00   0.000000000000000E+00
   1.651402058500000E-01   3.554272014700000E+00   3.225482037100000E-01   1.115346352700000E+00   5.227149651300000E-01   0.000000000000000E+00   0.000000000000000E+00   0.000000000000000E+00   0.000000000000000E+00
   1.845888746200000E-01   3.554572345600000E+00   3.225482067300000E-01   1.094621782200000E+00   5.745928102800000E-01   0.000000000000000E+00   0.000000000000000E+00   0.000000000000000E+00   0.000000000000000E+00
   2.040375434000000E-01   3.554419703500000E+00   3.225481057800000E-01   1.105297729600000E+00   5.478679126100000E-01   0.000000000000000E+00   0.000000000000000E+00   0.000000000000000E+00   0.000000000000000E+00
   2.234862121800000E-01   3.554571228000000E+00   3.225482602900000E-01   1.094621992600000E+00   5.745927215400000E-01   0.000000000000000E+00   0.000000000000000E+00   0.000000000000000E+00   0.000000000000000E+00
   2.429348809500000E-01   3.554279525800000E+00   3.225478437900000E-01   1.115344970300000E+00   5.227154817800000E-01   0.000000000000000E+00   0.000000000000000E+00   0.000000000000000E+00   0.000000000000000E+00
   2.583695237500000E-01   3.554570429100000E+00   3.225482985500000E-01   1.094622166900000E+00   5.745925969800000E-01   0.000000000000000E+00   0.000000000000000E+00   0.000000000000000E+00   0.000000000000000E+00
   2.738041665400000E-01   3.554421888700000E+00   3.225480011200000E-01   1.105297244500000E+00   5.478682743800000E-01   0.000000000000000E+00   0.000000000000000E+00   0.000000000000000E+00   0.000000000000000E+00
   2.892388093300000E-01   3.554569773700000E+00   3.225483299100000E-01   1.094622356000000E+00   5.745923773700000E-01   0.000000000000000E+00   0.000000000000000E+00   0.000000000000000E+00   0.000000000000000E+00
   3.046734521300000E-01   3.554284061100000E+00   3.225476267200000E-01   1.115343725500000E+00   5.227168384799999E-01   0.000000000000000E+00   0.000000000000000E+00   0.000000000000000E+00   0.000000000000000E+00
   3.169360954700000E-01   3.554569339300000E+00   3.225483506800000E-01   1.094622517900000E+00   5.745921386800000E-01   0.000000000000000E+00   0.000000000000000E+00   0.000000000000000E+00   0.000000000000000E+00
   3.291987388200000E-01   3.554423080100000E+00   3.225479441800000E-01   1.105296790900000E+00   5.478689533600000E-01   0.000000000000000E+00   0.000000000000000E+00   0.000000000000000E+00   0.000000000000000E+00
   3.414613821700000E-01   3.554569025800000E+00   3.225483656200000E-01   1.094622704400000E+00   5.745917890600000E-01   0.000000000000000E+00   0.000000000000000E+00   0.000000000000000E+00   0.000000000000000E+00
   3.537240255200000E-01   3.554286334600000E+00   3.225475182800000E-01   1.115342505200000E+00   5.227190378500000E-01   0.000000000000000E+00   0.000000000000000E+00   0.000000000000000E+00   0.000000000000000E+00
   3.659169593500000E-01   3.554568863500000E+00   3.225483733200000E-01   1.094622852700000E+00   5.745914760000000E-01   0.000000000000000E+00   0.000000000000000E+00   0.000000000000000E+00   0.000000000000000E+00
   3.781098931900000E-01   3.554423567900000E+00   3.225479210100000E-01   1.105296369000000E+00   5.478698330200000E-01   0.000000000000000E+00   0.000000000000000E+00   0.000000000000000E+00   0.000000000000000E+00
   3.903028270300000E-01   3.554568752000000E+00   3.225483785800000E-01   1.094623019700000E+00   5.745910952300000E-01   0.000000000000000E+00   0.000000000000000E+00   0.000000000000000E+00   0.000000000000000E+00
   4.024957608700000E-01   3.554287143700000E+00   3.225474800900000E-01   1.115341427000000E+00   5.227214611800000E-01   0.000000000000000E+00   0.000000000000000E+00   0.000000000000000E+00   0.000000000000000E+00
   4.153538446800000E-01   3.554568696200000E+00   3.225483811700000E-01   1.094623154300000E+00   5.745907747100000E-01   0.000000000000000E+00   0.000000000000000E+00   0.000000000000000E+00   0.000000000000000E+00
   4.282119284900000E-01   3.554423738900000E+00   3.225479130300000E-01   1.105295987700000E+00   5.478707360700000E-01   0.000000000000000E+00   0.000000000000000E+00   0.000000000000000E+00   0.000000000000000E+00
   4.410700123000000E-01   3.554568656800000E+00   3.225483829700000E-01   1.094623305900000E+00   5.745904041600000E-01   0.000000000000000E+00   0.000000000000000E+00   0.000000000000000E+00   0.000000000000000E+00
   4.539280961100000E-01   3.554287425200000E+00   3.225474671800000E-01   1.115340453700000E+00   5.227238285700000E-01   0.000000000000000E+00   0.000000000000000E+00   0.000000000000000E+00   0.000000000000000E+00
   4.699898450000000E-01   3.554568638200000E+00   3.225483837900000E-01   1.094623420700000E+00   5.745901189400000E-01   0.000000000000000E+00   0.000000000000000E+00   0.000000000000000E+00   0.000000000000000E+00
   4.860515939000000E-01   3.554423797900000E+00   3.225479104000000E-01   1.105295662800000E+00   5.478715404500000E-01   0.000000000000000E+00   0.000000000000000E+00   0.000000000000000E+00   0.000000000000000E+00
   5.021133428000000E-01   3.554568624100000E+00   3.225483843900000E-01   1.094623540300000E+00   5.745898198000000E-01   0.000000000000000E+00   0.000000000000000E+00   0.000000000000000E+00   0.000000000000000E+00
   5.181750917000000E-01   3.554287521200000E+00   3.225474630400000E-01   1.115339687600000E+00   5.227257422000000E-01   0.000000000000000E+00   0.000000000000000E+00   0.000000000000000E+00   0.000000000000000E+00
   5.281316965500000E-01   3.554568612400000E+00   3.225483848700000E-01   1.094623672800000E+00   5.745894870300000E-01   0.000000000000000E+00   0.000000000000000E+00   0.000000000000000E+00   0.000000000000000E+00
   5.380883014100000E-01   3.554423828000000E+00   3.225479091900000E-01   1.105295289100000E+00   5.478724804700000E-01   0.000000000000000E+00   0.000000000000000E+00   0.000000000000000E+00   0.000000000000000E+00
   5.480449062600000E-01   3.554568603400000E+00   3.225483851800000E-01   1.094623864300000E+00   5.745890025300000E-01   0.000000000000000E+00   0.000000000000000E+00   0.000000000000000E+00   0.000000000000000E+00
   5.580015111200000E-01   3.554287587400000E+00   3.225474606300000E-01   1.115338460800000E+00   5.227288417400000E-01   0.000000000000000E+00   0.000000000000000E+00   0.000000000000000E+00   0.000000000000000E+00
   5.662479242500000E-01   3.554568597800000E+00   3.225483853400000E-01   1.094624043800000E+00   5.745885476200000E-01   0.000000000000000E+00   0.000000000000000E+00   0.000000000000000E+00   0.000000000000000E+00
   5.744943373800000E-01   3.554423844200000E+00   3.225479087300000E-01   1.105294782500000E+00   5.478737648699999E-01   0.000000000000000E+00   0.000000000000000E+00   0.000000000000000E+00   0.000000000000000E+00
   5.827407505200000E-01   3.554568593200000E+00   3.225483854200000E-01   1.094624274400000E+00   5.745879618000000E-01   0.000000000000000E+00   0.000000000000000E+00   0.000000000000000E+00   0.000000000000000E+00
   5.909871636500000E-01   3.554287620800000E+00   3.225474599500000E-01   1.115336984500000E+00   5.227325904500000E-01   0.000000000000000E+00   0.000000000000000E+00   0.000000000000000E+00   0.000000000000000E+00
   5.996873084400000E-01   3.554568590100000E+00   3.225483854500000E-01   1.094624465200000E+00   5.745874767400000E-01   0.000000000000000E+00   0.000000000000000E+00   0.000000000000000E+00   0.000000000000000E+00
   6.083874532300000E-01   3.554423853200000E+00   3.225479086300000E-01   1.105294243700000E+00   5.478751343900000E-01   0.000000000000000E+00   0.000000000000000E+00   0.000000000000000E+00   0.000000000000000E+00
   6.170875980200000E-01   3.554568587100000E+00   3.225483854600000E-01   1.094624683600000E+00   5.745869213300000E-01   0.000000000000000E+00   0.000000000000000E+00   0.000000000000000E+00   0.000000000000000E+00
   6.257877428100000E-01   3.554287641100000E+00   3.225474598500000E-01   1.115335586400000E+00   5.227361450100000E-01   0.000000000000000E+00   0.000000000000000E+00   0.000000000000000E+00   0.000000000000000E+00
   6.336097356300000E-01   3.554568584500000E+00   3.225483854600000E-01   1.094624879700000E+00   5.745864227200000E-01   0.000000000000000E+00   0.000000000000000E+00   0.000000000000000E+00   0.000000000000000E+00
   6.414317284500000E-01   3.554423860500000E+00   3.225479086300000E-01   1.105293690100000E+00   5.478765422200000E-01   0.000000000000000E+00   0.000000000000000E+00   0.000000000000000E+00   0.000000000000000E+00
   6.492537212800000E-01   3.554568581400000E+00   3.225483854500000E-01   1.094625122600000E+00   5.745858049500000E-01   0.000000000000000E+00   0.000000000000000E+00   0.000000000000000E+00   0.000000000000000E+00
   6.570757141000000E-01   3.554287660800000E+00   3.225474598700000E-01   1.115334031800000E+00   5.227400987000000E-01   0.000000000000000E+00   0.000000000000000E+00   0.000000000000000E+00   0.000000000000000E+00
   6.657168820500000E-01   3.554568579000000E+00   3.225483854500000E-01   1.094625319300000E+00   5.745853047500000E-01   0.000000000000000E+00   0.000000000000000E+00   0.000000000000000E+00   0.000000000000000E+00
   6.743580500100000E-01   3.554423867400000E+00   3.225479086400000E-01   1.105293134800000E+00   5.478779545500000E-01   0.000000000000000E+00   0.000000000000000E+00   0.000000000000000E+00   0.000000000000000E+00
   6.829992179600000E-01   3.554568576300000E+00   3.225483854400000E-01   1.094625539100000E+00   5.745847455799999E-01   0.000000000000000E+00   0.000000000000000E+00   0.000000000000000E+00   0.000000000000000E+00
   6.916403859100000E-01   3.554287678100000E+00   3.225474599100000E-01   1.115332624900000E+00   5.227436773700000E-01   0.000000000000000E+00   0.000000000000000E+00   0.000000000000000E+00   0.000000000000000E+00
   7.013246179100000E-01   3.554568574200000E+00   3.225483854300000E-01   1.094625715900000E+00   5.745842959000000E-01   0.000000000000000E+00   0.000000000000000E+00   0.000000000000000E+00   0.000000000000000E+00
   7.110088499100000E-01   3.554423873500000E+00   3.225479086600000E-01   1.105292635600000E+00   5.478792242300000E-01   0.000000000000000E+00   0.000000000000000E+00   0.000000000000000E+00   0.000000000000000E+00
   7.206930819100000E-01   3.554568571800000E+00   3.225483854300000E-01   1.094625912000000E+00   5.745837970000000E-01   0.000000000000000E+00   0.000000000000000E+00   0.000000000000000E+00   0.000000000000000E+00
   7.303773139000000E-01   3.554287693400000E+00   3.225474599600000E-01   1.115331369600000E+00   5.227468703700000E-01   0.000000000000000E+00   0.000000000000000E+00   0.000000000000000E+00   0.000000000000000E+00
   7.357111984800000E-01   3.554568568900000E+00   3.225483854200000E-01   1.094626146700000E+00   5.745832000000000E-01   0.000000000000000E+00   0.000000000000000E+00   0.000000000000000E+00   0.000000000000000E+00
   7.410450830500001E-01   3.554423881600000E+00   3.225479086900000E-01   1.105291973000000E+00   5.478809098200000E-01   0.000000000000000E+00   0.000000000000000E+00   0.000000000000000E+00   0.000000000000000E+00
   7.463789676200000E-01   3.554568564600000E+00   3.225483854000000E-01   1.094626502800000E+00   5.745822942700000E-01   0.000000000000000E+00   0.000000000000000E+00   0.000000000000000E+00   0.000000000000000E+00
   7.517128521899999E-01   3.554287721200000E+00   3.225474600400000E-01   1.115329090900000E+00   5.227526670400000E-01   0.000000000000000E+00   0.000000000000000E+00   0.000000000000000E+00   0.000000000000000E+00
   7.581204406399999E-01   3.554568561200000E+00   3.225483853900000E-01   1.094626780000000E+00   5.745815889500000E-01   0.000000000000000E+00   0.000000000000000E+00   0.000000000000000E+00   0.000000000000000E+00
   7.645280290899999E-01   3.554423891100000E+00   3.225479087100000E-01   1.105291190100000E+00   5.478829013299999E-01   0.000000000000000E+00   0.000000000000000E+00   0.000000000000000E+00   0.000000000000000E+00
   7.709356175300000E-01   3.554568557600000E+00   3.225483853800000E-01   1.094627076400000E+00   5.745808350800000E-01   0.000000000000000E+00   0.000000000000000E+00   0.000000000000000E+00   0.000000000000000E+00
   7.773432059800000E-01   3.554287744300000E+00   3.225474601200000E-01   1.115327194300000E+00   5.227574918100000E-01   0.000000000000000E+00   0.000000000000000E+00   0.000000000000000E+00   0.000000000000000E+00
   7.837075627000000E-01   3.554568554500000E+00   3.225483853700000E-01   1.094627329100000E+00   5.745801921500000E-01   0.000000000000000E+00   0.000000000000000E+00   0.000000000000000E+00   0.000000000000000E+00
   7.900719194200000E-01   3.554423899800000E+00   3.225479087400000E-01   1.105290476600000E+00   5.478847166700000E-01   0.000000000000000E+00   0.000000000000000E+00   0.000000000000000E+00   0.000000000000000E+00
   7.964362761400000E-01   3.554568550900000E+00   3.225483853600000E-01   1.094627627400000E+00   5.745794332400000E-01   0.000000000000000E+00   0.000000000000000E+00   0.000000000000000E+00   0.000000000000000E+00
   8.028006328600000E-01   3.554287767600000E+00   3.225474601900000E-01   1.115325285200000E+00   5.227623488399999E-01   0.000000000000000E+00   0.000000000000000E+00   0.000000000000000E+00   0.000000000000000E+00
   8.075553328200000E-01   3.554568547200000E+00   3.225483853500000E-01   1.094627923800000E+00   5.745786790100000E-01   0.000000000000000E+00   0.000000000000000E+00   0.000000000000000E+00   0.000000000000000E+00
   8.123100327900000E-01   3.554423910000000E+00   3.225479087700000E-01   1.105289639500000E+00   5.478868462299999E-01   0.000000000000000E+00   0.000000000000000E+00   0.000000000000000E+00   0.000000000000000E+00
   8.170647327500000E-01   3.554568542400000E+00   3.225483853400000E-01   1.094628323100000E+00   5.745776633000000E-01   0.000000000000000E+00   0.000000000000000E+00   0.000000000000000E+00   0.000000000000000E+00
   8.218194327100000E-01   3.554287798700000E+00   3.225474602800000E-01   1.115322730200000E+00   5.227688493600000E-01   0.000000000000000E+00   0.000000000000000E+00   0.000000000000000E+00   0.000000000000000E+00
   8.249373435400000E-01   3.554568537200000E+00   3.225483853200000E-01   1.094628751400000E+00   5.745765734000000E-01   0.000000000000000E+00   0.000000000000000E+00   0.000000000000000E+00   0.000000000000000E+00
   8.280552543600000E-01   3.554423924700000E+00   3.225479088200000E-01   1.105288430100000E+00   5.478899235200000E-01   0.000000000000000E+00   0.000000000000000E+00   0.000000000000000E+00   0.000000000000000E+00
   8.311731651900000E-01   3.554568529800000E+00   3.225483853000000E-01   1.094629360100000E+00   5.745750247600000E-01   0.000000000000000E+00   0.000000000000000E+00   0.000000000000000E+00   0.000000000000000E+00
   8.342910760100000E-01   3.554287846100000E+00   3.225474604300000E-01   1.115318834900000E+00   5.227787606400000E-01   0.000000000000000E+00   0.000000000000000E+00   0.000000000000000E+00   0.000000000000000E+00
   8.382211993000001E-01   3.554568524100000E+00   3.225483852800000E-01   1.094629823900000E+00   5.745738445800000E-01   0.000000000000000E+00   0.000000000000000E+00   0.000000000000000E+00   0.000000000000000E+00
   8.421513225800000E-01   3.554423940700000E+00   3.225479088700000E-01   1.105287120500000E+00   5.478932558600000E-01   0.000000000000000E+00   0.000000000000000E+00   0.000000000000000E+00   0.000000000000000E+00
   8.460814458700000E-01   3.554568518300000E+00   3.225483852600000E-01   1.094630306600000E+00   5.745726162300000E-01   0.000000000000000E+00   0.000000000000000E+00   0.000000000000000E+00   0.000000000000000E+00
   8.500115691600000E-01   3.554287883600000E+00   3.225474605500000E-01   1.115315745600000E+00   5.227866221000000E-01   0.000000000000000E+00   0.000000000000000E+00   0.000000000000000E+00   0.000000000000000E+00
   8.542935235000000E-01   3.554568513500000E+00   3.225483852500000E-01   1.094630700000000E+00   5.745716151100000E-01   0.000000000000000E+00   0.000000000000000E+00   0.000000000000000E+00   0.000000000000000E+00
   8.585754778400000E-01   3.554423954200000E+00   3.225479089100000E-01   1.105286009700000E+00   5.478960825600000E-01   0.000000000000000E+00   0.000000000000000E+00   0.000000000000000E+00   0.000000000000000E+00
   8.628574321800000E-01   3.554568508100000E+00   3.225483852300000E-01   1.094631142900000E+00   5.745704878700000E-01   0.000000000000000E+00   0.000000000000000E+00   0.000000000000000E+00   0.000000000000000E+00
   8.671393865200000E-01   3.554287918100000E+00   3.225474606500000E-01   1.115312910700000E+00   5.227938364200000E-01   0.000000000000000E+00   0.000000000000000E+00   0.000000000000000E+00   0.000000000000000E+00
   8.702932004400000E-01   3.554568502700000E+00   3.225483852100000E-01   1.094631586700000E+00   5.745693584300000E-01   0.000000000000000E+00   0.000000000000000E+00   0.000000000000000E+00   0.000000000000000E+00
   8.734470143500001E-01   3.554423969400000E+00   3.225479089600000E-01   1.105284756700000E+00   5.478992715100000E-01   0.000000000000000E+00   0.000000000000000E+00   0.000000000000000E+00   0.000000000000000E+00
   8.766008282600000E-01   3.554568495400000E+00   3.225483851900000E-01   1.094632187900000E+00   5.745678282500000E-01   0.000000000000000E+00   0.000000000000000E+00   0.000000000000000E+00   0.000000000000000E+00
   8.797546421700000E-01   3.554287964800000E+00   3.225474608000000E-01   1.115309062900000E+00   5.228036295400000E-01   0.000000000000000E+00   0.000000000000000E+00   0.000000000000000E+00   0.000000000000000E+00
   8.824142037000000E-01   3.554568488600000E+00   3.225483851700000E-01   1.094632746400000E+00   5.745664068900000E-01   0.000000000000000E+00   0.000000000000000E+00   0.000000000000000E+00   0.000000000000000E+00
   8.850737652300000E-01   3.554423988500000E+00   3.225479090200000E-01   1.105283179900000E+00   5.479032847100000E-01   0.000000000000000E+00   0.000000000000000E+00   0.000000000000000E+00   0.000000000000000E+00
   8.877333267600001E-01   3.554568480000000E+00   3.225483851400000E-01   1.094633459100000E+00   5.745645927700000E-01   0.000000000000000E+00   0.000000000000000E+00   0.000000000000000E+00   0.000000000000000E+00
   8.903928882900000E-01   3.554288020100000E+00   3.225474609700000E-01   1.115304501600000E+00   5.228152399000000E-01   0.000000000000000E+00   0.000000000000000E+00   0.000000000000000E+00   0.000000000000000E+00
   8.925607042300000E-01   3.554568471800000E+00   3.225483851200000E-01   1.094634133500000E+00   5.745628760700000E-01   0.000000000000000E+00   0.000000000000000E+00   0.000000000000000E+00   0.000000000000000E+00
   8.947285201800000E-01   3.554424011600000E+00   3.225479090900000E-01   1.105281275800000E+00   5.479081317500000E-01   0.000000000000000E+00   0.000000000000000E+00   0.000000000000000E+00   0.000000000000000E+00
   8.968963361200000E-01   3.554568461200000E+00   3.225483850900000E-01   1.094635007500000E+00   5.745606510700000E-01   0.000000000000000E+00   0.000000000000000E+00   0.000000000000000E+00   0.000000000000000E+00
   8.990641520700000E-01   3.554288087900000E+00   3.225474611800000E-01   1.115298908000000E+00   5.228294799300000E-01   0.000000000000000E+00   0.000000000000000E+00   0.000000000000000E+00   0.000000000000000E+00
   9.014564101700000E-01   3.554568452600000E+00   3.225483850600000E-01   1.094635715400000E+00   5.745588488200000E-01   0.000000000000000E+00   0.000000000000000E+00   0.000000000000000E+00   0.000000000000000E+00
   9.038486682600000E-01   3.554424035800000E+00   3.225479091600000E-01   1.105279277100000E+00   5.479132205000000E-01   0.000000000000000E+00   0.000000000000000E+00   0.000000000000000E+00   0.000000000000000E+00
   9.062409263600000E-01   3.554568443000000E+00   3.225483850300000E-01   1.094636507000000E+00   5.745568331599999E-01   0.000000000000000E+00   0.000000000000000E+00   0.000000000000000E+00   0.000000000000000E+00
   9.086331844600000E-01   3.554288149300000E+00   3.225474613700000E-01   1.115293841400000E+00   5.228423801500000E-01   0.000000000000000E+00   0.000000000000000E+00   0.000000000000000E+00   0.000000000000000E+00
   9.110278888900000E-01   3.554568434900000E+00   3.225483850000000E-01   1.094637179400000E+00   5.745551209700001E-01   0.000000000000000E+00   0.000000000000000E+00   0.000000000000000E+00   0.000000000000000E+00
   9.134225933300000E-01   3.554424058800000E+00   3.225479092300000E-01   1.105277378500000E+00   5.479180549300000E-01   0.000000000000000E+00   0.000000000000000E+00   0.000000000000000E+00   0.000000000000000E+00
   9.158172977600000E-01   3.554568425300000E+00   3.225483849700000E-01   1.094637969900000E+00   5.745531079300000E-01   0.000000000000000E+00   0.000000000000000E+00   0.000000000000000E+00   0.000000000000000E+00
   9.182120021900000E-01   3.554288210500000E+00   3.225474615600000E-01   1.115288782100000E+00   5.228552635700000E-01   0.000000000000000E+00   0.000000000000000E+00   0.000000000000000E+00   0.000000000000000E+00
   9.201723410900000E-01   3.554568416300000E+00   3.225483849500000E-01   1.094638716200000E+00   5.745512075300000E-01   0.000000000000000E+00   0.000000000000000E+00   0.000000000000000E+00   0.000000000000000E+00
   9.221326799900000E-01   3.554424084300000E+00   3.225479093100000E-01   1.105275271500000E+00   5.479234206600000E-01   0.000000000000000E+00   0.000000000000000E+00   0.000000000000000E+00   0.000000000000000E+00
   9.240930188900000E-01   3.554568404700000E+00   3.225483849100000E-01   1.094639681400000E+00   5.745487492200000E-01   0.000000000000000E+00   0.000000000000000E+00   0.000000000000000E+00   0.000000000000000E+00
   9.260533578000000E-01   3.554288285100000E+00   3.225474617900000E-01   1.115282604800000E+00   5.228709967700000E-01   0.000000000000000E+00   0.000000000000000E+00   0.000000000000000E+00   0.000000000000000E+00
   9.278460218000000E-01   3.554568394300000E+00   3.225483848800000E-01   1.094640540000000E+00   5.745465622900000E-01   0.000000000000000E+00   0.000000000000000E+00   0.000000000000000E+00   0.000000000000000E+00
   9.296386858100000E-01   3.554424113500000E+00   3.225479094000000E-01   1.105272847300000E+00   5.479295954400000E-01   0.000000000000000E+00   0.000000000000000E+00   0.000000000000000E+00   0.000000000000000E+00
   9.314313498100000E-01   3.554568381600000E+00   3.225483848400000E-01   1.094641594900000E+00   5.745438750000000E-01   0.000000000000000E+00   0.000000000000000E+00   0.000000000000000E+00   0.000000000000000E+00
   9.332240138200000E-01   3.554288366600000E+00   3.225474620400000E-01   1.115275853200000E+00   5.228881954100000E-01   0.000000000000000E+00   0.000000000000000E+00   0.000000000000000E+00   0.000000000000000E+00
   9.348096165100001E-01   3.554568370100000E+00   3.225483848000000E-01   1.094642549900000E+00   5.745414420900000E-01   0.000000000000000E+00   0.000000000000000E+00   0.000000000000000E+00   0.000000000000000E+00
   9.363952191900000E-01   3.554424146000000E+00   3.225479095000000E-01   1.105270151000000E+00   5.479364647100000E-01   0.000000000000000E+00   0.000000000000000E+00   0.000000000000000E+00   0.000000000000000E+00
   9.379808218800000E-01   3.554568355700000E+00   3.225483847600000E-01   1.094643741800000E+00   5.745384050800000E-01   0.000000000000000E+00   0.000000000000000E+00   0.000000000000000E+00   0.000000000000000E+00
   9.395664245599999E-01   3.554288458500000E+00   3.225474623200000E-01   1.115268224700000E+00   5.229076322800000E-01   0.000000000000000E+00   0.000000000000000E+00   0.000000000000000E+00   0.000000000000000E+00
   9.408688590199999E-01   3.554568342200000E+00   3.225483847200000E-01   1.094644864800000E+00   5.745355435500000E-01   0.000000000000000E+00   0.000000000000000E+00   0.000000000000000E+00   0.000000000000000E+00
   9.421712934799999E-01   3.554424184200000E+00   3.225479096200000E-01   1.105266980400000E+00   5.479445440500000E-01   0.000000000000000E+00   0.000000000000000E+00   0.000000000000000E+00   0.000000000000000E+00
   9.434737279400000E-01   3.554568324700000E+00   3.225483846600000E-01   1.094646314900000E+00   5.745318479700000E-01   0.000000000000000E+00   0.000000000000000E+00   0.000000000000000E+00   0.000000000000000E+00
   9.447761624000000E-01   3.554288570100000E+00   3.225474626600000E-01   1.115258944100000E+00   5.229312839700000E-01   0.000000000000000E+00   0.000000000000000E+00   0.000000000000000E+00   0.000000000000000E+00
   9.458864479600000E-01   3.554568308600000E+00   3.225483846200000E-01   1.094647653600000E+00   5.745284357300000E-01   0.000000000000000E+00   0.000000000000000E+00   0.000000000000000E+00   0.000000000000000E+00
   9.469967335100000E-01   3.554424229600000E+00   3.225479097600000E-01   1.105263200600000E+00   5.479541783000000E-01   0.000000000000000E+00   0.000000000000000E+00   0.000000000000000E+00   0.000000000000000E+00
   9.481070190699999E-01   3.554568288300000E+00   3.225483845500000E-01   1.094649353200000E+00   5.745241030000000E-01   0.000000000000000E+00   0.000000000000000E+00   0.000000000000000E+00   0.000000000000000E+00
   9.492173046300000E-01   3.554288700600000E+00   3.225474630700000E-01   1.115248066800000E+00   5.229590134800000E-01   0.000000000000000E+00   0.000000000000000E+00   0.000000000000000E+00   0.000000000000000E+00
   9.502542661700000E-01   3.554568270300000E+00   3.225483845000000E-01   1.094650848300000E+00   5.745202910700000E-01   0.000000000000000E+00   0.000000000000000E+00   0.000000000000000E+00   0.000000000000000E+00
   9.512912277100000E-01   3.554424280200000E+00   3.225479099100000E-01   1.105258979400000E+00   5.479649412099999E-01   0.000000000000000E+00   0.000000000000000E+00   0.000000000000000E+00   0.000000000000000E+00
   9.523281892500000E-01   3.554568248600000E+00   3.225483844300000E-01   1.094652666300000E+00   5.745156548300000E-01   0.000000000000000E+00   0.000000000000000E+00   0.000000000000000E+00   0.000000000000000E+00
   9.533651507899999E-01   3.554288839900000E+00   3.225474634900000E-01   1.115236431600000E+00   5.229886854000000E-01   0.000000000000000E+00   0.000000000000000E+00   0.000000000000000E+00   0.000000000000000E+00
   9.542304588100000E-01   3.554568228300000E+00   3.225483843700000E-01   1.094654364100000E+00   5.745113244300000E-01   0.000000000000000E+00   0.000000000000000E+00   0.000000000000000E+00   0.000000000000000E+00
   9.550957668200000E-01   3.554424337500000E+00   3.225479100900000E-01   1.105254186000000E+00   5.479771676500000E-01   0.000000000000000E+00   0.000000000000000E+00   0.000000000000000E+00   0.000000000000000E+00
   9.559610748300000E-01   3.554568202300000E+00   3.225483842900000E-01   1.094656540400000E+00   5.745057723900000E-01   0.000000000000000E+00   0.000000000000000E+00   0.000000000000000E+00   0.000000000000000E+00
   9.568263828500000E-01   3.554289006100000E+00   3.225474640000000E-01   1.115222503500000E+00   5.230242185000000E-01   0.000000000000000E+00   0.000000000000000E+00   0.000000000000000E+00   0.000000000000000E+00
   9.576711664599999E-01   3.554568180000000E+00   3.225483842200000E-01   1.094658411500000E+00   5.745009976200000E-01   0.000000000000000E+00   0.000000000000000E+00   0.000000000000000E+00   0.000000000000000E+00
   9.585159500700000E-01   3.554424400500000E+00   3.225479102800000E-01   1.105248902700000E+00   5.479906492400000E-01   0.000000000000000E+00   0.000000000000000E+00   0.000000000000000E+00   0.000000000000000E+00
   9.593607336800000E-01   3.554568153500000E+00   3.225483841400000E-01   1.094660638000000E+00   5.744953150700000E-01   0.000000000000000E+00   0.000000000000000E+00   0.000000000000000E+00   0.000000000000000E+00
   9.602055172900000E-01   3.554289175600000E+00   3.225474645200000E-01   1.115208254400000E+00   5.230605868500000E-01   0.000000000000000E+00   0.000000000000000E+00   0.000000000000000E+00   0.000000000000000E+00
   9.610521832200000E-01   3.554568131100000E+00   3.225483840700000E-01   1.094662527100000E+00   5.744904921500000E-01   0.000000000000000E+00   0.000000000000000E+00   0.000000000000000E+00   0.000000000000000E+00
   9.618988491400000E-01   3.554424463800000E+00   3.225479104800000E-01   1.105243568500000E+00   5.480042669200000E-01   0.000000000000000E+00   0.000000000000000E+00   0.000000000000000E+00   0.000000000000000E+00
   9.627455150699999E-01   3.554568104800000E+00   3.225483839900000E-01   1.094664745900000E+00   5.744848266300000E-01   0.000000000000000E+00   0.000000000000000E+00   0.000000000000000E+00   0.000000000000000E+00
   9.635921809900000E-01   3.554289343900000E+00   3.225474650300000E-01   1.115194054600000E+00   5.230968461900000E-01   0.000000000000000E+00   0.000000000000000E+00   0.000000000000000E+00   0.000000000000000E+00
   9.645864332100000E-01   3.554568084100000E+00   3.225483839300000E-01   1.094666490700000E+00   5.744803701800000E-01   0.000000000000000E+00   0.000000000000000E+00   0.000000000000000E+00   0.000000000000000E+00
   9.655806854300000E-01   3.554424522100000E+00   3.225479106500000E-01   1.105238641700000E+00   5.480168503700000E-01   0.000000000000000E+00   0.000000000000000E+00   0.000000000000000E+00   0.000000000000000E+00
   9.665749376500000E-01   3.554568061800000E+00   3.225483838600000E-01   1.094668377800000E+00   5.744755491000000E-01   0.000000000000000E+00   0.000000000000000E+00   0.000000000000000E+00   0.000000000000000E+00
   9.675691898700000E-01   3.554289486600000E+00   3.225474654600000E-01   1.115181976500000E+00   5.231277011400000E-01   0.000000000000000E+00   0.000000000000000E+00   0.000000000000000E+00   0.000000000000000E+00
   9.684264794600000E-01   3.554568041400000E+00   3.225483838000000E-01   1.094670109200000E+00   5.744711251900000E-01   0.000000000000000E+00   0.000000000000000E+00   0.000000000000000E+00   0.000000000000000E+00
   9.692837690600000E-01   3.554424579800000E+00   3.225479108300000E-01   1.105233753400000E+00   5.480293409300000E-01   0.000000000000000E+00   0.000000000000000E+00   0.000000000000000E+00   0.000000000000000E+00
   9.701410586600000E-01   3.554568015700000E+00   3.225483837200000E-01   1.094672295400000E+00   5.744655378300000E-01   0.000000000000000E+00   0.000000000000000E+00   0.000000000000000E+00   0.000000000000000E+00
   9.709983482500000E-01   3.554289651400000E+00   3.225474659600000E-01   1.115167985000000E+00   5.231634602600000E-01   0.000000000000000E+00   0.000000000000000E+00   0.000000000000000E+00   0.000000000000000E+00
   9.716770688700000E-01   3.554567990900000E+00   3.225483836500000E-01   1.094674396900000E+00   5.744601656400000E-01   0.000000000000000E+00   0.000000000000000E+00   0.000000000000000E+00   0.000000000000000E+00
   9.723557894900000E-01   3.554424649500000E+00   3.225479110400000E-01   1.105227820400000E+00   5.480445083400000E-01   0.000000000000000E+00   0.000000000000000E+00   0.000000000000000E+00   0.000000000000000E+00
   9.730345101000000E-01   3.554567958600000E+00   3.225483835500000E-01   1.094677154400000E+00   5.744531143000000E-01   0.000000000000000E+00   0.000000000000000E+00   0.000000000000000E+00   0.000000000000000E+00
   9.737132307200000E-01   3.554289858400000E+00   3.225474665900000E-01   1.115150337400000E+00   5.232085888300000E-01   0.000000000000000E+00   0.000000000000000E+00   0.000000000000000E+00   0.000000000000000E+00
   9.743419584800000E-01   3.554567930100000E+00   3.225483834600000E-01   1.094679589500000E+00   5.744468852500000E-01   0.000000000000000E+00   0.000000000000000E+00   0.000000000000000E+00   0.000000000000000E+00
   9.749706862500001E-01   3.554424730000000E+00   3.225479112800000E-01   1.105220945000000E+00   5.480620957600000E-01   0.000000000000000E+00   0.000000000000000E+00   0.000000000000000E+00   0.000000000000000E+00
   9.755994140100001E-01   3.554567895400000E+00   3.225483833600000E-01   1.094682561300000E+00   5.744392807499999E-01   0.000000000000000E+00   0.000000000000000E+00   0.000000000000000E+00   0.000000000000000E+00
   9.762281417699999E-01   3.554290080400000E+00   3.225474672600000E-01   1.115131317900000E+00   5.232572576600000E-01   0.000000000000000E+00   0.000000000000000E+00   0.000000000000000E+00   0.000000000000000E+00
   9.767789269100000E-01   3.554567863900000E+00   3.225483832600000E-01   1.094685263900000E+00   5.744323629000000E-01   0.000000000000000E+00   0.000000000000000E+00   0.000000000000000E+00   0.000000000000000E+00
   9.773297120500000E-01   3.554424818800000E+00   3.225479115500000E-01   1.105213315000000E+00   5.480816274500000E-01   0.000000000000000E+00   0.000000000000000E+00   0.000000000000000E+00   0.000000000000000E+00
   9.778804971900000E-01   3.554567824600000E+00   3.225483831400000E-01   1.094688649900000E+00   5.744236917500000E-01   0.000000000000000E+00   0.000000000000000E+00   0.000000000000000E+00   0.000000000000000E+00
   9.784312823200000E-01   3.554290331800000E+00   3.225474680200000E-01   1.115109647300000E+00   5.233127531100000E-01   0.000000000000000E+00   0.000000000000000E+00   0.000000000000000E+00   0.000000000000000E+00
   9.789254783000000E-01   3.554567789500000E+00   3.225483830400000E-01   1.094691689900000E+00   5.744159035800001E-01   0.000000000000000E+00   0.000000000000000E+00   0.000000000000000E+00   0.000000000000000E+00
   9.794196742800000E-01   3.554424918000000E+00   3.225479118500000E-01   1.105204732200000E+00   5.481036164899999E-01   0.000000000000000E+00   0.000000000000000E+00   0.000000000000000E+00   0.000000000000000E+00
   9.799138702600000E-01   3.554567746100000E+00   3.225483829100000E-01   1.094695455700000E+00   5.744062513200000E-01   0.000000000000000E+00   0.000000000000000E+00   0.000000000000000E+00   0.000000000000000E+00
   9.804080662300000E-01   3.554290609600000E+00   3.225474688500000E-01   1.115085546300000E+00   5.233745277300000E-01   0.000000000000000E+00   0.000000000000000E+00   0.000000000000000E+00   0.000000000000000E+00
   9.808496242100000E-01   3.554567707200000E+00   3.225483827900000E-01   1.094698843800000E+00   5.743975631500000E-01   0.000000000000000E+00   0.000000000000000E+00   0.000000000000000E+00   0.000000000000000E+00
   9.812911821800000E-01   3.554425027900000E+00   3.225479121700000E-01   1.105195166800000E+00   5.481281463800000E-01   0.000000000000000E+00   0.000000000000000E+00   0.000000000000000E+00   0.000000000000000E+00
   9.817327401600000E-01   3.554567659100000E+00   3.225483826500000E-01   1.094703048500000E+00   5.743867748500000E-01   0.000000000000000E+00   0.000000000000000E+00   0.000000000000000E+00   0.000000000000000E+00
   9.821742981300000E-01   3.554290917300000E+00   3.225474697600000E-01   1.115058636700000E+00   5.234435730600000E-01   0.000000000000000E+00   0.000000000000000E+00   0.000000000000000E+00   0.000000000000000E+00
   9.826627012700000E-01   3.554567620400000E+00   3.225483825400000E-01   1.094706446500000E+00   5.743780509700001E-01   0.000000000000000E+00   0.000000000000000E+00   0.000000000000000E+00   0.000000000000000E+00
   9.831511044200000E-01   3.554425137100000E+00   3.225479125000000E-01   1.105185571500000E+00   5.481527797700000E-01   0.000000000000000E+00   0.000000000000000E+00   0.000000000000000E+00   0.000000000000000E+00
   9.836395075600000E-01   3.554567577400000E+00   3.225483824100000E-01   1.094710238500000E+00   5.743683105400000E-01   0.000000000000000E+00   0.000000000000000E+00   0.000000000000000E+00   0.000000000000000E+00
   9.841279107000001E-01   3.554291192400000E+00   3.225474705700000E-01   1.115034367600000E+00   5.235059119100000E-01   0.000000000000000E+00   0.000000000000000E+00   0.000000000000000E+00   0.000000000000000E+00
   9.845407264700000E-01   3.554567537700000E+00   3.225483822900000E-01   1.094713753100000E+00   5.743592785000000E-01   0.000000000000000E+00   0.000000000000000E+00   0.000000000000000E+00   0.000000000000000E+00
   9.849535422400000E-01   3.554425249100000E+00   3.225479128300000E-01   1.105175649800000E+00   5.481782798000000E-01   0.000000000000000E+00   0.000000000000000E+00   0.000000000000000E+00   0.000000000000000E+00
   9.853663580100001E-01   3.554567487500000E+00   3.225483821400000E-01   1.094718227900000E+00   5.743477705000000E-01   0.000000000000000E+00   0.000000000000000E+00   0.000000000000000E+00   0.000000000000000E+00
   9.857791737800000E-01   3.554291514000000E+00   3.225474715200000E-01   1.115005728600000E+00   5.235795633500000E-01   0.000000000000000E+00   0.000000000000000E+00   0.000000000000000E+00   0.000000000000000E+00
   9.860517411400000E-01   3.554567434000000E+00   3.225483819900000E-01   1.094723004800000E+00   5.743354793400000E-01   0.000000000000000E+00   0.000000000000000E+00   0.000000000000000E+00   0.000000000000000E+00
   9.863243085000000E-01   3.554425399600000E+00   3.225479132700000E-01   1.105162169600000E+00   5.482129743500000E-01   0.000000000000000E+00   0.000000000000000E+00   0.000000000000000E+00   0.000000000000000E+00
   9.865968758600000E-01   3.554567359100000E+00   3.225483817700000E-01   1.094729758100000E+00   5.743180823500000E-01   0.000000000000000E+00   0.000000000000000E+00   0.000000000000000E+00   0.000000000000000E+00
   9.868694432300000E-01   3.554291993000000E+00   3.225474729100000E-01   1.114962508100000E+00   5.236909048700000E-01   0.000000000000000E+00   0.000000000000000E+00   0.000000000000000E+00   0.000000000000000E+00
   9.871455748900000E-01   3.554567296600000E+00   3.225483815900000E-01   1.094735448700000E+00   5.743034065800000E-01   0.000000000000000E+00   0.000000000000000E+00   0.000000000000000E+00   0.000000000000000E+00
   9.874217065599999E-01   3.554425576100000E+00   3.225479137800000E-01   1.105146101600000E+00   5.482544122900000E-01   0.000000000000000E+00   0.000000000000000E+00   0.000000000000000E+00   0.000000000000000E+00
   9.876978382200000E-01   3.554567224300000E+00   3.225483813800000E-01   1.094742085700000E+00   5.742862716000000E-01   0.000000000000000E+00   0.000000000000000E+00   0.000000000000000E+00   0.000000000000000E+00
   9.879739698900000E-01   3.554292455400000E+00   3.225474742400000E-01   1.114920032200000E+00   5.238005695500000E-01   0.000000000000000E+00   0.000000000000000E+00   0.000000000000000E+00   0.000000000000000E+00
   9.882737167400000E-01   3.554567166100000E+00   3.225483812100000E-01   1.094747492400000E+00   5.742722959200000E-01   0.000000000000000E+00   0.000000000000000E+00   0.000000000000000E+00   0.000000000000000E+00
   9.885734635900000E-01   3.554425740800000E+00   3.225479142500000E-01   1.105130833600000E+00   5.482938755400000E-01   0.000000000000000E+00   0.000000000000000E+00   0.000000000000000E+00   0.000000000000000E+00
   9.888732104500000E-01   3.554567101000000E+00   3.225483810300000E-01   1.094753580200000E+00   5.742565430500000E-01   0.000000000000000E+00   0.000000000000000E+00   0.000000000000000E+00   0.000000000000000E+00
   9.891729573000000E-01   3.554292871700000E+00   3.225474754200000E-01   1.114881070800000E+00   5.239013886000000E-01   0.000000000000000E+00   0.000000000000000E+00   0.000000000000000E+00   0.000000000000000E+00
   9.894421062099999E-01   3.554567043200000E+00   3.225483808700000E-01   1.094759038000000E+00   5.742424049400000E-01   0.000000000000000E+00   0.000000000000000E+00   0.000000000000000E+00   0.000000000000000E+00
   9.897112551300000E-01   3.554425903900000E+00   3.225479147100000E-01   1.105115426300000E+00   5.483337917100000E-01   0.000000000000000E+00   0.000000000000000E+00   0.000000000000000E+00   0.000000000000000E+00
   9.899804040400000E-01   3.554566972500000E+00   3.225483806700000E-01   1.094765787500000E+00   5.742248966400000E-01   0.000000000000000E+00   0.000000000000000E+00   0.000000000000000E+00   0.000000000000000E+00
   9.902495529499999E-01   3.554293323900000E+00   3.225474766800000E-01   1.114837874400000E+00   5.240134426200000E-01   0.000000000000000E+00   0.000000000000000E+00   0.000000000000000E+00   0.000000000000000E+00
   9.905873550099999E-01   3.554566919400000E+00   3.225483805200000E-01   1.094770928100000E+00   5.742115418800000E-01   0.000000000000000E+00   0.000000000000000E+00   0.000000000000000E+00   0.000000000000000E+00
   9.909251570800000E-01   3.554426054200000E+00   3.225479151200000E-01   1.105100906300000E+00   5.483715052900000E-01   0.000000000000000E+00   0.000000000000000E+00   0.000000000000000E+00   0.000000000000000E+00
   9.912629591400000E-01   3.554566864600000E+00   3.225483803700000E-01   1.094776282400000E+00   5.741976178400000E-01   0.000000000000000E+00   0.000000000000000E+00   0.000000000000000E+00   0.000000000000000E+00
   9.916007612000000E-01   3.554293674700000E+00   3.225474776400000E-01   1.114803607400000E+00   5.241025570000000E-01   0.000000000000000E+00   0.000000000000000E+00   0.000000000000000E+00   0.000000000000000E+00
   9.917709872100000E-01   3.554566795400000E+00   3.225483801900000E-01   1.094783065600000E+00   5.741799655499999E-01   0.000000000000000E+00   0.000000000000000E+00   0.000000000000000E+00   0.000000000000000E+00
   9.919412132300000E-01   3.554426247500000E+00   3.225479156400000E-01   1.105081782200000E+00   5.484213175700000E-01   0.000000000000000E+00   0.000000000000000E+00   0.000000000000000E+00   0.000000000000000E+00
   9.921114392400000E-01   3.554566690400000E+00   3.225483799100000E-01   1.094793627600000E+00   5.741524006700000E-01   0.000000000000000E+00   0.000000000000000E+00   0.000000000000000E+00   0.000000000000000E+00
   9.922816652599999E-01   3.554294345400000E+00   3.225474794200000E-01   1.114736014200000E+00   5.242789762900000E-01   0.000000000000000E+00   0.000000000000000E+00   0.000000000000000E+00   0.000000000000000E+00
   9.924551389100000E-01   3.554566604700000E+00   3.225483796800000E-01   1.094802484100000E+00   5.741292256000000E-01   0.000000000000000E+00   0.000000000000000E+00   0.000000000000000E+00   0.000000000000000E+00
   9.926286125500000E-01   3.554426489900000E+00   3.225479162700000E-01   1.105056774500000E+00   5.484867548500000E-01   0.000000000000000E+00   0.000000000000000E+00   0.000000000000000E+00   0.000000000000000E+00
   9.928020862000000E-01   3.554566507400000E+00   3.225483794300000E-01   1.094812762700000E+00   5.741022580800000E-01   0.000000000000000E+00   0.000000000000000E+00   0.000000000000000E+00   0.000000000000000E+00
   9.929755598500000E-01   3.554294966800000E+00   3.225474810000000E-01   1.114670234800000E+00   5.244515725500000E-01   0.000000000000000E+00   0.000000000000000E+00   0.000000000000000E+00   0.000000000000000E+00
   9.931450517600000E-01   3.554566426600000E+00   3.225483792300000E-01   1.094821564400000E+00   5.740790989400000E-01   0.000000000000000E+00   0.000000000000000E+00   0.000000000000000E+00   0.000000000000000E+00
   9.933145436800001E-01   3.554426718200000E+00   3.225479168400000E-01   1.105031925000000E+00   5.485521442400000E-01   0.000000000000000E+00   0.000000000000000E+00   0.000000000000000E+00   0.000000000000000E+00
   9.934840355900000E-01   3.554566333500000E+00   3.225483790100000E-01   1.094831992000000E+00   5.740515760900000E-01   0.000000000000000E+00   0.000000000000000E+00   0.000000000000000E+00   0.000000000000000E+00
   9.936535275100000E-01   3.554295561300000E+00   3.225474824200000E-01   1.114603502300000E+00   5.246277236800000E-01   0.000000000000000E+00   0.000000000000000E+00   0.000000000000000E+00   0.000000000000000E+00
   9.938212475600000E-01   3.554566257300000E+00   3.225483788300000E-01   1.094840860700000E+00   5.740280896100000E-01   0.000000000000000E+00   0.000000000000000E+00   0.000000000000000E+00   0.000000000000000E+00
   9.939889676100000E-01   3.554426933800000E+00   3.225479173400000E-01   1.105006885600000E+00   5.486184589200001E-01   0.000000000000000E+00   0.000000000000000E+00   0.000000000000000E+00   0.000000000000000E+00
   9.941566876600000E-01   3.554566170600000E+00   3.225483786400000E-01   1.094851298100000E+00   5.740003502600000E-01   0.000000000000000E+00   0.000000000000000E+00   0.000000000000000E+00   0.000000000000000E+00
   9.943244077100000E-01   3.554296114500000E+00   3.225474836400000E-01   1.114536707600000E+00   5.248052609300000E-01   0.000000000000000E+00   0.000000000000000E+00   0.000000000000000E+00   0.000000000000000E+00
   9.945300907600000E-01   3.554566107400000E+00   3.225483785100000E-01   1.094859307200000E+00   5.739789762600001E-01   0.000000000000000E+00   0.000000000000000E+00   0.000000000000000E+00   0.000000000000000E+00
   9.947357738000000E-01   3.554427113900000E+00   3.225479177100000E-01   1.104984256000000E+00   5.486788198300000E-01   0.000000000000000E+00   0.000000000000000E+00   0.000000000000000E+00   0.000000000000000E+00
   9.949414568500000E-01   3.554566042900000E+00   3.225483783900000E-01   1.094867739000000E+00   5.739564070199999E-01   0.000000000000000E+00   0.000000000000000E+00   0.000000000000000E+00   0.000000000000000E+00
   9.951471399000000E-01   3.554296526000000E+00   3.225474844400000E-01   1.114482747300000E+00   5.249497074700000E-01   0.000000000000000E+00   0.000000000000000E+00   0.000000000000000E+00   0.000000000000000E+00
   9.952697180200000E-01   3.554565972000000E+00   3.225483782500000E-01   1.094877305100000E+00   5.739307377300000E-01   0.000000000000000E+00   0.000000000000000E+00   0.000000000000000E+00   0.000000000000000E+00
   9.953922961300000E-01   3.554427308900000E+00   3.225479180600000E-01   1.104957308500000E+00   5.487512657800000E-01   0.000000000000000E+00   0.000000000000000E+00   0.000000000000000E+00   0.000000000000000E+00
   9.955148742500000E-01   3.554565877200000E+00   3.225483781100000E-01   1.094891284400000E+00   5.738929585800000E-01   0.000000000000000E+00   0.000000000000000E+00   0.000000000000000E+00   0.000000000000000E+00
   9.956374523700000E-01   3.554297128400000E+00   3.225474853700000E-01   1.114393294600000E+00   5.251915108400000E-01   0.000000000000000E+00   0.000000000000000E+00   0.000000000000000E+00   0.000000000000000E+00
   9.957548572500000E-01   3.554565803700000E+00   3.225483780200000E-01   1.094903331900000E+00   5.738601806100000E-01   0.000000000000000E+00   0.000000000000000E+00   0.000000000000000E+00   0.000000000000000E+00
   9.958722621400000E-01   3.554427516300000E+00   3.225479183000000E-01   1.104923304400000E+00   5.488438144700000E-01   0.000000000000000E+00   0.000000000000000E+00   0.000000000000000E+00   0.000000000000000E+00
   9.959896670200000E-01   3.554565725700000E+00   3.225483779600000E-01   1.094917680400000E+00   5.738208363900000E-01   0.000000000000000E+00   0.000000000000000E+00   0.000000000000000E+00   0.000000000000000E+00
   9.961070719000000E-01   3.554297622000000E+00   3.225474857000000E-01   1.114301484700000E+00   5.254433357400000E-01   0.000000000000000E+00   0.000000000000000E+00   0.000000000000000E+00   0.000000000000000E+00
   9.962449801000000E-01   3.554565675400000E+00   3.225483779700000E-01   1.094928855600000E+00   5.737899123400000E-01   0.000000000000000E+00   0.000000000000000E+00   0.000000000000000E+00   0.000000000000000E+00
   9.963828883000000E-01   3.554427662400000E+00   3.225479183000000E-01   1.104891719100000E+00   5.489311414800000E-01   0.000000000000000E+00   0.000000000000000E+00   0.000000000000000E+00   0.000000000000000E+00
   9.965207965000000E-01   3.554565629000000E+00   3.225483780200000E-01   1.094940850900000E+00   5.737564752200000E-01   0.000000000000000E+00   0.000000000000000E+00   0.000000000000000E+00   0.000000000000000E+00
   9.966587047000000E-01   3.554297914600000E+00   3.225474853800000E-01   1.114224729500000E+00   5.256573494200000E-01   0.000000000000000E+00   0.000000000000000E+00   0.000000000000000E+00   0.000000000000000E+00
   9.967369265200000E-01   3.554565582900000E+00   3.225483781100000E-01   1.094954850700000E+00   5.737172277100000E-01   0.000000000000000E+00   0.000000000000000E+00   0.000000000000000E+00   0.000000000000000E+00
   9.968151483400000E-01   3.554427771600000E+00   3.225479179300000E-01   1.104852411100000E+00   5.490419374000000E-01   0.000000000000000E+00   0.000000000000000E+00   0.000000000000000E+00   0.000000000000000E+00
   9.968933701600000E-01   3.554565552300000E+00   3.225483784400000E-01   1.094975453600000E+00   5.736583502900000E-01   0.000000000000000E+00   0.000000000000000E+00   0.000000000000000E+00   0.000000000000000E+00
   9.969715919700000E-01   3.554298092800000E+00   3.225474831900000E-01   1.114092966700000E+00   5.260342649300001E-01   0.000000000000000E+00   0.000000000000000E+00   0.000000000000000E+00   0.000000000000000E+00
   9.970788284200000E-01   3.554565563800000E+00   3.225483788400000E-01   1.094990271900000E+00   5.736150697000000E-01   0.000000000000000E+00   0.000000000000000E+00   0.000000000000000E+00   0.000000000000000E+00
   9.971860648600001E-01   3.554427757700000E+00   3.225479168700000E-01   1.104810411100000E+00   5.491641470300000E-01   0.000000000000000E+00   0.000000000000000E+00   0.000000000000000E+00   0.000000000000000E+00
   9.972933013100000E-01   3.554565593700000E+00   3.225483793300000E-01   1.095004783400000E+00   5.735721007300000E-01   0.000000000000000E+00   0.000000000000000E+00   0.000000000000000E+00   0.000000000000000E+00
   9.974005377500000E-01   3.554297892000000E+00   3.225474800100000E-01   1.114000139800000E+00   5.263093148700000E-01   0.000000000000000E+00   0.000000000000000E+00   0.000000000000000E+00   0.000000000000000E+00
   9.974788166800000E-01   3.554565646000000E+00   3.225483799300000E-01   1.095019193600000E+00   5.735287939100000E-01   0.000000000000000E+00   0.000000000000000E+00   0.000000000000000E+00   0.000000000000000E+00
   9.975570956100001E-01   3.554427587600000E+00   3.225479150700000E-01   1.104769939700000E+00   5.492864773200000E-01   0.000000000000000E+00   0.000000000000000E+00   0.000000000000000E+00   0.000000000000000E+00
   9.976353745300000E-01   3.554565773300000E+00   3.225483810200000E-01   1.095038252800000E+00   5.734697837900000E-01   0.000000000000000E+00   0.000000000000000E+00   0.000000000000000E+00   0.000000000000000E+00
   9.977136534600000E-01   3.554297053100000E+00   3.225474729600000E-01   1.113878309300000E+00   5.266871311300000E-01   0.000000000000000E+00   0.000000000000000E+00   0.000000000000000E+00   0.000000000000000E+00
   9.977837652100000E-01   3.554565940300000E+00   3.225483822400000E-01   1.095054928000000E+00   5.734165680700000E-01   0.000000000000000E+00   0.000000000000000E+00   0.000000000000000E+00   0.000000000000000E+00
   9.978538769700001E-01   3.554427098900000E+00   3.225479115300000E-01   1.104723023800000E+00   5.494368142200000E-01   0.000000000000000E+00   0.000000000000000E+00   0.000000000000000E+00   0.000000000000000E+00
   9.979239887300000E-01   3.554566233300000E+00   3.225483841800000E-01   1.095074844900000E+00   5.733502387700000E-01   0.000000000000000E+00   0.000000000000000E+00   0.000000000000000E+00   0.000000000000000E+00
   9.979941004900000E-01   3.554295142200000E+00   3.225474604000000E-01   1.113751107700000E+00   5.271119079100000E-01   0.000000000000000E+00   0.000000000000000E+00   0.000000000000000E+00   0.000000000000000E+00
   9.980584190000000E-01   3.554566584800000E+00   3.225483863500000E-01   1.095091803000000E+00   5.732909982100000E-01   0.000000000000000E+00   0.000000000000000E+00   0.000000000000000E+00   0.000000000000000E+00
   9.981227375200000E-01   3.554426125800000E+00   3.225479055600000E-01   1.104675346400000E+00   5.496041998200000E-01   0.000000000000000E+00   0.000000000000000E+00   0.000000000000000E+00   0.000000000000000E+00
   9.981870560300000E-01   3.554567220000000E+00   3.225483900900000E-01   1.095111412400000E+00   5.732176836500000E-01   0.000000000000000E+00   0.000000000000000E+00   0.000000000000000E+00   0.000000000000000E+00
   9.982513745500000E-01   3.554291830400000E+00   3.225474412400000E-01   1.113625716200000E+00   5.275811498700000E-01   0.000000000000000E+00   0.000000000000000E+00   0.000000000000000E+00   0.000000000000000E+00
   9.982895263600000E-01   3.554568600300000E+00   3.225483982700000E-01   1.095132559300000E+00   5.731331777499999E-01   0.000000000000000E+00   0.000000000000000E+00   0.000000000000000E+00   0.000000000000000E+00
   9.983276781800000E-01   3.554425181600000E+00   3.225479013000000E-01   1.104616864300000E+00   5.498427529900000E-01   0.000000000000000E+00   0.000000000000000E+00   0.000000000000000E+00   0.000000000000000E+00
   9.983658300000000E-01   3.554572918000000E+00   3.225484237200000E-01   1.095158071900000E+00   5.730043759600000E-01   0.000000000000000E+00   0.000000000000000E+00   0.000000000000000E+00   0.000000000000000E+00
   9.984039818200000E-01   3.554287299300000E+00   3.225474229600000E-01   1.113455515400000E+00   5.283961933900000E-01   0.000000000000000E+00   0.000000000000000E+00   0.000000000000000E+00   0.000000000000000E+00
   9.984385101700000E-01   3.554586362300000E+00   3.225485053400000E-01   1.095172147100000E+00   5.728809007900000E-01   0.000000000000000E+00   0.000000000000000E+00   0.000000000000000E+00   0.000000000000000E+00
   9.984730385200000E-01   3.554446764300000E+00   3.225480422000000E-01   1.104553230900000E+00   5.501611884299999E-01   0.000000000000000E+00   0.000000000000000E+00   0.000000000000000E+00   0.000000000000000E+00
   9.985075668700000E-01   3.554634645500000E+00   3.225488019400000E-01   1.095167221100000E+00   5.727051129800000E-01   0.000000000000000E+00   0.000000000000000E+00   0.000000000000000E+00   0.000000000000000E+00
   9.985420952200000E-01   3.554374662000000E+00   3.225479955800000E-01   1.113320936500000E+00   5.293153734700000E-01   0.000000000000000E+00   0.000000000000000E+00   0.000000000000000E+00   0.000000000000000E+00
   9.985837349600000E-01   3.554861247300000E+00   3.225502086800000E-01   1.095071214300000E+00   5.724592347500000E-01   0.000000000000000E+00   0.000000000000000E+00   0.000000000000000E+00   0.000000000000000E+00
   9.986253746900000E-01   3.555056849600000E+00   3.225518570600000E-01   1.104275098600000E+00   5.501821286300000E-01   0.000000000000000E+00   0.000000000000000E+00   0.000000000000000E+00   0.000000000000000E+00
   9.986670144300001E-01   3.556088607900000E+00   3.225578495300000E-01   1.094528869100000E+00   5.716604573800000E-01   0.000000000000000E+00   0.000000000000000E+00   0.000000000000000E+00   0.000000000000000E+00
   9.987086541700000E-01   3.557732997300000E+00   3.225689722100000E-01   1.111894889100000E+00   5.284151750500000E-01   0.000000000000000E+00   0.000000000000000E+00   0.000000000000000E+00   0.000000000000000E+00
   9.987443143500000E-01   3.561844482000000E+00   3.225937497800000E-01   1.092006762700000E+00   5.684512308800000E-01   0.000000000000000E+00   0.000000000000000E+00   0.000000000000000E+00   0.000000000000000E+00
   9.987799745400000E-01   3.569226360100000E+00   3.226403125400000E-01   1.098170463300000E+00   5.430424315800000E-01   0.000000000000000E+00   0.000000000000000E+00   0.000000000000000E+00   0.000000000000000E+00
   9.988156347200000E-01   3.584734358000000E+00   3.227369370200000E-01   1.082159450900000E+00   5.563167985000000E-01   0.000000000000000E+00   0.000000000000000E+00   0.000000000000000E+00   0.000000000000000E+00
   9.988512949000000E-01   3.614720619700000E+00   3.229267527500000E-01   1.088026548400000E+00   5.004085189400000E-01   0.000000000000000E+00   0.000000000000000E+00   0.000000000000000E+00   0.000000000000000E+00
   9.988849909900001E-01   3.668725913200000E+00   3.232692823100000E-01   1.048129005600000E+00   5.156788398600000E-01   0.000000000000000E+00   0.000000000000000E+00   0.000000000000000E+00   0.000000000000000E+00
   9.989186870700000E-01   3.761695859800000E+00   3.238712026000000E-01   1.023447193600000E+00   4.557728757900000E-01   0.000000000000000E+00   0.000000000000000E+00   0.000000000000000E+00   0.000000000000000E+00
   9.989523831500000E-01   3.910736047200000E+00   3.248625304200000E-01   9.647634704900000E-01   4.225019959800000E-01   0.000000000000000E+00   0.000000000000000E+00   0.000000000000000E+00   0.000000000000000E+00
   9.989860792300000E-01   4.123520235500000E+00   3.263427029900000E-01   9.245337723300000E-01   3.230719128100000E-01   0.000000000000000E+00   0.000000000000000E+00   0.000000000000000E+00   0.000000000000000E+00
   9.990194696900000E-01   4.396061926300000E+00   3.283494558100000E-01   8.420054257200000E-01   3.018602654200000E-01   0.000000000000000E+00   0.000000000000000E+00   0.000000000000000E+00   0.000000000000000E+00
   9.990528601400001E-01   4.712836402000000E+00   3.308644607200000E-01   7.924329317200000E-01   2.309965841700000E-01   0.000000000000000E+00   0.000000000000000E+00   0.000000000000000E+00   0.000000000000000E+00
   9.990862506000000E-01   5.055623780400000E+00   3.338312933600000E-01   7.292542179800000E-01   2.087606239200000E-01   0.000000000000000E+00   0.000000000000000E+00   0.000000000000000E+00   0.000000000000000E+00
   9.991196410500000E-01   5.405384156000000E+00   3.371717044200000E-01   7.041675787400000E-01   1.392791200600000E-01   0.000000000000000E+00   0.000000000000000E+00   0.000000000000000E+00   0.000000000000000E+00
   9.991526467300000E-01   5.745720471000000E+00   3.407767345300000E-01   6.468289529900000E-01   1.517368133000000E-01   0.000000000000000E+00   0.000000000000000E+00   0.000000000000000E+00   0.000000000000000E+00
   9.991856524200000E-01   6.070512012900000E+00   3.446213819800000E-01   6.258844915100000E-01   1.137203818300000E-01   0.000000000000000E+00   0.000000000000000E+00   0.000000000000000E+00   0.000000000000000E+00
   9.992186581000000E-01   6.375611266200000E+00   3.486651764600000E-01   5.890371936800000E-01   1.174991479200000E-01   0.000000000000000E+00   0.000000000000000E+00   0.000000000000000E+00   0.000000000000000E+00
   9.992516637800000E-01   6.657513958800000E+00   3.528697262400000E-01   5.867038178400000E-01   6.930369400300000E-02   0.000000000000000E+00   0.000000000000000E+00   0.000000000000000E+00   0.000000000000000E+00
   9.992769680600000E-01   6.858503576400000E+00   3.561890367800000E-01   5.513319996800000E-01   9.782607004600000E-02   0.000000000000000E+00   0.000000000000000E+00   0.000000000000000E+00   0.000000000000000E+00
   9.993022723300000E-01   7.045362149500000E+00   3.595764640900000E-01   5.481274444899999E-01   7.284770482400001E-02   0.000000000000000E+00   0.000000000000000E+00   0.000000000000000E+00   0.000000000000000E+00
   9.993275766100000E-01   7.219467544000000E+00   3.630276008500000E-01   5.253158766600000E-01   8.549698704100001E-02   0.000000000000000E+00   0.000000000000000E+00   0.000000000000000E+00   0.000000000000000E+00
   9.993528808900000E-01   7.380506865500000E+00   3.665324491300000E-01   5.342531240000000E-01   4.523855065200000E-02   0.000000000000000E+00   0.000000000000000E+00   0.000000000000000E+00   0.000000000000000E+00
   9.993748864200001E-01   7.511596149900000E+00   3.696238127600000E-01   5.049483451100000E-01   7.659729658500000E-02   0.000000000000000E+00   0.000000000000000E+00   0.000000000000000E+00   0.000000000000000E+00
   9.993968919600000E-01   7.633711330700000E+00   3.727479970600000E-01   5.068805388299999E-01   5.516933688400000E-02   0.000000000000000E+00   0.000000000000000E+00   0.000000000000000E+00   0.000000000000000E+00
   9.994188974900000E-01   7.748288614600000E+00   3.759057169700000E-01   4.885099849400000E-01   6.987598230600001E-02   0.000000000000000E+00   0.000000000000000E+00   0.000000000000000E+00   0.000000000000000E+00
   9.994409030300000E-01   7.854942554200000E+00   3.790913703800000E-01   5.011539928199999E-01   3.264637291900000E-02   0.000000000000000E+00   0.000000000000000E+00   0.000000000000000E+00   0.000000000000000E+00
   9.994668853999999E-01   7.972826974600000E+00   3.828912975300000E-01   4.726565081500000E-01   6.384522082000001E-02   0.000000000000000E+00   0.000000000000000E+00   0.000000000000000E+00   0.000000000000000E+00
   9.994928677700000E-01   8.081387192399999E+00   3.867252498800000E-01   4.751496793400000E-01   4.351884477200000E-02   0.000000000000000E+00   0.000000000000000E+00   0.000000000000000E+00   0.000000000000000E+00
   9.995188501400000E-01   8.182293175400000E+00   3.905940792900000E-01   4.573375085000000E-01   5.840907064800000E-02   0.000000000000000E+00   0.000000000000000E+00   0.000000000000000E+00   0.000000000000000E+00
   9.995448325200000E-01   8.275375937500000E+00   3.944924904600000E-01   4.702712440400000E-01   2.241880728400000E-02   0.000000000000000E+00   0.000000000000000E+00   0.000000000000000E+00   0.000000000000000E+00
   9.995675570100000E-01   8.351975873400001E+00   3.979287558700000E-01   4.443161384400000E-01   5.408861974500000E-02   0.000000000000000E+00   0.000000000000000E+00   0.000000000000000E+00   0.000000000000000E+00
   9.995902815100000E-01   8.423390081300001E+00   4.013847188200000E-01   4.488644287700000E-01   3.514503126500000E-02   0.000000000000000E+00   0.000000000000000E+00   0.000000000000000E+00   0.000000000000000E+00
   9.996130060100000E-01   8.490881468700000E+00   4.048625794800000E-01   4.330777490400000E-01   5.055138464300000E-02   0.000000000000000E+00   0.000000000000000E+00   0.000000000000000E+00   0.000000000000000E+00
   9.996357305000000E-01   8.553940067999999E+00   4.083584304300000E-01   4.475142974400000E-01   1.605930281400000E-02   0.000000000000000E+00   0.000000000000000E+00   0.000000000000000E+00   0.000000000000000E+00
   9.996508562400001E-01   8.594461912300000E+00   4.106978915600000E-01   4.242734689700000E-01   4.789409060900000E-02   0.000000000000000E+00   0.000000000000000E+00   0.000000000000000E+00   0.000000000000000E+00
   9.996659819900000E-01   8.632970238900000E+00   4.130437686400000E-01   4.309704728900000E-01   3.019835149200000E-02   0.000000000000000E+00   0.000000000000000E+00   0.000000000000000E+00   0.000000000000000E+00
   9.996811077300000E-01   8.670405880900001E+00   4.153989012300000E-01   4.175509296600000E-01   4.588534440800000E-02   0.000000000000000E+00   0.000000000000000E+00   0.000000000000000E+00   0.000000000000000E+00
   9.996962334700000E-01   8.706001394299999E+00   4.177601223600000E-01   4.336507883900000E-01   1.306634857700000E-02   0.000000000000000E+00   0.000000000000000E+00   0.000000000000000E+00   0.000000000000000E+00
   9.997161957300000E-01   8.751827444900000E+00   4.208908227800000E-01   4.100179542000000E-01   4.376862188800000E-02   0.000000000000000E+00   0.000000000000000E+00   0.000000000000000E+00   0.000000000000000E+00
   9.997361579800000E-01   8.795113231900000E+00   4.240327872300000E-01   4.157624468900000E-01   2.640989966300000E-02   0.000000000000000E+00   0.000000000000000E+00   0.000000000000000E+00   0.000000000000000E+00
   9.997561202400000E-01   8.836849923200001E+00   4.271886693100000E-01   4.017674175000000E-01   4.155523378200000E-02   0.000000000000000E+00   0.000000000000000E+00   0.000000000000000E+00   0.000000000000000E+00
   9.997760824900001E-01   8.876346347000000E+00   4.303552721800000E-01   4.168138115500000E-01   9.363874463300000E-03   0.000000000000000E+00   0.000000000000000E+00   0.000000000000000E+00   0.000000000000000E+00
   9.997874163400000E-01   8.898546554399999E+00   4.321603435200000E-01   3.955343958700000E-01   3.990842709600000E-02   0.000000000000000E+00   0.000000000000000E+00   0.000000000000000E+00   0.000000000000000E+00
   9.997987501900000E-01   8.919758106500000E+00   4.339675828100000E-01   4.029939333500000E-01   2.355916815800000E-02   0.000000000000000E+00   0.000000000000000E+00   0.000000000000000E+00   0.000000000000000E+00
   9.998100840400000E-01   8.940816791300000E+00   4.357797895400000E-01   3.911586976400000E-01   3.870141296500000E-02   0.000000000000000E+00   0.000000000000000E+00   0.000000000000000E+00   0.000000000000000E+00
   9.998214178900000E-01   8.960940446700000E+00   4.375941338400000E-01   4.074189922000000E-01   8.149508320000000E-03   0.000000000000000E+00   0.000000000000000E+00   0.000000000000000E+00   0.000000000000000E+00
   9.998298962100000E-01   8.976248385800000E+00   4.389556976000000E-01   3.874132799900000E-01   3.767069337300000E-02   0.000000000000000E+00   0.000000000000000E+00   0.000000000000000E+00   0.000000000000000E+00
   9.998383745300000E-01   8.990847505500000E+00   4.403177064800000E-01   3.951182232900000E-01   2.215483086000000E-02   0.000000000000000E+00   0.000000000000000E+00   0.000000000000000E+00   0.000000000000000E+00
   9.998468528600000E-01   9.005528639300000E+00   4.416828684700000E-01   3.842840532800000E-01   3.675219377500000E-02   0.000000000000000E+00   0.000000000000000E+00   0.000000000000000E+00   0.000000000000000E+00
   9.998553311800000E-01   9.019530438500000E+00   4.430485022100000E-01   4.003128874700000E-01   7.818261549300000E-03   0.000000000000000E+00   0.000000000000000E+00   0.000000000000000E+00   0.000000000000000E+00
   9.998635787000000E-01   9.033528689200001E+00   4.443809450900000E-01   3.812246655200000E-01   3.589560781000000E-02   0.000000000000000E+00   0.000000000000000E+00   0.000000000000000E+00   0.000000000000000E+00
   9.998718262200000E-01   9.046878039599999E+00   4.457137375900000E-01   3.885839753000000E-01   2.116192816900000E-02   0.000000000000000E+00   0.000000000000000E+00   0.000000000000000E+00   0.000000000000000E+00
   9.998800737400000E-01   9.060332760400000E+00   4.470494670200000E-01   3.782545052600000E-01   3.504525656300000E-02   0.000000000000000E+00   0.000000000000000E+00   0.000000000000000E+00   0.000000000000000E+00
   9.998883212600000E-01   9.073165075700000E+00   4.483855787300000E-01   3.935409400100000E-01   7.568657249200000E-03   0.000000000000000E+00   0.000000000000000E+00   0.000000000000000E+00   0.000000000000000E+00
   9.998950982200000E-01   9.084088436800000E+00   4.494866462000000E-01   3.755841799700000E-01   3.428738004100000E-02   0.000000000000000E+00   0.000000000000000E+00   0.000000000000000E+00   0.000000000000000E+00
   9.999018751700000E-01   9.094464246899999E+00   4.505874900200000E-01   3.827913002700000E-01   2.040302017600000E-02   0.000000000000000E+00   0.000000000000000E+00   0.000000000000000E+00   0.000000000000000E+00
   9.999086521300000E-01   9.105006343900000E+00   4.516905694600000E-01   3.732264500400000E-01   3.356236152400000E-02   0.000000000000000E+00   0.000000000000000E+00   0.000000000000000E+00   0.000000000000000E+00
   9.999154290800000E-01   9.115023572200000E+00   4.527934762500000E-01   3.878545610200000E-01   7.766272864900000E-03   0.000000000000000E+00   0.000000000000000E+00   0.000000000000000E+00   0.000000000000000E+00
   9.999205394200000E-01   9.122971564200000E+00   4.536275918300000E-01   3.711910345600000E-01   3.292126361700000E-02   0.000000000000000E+00   0.000000000000000E+00   0.000000000000000E+00   0.000000000000000E+00
   9.999256497600000E-01   9.130455912300000E+00   4.544610208000000E-01   3.781719535500000E-01   2.001951538300000E-02   0.000000000000000E+00   0.000000000000000E+00   0.000000000000000E+00   0.000000000000000E+00
   9.999307601000000E-01   9.138143863000000E+00   4.552960670400000E-01   3.694969901100000E-01   3.229814115000000E-02   0.000000000000000E+00   0.000000000000000E+00   0.000000000000000E+00   0.000000000000000E+00
   9.999358704400000E-01   9.145391145500000E+00   4.561304961300000E-01   3.832533009700000E-01   8.534455192800000E-03   0.000000000000000E+00   0.000000000000000E+00   0.000000000000000E+00   0.000000000000000E+00
   9.999401584700000E-01   9.151880892299999E+00   4.568327643100000E-01   3.679504146200000E-01   3.173753312500000E-02   0.000000000000000E+00   0.000000000000000E+00   0.000000000000000E+00   0.000000000000000E+00
   9.999444465100000E-01   9.157959667700000E+00   4.575342406200000E-01   3.744466479100000E-01   1.992680485700000E-02   0.000000000000000E+00   0.000000000000000E+00   0.000000000000000E+00   0.000000000000000E+00
   9.999487345400000E-01   9.164241165700000E+00   4.582370449200000E-01   3.665824865700000E-01   3.116591044800000E-02   0.000000000000000E+00   0.000000000000000E+00   0.000000000000000E+00   0.000000000000000E+00
   9.999530225800000E-01   9.170135527099999E+00   4.589391346000000E-01   3.791891506500000E-01   9.572976204000000E-03   0.000000000000000E+00   0.000000000000000E+00   0.000000000000000E+00   0.000000000000000E+00
   9.999564312600000E-01   9.175196807200001E+00   4.594989851200000E-01   3.653690673800000E-01   3.065223567400000E-02   0.000000000000000E+00   0.000000000000000E+00   0.000000000000000E+00   0.000000000000000E+00
   9.999598399300000E-01   9.179898187399999E+00   4.600579811900000E-01   3.713135157800000E-01   2.003928093300000E-02   0.000000000000000E+00   0.000000000000000E+00   0.000000000000000E+00   0.000000000000000E+00
   9.999632486100000E-01   9.184794113000001E+00   4.606180382700000E-01   3.643453202300000E-01   3.011886581200000E-02   0.000000000000000E+00   0.000000000000000E+00   0.000000000000000E+00   0.000000000000000E+00
   9.999666572900000E-01   9.189356257700000E+00   4.611773289200000E-01   3.756362438500000E-01   1.095602202600000E-02   0.000000000000000E+00   0.000000000000000E+00   0.000000000000000E+00   0.000000000000000E+00
   9.999692645400000E-01   9.193182457500001E+00   4.616065459000000E-01   3.634583006000000E-01   2.963761174100000E-02   0.000000000000000E+00   0.000000000000000E+00   0.000000000000000E+00   0.000000000000000E+00
   9.999718717900000E-01   9.196698765100001E+00   4.620349164800000E-01   3.687341471500000E-01   2.036979954600000E-02   0.000000000000000E+00   0.000000000000000E+00   0.000000000000000E+00   0.000000000000000E+00
   9.999744790500000E-01   9.200392346099999E+00   4.624641235900000E-01   3.627489287200000E-01   2.912592083800000E-02   0.000000000000000E+00   0.000000000000000E+00   0.000000000000000E+00   0.000000000000000E+00
   9.999770863000000E-01   9.203805334800000E+00   4.628925843900000E-01   3.724994302300000E-01   1.271098265100000E-02   0.000000000000000E+00   0.000000000000000E+00   0.000000000000000E+00   0.000000000000000E+00
   9.999790536099999E-01   9.206671848499999E+00   4.632170327000000E-01   3.621465969600000E-01   2.866476300700000E-02   0.000000000000000E+00   0.000000000000000E+00   0.000000000000000E+00   0.000000000000000E+00
   9.999810209200000E-01   9.209278728399999E+00   4.635407089000000E-01   3.666286139400000E-01   2.089996231500000E-02   0.000000000000000E+00   0.000000000000000E+00   0.000000000000000E+00   0.000000000000000E+00
   9.999829882200000E-01   9.212036229600001E+00   4.638650272800000E-01   3.617289128900000E-01   2.817201233500000E-02   0.000000000000000E+00   0.000000000000000E+00   0.000000000000000E+00   0.000000000000000E+00
   9.999849555300000E-01   9.214562838100001E+00   4.641886604100000E-01   3.698158139700000E-01   1.479628856700000E-02   0.000000000000000E+00   0.000000000000000E+00   0.000000000000000E+00   0.000000000000000E+00
   9.999863772100001E-01   9.216617456600000E+00   4.644233804700000E-01   3.616161894700000E-01   2.775548999500000E-02   0.000000000000000E+00   0.000000000000000E+00   0.000000000000000E+00   0.000000000000000E+00
   9.999877988800000E-01   9.218453534500000E+00   4.646573701100000E-01   3.655313995400000E-01   2.168349788800000E-02   0.000000000000000E+00   0.000000000000000E+00   0.000000000000000E+00   0.000000000000000E+00
   9.999892205599999E-01   9.220383613399999E+00   4.648916605600000E-01   3.625115870400000E-01   2.742122536400000E-02   0.000000000000000E+00   0.000000000000000E+00   0.000000000000000E+00   0.000000000000000E+00
   9.999906422300000E-01   9.222082611999999E+00   4.651250193400000E-01   3.702843431500000E-01   1.753905795200000E-02   0.000000000000000E+00   0.000000000000000E+00   0.000000000000000E+00   0.000000000000000E+00
   9.999916039800000E-01   9.223337926299999E+00   4.652830651300000E-01   3.662664000800000E-01   2.750582420800000E-02   0.000000000000000E+00   0.000000000000000E+00   0.000000000000000E+00   0.000000000000000E+00
   9.999925657199999E-01   9.224344142100000E+00   4.654399564200000E-01   3.725757089000000E-01   2.366223008500000E-02   0.000000000000000E+00   0.000000000000000E+00   0.000000000000000E+00   0.000000000000000E+00
   9.999935274700000E-01   9.225264400600000E+00   4.655960219700000E-01   3.764647967500000E-01   2.844806854000000E-02   0.000000000000000E+00   0.000000000000000E+00   0.000000000000000E+00   0.000000000000000E+00
   9.999944892100000E-01   9.225762879400000E+00   4.657496744600000E-01   3.919600513900000E-01   2.336368006400000E-02   0.000000000000000E+00   0.000000000000000E+00   0.000000000000000E+00   0.000000000000000E+00
   9.999950800900000E-01   9.225922676600000E+00   4.658427859300000E-01   3.992259222300000E-01   3.126793642000000E-02   0.000000000000000E+00   0.000000000000000E+00   0.000000000000000E+00   0.000000000000000E+00
   9.999956709700000E-01   9.225679769099999E+00   4.659335743100000E-01   4.172253915500000E-01   3.116041915700000E-02   0.000000000000000E+00   0.000000000000000E+00   0.000000000000000E+00   0.000000000000000E+00
   9.999962618500000E-01   9.225006370399999E+00   4.660214782200000E-01   4.406543508600000E-01   3.721732336900000E-02   0.000000000000000E+00   0.000000000000000E+00   0.000000000000000E+00   0.000000000000000E+00
   9.999968527300001E-01   9.223483952900001E+00   4.661042625400000E-01   4.819330209200000E-01   4.028572790200000E-02   0.000000000000000E+00   0.000000000000000E+00   0.000000000000000E+00   0.000000000000000E+00
   9.999971779200000E-01   9.222165750600000E+00   4.661467733800000E-01   5.116081632300000E-01   4.907229704700000E-02   0.000000000000000E+00   0.000000000000000E+00   0.000000000000000E+00   0.000000000000000E+00
   9.999975031200000E-01   9.220227064299999E+00   4.661857153700000E-01   5.551409205200000E-01   5.622807879500000E-02   0.000000000000000E+00   0.000000000000000E+00   0.000000000000000E+00   0.000000000000000E+00
   9.999978283199999E-01   9.217439746200000E+00   4.662197339600000E-01   6.151619419800000E-01   6.963650512400001E-02   0.000000000000000E+00   0.000000000000000E+00   0.000000000000000E+00   0.000000000000000E+00
   9.999981535100000E-01   9.213234128000000E+00   4.662459150800000E-01   7.059325954600000E-01   8.940948169300000E-02   0.000000000000000E+00   0.000000000000000E+00   0.000000000000000E+00   0.000000000000000E+00
   9.999983164400000E-01   9.210328456299999E+00   4.662547038800000E-01   7.682254862900000E-01   1.065221046300000E-01   0.000000000000000E+00   0.000000000000000E+00   0.000000000000000E+00   0.000000000000000E+00
   9.999984793600000E-01   9.206598877599999E+00   4.662591991000000E-01   8.493628532000000E-01   1.289115354600000E-01   0.000000000000000E+00   0.000000000000000E+00   0.000000000000000E+00   0.000000000000000E+00
   9.999986422900000E-01   9.201702476199999E+00   4.662577415100000E-01   9.569590081500000E-01   1.622457878300000E-01   0.000000000000000E+00   0.000000000000000E+00   0.000000000000000E+00   0.000000000000000E+00
   9.999988052200000E-01   9.195023133699999E+00   4.662474618800000E-01   1.106098157600000E+00   2.136772545500000E-01   0.000000000000000E+00   0.000000000000000E+00   0.000000000000000E+00   0.000000000000000E+00
   9.999988984000000E-01   9.190022373200000E+00   4.662358802900000E-01   1.219037180300000E+00   2.574153163600000E-01   0.000000000000000E+00   0.000000000000000E+00   0.000000000000000E+00   0.000000000000000E+00
   9.999989915800001E-01   9.183776242000000E+00   4.662184204500000E-01   1.361558808000000E+00   3.174393490600000E-01   0.000000000000000E+00   0.000000000000000E+00   0.000000000000000E+00   0.000000000000000E+00
   9.999990847600000E-01   9.175775976200001E+00   4.661928460900000E-01   1.545757979100000E+00   4.037260413400000E-01   0.000000000000000E+00   0.000000000000000E+00   0.000000000000000E+00   0.000000000000000E+00
   9.999991779500000E-01   9.165186902300000E+00   4.661555534100000E-01   1.791669323300000E+00   5.332325794900000E-01   0.000000000000000E+00   0.000000000000000E+00   0.000000000000000E+00   0.000000000000000E+00
   9.999992350700000E-01   9.156855584900001E+00   4.661245128900000E-01   1.986019431400000E+00   6.473526615500000E-01   0.000000000000000E+00   0.000000000000000E+00   0.000000000000000E+00   0.000000000000000E+00
   9.999992921999999E-01   9.146550654500000E+00   4.660848386600000E-01   2.226965894200000E+00   8.022025997100000E-01   0.000000000000000E+00   0.000000000000000E+00   0.000000000000000E+00   0.000000000000000E+00
   9.999993493200000E-01   9.133519962599999E+00   4.660334102300000E-01   2.531517926200000E+00   1.019556261100000E+00   0.000000000000000E+00   0.000000000000000E+00   0.000000000000000E+00   0.000000000000000E+00
   9.999994064500000E-01   9.116588423600000E+00   4.659654078200000E-01   2.926018048800000E+00   1.335392844800000E+00   0.000000000000000E+00   0.000000000000000E+00   0.000000000000000E+00   0.000000000000000E+00
   9.999994438699999E-01   9.102534247199999E+00   4.659084287300000E-01   3.251498779600000E+00   1.624941732300000E+00   0.000000000000000E+00   0.000000000000000E+00   0.000000000000000E+00   0.000000000000000E+00
   9.999994813000000E-01   9.085251787700001E+00   4.658380502100000E-01   3.648807962200000E+00   2.012143389800000E+00   0.000000000000000E+00   0.000000000000000E+00   0.000000000000000E+00   0.000000000000000E+00
   9.999995187300000E-01   9.063601728200000E+00   4.657497197500000E-01   4.140994310800000E+00   2.543579575700000E+00   0.000000000000000E+00   0.000000000000000E+00   0.000000000000000E+00   0.000000000000000E+00
   9.999995561600000E-01   9.035881919400000E+00   4.656366863300000E-01   4.761672614000000E+00   3.292840827500000E+00   0.000000000000000E+00   0.000000000000000E+00   0.000000000000000E+00   0.000000000000000E+00
   9.999995829800000E-01   9.010906775400001E+00   4.655350600400000E-01   5.311265789200000E+00   4.029208033800000E+00   0.000000000000000E+00   0.000000000000000E+00   0.000000000000000E+00   0.000000000000000E+00
   9.999996098000000E-01   8.980166009300000E+00   4.654103401200000E-01   5.975473953500000E+00   5.007415533700000E+00   0.000000000000000E+00   0.000000000000000E+00   0.000000000000000E+00   0.000000000000000E+00
   9.999996366300000E-01   8.941721335300000E+00   4.652549719500000E-01   6.786990037200000E+00   6.334387653500000E+00   0.000000000000000E+00   0.000000000000000E+00   0.000000000000000E+00   0.000000000000000E+00
   9.999996634500000E-01   8.892771049600000E+00   4.650580906200000E-01   7.791021210000000E+00   8.173058887400000E+00   0.000000000000000E+00   0.000000000000000E+00   0.000000000000000E+00   0.000000000000000E+00
   9.999996840499999E-01   8.845575578200000E+00   4.648691658300000E-01   8.729530533700000E+00   1.008824968300000E+01   0.000000000000000E+00   0.000000000000000E+00   0.000000000000000E+00   0.000000000000000E+00
   9.999997046600000E-01   8.787255501200001E+00   4.646367659600000E-01   9.852457403300001E+00   1.262530143000000E+01   0.000000000000000E+00   0.000000000000000E+00   0.000000000000000E+00   0.000000000000000E+00
   9.999997252600000E-01   8.714247615000000E+00   4.643472373900000E-01   1.120439683100000E+01   1.604054140400000E+01   0.000000000000000E+00   0.000000000000000E+00   0.000000000000000E+00   0.000000000000000E+00
   9.999997458600000E-01   8.621595992700000E+00   4.639816558000000E-01   1.284234914500000E+01   2.070872431700000E+01   0.000000000000000E+00   0.000000000000000E+00   0.000000000000000E+00   0.000000000000000E+00
   9.999997623000000E-01   8.529079028200000E+00   4.636182686500000E-01   1.439939406100000E+01   2.569657547500000E+01   0.000000000000000E+00   0.000000000000000E+00   0.000000000000000E+00   0.000000000000000E+00
   9.999997787400000E-01   8.415103960400000E+00   4.631724286100000E-01   1.622163970200000E+01   3.222905245200000E+01   0.000000000000000E+00   0.000000000000000E+00   0.000000000000000E+00   0.000000000000000E+00
   9.999997951800000E-01   8.273641251999999E+00   4.626212999900000E-01   1.835075149200000E+01   4.085712606100000E+01   0.000000000000000E+00   0.000000000000000E+00   0.000000000000000E+00   0.000000000000000E+00
   9.999998116200000E-01   8.096968330799999E+00   4.619357046800000E-01   2.082826032400000E+01   5.232298290100000E+01   0.000000000000000E+00   0.000000000000000E+00   0.000000000000000E+00   0.000000000000000E+00
   9.999998263500000E-01   7.901056196300000E+00   4.611781473700000E-01   2.336810777100000E+01   6.580014177100000E+01   0.000000000000000E+00   0.000000000000000E+00   0.000000000000000E+00   0.000000000000000E+00
   9.999998410700000E-01   7.661003770400000E+00   4.602528554500000E-01   2.621959053000000E+01   8.323792058399999E+01   0.000000000000000E+00   0.000000000000000E+00   0.000000000000000E+00   0.000000000000000E+00
   9.999998557999999E-01   7.367738251200000E+00   4.591257594900000E-01   2.936094907500000E+01   1.056997490600000E+02   0.000000000000000E+00   0.000000000000000E+00   0.000000000000000E+00   0.000000000000000E+00
   9.999998705199999E-01   7.012163768000000E+00   4.577627812600000E-01   3.272640963700000E+01   1.343499050800000E+02   0.000000000000000E+00   0.000000000000000E+00   0.000000000000000E+00   0.000000000000000E+00
   9.999998827200000E-01   6.664921050300000E+00   4.564345231600000E-01   3.559632089800000E+01   1.635696616500000E+02   0.000000000000000E+00   0.000000000000000E+00   0.000000000000000E+00   0.000000000000000E+00
   9.999998949100000E-01   6.267222967400000E+00   4.549157203300000E-01   3.842438488600000E+01   1.982847071300000E+02   0.000000000000000E+00   0.000000000000000E+00   0.000000000000000E+00   0.000000000000000E+00
   9.999999071100000E-01   5.819834839300000E+00   4.532093803100000E-01   4.106794936000000E+01   2.386373397000000E+02   0.000000000000000E+00   0.000000000000000E+00   0.000000000000000E+00   0.000000000000000E+00
   9.999999193000000E-01   5.327820695100000E+00   4.513346391000000E-01   4.335605050500000E+01   2.842822956700000E+02   0.000000000000000E+00   0.000000000000000E+00   0.000000000000000E+00   0.000000000000000E+00
   9.999999294000000E-01   4.893825064000000E+00   4.496818957800000E-01   4.485614256600000E+01   3.253812237000000E+02   0.000000000000000E+00   0.000000000000000E+00   0.000000000000000E+00   0.000000000000000E+00
   9.999999394900000E-01   4.444218928400000E+00   4.479700655400000E-01   4.590303775000000E+01   3.685270226700000E+02   0.000000000000000E+00   0.000000000000000E+00   0.000000000000000E+00   0.000000000000000E+00
   9.999999495800000E-01   3.988913868700000E+00   4.462363896700000E-01   4.643060733800000E+01   4.125241202400000E+02   0.000000000000000E+00   0.000000000000000E+00   0.000000000000000E+00   0.000000000000000E+00
   9.999999596700000E-01   3.538697480100000E+00   4.445213994800000E-01   4.640443259300000E+01   4.559907743700000E+02   0.000000000000000E+00   0.000000000000000E+00   0.000000000000000E+00   0.000000000000000E+00
   9.999999697500001E-01   3.104681636700000E+00   4.428668873400000E-01   4.582853200300000E+01   4.974398177900000E+02   0.000000000000000E+00   0.000000000000000E+00   0.000000000000000E+00   0.000000000000000E+00
   9.999999798400000E-01   2.695679837100000E+00   4.413059973000000E-01   4.474413935300000E+01   5.355836500500000E+02   0.000000000000000E+00   0.000000000000000E+00   0.000000000000000E+00   0.000000000000000E+00
   9.999999899200001E-01   2.318868864200000E+00   4.398657925700000E-01   4.322071742000000E+01   5.693286668300000E+02   0.000000000000000E+00   0.000000000000000E+00   0.000000000000000E+00   0.000000000000000E+00
   1.000000000000000E+00   1.978880643800000E+00   4.385638206900000E-01   4.134864127100000E+01   5.978987452200000E+02   0.000000000000000E+00   0.000000000000000E+00   0.000000000000000E+00   0.000000000000000E+00
