   0.000000000000000E+00   4.926807074700000E-01   9.999999955900000E-01   1.684364186700000E+00   1.823070118900000E+00   0.000000000000000E+00   0.000000000000000E+00   0.000000000000000E+00   0.000000000000000E+00
   3.352823204600000E-04   6.143866561400000E-01   8.889891110700000E-01   1.598131172100000E+00   1.673493697300000E+00   0.000000000000000E+00   0.000000000000000E+00   0.000000000000000E+00   0.000000000000000E+00
   6.705646409100000E-04   7.510894948300000E-01   7.955721466400000E-01   1.552023021800000E+00   1.480705423600000E+00   0.000000000000000E+00   0.000000000000000E+00   0.000000000000000E+00   0.000000000000000E+00
   1.005846961400000E-03   9.037334265500000E-01   7.166180732500000E-01   1.491198532200000E+00   1.369979564000000E+00   0.000000000000000E+00   0.000000000000000E+00   0.000000000000000E+00   0.000000000000000E+00
   1.341129281800000E-03   1.070444557100000E+00   6.497340740400001E-01   1.466866646700000E+00   1.200432372700000E+00   0.000000000000000E+00   0.000000000000000E+00   0.000000000000000E+00   0.000000000000000E+00
   1.631682381300000E-03   1.226237441900000E+00   6.000999583100000E-01   1.410436462100000E+00   1.165453947600000E+00   0.000000000000000E+00   0.000000000000000E+00   0.000000000000000E+00   0.000000000000000E+00
   1.922235480700000E-03   1.389871314100000E+00   5.571529009500000E-01   1.387962413600000E+00   1.060996146000000E+00   0.000000000000000E+00   0.000000000000000E+00   0.000000000000000E+00   0.000000000000000E+00
   2.212788580100000E-03   1.560248566900000E+00   5.200707526300000E-01   1.346424464300000E+00   1.019529934800000E+00   0.000000000000000E+00   0.000000000000000E+00   0.000000000000000E+00   0.000000000000000E+00
   2.503341679500000E-03   1.734289754200000E+00   4.881471024900000E-01   1.338295021900000E+00   9.060129994100000E-01   0.000000000000000E+00   0.000000000000000E+00   0.000000000000000E+00   0.000000000000000E+00
   3.066339663900000E-03   2.073580758100000E+00   4.387554626500000E-01   1.267434261100000E+00   8.591121246900000E-01   0.000000000000000E+00   0.000000000000000E+00   0.000000000000000E+00   0.000000000000000E+00
   3.629337648300000E-03   2.396102959800000E+00   4.027473088700000E-01   1.235326089000000E+00   7.537718235899999E-01   0.000000000000000E+00   0.000000000000000E+00   0.000000000000000E+00   0.000000000000000E+00
   4.192335632700000E-03   2.683728521100000E+00   3.770415164000000E-01   1.189526859300000E+00   7.205968213300000E-01   0.000000000000000E+00   0.000000000000000E+00   0.000000000000000E+00   0.000000000000000E+00
   4.755333617100000E-03   2.922422152400000E+00   3.590733628300000E-01   1.182636300200000E+00   6.233537303200000E-01   0.000000000000000E+00   0.000000000000000E+00   0.000000000000000E+00   0.000000000000000E+00
   5.298805075200000E-03   3.105059814700000E+00   3.471213555200000E-01   1.141722428400000E+00   6.442250661100000E-01   0.000000000000000E+00   0.000000000000000E+00   0.000000000000000E+00   0.000000000000000E+00
   5.842276533400000E-03   3.241610028400000E+00   3.389509159900000E-01   1.137703119000000E+00   5.949886648100000E-01   0.000000000000000E+00   0.000000000000000E+00   0.000000000000000E+00   0.000000000000000E+00
   6.385747991500000E-03   3.340952866500000E+00   3.334371419500000E-01   1.116541714000000E+00   6.063707268800000E-01   0.000000000000000E+00   0.000000000000000E+00   0.000000000000000E+00   0.000000000000000E+00
   6.929219449600000E-03   3.410055788900000E+00   3.297444582400000E-01   1.130115436000000E+00   5.436437882000000E-01   0.000000000000000E+00   0.000000000000000E+00   0.000000000000000E+00   0.000000000000000E+00
   7.721758536100000E-03   3.474786726200000E+00   3.264631748100000E-01   1.102706134300000E+00   5.862272666600000E-01   0.000000000000000E+00   0.000000000000000E+00   0.000000000000000E+00   0.000000000000000E+00
   8.514297622600000E-03   3.510607026800000E+00   3.246741690900000E-01   1.109754420400000E+00   5.541200769300000E-01   0.000000000000000E+00   0.000000000000000E+00   0.000000000000000E+00   0.000000000000000E+00
   9.306836709200000E-03   3.530705946300000E+00   3.237013014900000E-01   1.097017173800000E+00   5.780706070000000E-01   0.000000000000000E+00   0.000000000000000E+00   0.000000000000000E+00   0.000000000000000E+00
   1.009937579600000E-02   3.541345756600000E+00   3.231698616200000E-01   1.116704163100000E+00   5.244177309200000E-01   0.000000000000000E+00   0.000000000000000E+00   0.000000000000000E+00   0.000000000000000E+00
   1.214751717400000E-02   3.552119131100000E+00   3.226660472700000E-01   1.094854189900000E+00   5.749869469900000E-01   0.000000000000000E+00   0.000000000000000E+00   0.000000000000000E+00   0.000000000000000E+00
   1.419565855300000E-02   3.553759391300000E+00   3.225797429600000E-01   1.105383383000000E+00   5.479085493000000E-01   0.000000000000000E+00   0.000000000000000E+00   0.000000000000000E+00   0.000000000000000E+00
   1.624379993200000E-02   3.554415597700000E+00   3.225557398200000E-01   1.094623409000000E+00   5.746554782700000E-01   0.000000000000000E+00   0.000000000000000E+00   0.000000000000000E+00   0.000000000000000E+00
   1.829194131000000E-02   3.554220133400000E+00   3.225506888600000E-01   1.115399120600000E+00   5.225871155000000E-01   0.000000000000000E+00   0.000000000000000E+00   0.000000000000000E+00   0.000000000000000E+00
   2.494398114400000E-02   3.554577575200000E+00   3.225479568600000E-01   1.094607595200000E+00   5.746309618400000E-01   0.000000000000000E+00   0.000000000000000E+00   0.000000000000000E+00   0.000000000000000E+00
   3.159602097800000E-02   3.554415307800000E+00   3.225483154500000E-01   1.105315769700000E+00   5.478183872400000E-01   0.000000000000000E+00   0.000000000000000E+00   0.000000000000000E+00   0.000000000000000E+00
   3.824806081100000E-02   3.554571975600000E+00   3.225482252800000E-01   1.094608448400000E+00   5.746310360400000E-01   0.000000000000000E+00   0.000000000000000E+00   0.000000000000000E+00   0.000000000000000E+00
   4.490010064500000E-02   3.554277532100000E+00   3.225479366600000E-01   1.115391485200000E+00   5.225835533099999E-01   0.000000000000000E+00   0.000000000000000E+00   0.000000000000000E+00   0.000000000000000E+00
   5.935721716800000E-02   3.554570839000000E+00   3.225482796800000E-01   1.094608742100000E+00   5.746307473300000E-01   0.000000000000000E+00   0.000000000000000E+00   0.000000000000000E+00   0.000000000000000E+00
   7.381433369100000E-02   3.554421473200000E+00   3.225480200300000E-01   1.105314642400000E+00   5.478187792000000E-01   0.000000000000000E+00   0.000000000000000E+00   0.000000000000000E+00   0.000000000000000E+00
   8.827145021400000E-02   3.554570002000000E+00   3.225483197500000E-01   1.094608959300000E+00   5.746305324400000E-01   0.000000000000000E+00   0.000000000000000E+00   0.000000000000000E+00   0.000000000000000E+00
   1.027285667400000E-01   3.554283389600000E+00   3.225476562500000E-01   1.115390044800000E+00   5.225848569700000E-01   0.000000000000000E+00   0.000000000000000E+00   0.000000000000000E+00   0.000000000000000E+00
   1.297124494200000E-01   3.554569674200000E+00   3.225483354100000E-01   1.094609079000000E+00   5.746303608900000E-01   0.000000000000000E+00   0.000000000000000E+00   0.000000000000000E+00   0.000000000000000E+00
   1.566963321100000E-01   3.554422598700000E+00   3.225479662000000E-01   1.105314284200000E+00   5.478192349300000E-01   0.000000000000000E+00   0.000000000000000E+00   0.000000000000000E+00   0.000000000000000E+00
   1.836802147900000E-01   3.554569437200000E+00   3.225483467300000E-01   1.094609174000000E+00   5.746302154800000E-01   0.000000000000000E+00   0.000000000000000E+00   0.000000000000000E+00   0.000000000000000E+00
   2.106640974800000E-01   3.554284944800000E+00   3.225475819500000E-01   1.115389432800000E+00   5.225857820399999E-01   0.000000000000000E+00   0.000000000000000E+00   0.000000000000000E+00   0.000000000000000E+00
   2.317966044400000E-01   3.554569251600000E+00   3.225483555900000E-01   1.094609261500000E+00   5.746300685200000E-01   0.000000000000000E+00   0.000000000000000E+00   0.000000000000000E+00   0.000000000000000E+00
   2.529291114100000E-01   3.554423106300000E+00   3.225479419900000E-01   1.105314038700000E+00   5.478196522500000E-01   0.000000000000000E+00   0.000000000000000E+00   0.000000000000000E+00   0.000000000000000E+00
   2.740616183700000E-01   3.554569077100000E+00   3.225483639000000E-01   1.094609369900000E+00   5.746298645200000E-01   0.000000000000000E+00   0.000000000000000E+00   0.000000000000000E+00   0.000000000000000E+00
   2.951941253300000E-01   3.554286108700000E+00   3.225475265000000E-01   1.115388734200000E+00   5.225870809099999E-01   0.000000000000000E+00   0.000000000000000E+00   0.000000000000000E+00   0.000000000000000E+00
   3.118980424300000E-01   3.554568948800000E+00   3.225483699900000E-01   1.094609470300000E+00   5.746296624500000E-01   0.000000000000000E+00   0.000000000000000E+00   0.000000000000000E+00   0.000000000000000E+00
   3.286019595200000E-01   3.554423456900000E+00   3.225479253300000E-01   1.105313756500000E+00   5.478202244500000E-01   0.000000000000000E+00   0.000000000000000E+00   0.000000000000000E+00   0.000000000000000E+00
   3.453058766200000E-01   3.554568839000000E+00   3.225483751900000E-01   1.094609596300000E+00   5.746293884900000E-01   0.000000000000000E+00   0.000000000000000E+00   0.000000000000000E+00   0.000000000000000E+00
   3.620097937100000E-01   3.554286859300000E+00   3.225474910000000E-01   1.115387923300000E+00   5.225888274300000E-01   0.000000000000000E+00   0.000000000000000E+00   0.000000000000000E+00   0.000000000000000E+00
   3.761816345600000E-01   3.554568767100000E+00   3.225483785600000E-01   1.094609709900000E+00   5.746291305600000E-01   0.000000000000000E+00   0.000000000000000E+00   0.000000000000000E+00   0.000000000000000E+00
   3.903534754100000E-01   3.554423657700000E+00   3.225479159000000E-01   1.105313435900000E+00   5.478209530400000E-01   0.000000000000000E+00   0.000000000000000E+00   0.000000000000000E+00   0.000000000000000E+00
   4.045253162700000E-01   3.554568711100000E+00   3.225483811600000E-01   1.094609850900000E+00   5.746287971500000E-01   0.000000000000000E+00   0.000000000000000E+00   0.000000000000000E+00   0.000000000000000E+00
   4.186971571200000E-01   3.554287251900000E+00   3.225474727400000E-01   1.115387017200000E+00   5.225909563400000E-01   0.000000000000000E+00   0.000000000000000E+00   0.000000000000000E+00   0.000000000000000E+00
   4.306908421400000E-01   3.554568676200000E+00   3.225483827500000E-01   1.094609980000000E+00   5.746284855900000E-01   0.000000000000000E+00   0.000000000000000E+00   0.000000000000000E+00   0.000000000000000E+00
   4.426845271700000E-01   3.554423755800000E+00   3.225479114300000E-01   1.105313071600000E+00   5.478218327900000E-01   0.000000000000000E+00   0.000000000000000E+00   0.000000000000000E+00   0.000000000000000E+00
   4.546782121900000E-01   3.554568650800000E+00   3.225483838600000E-01   1.094610142500000E+00   5.746280858200000E-01   0.000000000000000E+00   0.000000000000000E+00   0.000000000000000E+00   0.000000000000000E+00
   4.666718972100000E-01   3.554287435200000E+00   3.225474646400000E-01   1.115385974800000E+00   5.225935119200000E-01   0.000000000000000E+00   0.000000000000000E+00   0.000000000000000E+00   0.000000000000000E+00
   4.778118993100000E-01   3.554568636500000E+00   3.225483844500000E-01   1.094610285100000E+00   5.746277318400000E-01   0.000000000000000E+00   0.000000000000000E+00   0.000000000000000E+00   0.000000000000000E+00
   4.889519014000000E-01   3.554423797700000E+00   3.225479096900000E-01   1.105312668700000E+00   5.478228320500000E-01   0.000000000000000E+00   0.000000000000000E+00   0.000000000000000E+00   0.000000000000000E+00
   5.000919035000000E-01   3.554568626100000E+00   3.225483848300000E-01   1.094610458400000E+00   5.746272990300000E-01   0.000000000000000E+00   0.000000000000000E+00   0.000000000000000E+00   0.000000000000000E+00
   5.112319055900000E-01   3.554287510300000E+00   3.225474617800000E-01   1.115384865000000E+00   5.225962806600000E-01   0.000000000000000E+00   0.000000000000000E+00   0.000000000000000E+00   0.000000000000000E+00
   5.205753424600000E-01   3.554568619500000E+00   3.225483850400000E-01   1.094610619500000E+00   5.746268953500000E-01   0.000000000000000E+00   0.000000000000000E+00   0.000000000000000E+00   0.000000000000000E+00
   5.299187793200000E-01   3.554423816500000E+00   3.225479090900000E-01   1.105312213800000E+00   5.478239718400000E-01   0.000000000000000E+00   0.000000000000000E+00   0.000000000000000E+00   0.000000000000000E+00
   5.392622161800000E-01   3.554568614200000E+00   3.225483851600000E-01   1.094610825400000E+00   5.746263783400000E-01   0.000000000000000E+00   0.000000000000000E+00   0.000000000000000E+00   0.000000000000000E+00
   5.486056530400000E-01   3.554287548500000E+00   3.225474608300000E-01   1.115383547100000E+00   5.225995888900000E-01   0.000000000000000E+00   0.000000000000000E+00   0.000000000000000E+00   0.000000000000000E+00
   5.586992807700000E-01   3.554568610900000E+00   3.225483852000000E-01   1.094610993800000E+00   5.746259550900000E-01   0.000000000000000E+00   0.000000000000000E+00   0.000000000000000E+00   0.000000000000000E+00
   5.687929085100000E-01   3.554423826400000E+00   3.225479089400000E-01   1.105311738300000E+00   5.478251668400000E-01   0.000000000000000E+00   0.000000000000000E+00   0.000000000000000E+00   0.000000000000000E+00
   5.788865362400000E-01   3.554568607700000E+00   3.225483852300000E-01   1.094611184100000E+00   5.746254762900000E-01   0.000000000000000E+00   0.000000000000000E+00   0.000000000000000E+00   0.000000000000000E+00
   5.889801639800000E-01   3.554287569600000E+00   3.225474606300000E-01   1.115382328600000E+00   5.226026530600000E-01   0.000000000000000E+00   0.000000000000000E+00   0.000000000000000E+00   0.000000000000000E+00
   5.995825495300000E-01   3.554568605300000E+00   3.225483852300000E-01   1.094611342000000E+00   5.746250790600000E-01   0.000000000000000E+00   0.000000000000000E+00   0.000000000000000E+00   0.000000000000000E+00
   6.101849350800000E-01   3.554423833200000E+00   3.225479089100000E-01   1.105311292500000E+00   5.478262884200000E-01   0.000000000000000E+00   0.000000000000000E+00   0.000000000000000E+00   0.000000000000000E+00
   6.207873206300000E-01   3.554568602800000E+00   3.225483852400000E-01   1.094611523200000E+00   5.746246232100000E-01   0.000000000000000E+00   0.000000000000000E+00   0.000000000000000E+00   0.000000000000000E+00
   6.313897061800000E-01   3.554287586200000E+00   3.225474606200000E-01   1.115381169100000E+00   5.226055704700000E-01   0.000000000000000E+00   0.000000000000000E+00   0.000000000000000E+00   0.000000000000000E+00
   6.405751061700000E-01   3.554568600500000E+00   3.225483852300000E-01   1.094611689100000E+00   5.746242058500000E-01   0.000000000000000E+00   0.000000000000000E+00   0.000000000000000E+00   0.000000000000000E+00
   6.497605061700000E-01   3.554423839600000E+00   3.225479089200000E-01   1.105310824200000E+00   5.478274668400001E-01   0.000000000000000E+00   0.000000000000000E+00   0.000000000000000E+00   0.000000000000000E+00
   6.589459061600000E-01   3.554568597700000E+00   3.225483852300000E-01   1.094611898200000E+00   5.746236796900001E-01   0.000000000000000E+00   0.000000000000000E+00   0.000000000000000E+00   0.000000000000000E+00
   6.681313061600000E-01   3.554287604200000E+00   3.225474606500000E-01   1.115379831000000E+00   5.226089378600000E-01   0.000000000000000E+00   0.000000000000000E+00   0.000000000000000E+00   0.000000000000000E+00
   6.766845527999999E-01   3.554568595300000E+00   3.225483852200000E-01   1.094612082400000E+00   5.746232159500000E-01   0.000000000000000E+00   0.000000000000000E+00   0.000000000000000E+00   0.000000000000000E+00
   6.852377994300000E-01   3.554423846500000E+00   3.225479089400000E-01   1.105310303900000E+00   5.478287762300000E-01   0.000000000000000E+00   0.000000000000000E+00   0.000000000000000E+00   0.000000000000000E+00
   6.937910460700000E-01   3.554568592300000E+00   3.225483852100000E-01   1.094612306900000E+00   5.746226509500000E-01   0.000000000000000E+00   0.000000000000000E+00   0.000000000000000E+00   0.000000000000000E+00
   7.023442927100000E-01   3.554287623200000E+00   3.225474607100000E-01   1.115378394100000E+00   5.226125538700001E-01   0.000000000000000E+00   0.000000000000000E+00   0.000000000000000E+00   0.000000000000000E+00
   7.085420518100000E-01   3.554568589300000E+00   3.225483852000000E-01   1.094612534000000E+00   5.746220794500000E-01   0.000000000000000E+00   0.000000000000000E+00   0.000000000000000E+00   0.000000000000000E+00
   7.147398109100001E-01   3.554423854900000E+00   3.225479089700000E-01   1.105309662700000E+00   5.478303898400000E-01   0.000000000000000E+00   0.000000000000000E+00   0.000000000000000E+00   0.000000000000000E+00
   7.209375700000000E-01   3.554568585200000E+00   3.225483851900000E-01   1.094612843800000E+00   5.746212998000000E-01   0.000000000000000E+00   0.000000000000000E+00   0.000000000000000E+00   0.000000000000000E+00
   7.271353291000000E-01   3.554287649300000E+00   3.225474607900000E-01   1.115376411300000E+00   5.226175436700000E-01   0.000000000000000E+00   0.000000000000000E+00   0.000000000000000E+00   0.000000000000000E+00
   7.320492688100000E-01   3.554568581300000E+00   3.225483851800000E-01   1.094613141600000E+00   5.746205505600001E-01   0.000000000000000E+00   0.000000000000000E+00   0.000000000000000E+00   0.000000000000000E+00
   7.369632085200000E-01   3.554423866000000E+00   3.225479090000000E-01   1.105308822100000E+00   5.478325053100001E-01   0.000000000000000E+00   0.000000000000000E+00   0.000000000000000E+00   0.000000000000000E+00
   7.418771482299999E-01   3.554568576200000E+00   3.225483851600000E-01   1.094613532200000E+00   5.746195673400000E-01   0.000000000000000E+00   0.000000000000000E+00   0.000000000000000E+00   0.000000000000000E+00
   7.467910879300000E-01   3.554287682100000E+00   3.225474609000000E-01   1.115373911000000E+00   5.226238362700000E-01   0.000000000000000E+00   0.000000000000000E+00   0.000000000000000E+00   0.000000000000000E+00
   7.525987719400000E-01   3.554568572200000E+00   3.225483851500000E-01   1.094613838700000E+00   5.746187959700000E-01   0.000000000000000E+00   0.000000000000000E+00   0.000000000000000E+00   0.000000000000000E+00
   7.584064559500000E-01   3.554423877300000E+00   3.225479090400000E-01   1.105307956700000E+00   5.478346833100000E-01   0.000000000000000E+00   0.000000000000000E+00   0.000000000000000E+00   0.000000000000000E+00
   7.642141399600000E-01   3.554568567900000E+00   3.225483851300000E-01   1.094614169200000E+00   5.746179641700000E-01   0.000000000000000E+00   0.000000000000000E+00   0.000000000000000E+00   0.000000000000000E+00
   7.700218239700000E-01   3.554287709800000E+00   3.225474609900000E-01   1.115371795700000E+00   5.226291597700000E-01   0.000000000000000E+00   0.000000000000000E+00   0.000000000000000E+00   0.000000000000000E+00
   7.759025409700000E-01   3.554568564200000E+00   3.225483851200000E-01   1.094614448400000E+00   5.746172615800000E-01   0.000000000000000E+00   0.000000000000000E+00   0.000000000000000E+00   0.000000000000000E+00
   7.817832579700000E-01   3.554423887600000E+00   3.225479090700000E-01   1.105307168400000E+00   5.478366671000000E-01   0.000000000000000E+00   0.000000000000000E+00   0.000000000000000E+00   0.000000000000000E+00
   7.876639749700000E-01   3.554568559900000E+00   3.225483851100000E-01   1.094614774800000E+00   5.746164402200000E-01   0.000000000000000E+00   0.000000000000000E+00   0.000000000000000E+00   0.000000000000000E+00
   7.935446919600000E-01   3.554287737200000E+00   3.225474610700000E-01   1.115369707000000E+00   5.226344164800000E-01   0.000000000000000E+00   0.000000000000000E+00   0.000000000000000E+00   0.000000000000000E+00
   7.986510523700000E-01   3.554568556000000E+00   3.225483850900000E-01   1.094615073200000E+00   5.746156891700001E-01   0.000000000000000E+00   0.000000000000000E+00   0.000000000000000E+00   0.000000000000000E+00
   8.037574127800000E-01   3.554423898700000E+00   3.225479091100000E-01   1.105306325800000E+00   5.478387877000001E-01   0.000000000000000E+00   0.000000000000000E+00   0.000000000000000E+00   0.000000000000000E+00
   8.088637731900000E-01   3.554568551100000E+00   3.225483850800000E-01   1.094615449000000E+00   5.746147433800000E-01   0.000000000000000E+00   0.000000000000000E+00   0.000000000000000E+00   0.000000000000000E+00
   8.139701336000000E-01   3.554287768700000E+00   3.225474611800000E-01   1.115367302000000E+00   5.226404695400000E-01   0.000000000000000E+00   0.000000000000000E+00   0.000000000000000E+00   0.000000000000000E+00
   8.177046854700000E-01   3.554568546100000E+00   3.225483850600000E-01   1.094615827000000E+00   5.746137918699999E-01   0.000000000000000E+00   0.000000000000000E+00   0.000000000000000E+00   0.000000000000000E+00
   8.214392373400000E-01   3.554423912700000E+00   3.225479091500000E-01   1.105305258400000E+00   5.478414742700000E-01   0.000000000000000E+00   0.000000000000000E+00   0.000000000000000E+00   0.000000000000000E+00
   8.251737892000000E-01   3.554568539400000E+00   3.225483850400000E-01   1.094616340800000E+00   5.746124988800000E-01   0.000000000000000E+00   0.000000000000000E+00   0.000000000000000E+00   0.000000000000000E+00
   8.289083410700000E-01   3.554287811800000E+00   3.225474613200000E-01   1.115364014100000E+00   5.226487446400000E-01   0.000000000000000E+00   0.000000000000000E+00   0.000000000000000E+00   0.000000000000000E+00
   8.325107460400000E-01   3.554568533600000E+00   3.225483850200000E-01   1.094616785400000E+00   5.746113798000000E-01   0.000000000000000E+00   0.000000000000000E+00   0.000000000000000E+00   0.000000000000000E+00
   8.361131510100001E-01   3.554423929100000E+00   3.225479092100000E-01   1.105304003000000E+00   5.478446340399999E-01   0.000000000000000E+00   0.000000000000000E+00   0.000000000000000E+00   0.000000000000000E+00
   8.397155559900000E-01   3.554568526600000E+00   3.225483850000000E-01   1.094617317900000E+00   5.746100396500000E-01   0.000000000000000E+00   0.000000000000000E+00   0.000000000000000E+00   0.000000000000000E+00
   8.433179609600000E-01   3.554287856500000E+00   3.225474614600000E-01   1.115360606400000E+00   5.226573215700000E-01   0.000000000000000E+00   0.000000000000000E+00   0.000000000000000E+00   0.000000000000000E+00
   8.472332887200000E-01   3.554568520900000E+00   3.225483849800000E-01   1.094617752300000E+00   5.746089461600000E-01   0.000000000000000E+00   0.000000000000000E+00   0.000000000000000E+00   0.000000000000000E+00
   8.511486164900000E-01   3.554423945200000E+00   3.225479092600000E-01   1.105302776300000E+00   5.478477215500001E-01   0.000000000000000E+00   0.000000000000000E+00   0.000000000000000E+00   0.000000000000000E+00
   8.550639442600000E-01   3.554568514500000E+00   3.225483849600000E-01   1.094618242100000E+00   5.746077133700001E-01   0.000000000000000E+00   0.000000000000000E+00   0.000000000000000E+00   0.000000000000000E+00
   8.589792720200000E-01   3.554287897600000E+00   3.225474615900000E-01   1.115357471700000E+00   5.226652114600000E-01   0.000000000000000E+00   0.000000000000000E+00   0.000000000000000E+00   0.000000000000000E+00
   8.627474508800000E-01   3.554568508900000E+00   3.225483849400000E-01   1.094618666500000E+00   5.746066451300000E-01   0.000000000000000E+00   0.000000000000000E+00   0.000000000000000E+00   0.000000000000000E+00
   8.665156297500000E-01   3.554423960900000E+00   3.225479093100000E-01   1.105301578000000E+00   5.478507377400000E-01   0.000000000000000E+00   0.000000000000000E+00   0.000000000000000E+00   0.000000000000000E+00
   8.702838086100000E-01   3.554568502200000E+00   3.225483849200000E-01   1.094619175300000E+00   5.746053644400000E-01   0.000000000000000E+00   0.000000000000000E+00   0.000000000000000E+00   0.000000000000000E+00
   8.740519874700000E-01   3.554287940200000E+00   3.225474617300000E-01   1.115354215400000E+00   5.226734078800001E-01   0.000000000000000E+00   0.000000000000000E+00   0.000000000000000E+00   0.000000000000000E+00
   8.774295083800000E-01   3.554568496200000E+00   3.225483849000000E-01   1.094619632800000E+00   5.746042130100000E-01   0.000000000000000E+00   0.000000000000000E+00   0.000000000000000E+00   0.000000000000000E+00
   8.808070292800000E-01   3.554423977800000E+00   3.225479093600000E-01   1.105300286400000E+00   5.478539888200000E-01   0.000000000000000E+00   0.000000000000000E+00   0.000000000000000E+00   0.000000000000000E+00
   8.841845501900000E-01   3.554568488800000E+00   3.225483848800000E-01   1.094620200300000E+00   5.746027844800000E-01   0.000000000000000E+00   0.000000000000000E+00   0.000000000000000E+00   0.000000000000000E+00
   8.875620711000000E-01   3.554287987800000E+00   3.225474618800000E-01   1.115350583200000E+00   5.226825504300000E-01   0.000000000000000E+00   0.000000000000000E+00   0.000000000000000E+00   0.000000000000000E+00
   8.901582922400000E-01   3.554568481500000E+00   3.225483848500000E-01   1.094620755200000E+00   5.746013876700000E-01   0.000000000000000E+00   0.000000000000000E+00   0.000000000000000E+00   0.000000000000000E+00
   8.927545133700000E-01   3.554423998400000E+00   3.225479094300000E-01   1.105298719600000E+00   5.478579326800000E-01   0.000000000000000E+00   0.000000000000000E+00   0.000000000000000E+00   0.000000000000000E+00
   8.953507345100000E-01   3.554568471900000E+00   3.225483848200000E-01   1.094621493300000E+00   5.745995297099999E-01   0.000000000000000E+00   0.000000000000000E+00   0.000000000000000E+00   0.000000000000000E+00
   8.979469556500000E-01   3.554288049700000E+00   3.225474620800000E-01   1.115345859400000E+00   5.226944413400000E-01   0.000000000000000E+00   0.000000000000000E+00   0.000000000000000E+00   0.000000000000000E+00
   9.008335396500000E-01   3.554568464100000E+00   3.225483848000000E-01   1.094622089000000E+00   5.745980301000000E-01   0.000000000000000E+00   0.000000000000000E+00   0.000000000000000E+00   0.000000000000000E+00
   9.037201236400000E-01   3.554424020400000E+00   3.225479095000000E-01   1.105297037500000E+00   5.478621669200000E-01   0.000000000000000E+00   0.000000000000000E+00   0.000000000000000E+00   0.000000000000000E+00
   9.066067076400000E-01   3.554568455400000E+00   3.225483847700000E-01   1.094622752700000E+00   5.745963594900000E-01   0.000000000000000E+00   0.000000000000000E+00   0.000000000000000E+00   0.000000000000000E+00
   9.094932916300000E-01   3.554288105300000E+00   3.225474622600000E-01   1.115341612000000E+00   5.227051332500000E-01   0.000000000000000E+00   0.000000000000000E+00   0.000000000000000E+00   0.000000000000000E+00
   9.115106166700000E-01   3.554568446400000E+00   3.225483847400000E-01   1.094623438200000E+00   5.745946337100000E-01   0.000000000000000E+00   0.000000000000000E+00   0.000000000000000E+00   0.000000000000000E+00
   9.135279417100000E-01   3.554424045700000E+00   3.225479095800000E-01   1.105295101900000E+00   5.478670395000000E-01   0.000000000000000E+00   0.000000000000000E+00   0.000000000000000E+00   0.000000000000000E+00
   9.155452667400000E-01   3.554568434000000E+00   3.225483847000000E-01   1.094624387500000E+00   5.745922439800000E-01   0.000000000000000E+00   0.000000000000000E+00   0.000000000000000E+00   0.000000000000000E+00
   9.175625917800000E-01   3.554288184800000E+00   3.225474625200000E-01   1.115335536600000E+00   5.227204275200000E-01   0.000000000000000E+00   0.000000000000000E+00   0.000000000000000E+00   0.000000000000000E+00
   9.191086501600000E-01   3.554568421800000E+00   3.225483846600000E-01   1.094625317200000E+00   5.745899035000001E-01   0.000000000000000E+00   0.000000000000000E+00   0.000000000000000E+00   0.000000000000000E+00
   9.206547085400000E-01   3.554424080100000E+00   3.225479096900000E-01   1.105292477000000E+00   5.478736476400000E-01   0.000000000000000E+00   0.000000000000000E+00   0.000000000000000E+00   0.000000000000000E+00
   9.222007669200000E-01   3.554568405600000E+00   3.225483846100000E-01   1.094626555300000E+00   5.745867866500000E-01   0.000000000000000E+00   0.000000000000000E+00   0.000000000000000E+00   0.000000000000000E+00
   9.237468253000000E-01   3.554288288500000E+00   3.225474628600000E-01   1.115327613100000E+00   5.227403753700000E-01   0.000000000000000E+00   0.000000000000000E+00   0.000000000000000E+00   0.000000000000000E+00
   9.250394196800000E-01   3.554568390500000E+00   3.225483845600000E-01   1.094627710500000E+00   5.745838782200000E-01   0.000000000000000E+00   0.000000000000000E+00   0.000000000000000E+00   0.000000000000000E+00
   9.263320140600000E-01   3.554424122800000E+00   3.225479098300000E-01   1.105289215300000E+00   5.478818594000000E-01   0.000000000000000E+00   0.000000000000000E+00   0.000000000000000E+00   0.000000000000000E+00
   9.276246084300001E-01   3.554568371100000E+00   3.225483845000000E-01   1.094629190400000E+00   5.745801521300000E-01   0.000000000000000E+00   0.000000000000000E+00   0.000000000000000E+00   0.000000000000000E+00
   9.289172028100000E-01   3.554288412400000E+00   3.225474632600000E-01   1.115318141600000E+00   5.227642223000000E-01   0.000000000000000E+00   0.000000000000000E+00   0.000000000000000E+00   0.000000000000000E+00
   9.302184580500000E-01   3.554568354700000E+00   3.225483844400000E-01   1.094630443800000E+00   5.745769964000000E-01   0.000000000000000E+00   0.000000000000000E+00   0.000000000000000E+00   0.000000000000000E+00
   9.315197133000001E-01   3.554424169000000E+00   3.225479099800000E-01   1.105285676400000E+00   5.478907697099999E-01   0.000000000000000E+00   0.000000000000000E+00   0.000000000000000E+00   0.000000000000000E+00
   9.328209685500000E-01   3.554568335500000E+00   3.225483843800000E-01   1.094631912900000E+00   5.745732972199999E-01   0.000000000000000E+00   0.000000000000000E+00   0.000000000000000E+00   0.000000000000000E+00
   9.341222237900000E-01   3.554288535300000E+00   3.225474636500000E-01   1.115308739100000E+00   5.227878970800000E-01   0.000000000000000E+00   0.000000000000000E+00   0.000000000000000E+00   0.000000000000000E+00
   9.356070049000000E-01   3.554568320200000E+00   3.225483843300000E-01   1.094633084100000E+00   5.745703481100000E-01   0.000000000000000E+00   0.000000000000000E+00   0.000000000000000E+00   0.000000000000000E+00
   9.370917860100000E-01   3.554424212300000E+00   3.225479101200000E-01   1.105282369500000E+00   5.478990968200000E-01   0.000000000000000E+00   0.000000000000000E+00   0.000000000000000E+00   0.000000000000000E+00
   9.385765671200000E-01   3.554568303400000E+00   3.225483842800000E-01   1.094634370800000E+00   5.745671078900000E-01   0.000000000000000E+00   0.000000000000000E+00   0.000000000000000E+00   0.000000000000000E+00
   9.400613482300000E-01   3.554288642900000E+00   3.225474640000000E-01   1.115300503900000E+00   5.228086345400000E-01   0.000000000000000E+00   0.000000000000000E+00   0.000000000000000E+00   0.000000000000000E+00
   9.411806303800000E-01   3.554568286800000E+00   3.225483842200000E-01   1.094635642800000E+00   5.745639046900000E-01   0.000000000000000E+00   0.000000000000000E+00   0.000000000000000E+00   0.000000000000000E+00
   9.422999125300000E-01   3.554424259200000E+00   3.225479102700000E-01   1.105278778200000E+00   5.479081405800000E-01   0.000000000000000E+00   0.000000000000000E+00   0.000000000000000E+00   0.000000000000000E+00
   9.434191946800000E-01   3.554568264500000E+00   3.225483841500000E-01   1.094637348600000E+00   5.745596088500000E-01   0.000000000000000E+00   0.000000000000000E+00   0.000000000000000E+00   0.000000000000000E+00
   9.445384768300000E-01   3.554288785500000E+00   3.225474644600000E-01   1.115289586700000E+00   5.228361279400000E-01   0.000000000000000E+00   0.000000000000000E+00   0.000000000000000E+00   0.000000000000000E+00
   9.455046479000000E-01   3.554568244100000E+00   3.225483840900000E-01   1.094638912900000E+00   5.745556692600000E-01   0.000000000000000E+00   0.000000000000000E+00   0.000000000000000E+00   0.000000000000000E+00
   9.464708189600000E-01   3.554424316800000E+00   3.225479104600000E-01   1.105274361600000E+00   5.479192636800000E-01   0.000000000000000E+00   0.000000000000000E+00   0.000000000000000E+00   0.000000000000000E+00
   9.474369900200000E-01   3.554568218300000E+00   3.225483840000000E-01   1.094640887400000E+00   5.745506961700000E-01   0.000000000000000E+00   0.000000000000000E+00   0.000000000000000E+00   0.000000000000000E+00
   9.484031610800000E-01   3.554288950400000E+00   3.225474649900000E-01   1.115276949800000E+00   5.228679557300000E-01   0.000000000000000E+00   0.000000000000000E+00   0.000000000000000E+00   0.000000000000000E+00
   9.495732771299999E-01   3.554568198400000E+00   3.225483839400000E-01   1.094642418800000E+00   5.745468390000000E-01   0.000000000000000E+00   0.000000000000000E+00   0.000000000000000E+00   0.000000000000000E+00
   9.507433931700000E-01   3.554424373200000E+00   3.225479106400000E-01   1.105270037500000E+00   5.479301550700000E-01   0.000000000000000E+00   0.000000000000000E+00   0.000000000000000E+00   0.000000000000000E+00
   9.519135092100000E-01   3.554568177100000E+00   3.225483838700000E-01   1.094644047900000E+00   5.745427355300000E-01   0.000000000000000E+00   0.000000000000000E+00   0.000000000000000E+00   0.000000000000000E+00
   9.530836252600000E-01   3.554289086300000E+00   3.225474654300000E-01   1.115266523700000E+00   5.228942179000000E-01   0.000000000000000E+00   0.000000000000000E+00   0.000000000000000E+00   0.000000000000000E+00
   9.544109652500000E-01   3.554568160200000E+00   3.225483838200000E-01   1.094645350100000E+00   5.745394552400001E-01   0.000000000000000E+00   0.000000000000000E+00   0.000000000000000E+00   0.000000000000000E+00
   9.557383052400000E-01   3.554424421200000E+00   3.225479107900000E-01   1.105266360600000E+00   5.479394173300000E-01   0.000000000000000E+00   0.000000000000000E+00   0.000000000000000E+00   0.000000000000000E+00
   9.570656452300000E-01   3.554568141500000E+00   3.225483837600000E-01   1.094646785200000E+00   5.745358399700000E-01   0.000000000000000E+00   0.000000000000000E+00   0.000000000000000E+00   0.000000000000000E+00
   9.583929852300000E-01   3.554289206000000E+00   3.225474658200000E-01   1.115257338900000E+00   5.229173556600000E-01   0.000000000000000E+00   0.000000000000000E+00   0.000000000000000E+00   0.000000000000000E+00
   9.593777578400000E-01   3.554568122800000E+00   3.225483837000000E-01   1.094648216900000E+00   5.745322333500000E-01   0.000000000000000E+00   0.000000000000000E+00   0.000000000000000E+00   0.000000000000000E+00
   9.603625304500000E-01   3.554424473800000E+00   3.225479109600000E-01   1.105262318600000E+00   5.479495999900000E-01   0.000000000000000E+00   0.000000000000000E+00   0.000000000000000E+00   0.000000000000000E+00
   9.613473030600000E-01   3.554568097600000E+00   3.225483836100000E-01   1.094650149800000E+00   5.745273636100000E-01   0.000000000000000E+00   0.000000000000000E+00   0.000000000000000E+00   0.000000000000000E+00
   9.623320756700000E-01   3.554289367100000E+00   3.225474663400000E-01   1.115244968300000E+00   5.229485220200000E-01   0.000000000000000E+00   0.000000000000000E+00   0.000000000000000E+00   0.000000000000000E+00
   9.631878819200000E-01   3.554568074600000E+00   3.225483835400000E-01   1.094651915800000E+00   5.745229139900000E-01   0.000000000000000E+00   0.000000000000000E+00   0.000000000000000E+00   0.000000000000000E+00
   9.640436881700000E-01   3.554424538700000E+00   3.225479111700000E-01   1.105257332400000E+00   5.479621630800000E-01   0.000000000000000E+00   0.000000000000000E+00   0.000000000000000E+00   0.000000000000000E+00
   9.648994944200000E-01   3.554568045700000E+00   3.225483834500000E-01   1.094654137900000E+00   5.745173148800000E-01   0.000000000000000E+00   0.000000000000000E+00   0.000000000000000E+00   0.000000000000000E+00
   9.657553006700000E-01   3.554289552100000E+00   3.225474669300000E-01   1.115230746700000E+00   5.229843563600000E-01   0.000000000000000E+00   0.000000000000000E+00   0.000000000000000E+00   0.000000000000000E+00
   9.664642024800000E-01   3.554568018600000E+00   3.225483833600000E-01   1.094656221500000E+00   5.745120645600000E-01   0.000000000000000E+00   0.000000000000000E+00   0.000000000000000E+00   0.000000000000000E+00
   9.671731042800000E-01   3.554424615200000E+00   3.225479114200000E-01   1.105251449900000E+00   5.479769865100000E-01   0.000000000000000E+00   0.000000000000000E+00   0.000000000000000E+00   0.000000000000000E+00
   9.678820060900000E-01   3.554567983800000E+00   3.225483832500000E-01   1.094658901100000E+00   5.745053115200000E-01   0.000000000000000E+00   0.000000000000000E+00   0.000000000000000E+00   0.000000000000000E+00
   9.685909079000000E-01   3.554289775100000E+00   3.225474676500000E-01   1.115213596900000E+00   5.230275758300000E-01   0.000000000000000E+00   0.000000000000000E+00   0.000000000000000E+00   0.000000000000000E+00
   9.691772718400000E-01   3.554567951100000E+00   3.225483831400000E-01   1.094661415400000E+00   5.744989746500000E-01   0.000000000000000E+00   0.000000000000000E+00   0.000000000000000E+00   0.000000000000000E+00
   9.697636357700000E-01   3.554424707400000E+00   3.225479117200000E-01   1.105244351300000E+00   5.479948774100000E-01   0.000000000000000E+00   0.000000000000000E+00   0.000000000000000E+00   0.000000000000000E+00
   9.703499997000000E-01   3.554567909100000E+00   3.225483830100000E-01   1.094664650800000E+00   5.744908196500000E-01   0.000000000000000E+00   0.000000000000000E+00   0.000000000000000E+00   0.000000000000000E+00
   9.709363636400000E-01   3.554290043900000E+00   3.225474685200000E-01   1.115192890800000E+00   5.230797678600000E-01   0.000000000000000E+00   0.000000000000000E+00   0.000000000000000E+00   0.000000000000000E+00
   9.717943292700000E-01   3.554567879100000E+00   3.225483829100000E-01   1.094666963600000E+00   5.744849891600000E-01   0.000000000000000E+00   0.000000000000000E+00   0.000000000000000E+00   0.000000000000000E+00
   9.726522949100000E-01   3.554424792200000E+00   3.225479119900000E-01   1.105237819800000E+00   5.480113424100000E-01   0.000000000000000E+00   0.000000000000000E+00   0.000000000000000E+00   0.000000000000000E+00
   9.735102605400000E-01   3.554567850500000E+00   3.225483828200000E-01   1.094669172000000E+00   5.744794215700000E-01   0.000000000000000E+00   0.000000000000000E+00   0.000000000000000E+00   0.000000000000000E+00
   9.743682261800000E-01   3.554290227100000E+00   3.225474691000000E-01   1.115178757000000E+00   5.231154004300000E-01   0.000000000000000E+00   0.000000000000000E+00   0.000000000000000E+00   0.000000000000000E+00
   9.750078715200000E-01   3.554567822000000E+00   3.225483827300000E-01   1.094671368600000E+00   5.744738835200000E-01   0.000000000000000E+00   0.000000000000000E+00   0.000000000000000E+00   0.000000000000000E+00
   9.756475168700000E-01   3.554424872500000E+00   3.225479122500000E-01   1.105231618600000E+00   5.480269775500000E-01   0.000000000000000E+00   0.000000000000000E+00   0.000000000000000E+00   0.000000000000000E+00
   9.762871622200000E-01   3.554567783700000E+00   3.225483826000000E-01   1.094674327300000E+00   5.744664230500000E-01   0.000000000000000E+00   0.000000000000000E+00   0.000000000000000E+00   0.000000000000000E+00
   9.769268075700001E-01   3.554290472300000E+00   3.225474698900000E-01   1.115159821400000E+00   5.231631474700000E-01   0.000000000000000E+00   0.000000000000000E+00   0.000000000000000E+00   0.000000000000000E+00
   9.775035065700000E-01   3.554567749400000E+00   3.225483824900000E-01   1.094676977700000E+00   5.744597392000000E-01   0.000000000000000E+00   0.000000000000000E+00   0.000000000000000E+00   0.000000000000000E+00
   9.780802055600000E-01   3.554424969400000E+00   3.225479125600000E-01   1.105224135400000E+00   5.480458487200000E-01   0.000000000000000E+00   0.000000000000000E+00   0.000000000000000E+00   0.000000000000000E+00
   9.786569045600000E-01   3.554567707000000E+00   3.225483823600000E-01   1.094680254600000E+00   5.744514743400000E-01   0.000000000000000E+00   0.000000000000000E+00   0.000000000000000E+00   0.000000000000000E+00
   9.792336035600000E-01   3.554290743400000E+00   3.225474707600000E-01   1.115138848900000E+00   5.232160426600000E-01   0.000000000000000E+00   0.000000000000000E+00   0.000000000000000E+00   0.000000000000000E+00
   9.797510064800000E-01   3.554567669000000E+00   3.225483822400000E-01   1.094683197500000E+00   5.744440511000000E-01   0.000000000000000E+00   0.000000000000000E+00   0.000000000000000E+00   0.000000000000000E+00
   9.802684094000000E-01   3.554425076700000E+00   3.225479129000000E-01   1.105215826600000E+00   5.480668073100000E-01   0.000000000000000E+00   0.000000000000000E+00   0.000000000000000E+00   0.000000000000000E+00
   9.807858123200000E-01   3.554567621900000E+00   3.225483820900000E-01   1.094686844200000E+00   5.744348513000000E-01   0.000000000000000E+00   0.000000000000000E+00   0.000000000000000E+00   0.000000000000000E+00
   9.813032152400000E-01   3.554291044600000E+00   3.225474717300000E-01   1.115115510100000E+00   5.232749214700000E-01   0.000000000000000E+00   0.000000000000000E+00   0.000000000000000E+00   0.000000000000000E+00
   9.817556390200000E-01   3.554567579100000E+00   3.225483819500000E-01   1.094690163900000E+00   5.744264754200000E-01   0.000000000000000E+00   0.000000000000000E+00   0.000000000000000E+00   0.000000000000000E+00
   9.822080627899999E-01   3.554425197500000E+00   3.225479132900000E-01   1.105206454300000E+00   5.480904550500000E-01   0.000000000000000E+00   0.000000000000000E+00   0.000000000000000E+00   0.000000000000000E+00
   9.826604865700000E-01   3.554567525500000E+00   3.225483817800000E-01   1.094694326800000E+00   5.744159700600000E-01   0.000000000000000E+00   0.000000000000000E+00   0.000000000000000E+00   0.000000000000000E+00
   9.831129103500000E-01   3.554291387800000E+00   3.225474728300000E-01   1.115088867500000E+00   5.233421558600000E-01   0.000000000000000E+00   0.000000000000000E+00   0.000000000000000E+00   0.000000000000000E+00
   9.835038594100000E-01   3.554567476500000E+00   3.225483816200000E-01   1.094698140000000E+00   5.744063456300000E-01   0.000000000000000E+00   0.000000000000000E+00   0.000000000000000E+00   0.000000000000000E+00
   9.838948084700000E-01   3.554425336000000E+00   3.225479137300000E-01   1.105195688800000E+00   5.481176273400000E-01   0.000000000000000E+00   0.000000000000000E+00   0.000000000000000E+00   0.000000000000000E+00
   9.842857575400000E-01   3.554567414700000E+00   3.225483814200000E-01   1.094702947500000E+00   5.743942092600000E-01   0.000000000000000E+00   0.000000000000000E+00   0.000000000000000E+00   0.000000000000000E+00
   9.846767066000000E-01   3.554291783100000E+00   3.225474740900000E-01   1.115058099900000E+00   5.234198287400000E-01   0.000000000000000E+00   0.000000000000000E+00   0.000000000000000E+00   0.000000000000000E+00
   9.850867921399999E-01   3.554567363600000E+00   3.225483812600000E-01   1.094706933800000E+00   5.743841434700000E-01   0.000000000000000E+00   0.000000000000000E+00   0.000000000000000E+00   0.000000000000000E+00
   9.854968776800000E-01   3.554425480500000E+00   3.225479141900000E-01   1.105184432700000E+00   5.481460493000000E-01   0.000000000000000E+00   0.000000000000000E+00   0.000000000000000E+00   0.000000000000000E+00
   9.859069632200000E-01   3.554567304900000E+00   3.225483810700000E-01   1.094711506800000E+00   5.743725942200000E-01   0.000000000000000E+00   0.000000000000000E+00   0.000000000000000E+00   0.000000000000000E+00
   9.863170487600000E-01   3.554292158000000E+00   3.225474752900000E-01   1.115028832800000E+00   5.234937441100000E-01   0.000000000000000E+00   0.000000000000000E+00   0.000000000000000E+00   0.000000000000000E+00
   9.866711494200000E-01   3.554567251400000E+00   3.225483809000000E-01   1.094715696900000E+00   5.743620099600000E-01   0.000000000000000E+00   0.000000000000000E+00   0.000000000000000E+00   0.000000000000000E+00
   9.870252500800000E-01   3.554425631800000E+00   3.225479146800000E-01   1.105172603500000E+00   5.481759311400000E-01   0.000000000000000E+00   0.000000000000000E+00   0.000000000000000E+00   0.000000000000000E+00
   9.873793507500001E-01   3.554567183800000E+00   3.225483806800000E-01   1.094720980500000E+00   5.743486599299999E-01   0.000000000000000E+00   0.000000000000000E+00   0.000000000000000E+00   0.000000000000000E+00
   9.877334514100000E-01   3.554292589800000E+00   3.225474766700000E-01   1.114995017800000E+00   5.235791845300000E-01   0.000000000000000E+00   0.000000000000000E+00   0.000000000000000E+00   0.000000000000000E+00
   9.879814642000000E-01   3.554567114400000E+00   3.225483804600000E-01   1.094726426400000E+00   5.743348969299999E-01   0.000000000000000E+00   0.000000000000000E+00   0.000000000000000E+00   0.000000000000000E+00
   9.882294769900000E-01   3.554425827700000E+00   3.225479153000000E-01   1.105157233100000E+00   5.482147787800000E-01   0.000000000000000E+00   0.000000000000000E+00   0.000000000000000E+00   0.000000000000000E+00
   9.884774897800001E-01   3.554567018700000E+00   3.225483801600000E-01   1.094733946900000E+00   5.743158830200000E-01   0.000000000000000E+00   0.000000000000000E+00   0.000000000000000E+00   0.000000000000000E+00
   9.887255025800000E-01   3.554293201800000E+00   3.225474786100000E-01   1.114946886900000E+00   5.237008741500000E-01   0.000000000000000E+00   0.000000000000000E+00   0.000000000000000E+00   0.000000000000000E+00
   9.889131590200000E-01   3.554566924700000E+00   3.225483798600000E-01   1.094741355500000E+00   5.742971454400000E-01   0.000000000000000E+00   0.000000000000000E+00   0.000000000000000E+00   0.000000000000000E+00
   9.891008154699999E-01   3.554426092900000E+00   3.225479161400000E-01   1.105136324000000E+00   5.482676665600000E-01   0.000000000000000E+00   0.000000000000000E+00   0.000000000000000E+00   0.000000000000000E+00
   9.892884719100000E-01   3.554566799400000E+00   3.225483794600000E-01   1.094751252600000E+00   5.742720994300000E-01   0.000000000000000E+00   0.000000000000000E+00   0.000000000000000E+00   0.000000000000000E+00
   9.894761283600000E-01   3.554294002500000E+00   3.225474811500000E-01   1.114883545800000E+00   5.238611699700000E-01   0.000000000000000E+00   0.000000000000000E+00   0.000000000000000E+00   0.000000000000000E+00
   9.897781343900000E-01   3.554566714100000E+00   3.225483791900000E-01   1.094758053200000E+00   5.742548778500000E-01   0.000000000000000E+00   0.000000000000000E+00   0.000000000000000E+00   0.000000000000000E+00
   9.900801404200000E-01   3.554426334900000E+00   3.225479169100000E-01   1.105117108800000E+00   5.483163180500000E-01   0.000000000000000E+00   0.000000000000000E+00   0.000000000000000E+00   0.000000000000000E+00
   9.903821464500000E-01   3.554566637200000E+00   3.225483789500000E-01   1.094764178400000E+00   5.742393622800001E-01   0.000000000000000E+00   0.000000000000000E+00   0.000000000000000E+00   0.000000000000000E+00
   9.906841524700000E-01   3.554294494500000E+00   3.225474827000000E-01   1.114844344700000E+00   5.239604700600000E-01   0.000000000000000E+00   0.000000000000000E+00   0.000000000000000E+00   0.000000000000000E+00
   9.908887720200000E-01   3.554566556500000E+00   3.225483787000000E-01   1.094770615700000E+00   5.742230508900000E-01   0.000000000000000E+00   0.000000000000000E+00   0.000000000000000E+00   0.000000000000000E+00
   9.910933915600000E-01   3.554426562200000E+00   3.225479176200000E-01   1.105098942900000E+00   5.483623546600001E-01   0.000000000000000E+00   0.000000000000000E+00   0.000000000000000E+00   0.000000000000000E+00
   9.912980111000000E-01   3.554566444100000E+00   3.225483783400000E-01   1.094779621500000E+00   5.742002163800000E-01   0.000000000000000E+00   0.000000000000000E+00   0.000000000000000E+00   0.000000000000000E+00
   9.915026306400000E-01   3.554295213100000E+00   3.225474849600000E-01   1.114786708500000E+00   5.241066120900000E-01   0.000000000000000E+00   0.000000000000000E+00   0.000000000000000E+00   0.000000000000000E+00
   9.917174030600000E-01   3.554566351700000E+00   3.225483780500000E-01   1.094787077700000E+00   5.741812983800000E-01   0.000000000000000E+00   0.000000000000000E+00   0.000000000000000E+00   0.000000000000000E+00
   9.919321754900000E-01   3.554426823600000E+00   3.225479184400000E-01   1.105077888300000E+00   5.484157733700000E-01   0.000000000000000E+00   0.000000000000000E+00   0.000000000000000E+00   0.000000000000000E+00
   9.921469479100000E-01   3.554566246000000E+00   3.225483777200000E-01   1.094795618700000E+00   5.741596150000000E-01   0.000000000000000E+00   0.000000000000000E+00   0.000000000000000E+00   0.000000000000000E+00
   9.923617203300000E-01   3.554295888600000E+00   3.225474870700000E-01   1.114732046800000E+00   5.242453867500000E-01   0.000000000000000E+00   0.000000000000000E+00   0.000000000000000E+00   0.000000000000000E+00
   9.925490854500000E-01   3.554566150400000E+00   3.225483774200000E-01   1.094803392900000E+00   5.741398657300000E-01   0.000000000000000E+00   0.000000000000000E+00   0.000000000000000E+00   0.000000000000000E+00
   9.927364505700000E-01   3.554427093500000E+00   3.225479192800000E-01   1.105055943100000E+00   5.484715262500000E-01   0.000000000000000E+00   0.000000000000000E+00   0.000000000000000E+00   0.000000000000000E+00
   9.929238156900000E-01   3.554566031100000E+00   3.225483770500000E-01   1.094813135700000E+00   5.741150954300001E-01   0.000000000000000E+00   0.000000000000000E+00   0.000000000000000E+00   0.000000000000000E+00
   9.931111808100000E-01   3.554296651200000E+00   3.225474894400000E-01   1.114669694200000E+00   5.244039183900000E-01   0.000000000000000E+00   0.000000000000000E+00   0.000000000000000E+00   0.000000000000000E+00
   9.932653813300000E-01   3.554565919900000E+00   3.225483767100000E-01   1.094822285200000E+00   5.740918148100000E-01   0.000000000000000E+00   0.000000000000000E+00   0.000000000000000E+00   0.000000000000000E+00
   9.934195818500000E-01   3.554427407300000E+00   3.225479202500000E-01   1.105030120100000E+00   5.485372406400000E-01   0.000000000000000E+00   0.000000000000000E+00   0.000000000000000E+00   0.000000000000000E+00
   9.935737823800000E-01   3.554565777700000E+00   3.225483762700000E-01   1.094834053600000E+00   5.740618369100000E-01   0.000000000000000E+00   0.000000000000000E+00   0.000000000000000E+00   0.000000000000000E+00
   9.937279829000000E-01   3.554297559500000E+00   3.225474922400000E-01   1.114594378600000E+00   5.245957800600000E-01   0.000000000000000E+00   0.000000000000000E+00   0.000000000000000E+00   0.000000000000000E+00
   9.938579560400000E-01   3.554565647400000E+00   3.225483758700000E-01   1.094844955300000E+00   5.740340360800000E-01   0.000000000000000E+00   0.000000000000000E+00   0.000000000000000E+00   0.000000000000000E+00
   9.939879291800000E-01   3.554427775200000E+00   3.225479213800000E-01   1.104999353500000E+00   5.486157136299999E-01   0.000000000000000E+00   0.000000000000000E+00   0.000000000000000E+00   0.000000000000000E+00
   9.941179023200000E-01   3.554565483000000E+00   3.225483753700000E-01   1.094858815400000E+00   5.739986367700000E-01   0.000000000000000E+00   0.000000000000000E+00   0.000000000000000E+00   0.000000000000000E+00
   9.942478754500000E-01   3.554298609000000E+00   3.225474954300000E-01   1.114505678100000E+00   5.248223409800000E-01   0.000000000000000E+00   0.000000000000000E+00   0.000000000000000E+00   0.000000000000000E+00
   9.943798765800000E-01   3.554565347200000E+00   3.225483749600000E-01   1.094870457400000E+00   5.739688529800000E-01   0.000000000000000E+00   0.000000000000000E+00   0.000000000000000E+00   0.000000000000000E+00
   9.945118777100000E-01   3.554428159500000E+00   3.225479225400000E-01   1.104966480600000E+00   5.486998117000000E-01   0.000000000000000E+00   0.000000000000000E+00   0.000000000000000E+00   0.000000000000000E+00
   9.946438788400001E-01   3.554565190600000E+00   3.225483744900000E-01   1.094883992400000E+00   5.739341686000000E-01   0.000000000000000E+00   0.000000000000000E+00   0.000000000000000E+00   0.000000000000000E+00
   9.947758799600001E-01   3.554299608700000E+00   3.225474984200000E-01   1.114419058100000E+00   5.250443264700000E-01   0.000000000000000E+00   0.000000000000000E+00   0.000000000000000E+00   0.000000000000000E+00
   9.949308533500000E-01   3.554565070500000E+00   3.225483741300000E-01   1.094894596300000E+00   5.739069404100000E-01   0.000000000000000E+00   0.000000000000000E+00   0.000000000000000E+00   0.000000000000000E+00
   9.950858267400000E-01   3.554428500600000E+00   3.225479235500000E-01   1.104936525900000E+00   5.487767118100000E-01   0.000000000000000E+00   0.000000000000000E+00   0.000000000000000E+00   0.000000000000000E+00
   9.952408001300000E-01   3.554564941800000E+00   3.225483737600000E-01   1.094906033600000E+00   5.738775265000000E-01   0.000000000000000E+00   0.000000000000000E+00   0.000000000000000E+00   0.000000000000000E+00
   9.953957735100000E-01   3.554300430300000E+00   3.225475008300000E-01   1.114345862300000E+00   5.252325794100000E-01   0.000000000000000E+00   0.000000000000000E+00   0.000000000000000E+00   0.000000000000000E+00
   9.955324533300000E-01   3.554564827500000E+00   3.225483734200000E-01   1.094916368600000E+00   5.738509008300000E-01   0.000000000000000E+00   0.000000000000000E+00   0.000000000000000E+00   0.000000000000000E+00
   9.956691331400001E-01   3.554428823200000E+00   3.225479244900000E-01   1.104907356300000E+00   5.488518757900001E-01   0.000000000000000E+00   0.000000000000000E+00   0.000000000000000E+00   0.000000000000000E+00
   9.958058129500000E-01   3.554564687300000E+00   3.225483730200000E-01   1.094929231000000E+00   5.738176884700000E-01   0.000000000000000E+00   0.000000000000000E+00   0.000000000000000E+00   0.000000000000000E+00
   9.959424927700000E-01   3.554301324800000E+00   3.225475034000000E-01   1.114263548000000E+00   5.254451445300000E-01   0.000000000000000E+00   0.000000000000000E+00   0.000000000000000E+00   0.000000000000000E+00
   9.960732753600000E-01   3.554564568900000E+00   3.225483726900000E-01   1.094940360500000E+00   5.737888816900000E-01   0.000000000000000E+00   0.000000000000000E+00   0.000000000000000E+00   0.000000000000000E+00
   9.962040579500000E-01   3.554429157900000E+00   3.225479254300000E-01   1.104875937200000E+00   5.489332073600000E-01   0.000000000000000E+00   0.000000000000000E+00   0.000000000000000E+00   0.000000000000000E+00
   9.963348405400000E-01   3.554564429800000E+00   3.225483723000000E-01   1.094953676800000E+00   5.737543215100001E-01   0.000000000000000E+00   0.000000000000000E+00   0.000000000000000E+00   0.000000000000000E+00
   9.964656231300000E-01   3.554302211900000E+00   3.225475058600000E-01   1.114178330100000E+00   5.256663375400000E-01   0.000000000000000E+00   0.000000000000000E+00   0.000000000000000E+00   0.000000000000000E+00
   9.965630098600000E-01   3.554564295400000E+00   3.225483719300000E-01   1.094966878500000E+00   5.737199711900000E-01   0.000000000000000E+00   0.000000000000000E+00   0.000000000000000E+00   0.000000000000000E+00
   9.966603965900001E-01   3.554429534600000E+00   3.225479264500000E-01   1.104838712500000E+00   5.490301458900000E-01   0.000000000000000E+00   0.000000000000000E+00   0.000000000000000E+00   0.000000000000000E+00
   9.967577833200000E-01   3.554564121900000E+00   3.225483714800000E-01   1.094984546400000E+00   5.736737858800000E-01   0.000000000000000E+00   0.000000000000000E+00   0.000000000000000E+00   0.000000000000000E+00
   9.968551700600000E-01   3.554303315500000E+00   3.225475087500000E-01   1.114065273200000E+00   5.259619439600000E-01   0.000000000000000E+00   0.000000000000000E+00   0.000000000000000E+00   0.000000000000000E+00
   9.969422787900000E-01   3.554563974700000E+00   3.225483711000000E-01   1.095000337200000E+00   5.736323150900000E-01   0.000000000000000E+00   0.000000000000000E+00   0.000000000000000E+00   0.000000000000000E+00
   9.970293875200000E-01   3.554429949600000E+00   3.225479274900000E-01   1.104794160000000E+00   5.491472171000000E-01   0.000000000000000E+00   0.000000000000000E+00   0.000000000000000E+00   0.000000000000000E+00
   9.971164962500000E-01   3.554563802600000E+00   3.225483706900000E-01   1.095019772400000E+00   5.735809575500000E-01   0.000000000000000E+00   0.000000000000000E+00   0.000000000000000E+00   0.000000000000000E+00
   9.972036049900000E-01   3.554304406900000E+00   3.225475113200000E-01   1.113940917600000E+00   5.262906659500000E-01   0.000000000000000E+00   0.000000000000000E+00   0.000000000000000E+00   0.000000000000000E+00
   9.972760264300000E-01   3.554563654800000E+00   3.225483703700000E-01   1.095037811200000E+00   5.735329890600001E-01   0.000000000000000E+00   0.000000000000000E+00   0.000000000000000E+00   0.000000000000000E+00
   9.973484478800000E-01   3.554430362400000E+00   3.225479283700000E-01   1.104743309200000E+00   5.492826150900000E-01   0.000000000000000E+00   0.000000000000000E+00   0.000000000000000E+00   0.000000000000000E+00
   9.974208693300000E-01   3.554563485600000E+00   3.225483700600000E-01   1.095060692500000E+00   5.734715457100000E-01   0.000000000000000E+00   0.000000000000000E+00   0.000000000000000E+00   0.000000000000000E+00
   9.974932907700000E-01   3.554305473800000E+00   3.225475132500000E-01   1.113794541700000E+00   5.266839740600000E-01   0.000000000000000E+00   0.000000000000000E+00   0.000000000000000E+00   0.000000000000000E+00
   9.975653927000000E-01   3.554563365000000E+00   3.225483699000000E-01   1.095079926900000E+00   5.734193256100000E-01   0.000000000000000E+00   0.000000000000000E+00   0.000000000000000E+00   0.000000000000000E+00
   9.976374946200000E-01   3.554430704300000E+00   3.225479288200000E-01   1.104689015800000E+00   5.494300725600000E-01   0.000000000000000E+00   0.000000000000000E+00   0.000000000000000E+00   0.000000000000000E+00
   9.977095965400000E-01   3.554563248500000E+00   3.225483698400000E-01   1.095102278800000E+00   5.733578784200000E-01   0.000000000000000E+00   0.000000000000000E+00   0.000000000000000E+00   0.000000000000000E+00
   9.977816984600000E-01   3.554306200900000E+00   3.225475135600000E-01   1.113651574600000E+00   5.270773271800000E-01   0.000000000000000E+00   0.000000000000000E+00   0.000000000000000E+00   0.000000000000000E+00
   9.978550182600000E-01   3.554563180200000E+00   3.225483699300000E-01   1.095120814000000E+00   5.733061556200000E-01   0.000000000000000E+00   0.000000000000000E+00   0.000000000000000E+00   0.000000000000000E+00
   9.979283380600000E-01   3.554430899100000E+00   3.225479285700000E-01   1.104636687200000E+00   5.495761333800000E-01   0.000000000000000E+00   0.000000000000000E+00   0.000000000000000E+00   0.000000000000000E+00
   9.980016578499999E-01   3.554563133400000E+00   3.225483701900000E-01   1.095142064500000E+00   5.732458706000000E-01   0.000000000000000E+00   0.000000000000000E+00   0.000000000000000E+00   0.000000000000000E+00
   9.980749776500000E-01   3.554306480300000E+00   3.225475117800000E-01   1.113515677900000E+00   5.274632624400000E-01   0.000000000000000E+00   0.000000000000000E+00   0.000000000000000E+00   0.000000000000000E+00
   9.981513379200000E-01   3.554563131000000E+00   3.225483705900000E-01   1.095159413600000E+00   5.731956577700000E-01   0.000000000000000E+00   0.000000000000000E+00   0.000000000000000E+00   0.000000000000000E+00
   9.982276981900000E-01   3.554430908900000E+00   3.225479274800000E-01   1.104587692100000E+00   5.497179319200000E-01   0.000000000000000E+00   0.000000000000000E+00   0.000000000000000E+00   0.000000000000000E+00
   9.983040584600000E-01   3.554563168000000E+00   3.225483712300000E-01   1.095178998600000E+00   5.731377613800001E-01   0.000000000000000E+00   0.000000000000000E+00   0.000000000000000E+00   0.000000000000000E+00
   9.983804187200001E-01   3.554306223400000E+00   3.225475075700000E-01   1.113390455500000E+00   5.278339248700000E-01   0.000000000000000E+00   0.000000000000000E+00   0.000000000000000E+00   0.000000000000000E+00
   9.984248761800000E-01   3.554563253500000E+00   3.225483721800000E-01   1.095201257500000E+00   5.730708542600000E-01   0.000000000000000E+00   0.000000000000000E+00   0.000000000000000E+00   0.000000000000000E+00
   9.984693336300000E-01   3.554430591100000E+00   3.225479244500000E-01   1.104525773100000E+00   5.499070833500000E-01   0.000000000000000E+00   0.000000000000000E+00   0.000000000000000E+00   0.000000000000000E+00
   9.985137910900000E-01   3.554563585000000E+00   3.225483746100000E-01   1.095232585800000E+00   5.729709321300001E-01   0.000000000000000E+00   0.000000000000000E+00   0.000000000000000E+00   0.000000000000000E+00
   9.985582485500000E-01   3.554304198900000E+00   3.225474928200000E-01   1.113190732600000E+00   5.284741955800000E-01   0.000000000000000E+00   0.000000000000000E+00   0.000000000000000E+00   0.000000000000000E+00
   9.986112769800000E-01   3.554564189900000E+00   3.225483784000000E-01   1.095255406600000E+00   5.728921478900000E-01   0.000000000000000E+00   0.000000000000000E+00   0.000000000000000E+00   0.000000000000000E+00
   9.986643054100000E-01   3.554430040200000E+00   3.225479208800000E-01   1.104460468600000E+00   5.501288618900000E-01   0.000000000000000E+00   0.000000000000000E+00   0.000000000000000E+00   0.000000000000000E+00
   9.987173338400001E-01   3.554566317000000E+00   3.225483914400000E-01   1.095277879000000E+00   5.728062092100000E-01   0.000000000000000E+00   0.000000000000000E+00   0.000000000000000E+00   0.000000000000000E+00
   9.987703622700000E-01   3.554305205000000E+00   3.225475005600000E-01   1.113041238800000E+00   5.290170648900000E-01   0.000000000000000E+00   0.000000000000000E+00   0.000000000000000E+00   0.000000000000000E+00
   9.988130204400000E-01   3.554577715400000E+00   3.225484620000000E-01   1.095293729000000E+00   5.727184860100000E-01   0.000000000000000E+00   0.000000000000000E+00   0.000000000000000E+00   0.000000000000000E+00
   9.988556786200000E-01   3.554456222200000E+00   3.225480855000000E-01   1.104391350100000E+00   5.503459453000000E-01   0.000000000000000E+00   0.000000000000000E+00   0.000000000000000E+00   0.000000000000000E+00
   9.988983367900000E-01   3.554635403200000E+00   3.225488202000000E-01   1.095292266300000E+00   5.725790808500000E-01   0.000000000000000E+00   0.000000000000000E+00   0.000000000000000E+00   0.000000000000000E+00
   9.989409949600000E-01   3.554454739100000E+00   3.225484402200000E-01   1.112825589200000E+00   5.296324243600000E-01   0.000000000000000E+00   0.000000000000000E+00   0.000000000000000E+00   0.000000000000000E+00
   9.989747834300000E-01   3.554896050100000E+00   3.225504423000000E-01   1.095197720800000E+00   5.723325463700000E-01   0.000000000000000E+00   0.000000000000000E+00   0.000000000000000E+00   0.000000000000000E+00
   9.990085718900000E-01   3.555070413900000E+00   3.225519176600000E-01   1.104070489500000E+00   5.503188346200000E-01   0.000000000000000E+00   0.000000000000000E+00   0.000000000000000E+00   0.000000000000000E+00
   9.990423603500000E-01   3.555857080900000E+00   3.225564267600000E-01   1.094794666300000E+00   5.716707006700000E-01   0.000000000000000E+00   0.000000000000000E+00   0.000000000000000E+00   0.000000000000000E+00
   9.990761488100000E-01   3.556823643100000E+00   3.225632283600000E-01   1.111685506800000E+00   5.293006506500000E-01   0.000000000000000E+00   0.000000000000000E+00   0.000000000000000E+00   0.000000000000000E+00
   9.991058895300000E-01   3.559253532600000E+00   3.225775974700000E-01   1.093319557900000E+00   5.697139805300000E-01   0.000000000000000E+00   0.000000000000000E+00   0.000000000000000E+00   0.000000000000000E+00
   9.991356302500000E-01   3.562931444800000E+00   3.226009582500000E-01   1.100631576800000E+00   5.465193993400000E-01   0.000000000000000E+00   0.000000000000000E+00   0.000000000000000E+00   0.000000000000000E+00
   9.991653709700000E-01   3.570065465600000E+00   3.226451018800000E-01   1.088631095000000E+00   5.638047605099999E-01   0.000000000000000E+00   0.000000000000000E+00   0.000000000000000E+00   0.000000000000000E+00
   9.991951117000000E-01   3.582257513600000E+00   3.227223069900000E-01   1.100801424900000E+00   5.171551589700000E-01   0.000000000000000E+00   0.000000000000000E+00   0.000000000000000E+00   0.000000000000000E+00
   9.992266909300000E-01   3.606651886600000E+00   3.228749463700000E-01   1.073184683800000E+00   5.449784505200000E-01   0.000000000000000E+00   0.000000000000000E+00   0.000000000000000E+00   0.000000000000000E+00
   9.992582701600000E-01   3.649472854100000E+00   3.231467196300000E-01   1.064892957700000E+00   5.039889548699999E-01   0.000000000000000E+00   0.000000000000000E+00   0.000000000000000E+00   0.000000000000000E+00
   9.992898493900000E-01   3.723206371500000E+00   3.236199119500000E-01   1.027856921900000E+00   4.917218746400000E-01   0.000000000000000E+00   0.000000000000000E+00   0.000000000000000E+00   0.000000000000000E+00
   9.993214286200000E-01   3.840218870000000E+00   3.243899977600000E-01   1.005003060300000E+00   4.077279626400000E-01   0.000000000000000E+00   0.000000000000000E+00   0.000000000000000E+00   0.000000000000000E+00
   9.993496451600000E-01   3.991769235000000E+00   3.254167237500000E-01   9.410989480900001E-01   3.972673155600000E-01   0.000000000000000E+00   0.000000000000000E+00   0.000000000000000E+00   0.000000000000000E+00
   9.993778616900000E-01   4.188495425800000E+00   3.268087052900000E-01   8.984628287300001E-01   3.260324232200000E-01   0.000000000000000E+00   0.000000000000000E+00   0.000000000000000E+00   0.000000000000000E+00
   9.994060782300001E-01   4.426593676900000E+00   3.285836150700000E-01   8.360263324600000E-01   2.960398161800000E-01   0.000000000000000E+00   0.000000000000000E+00   0.000000000000000E+00   0.000000000000000E+00
   9.994342947600000E-01   4.695224459400000E+00   3.307198593000000E-01   8.037494253300000E-01   2.157156264200000E-01   0.000000000000000E+00   0.000000000000000E+00   0.000000000000000E+00   0.000000000000000E+00
   9.994553378200000E-01   4.909130917300000E+00   3.325289043500000E-01   7.510141986400000E-01   2.248993496900000E-01   0.000000000000000E+00   0.000000000000000E+00   0.000000000000000E+00   0.000000000000000E+00
   9.994763808700000E-01   5.128213115600000E+00   3.344973362000000E-01   7.290697260200000E-01   1.824937760000000E-01   0.000000000000000E+00   0.000000000000000E+00   0.000000000000000E+00   0.000000000000000E+00
   9.994974239200000E-01   5.349228618200000E+00   3.366098882700000E-01   6.913230635499999E-01   1.807643462100000E-01   0.000000000000000E+00   0.000000000000000E+00   0.000000000000000E+00   0.000000000000000E+00
   9.995184669800000E-01   5.567902756300000E+00   3.388458063400000E-01   6.844360286600000E-01   1.282069879500000E-01   0.000000000000000E+00   0.000000000000000E+00   0.000000000000000E+00   0.000000000000000E+00
   9.995405141300000E-01   5.792854832000000E+00   3.413082914300000E-01   6.424152738800000E-01   1.483185425500000E-01   0.000000000000000E+00   0.000000000000000E+00   0.000000000000000E+00   0.000000000000000E+00
   9.995625612800000E-01   6.010135915100000E+00   3.438734745200000E-01   6.309367313200001E-01   1.175519338300000E-01   0.000000000000000E+00   0.000000000000000E+00   0.000000000000000E+00   0.000000000000000E+00
   9.995846084300000E-01   6.219067295200000E+00   3.465312724500000E-01   6.026983614500000E-01   1.244612777700000E-01   0.000000000000000E+00   0.000000000000000E+00   0.000000000000000E+00   0.000000000000000E+00
   9.996066555799999E-01   6.417848321700000E+00   3.492674429200000E-01   6.043204142700001E-01   8.092743171199999E-02   0.000000000000000E+00   0.000000000000000E+00   0.000000000000000E+00   0.000000000000000E+00
   9.996222379400000E-01   6.552740291900000E+00   3.512463184500000E-01   5.751316243900000E-01   1.092320584700000E-01   0.000000000000000E+00   0.000000000000000E+00   0.000000000000000E+00   0.000000000000000E+00
   9.996378203000000E-01   6.681956031600000E+00   3.532557865100000E-01   5.744829433800001E-01   8.669682919700000E-02   0.000000000000000E+00   0.000000000000000E+00   0.000000000000000E+00   0.000000000000000E+00
   9.996534026600000E-01   6.806283235100000E+00   3.552962072800000E-01   5.556782466300000E-01   9.909870560400000E-02   0.000000000000000E+00   0.000000000000000E+00   0.000000000000000E+00   0.000000000000000E+00
   9.996689850200000E-01   6.924967210500000E+00   3.573624879500000E-01   5.649929253600000E-01   6.194350482700000E-02   0.000000000000000E+00   0.000000000000000E+00   0.000000000000000E+00   0.000000000000000E+00
   9.996855560700000E-01   7.046223365100000E+00   3.595900751200000E-01   5.381333429300000E-01   9.048788636500001E-02   0.000000000000000E+00   0.000000000000000E+00   0.000000000000000E+00   0.000000000000000E+00
   9.997021271200000E-01   7.161374975300000E+00   3.618426495200000E-01   5.391824860300000E-01   7.004386794500000E-02   0.000000000000000E+00   0.000000000000000E+00   0.000000000000000E+00   0.000000000000000E+00
   9.997186981700000E-01   7.271372438100000E+00   3.641211143300000E-01   5.222014199200000E-01   8.306920836300000E-02   0.000000000000000E+00   0.000000000000000E+00   0.000000000000000E+00   0.000000000000000E+00
   9.997352692100000E-01   7.375639570000000E+00   3.664210768100000E-01   5.326847331800000E-01   4.819760967100000E-02   0.000000000000000E+00   0.000000000000000E+00   0.000000000000000E+00   0.000000000000000E+00
   9.997478378700000E-01   7.451848290100000E+00   3.681818200200000E-01   5.096700702800000E-01   7.749777636200000E-02   0.000000000000000E+00   0.000000000000000E+00   0.000000000000000E+00   0.000000000000000E+00
   9.997604065200000E-01   7.524779921100000E+00   3.699527804600000E-01   5.136538233700000E-01   5.936774749700000E-02   0.000000000000000E+00   0.000000000000000E+00   0.000000000000000E+00   0.000000000000000E+00
   9.997729751700000E-01   7.595282443100000E+00   3.717360635600000E-01   4.997834151000000E-01   7.321267095599999E-02   0.000000000000000E+00   0.000000000000000E+00   0.000000000000000E+00   0.000000000000000E+00
   9.997855438200000E-01   7.662716018800000E+00   3.735285929000000E-01   5.123330497600000E-01   4.099247715500000E-02   0.000000000000000E+00   0.000000000000000E+00   0.000000000000000E+00   0.000000000000000E+00
   9.997960610500000E-01   7.717714262000000E+00   3.750383114000000E-01   4.913412845900000E-01   6.967344988300000E-02   0.000000000000000E+00   0.000000000000000E+00   0.000000000000000E+00   0.000000000000000E+00
   9.998065782700000E-01   7.770559916100000E+00   3.765534704800000E-01   4.963837688800000E-01   5.295013595900000E-02   0.000000000000000E+00   0.000000000000000E+00   0.000000000000000E+00   0.000000000000000E+00
   9.998170954900000E-01   7.822032162600000E+00   3.780763643700000E-01   4.841202942900000E-01   6.667804832000000E-02   0.000000000000000E+00   0.000000000000000E+00   0.000000000000000E+00   0.000000000000000E+00
   9.998276127100000E-01   7.871478837300000E+00   3.796043091000000E-01   4.971970970700000E-01   3.650785835000000E-02   0.000000000000000E+00   0.000000000000000E+00   0.000000000000000E+00   0.000000000000000E+00
   9.998372799800000E-01   7.916085257000000E+00   3.810161616600000E-01   4.775490795300000E-01   6.403987284400001E-02   0.000000000000000E+00   0.000000000000000E+00   0.000000000000000E+00   0.000000000000000E+00
   9.998469472500000E-01   7.959007041300000E+00   3.824317339400000E-01   4.828615795300000E-01   4.839644889500000E-02   0.000000000000000E+00   0.000000000000000E+00   0.000000000000000E+00   0.000000000000000E+00
   9.998566145300000E-01   8.000977780800000E+00   3.838532979500000E-01   4.715600563800000E-01   6.165187042500000E-02   0.000000000000000E+00   0.000000000000000E+00   0.000000000000000E+00   0.000000000000000E+00
   9.998662818000000E-01   8.041360964700001E+00   3.852783710500000E-01   4.844746107400000E-01   3.324305959700000E-02   0.000000000000000E+00   0.000000000000000E+00   0.000000000000000E+00   0.000000000000000E+00
   9.998740294400000E-01   8.073365722000000E+00   3.864255453900000E-01   4.663972824200000E-01   5.962856478700000E-02   0.000000000000000E+00   0.000000000000000E+00   0.000000000000000E+00   0.000000000000000E+00
   9.998817770800000E-01   8.104258492400000E+00   3.875743477700000E-01   4.720933554900000E-01   4.512850364500000E-02   0.000000000000000E+00   0.000000000000000E+00   0.000000000000000E+00   0.000000000000000E+00
   9.998895247300000E-01   8.134716124000001E+00   3.887270007600000E-01   4.619896271200000E-01   5.786052219000000E-02   0.000000000000000E+00   0.000000000000000E+00   0.000000000000000E+00   0.000000000000000E+00
   9.998972723700000E-01   8.164117423800000E+00   3.898812321400000E-01   4.747489084100000E-01   3.144206838800000E-02   0.000000000000000E+00   0.000000000000000E+00   0.000000000000000E+00   0.000000000000000E+00
   9.999033652000000E-01   8.187214825300000E+00   3.907924424700000E-01   4.581823207900000E-01   5.634305271400000E-02   0.000000000000000E+00   0.000000000000000E+00   0.000000000000000E+00   0.000000000000000E+00
   9.999094580200000E-01   8.209542756099999E+00   3.917040937700000E-01   4.639577809700000E-01   4.300413986200000E-02   0.000000000000000E+00   0.000000000000000E+00   0.000000000000000E+00   0.000000000000000E+00
   9.999155508499999E-01   8.231725865900000E+00   3.926182934400000E-01   4.549488773000000E-01   5.498344693600000E-02   0.000000000000000E+00   0.000000000000000E+00   0.000000000000000E+00   0.000000000000000E+00
   9.999216436800000E-01   8.253176148100000E+00   3.935329567500000E-01   4.671795704600000E-01   3.073786383300000E-02   0.000000000000000E+00   0.000000000000000E+00   0.000000000000000E+00   0.000000000000000E+00
   9.999266535000000E-01   8.270950271400000E+00   3.942877136400000E-01   4.520742038300000E-01   5.378550741700000E-02   0.000000000000000E+00   0.000000000000000E+00   0.000000000000000E+00   0.000000000000000E+00
   9.999316633200001E-01   8.288134529500001E+00   3.950423919000000E-01   4.576150493700000E-01   4.164064437200000E-02   0.000000000000000E+00   0.000000000000000E+00   0.000000000000000E+00   0.000000000000000E+00
   9.999366731400000E-01   8.305301369300000E+00   3.957989424200000E-01   4.495633585300000E-01   5.266348786500000E-02   0.000000000000000E+00   0.000000000000000E+00   0.000000000000000E+00   0.000000000000000E+00
   9.999416829600000E-01   8.321908509200000E+00   3.965554663600000E-01   4.609162470800000E-01   3.070686524800000E-02   0.000000000000000E+00   0.000000000000000E+00   0.000000000000000E+00   0.000000000000000E+00
   9.999457199900000E-01   8.335496703100000E+00   3.971671671700000E-01   4.473430100200000E-01   5.167280136300000E-02   0.000000000000000E+00   0.000000000000000E+00   0.000000000000000E+00   0.000000000000000E+00
   9.999497570200000E-01   8.348624466800000E+00   3.977784836300000E-01   4.525104502200000E-01   4.080025846800000E-02   0.000000000000000E+00   0.000000000000000E+00   0.000000000000000E+00   0.000000000000000E+00
   9.999537940500000E-01   8.361808046700000E+00   3.983911847700000E-01   4.454304565800000E-01   5.072713486900000E-02   0.000000000000000E+00   0.000000000000000E+00   0.000000000000000E+00   0.000000000000000E+00
   9.999578310800000E-01   8.374559043500000E+00   3.990035726800000E-01   4.556963906100000E-01   3.125607186300000E-02   0.000000000000000E+00   0.000000000000000E+00   0.000000000000000E+00   0.000000000000000E+00
   9.999609626400000E-01   8.384681088800001E+00   3.994802064700000E-01   4.437668785300000E-01   4.989242129000000E-02   0.000000000000000E+00   0.000000000000000E+00   0.000000000000000E+00   0.000000000000000E+00
   9.999640942100000E-01   8.394442848800001E+00   3.999562924400000E-01   4.484351438900000E-01   4.040469157900000E-02   0.000000000000000E+00   0.000000000000000E+00   0.000000000000000E+00   0.000000000000000E+00
   9.999672257700000E-01   8.404298564999999E+00   4.004333917900000E-01   4.423785709700000E-01   4.908064108600000E-02   0.000000000000000E+00   0.000000000000000E+00   0.000000000000000E+00   0.000000000000000E+00
   9.999703573299999E-01   8.413822250300001E+00   4.009100298800000E-01   4.513400034400000E-01   3.235924189100000E-02   0.000000000000000E+00   0.000000000000000E+00   0.000000000000000E+00   0.000000000000000E+00
   9.999727655800000E-01   8.421373088299999E+00   4.012778188300000E-01   4.411740050400000E-01   4.836202709300000E-02   0.000000000000000E+00   0.000000000000000E+00   0.000000000000000E+00   0.000000000000000E+00
   9.999751738300000E-01   8.428640507300001E+00   4.016450285500000E-01   4.451944657500000E-01   4.037641940700000E-02   0.000000000000000E+00   0.000000000000000E+00   0.000000000000000E+00   0.000000000000000E+00
   9.999775820700000E-01   8.436010062199999E+00   4.020129858400000E-01   4.401889724300000E-01   4.764709577200000E-02   0.000000000000000E+00   0.000000000000000E+00   0.000000000000000E+00   0.000000000000000E+00
   9.999799903200000E-01   8.443125589899999E+00   4.023804599700000E-01   4.476405513300000E-01   3.389255671300000E-02   0.000000000000000E+00   0.000000000000000E+00   0.000000000000000E+00   0.000000000000000E+00
   9.999817650000000E-01   8.448567116300000E+00   4.026521892000000E-01   4.393679666900000E-01   4.701583430100000E-02   0.000000000000000E+00   0.000000000000000E+00   0.000000000000000E+00   0.000000000000000E+00
   9.999835396900000E-01   8.453790695600000E+00   4.029233752100000E-01   4.426573872200000E-01   4.065105759900000E-02   0.000000000000000E+00   0.000000000000000E+00   0.000000000000000E+00   0.000000000000000E+00
   9.999853143700000E-01   8.459105033100000E+00   4.031950757700000E-01   4.388230582400000E-01   4.639726880600000E-02   0.000000000000000E+00   0.000000000000000E+00   0.000000000000000E+00   0.000000000000000E+00
   9.999870890500000E-01   8.464224154600000E+00   4.034662873100000E-01   4.448056493600000E-01   3.585975056700000E-02   0.000000000000000E+00   0.000000000000000E+00   0.000000000000000E+00   0.000000000000000E+00
   9.999883348600000E-01   8.467960021200000E+00   4.036572521900000E-01   4.388789884700000E-01   4.594344159400000E-02   0.000000000000000E+00   0.000000000000000E+00   0.000000000000000E+00   0.000000000000000E+00
   9.999895806700000E-01   8.471512997300000E+00   4.038476209300000E-01   4.420426508400000E-01   4.142525969800000E-02   0.000000000000000E+00   0.000000000000000E+00   0.000000000000000E+00   0.000000000000000E+00
   9.999908264800000E-01   8.475084883199999E+00   4.040380140200000E-01   4.408254424200000E-01   4.582586764600000E-02   0.000000000000000E+00   0.000000000000000E+00   0.000000000000000E+00   0.000000000000000E+00
   9.999920722900000E-01   8.478413741900001E+00   4.042273652200000E-01   4.481285270700000E-01   3.917050114200000E-02   0.000000000000000E+00   0.000000000000000E+00   0.000000000000000E+00   0.000000000000000E+00
   9.999928928700000E-01   8.480590000799999E+00   4.043517671800000E-01   4.479049046000000E-01   4.675949348000000E-02   0.000000000000000E+00   0.000000000000000E+00   0.000000000000000E+00   0.000000000000000E+00
   9.999937134500000E-01   8.482490897300000E+00   4.044748203000000E-01   4.560760750900000E-01   4.511919030900000E-02   0.000000000000000E+00   0.000000000000000E+00   0.000000000000000E+00   0.000000000000000E+00
   9.999945340300000E-01   8.484144310200000E+00   4.045963224200000E-01   4.655296471300000E-01   4.983781689200000E-02   0.000000000000000E+00   0.000000000000000E+00   0.000000000000000E+00   0.000000000000000E+00
   9.999953546100000E-01   8.485207594800000E+00   4.047145585000000E-01   4.870052882600000E-01   4.962272115800000E-02   0.000000000000000E+00   0.000000000000000E+00   0.000000000000000E+00   0.000000000000000E+00
   9.999958416900000E-01   8.485492611200000E+00   4.047826033200000E-01   5.025166335800000E-01   5.722415806000000E-02   0.000000000000000E+00   0.000000000000000E+00   0.000000000000000E+00   0.000000000000000E+00
   9.999963287700000E-01   8.485251964000000E+00   4.048477558000000E-01   5.288297889000000E-01   6.148941553500000E-02   0.000000000000000E+00   0.000000000000000E+00   0.000000000000000E+00   0.000000000000000E+00
   9.999968158500000E-01   8.484307093700000E+00   4.049088882000000E-01   5.659638275200000E-01   7.149848324300000E-02   0.000000000000000E+00   0.000000000000000E+00   0.000000000000000E+00   0.000000000000000E+00
   9.999973029300000E-01   8.482145404900001E+00   4.049633664900000E-01   6.257083401500000E-01   8.470276233500000E-02   0.000000000000000E+00   0.000000000000000E+00   0.000000000000000E+00   0.000000000000000E+00
   9.999975532700000E-01   8.480334651200000E+00   4.049875507200000E-01   6.682659583600000E-01   9.803135792900000E-02   0.000000000000000E+00   0.000000000000000E+00   0.000000000000000E+00   0.000000000000000E+00
   9.999978036200000E-01   8.477769973599999E+00   4.050077843000000E-01   7.257974847799999E-01   1.143866368100000E-01   0.000000000000000E+00   0.000000000000000E+00   0.000000000000000E+00   0.000000000000000E+00
   9.999980539700000E-01   8.474140870599999E+00   4.050225116300000E-01   8.037912169700000E-01   1.394999947500000E-01   0.000000000000000E+00   0.000000000000000E+00   0.000000000000000E+00   0.000000000000000E+00
   9.999983043200000E-01   8.468856930299999E+00   4.050289239700000E-01   9.152856443800000E-01   1.783235734800000E-01   0.000000000000000E+00   0.000000000000000E+00   0.000000000000000E+00   0.000000000000000E+00
   9.999984416900000E-01   8.464916689700001E+00   4.050273210400000E-01   9.976667141300000E-01   2.106348897600000E-01   0.000000000000000E+00   0.000000000000000E+00   0.000000000000000E+00   0.000000000000000E+00
   9.999985790500000E-01   8.459896436499999E+00   4.050205263000000E-01   1.102794607200000E+00   2.547288614900000E-01   0.000000000000000E+00   0.000000000000000E+00   0.000000000000000E+00   0.000000000000000E+00
   9.999987164100000E-01   8.453354153899999E+00   4.050065544800000E-01   1.240165190600000E+00   3.183790241300000E-01   0.000000000000000E+00   0.000000000000000E+00   0.000000000000000E+00   0.000000000000000E+00
   9.999988537800000E-01   8.444552811099999E+00   4.049821623100000E-01   1.426094858000000E+00   4.144642933800000E-01   0.000000000000000E+00   0.000000000000000E+00   0.000000000000000E+00   0.000000000000000E+00
   9.999989357100000E-01   8.437750875200001E+00   4.049605844300000E-01   1.570421247000000E+00   4.972569998600000E-01   0.000000000000000E+00   0.000000000000000E+00   0.000000000000000E+00   0.000000000000000E+00
   9.999990176400000E-01   8.429305969500000E+00   4.049316906400000E-01   1.750302489700000E+00   6.095805972700000E-01   0.000000000000000E+00   0.000000000000000E+00   0.000000000000000E+00   0.000000000000000E+00
   9.999990995800000E-01   8.418588439300001E+00   4.048928287600000E-01   1.979117184100000E+00   7.676196046400000E-01   0.000000000000000E+00   0.000000000000000E+00   0.000000000000000E+00   0.000000000000000E+00
   9.999991815100000E-01   8.404605175000000E+00   4.048398686800000E-01   2.277947710000000E+00   9.983232353400000E-01   0.000000000000000E+00   0.000000000000000E+00   0.000000000000000E+00   0.000000000000000E+00
   9.999992334400000E-01   8.393369510899999E+00   4.047961942000000E-01   2.517583409700000E+00   1.203248091900000E+00   0.000000000000000E+00   0.000000000000000E+00   0.000000000000000E+00   0.000000000000000E+00
   9.999992853800000E-01   8.379597435000001E+00   4.047418423400000E-01   2.810332236500000E+00   1.476374039800000E+00   0.000000000000000E+00   0.000000000000000E+00   0.000000000000000E+00   0.000000000000000E+00
   9.999993373100000E-01   8.362401899500000E+00   4.046732301900000E-01   3.173460461500000E+00   1.850316149300000E+00   0.000000000000000E+00   0.000000000000000E+00   0.000000000000000E+00   0.000000000000000E+00
   9.999993892500000E-01   8.340454972100000E+00   4.045850383800000E-01   3.632353654900000E+00   2.376704078100000E+00   0.000000000000000E+00   0.000000000000000E+00   0.000000000000000E+00   0.000000000000000E+00
   9.999994255700000E-01   8.321254353100001E+00   4.045076337000000E-01   4.028905743500000E+00   2.879605306700000E+00   0.000000000000000E+00   0.000000000000000E+00   0.000000000000000E+00   0.000000000000000E+00
   9.999994618900000E-01   8.297782721900001E+00   4.044129334700000E-01   4.507206542900000E+00   3.543314393700000E+00   0.000000000000000E+00   0.000000000000000E+00   0.000000000000000E+00   0.000000000000000E+00
   9.999994982100000E-01   8.268634614000000E+00   4.042954164600000E-01   5.090653914500000E+00   4.437925825300000E+00   0.000000000000000E+00   0.000000000000000E+00   0.000000000000000E+00   0.000000000000000E+00
   9.999995345200000E-01   8.231782495399999E+00   4.041471624500000E-01   5.811775793200000E+00   5.670017788600000E+00   0.000000000000000E+00   0.000000000000000E+00   0.000000000000000E+00   0.000000000000000E+00
   9.999995631700000E-01   8.195412180700000E+00   4.040012802300000E-01   6.505519173900000E+00   6.986728910200000E+00   0.000000000000000E+00   0.000000000000000E+00   0.000000000000000E+00   0.000000000000000E+00
   9.999995918100000E-01   8.150423593699999E+00   4.038214407200000E-01   7.340363644400000E+00   8.738376074000000E+00   0.000000000000000E+00   0.000000000000000E+00   0.000000000000000E+00   0.000000000000000E+00
   9.999996204500000E-01   8.093969272800001E+00   4.035966722800000E-01   8.352787559799999E+00   1.111102937400000E+01   0.000000000000000E+00   0.000000000000000E+00   0.000000000000000E+00   0.000000000000000E+00
   9.999996490900001E-01   8.022020473900000E+00   4.033115148200000E-01   9.590850250100001E+00   1.438135650800000E+01   0.000000000000000E+00   0.000000000000000E+00   0.000000000000000E+00   0.000000000000000E+00
   9.999996763200000E-01   7.934100050800000E+00   4.029647206700000E-01   1.103072627800000E+01   1.870476715600000E+01   0.000000000000000E+00   0.000000000000000E+00   0.000000000000000E+00   0.000000000000000E+00
   9.999997035500000E-01   7.820201116800000E+00   4.025176499800000E-01   1.279128858000000E+01   2.475569444100000E+01   0.000000000000000E+00   0.000000000000000E+00   0.000000000000000E+00   0.000000000000000E+00
   9.999997307800000E-01   7.670664551400000E+00   4.019336254400000E-01   1.494182943400000E+01   3.335653210900000E+01   0.000000000000000E+00   0.000000000000000E+00   0.000000000000000E+00   0.000000000000000E+00
   9.999997580100000E-01   7.472084191900000E+00   4.011619108100000E-01   1.755725266900000E+01   4.571141294600000E+01   0.000000000000000E+00   0.000000000000000E+00   0.000000000000000E+00   0.000000000000000E+00
   9.999997736700000E-01   7.329051557800000E+00   4.006081149500000E-01   1.929253533900000E+01   5.516018057700000E+01   0.000000000000000E+00   0.000000000000000E+00   0.000000000000000E+00   0.000000000000000E+00
   9.999997893200000E-01   7.159939370600000E+00   3.999550674900000E-01   2.120326914800000E+01   6.682973287300000E+01   0.000000000000000E+00   0.000000000000000E+00   0.000000000000000E+00   0.000000000000000E+00
   9.999998049700000E-01   6.960265783200000E+00   3.991859218700000E-01   2.328234517200000E+01   8.120441843499999E+01   0.000000000000000E+00   0.000000000000000E+00   0.000000000000000E+00   0.000000000000000E+00
   9.999998206300000E-01   6.725380708300000E+00   3.982832322900000E-01   2.550793805800000E+01   9.881436598600000E+01   0.000000000000000E+00   0.000000000000000E+00   0.000000000000000E+00   0.000000000000000E+00
   9.999998391400000E-01   6.396145624200000E+00   3.970208379100000E-01   2.827089982500000E+01   1.245485099800000E+02   0.000000000000000E+00   0.000000000000000E+00   0.000000000000000E+00   0.000000000000000E+00
   9.999998576600000E-01   6.005932705300000E+00   3.955278420900000E-01   3.106259272200000E+01   1.563263686500000E+02   0.000000000000000E+00   0.000000000000000E+00   0.000000000000000E+00   0.000000000000000E+00
   9.999998761700000E-01   5.553239815900000E+00   3.937988059700000E-01   3.371572388100000E+01   1.944967359100000E+02   0.000000000000000E+00   0.000000000000000E+00   0.000000000000000E+00   0.000000000000000E+00
   9.999998946799999E-01   5.042966632200000E+00   3.918523393000000E-01   3.601172631700000E+01   2.387114408800000E+02   0.000000000000000E+00   0.000000000000000E+00   0.000000000000000E+00   0.000000000000000E+00
   9.999999078600000E-01   4.651504518900000E+00   3.903601478200000E-01   3.730175184500000E+01   2.731572795800000E+02   0.000000000000000E+00   0.000000000000000E+00   0.000000000000000E+00   0.000000000000000E+00
   9.999999210300000E-01   4.244390052600000E+00   3.888087192600000E-01   3.821786590800000E+01   3.091788600100000E+02   0.000000000000000E+00   0.000000000000000E+00   0.000000000000000E+00   0.000000000000000E+00
   9.999999342000000E-01   3.830444167200000E+00   3.872312217200000E-01   3.870361106900000E+01   3.457035867200000E+02   0.000000000000000E+00   0.000000000000000E+00   0.000000000000000E+00   0.000000000000000E+00
   9.999999473700000E-01   3.419383507200000E+00   3.856641856900000E-01   3.872884149500000E+01   3.815000550900000E+02   0.000000000000000E+00   0.000000000000000E+00   0.000000000000000E+00   0.000000000000000E+00
   9.999999605300000E-01   3.021372618600000E+00   3.841458632100000E-01   3.829556908000000E+01   4.152525111800000E+02   0.000000000000000E+00   0.000000000000000E+00   0.000000000000000E+00   0.000000000000000E+00
   9.999999736900000E-01   2.644507789200000E+00   3.827067113800000E-01   3.743718246100000E+01   4.458349569200000E+02   0.000000000000000E+00   0.000000000000000E+00   0.000000000000000E+00   0.000000000000000E+00
   9.999999868400000E-01   2.295519568200000E+00   3.813721163200000E-01   3.621077708200000E+01   4.723051322000000E+02   0.000000000000000E+00   0.000000000000000E+00   0.000000000000000E+00   0.000000000000000E+00
   1.000000000000000E+00   1.978880643800000E+00   3.801590173800000E-01   3.469120238000000E+01   4.940140067900000E+02   0.000000000000000E+00   0.000000000000000E+00   0.000000000000000E+00   0.000000000000000E+00
