   0.000000000000000E+00   4.926217284400000E-01   9.999999955900000E-01   1.684259080400000E+00   1.822950262500000E+00   0.000000000000000E+00   0.000000000000000E+00   0.000000000000000E+00   0.000000000000000E+00
   3.121547558700000E-04   6.055358080800000E-01   8.960423333100000E-01   1.602371489200000E+00   1.686183594400000E+00   0.000000000000000E+00   0.000000000000000E+00   0.000000000000000E+00   0.000000000000000E+00
   6.243095117400000E-04   7.312396851300000E-01   8.075390390100000E-01   1.559387450700000E+00   1.501690747200000E+00   0.000000000000000E+00   0.000000000000000E+00   0.000000000000000E+00   0.000000000000000E+00
   9.364642676100000E-04   8.709737259100000E-01   7.318958983000000E-01   1.501139078600000E+00   1.396632643300000E+00   0.000000000000000E+00   0.000000000000000E+00   0.000000000000000E+00   0.000000000000000E+00
   1.248619023500000E-03   1.022878634700000E+00   6.670946705500000E-01   1.478779377200000E+00   1.230779287700000E+00   0.000000000000000E+00   0.000000000000000E+00   0.000000000000000E+00   0.000000000000000E+00
   1.551799178300000E-03   1.182620750000000E+00   6.130415379200000E-01   1.420001125900000E+00   1.188464750900000E+00   0.000000000000000E+00   0.000000000000000E+00   0.000000000000000E+00   0.000000000000000E+00
   1.854979333100000E-03   1.351272735900000E+00   5.665446583900000E-01   1.395404500300000E+00   1.078059889700000E+00   0.000000000000000E+00   0.000000000000000E+00   0.000000000000000E+00   0.000000000000000E+00
   2.158159487900000E-03   1.527881029100000E+00   5.266296952700000E-01   1.352078339400000E+00   1.031811662500000E+00   0.000000000000000E+00   0.000000000000000E+00   0.000000000000000E+00   0.000000000000000E+00
   2.461339642700000E-03   1.708840846500000E+00   4.924664841600000E-01   1.342311600800000E+00   9.144046067700000E-01   0.000000000000000E+00   0.000000000000000E+00   0.000000000000000E+00   0.000000000000000E+00
   2.960254247300000E-03   2.010308230200000E+00   4.469367019600000E-01   1.276335548600000E+00   8.761219922400000E-01   0.000000000000000E+00   0.000000000000000E+00   0.000000000000000E+00   0.000000000000000E+00
   3.459168851800000E-03   2.301485073700000E+00   4.124151723700000E-01   1.247447128600000E+00   7.754116045100000E-01   0.000000000000000E+00   0.000000000000000E+00   0.000000000000000E+00   0.000000000000000E+00
   3.958083456300000E-03   2.569467462600000E+00   3.866614168200000E-01   1.203223880700000E+00   7.436162055100000E-01   0.000000000000000E+00   0.000000000000000E+00   0.000000000000000E+00   0.000000000000000E+00
   4.456998060800000E-03   2.801995201300000E+00   3.677657541500000E-01   1.196350213600000E+00   6.454368372900000E-01   0.000000000000000E+00   0.000000000000000E+00   0.000000000000000E+00   0.000000000000000E+00
   4.988591529100000E-03   3.007068458900000E+00   3.533951369200000E-01   1.152499452800000E+00   6.608907262000000E-01   0.000000000000000E+00   0.000000000000000E+00   0.000000000000000E+00   0.000000000000000E+00
   5.520184997400000E-03   3.165566068900000E+00   3.434074311400000E-01   1.145835842400000E+00   6.072733366600001E-01   0.000000000000000E+00   0.000000000000000E+00   0.000000000000000E+00   0.000000000000000E+00
   6.051778465700000E-03   3.284113630200000E+00   3.365633052300000E-01   1.122518351900000E+00   6.151908020400000E-01   0.000000000000000E+00   0.000000000000000E+00   0.000000000000000E+00   0.000000000000000E+00
   6.583371933900000E-03   3.368784299600000E+00   3.319169785800000E-01   1.134372539700000E+00   5.499240943800000E-01   0.000000000000000E+00   0.000000000000000E+00   0.000000000000000E+00   0.000000000000000E+00
   7.243841563600000E-03   3.440414739000000E+00   3.282035919400000E-01   1.106235755200000E+00   5.912999109100000E-01   0.000000000000000E+00   0.000000000000000E+00   0.000000000000000E+00   0.000000000000000E+00
   7.904311193300000E-03   3.484793242900000E+00   3.259520444500000E-01   1.112374023000000E+00   5.579011603500000E-01   0.000000000000000E+00   0.000000000000000E+00   0.000000000000000E+00   0.000000000000000E+00
   8.564780822899999E-03   3.512444529700000E+00   3.245936385000000E-01   1.098875586200000E+00   5.807019770800000E-01   0.000000000000000E+00   0.000000000000000E+00   0.000000000000000E+00   0.000000000000000E+00
   9.225250452600000E-03   3.528888910500000E+00   3.237731224900000E-01   1.117941862700000E+00   5.262573766899999E-01   0.000000000000000E+00   0.000000000000000E+00   0.000000000000000E+00   0.000000000000000E+00
   1.071285429000000E-02   3.546670526900000E+00   3.229282858900000E-01   1.095410630300000E+00   5.757547748900000E-01   0.000000000000000E+00   0.000000000000000E+00   0.000000000000000E+00   0.000000000000000E+00
   1.220045812700000E-02   3.551807472800000E+00   3.226733831500000E-01   1.105571834900000E+00   5.482067567000000E-01   0.000000000000000E+00   0.000000000000000E+00   0.000000000000000E+00   0.000000000000000E+00
   1.368806196500000E-02   3.553714063400000E+00   3.225894226900000E-01   1.094700833400000E+00   5.747411077000000E-01   0.000000000000000E+00   0.000000000000000E+00   0.000000000000000E+00   0.000000000000000E+00
   1.517566580200000E-02   3.554019225200000E+00   3.225603552700000E-01   1.115395771400000E+00   5.226685638000000E-01   0.000000000000000E+00   0.000000000000000E+00   0.000000000000000E+00   0.000000000000000E+00
   2.029729605100000E-02   3.554590836700000E+00   3.225473124500000E-01   1.094613119800000E+00   5.746137435400001E-01   0.000000000000000E+00   0.000000000000000E+00   0.000000000000000E+00   0.000000000000000E+00
   2.541892630100000E-02   3.554400254500000E+00   3.225490483200000E-01   1.105308329300000E+00   5.478405560200000E-01   0.000000000000000E+00   0.000000000000000E+00   0.000000000000000E+00   0.000000000000000E+00
   3.054055655000000E-02   3.554575354200000E+00   3.225480548800000E-01   1.094615056700000E+00   5.746150178100000E-01   0.000000000000000E+00   0.000000000000000E+00   0.000000000000000E+00   0.000000000000000E+00
   3.566218679900000E-02   3.554265200000000E+00   3.225485571700000E-01   1.115368561500000E+00   5.226393760600000E-01   0.000000000000000E+00   0.000000000000000E+00   0.000000000000000E+00   0.000000000000000E+00
   4.788417241400000E-02   3.554573228000000E+00   3.225481567100000E-01   1.094615497500000E+00   5.746147538400000E-01   0.000000000000000E+00   0.000000000000000E+00   0.000000000000000E+00   0.000000000000000E+00
   6.010615802900000E-02   3.554419143000000E+00   3.225481426900000E-01   1.105305785200000E+00   5.478394564600000E-01   0.000000000000000E+00   0.000000000000000E+00   0.000000000000000E+00   0.000000000000000E+00
   7.232814364400000E-02   3.554571183600000E+00   3.225482546700000E-01   1.094615861000000E+00   5.746146516200000E-01   0.000000000000000E+00   0.000000000000000E+00   0.000000000000000E+00   0.000000000000000E+00
   8.455012925900000E-02   3.554280046100000E+00   3.225478457000000E-01   1.115366057600000E+00   5.226397779400000E-01   0.000000000000000E+00   0.000000000000000E+00   0.000000000000000E+00   0.000000000000000E+00
   9.966416337200000E-02   3.554570268500000E+00   3.225482984900000E-01   1.094616074200000E+00   5.746144790800000E-01   0.000000000000000E+00   0.000000000000000E+00   0.000000000000000E+00   0.000000000000000E+00
   1.147781974800000E-01   3.554422100000000E+00   3.225480010700000E-01   1.105305145600000E+00   5.478398902100000E-01   0.000000000000000E+00   0.000000000000000E+00   0.000000000000000E+00   0.000000000000000E+00
   1.298922316000000E-01   3.554569608200000E+00   3.225483300700000E-01   1.094616267900000E+00   5.746142542700000E-01   0.000000000000000E+00   0.000000000000000E+00   0.000000000000000E+00   0.000000000000000E+00
   1.450062657100000E-01   3.554284630600000E+00   3.225476263400000E-01   1.115364781200000E+00   5.226411653600000E-01   0.000000000000000E+00   0.000000000000000E+00   0.000000000000000E+00   0.000000000000000E+00
   1.594641453800000E-01   3.554569225600000E+00   3.225483483500000E-01   1.094616417100000E+00   5.746140314500000E-01   0.000000000000000E+00   0.000000000000000E+00   0.000000000000000E+00   0.000000000000000E+00
   1.739220250500000E-01   3.554423213100000E+00   3.225479478900000E-01   1.105304721100000E+00   5.478405146300001E-01   0.000000000000000E+00   0.000000000000000E+00   0.000000000000000E+00   0.000000000000000E+00
   1.883799047300000E-01   3.554568936600000E+00   3.225483621200000E-01   1.094616579200000E+00   5.746137390100000E-01   0.000000000000000E+00   0.000000000000000E+00   0.000000000000000E+00   0.000000000000000E+00
   2.028377844000000E-01   3.554286652300000E+00   3.225475299400000E-01   1.115363726400000E+00   5.226430123700000E-01   0.000000000000000E+00   0.000000000000000E+00   0.000000000000000E+00   0.000000000000000E+00
   2.141491882900000E-01   3.554568747200000E+00   3.225483711200000E-01   1.094616727000000E+00   5.746134429200001E-01   0.000000000000000E+00   0.000000000000000E+00   0.000000000000000E+00   0.000000000000000E+00
   2.254605921800000E-01   3.554423730700000E+00   3.225479233100000E-01   1.105304305500000E+00   5.478413531100000E-01   0.000000000000000E+00   0.000000000000000E+00   0.000000000000000E+00   0.000000000000000E+00
   2.367719960700000E-01   3.554568616500000E+00   3.225483772700000E-01   1.094616910100000E+00   5.746130349600000E-01   0.000000000000000E+00   0.000000000000000E+00   0.000000000000000E+00   0.000000000000000E+00
   2.480833999600000E-01   3.554287619900000E+00   3.225474842800000E-01   1.115362541300000E+00   5.226456044600000E-01   0.000000000000000E+00   0.000000000000000E+00   0.000000000000000E+00   0.000000000000000E+00
   2.611065209400000E-01   3.554568557100000E+00   3.225483800300000E-01   1.094617051000000E+00   5.746127046600000E-01   0.000000000000000E+00   0.000000000000000E+00   0.000000000000000E+00   0.000000000000000E+00
   2.741296419100000E-01   3.554423920900000E+00   3.225479144600000E-01   1.105303905300000E+00   5.478422825500000E-01   0.000000000000000E+00   0.000000000000000E+00   0.000000000000000E+00   0.000000000000000E+00
   2.871527628900000E-01   3.554568515400000E+00   3.225483819200000E-01   1.094617202800000E+00   5.746123400599999E-01   0.000000000000000E+00   0.000000000000000E+00   0.000000000000000E+00   0.000000000000000E+00
   3.001758838600000E-01   3.554287916100000E+00   3.225474707300000E-01   1.115361566900000E+00   5.226479336199999E-01   0.000000000000000E+00   0.000000000000000E+00   0.000000000000000E+00   0.000000000000000E+00
   3.155683807300000E-01   3.554568495000000E+00   3.225483828200000E-01   1.094617320700000E+00   5.746120522500000E-01   0.000000000000000E+00   0.000000000000000E+00   0.000000000000000E+00   0.000000000000000E+00
   3.309608776000000E-01   3.554423984600000E+00   3.225479116300000E-01   1.105303572000000E+00   5.478430943000000E-01   0.000000000000000E+00   0.000000000000000E+00   0.000000000000000E+00   0.000000000000000E+00
   3.463533744800000E-01   3.554568479600000E+00   3.225483834700000E-01   1.094617447100000E+00   5.746117409700000E-01   0.000000000000000E+00   0.000000000000000E+00   0.000000000000000E+00   0.000000000000000E+00
   3.617458713500000E-01   3.554288022400000E+00   3.225474661800000E-01   1.115360757100000E+00   5.226499248100001E-01   0.000000000000000E+00   0.000000000000000E+00   0.000000000000000E+00   0.000000000000000E+00
   3.729088682300000E-01   3.554568468100000E+00   3.225483839400000E-01   1.094617574500000E+00   5.746114256600000E-01   0.000000000000000E+00   0.000000000000000E+00   0.000000000000000E+00   0.000000000000000E+00
   3.840718651000000E-01   3.554424015300000E+00   3.225479104000000E-01   1.105303212400000E+00   5.478439848100000E-01   0.000000000000000E+00   0.000000000000000E+00   0.000000000000000E+00   0.000000000000000E+00
   3.952348619800000E-01   3.554568459100000E+00   3.225483842500000E-01   1.094617747500000E+00   5.746109947000000E-01   0.000000000000000E+00   0.000000000000000E+00   0.000000000000000E+00   0.000000000000000E+00
   4.063978588600000E-01   3.554288087400000E+00   3.225474638300000E-01   1.115359648800000E+00   5.226526819500000E-01   0.000000000000000E+00   0.000000000000000E+00   0.000000000000000E+00   0.000000000000000E+00
   4.185732233400000E-01   3.554568454100000E+00   3.225483843900000E-01   1.094617888300000E+00   5.746106432800000E-01   0.000000000000000E+00   0.000000000000000E+00   0.000000000000000E+00   0.000000000000000E+00
   4.307485878300000E-01   3.554424030400000E+00   3.225479099500000E-01   1.105302814900000E+00   5.478449769000000E-01   0.000000000000000E+00   0.000000000000000E+00   0.000000000000000E+00   0.000000000000000E+00
   4.429239523200000E-01   3.554568449900000E+00   3.225483844900000E-01   1.094618046500000E+00   5.746102475900000E-01   0.000000000000000E+00   0.000000000000000E+00   0.000000000000000E+00   0.000000000000000E+00
   4.550993168100000E-01   3.554288116200000E+00   3.225474631500000E-01   1.115358635800000E+00   5.226552140900000E-01   0.000000000000000E+00   0.000000000000000E+00   0.000000000000000E+00   0.000000000000000E+00
   4.688150623600000E-01   3.554568447200000E+00   3.225483845300000E-01   1.094618173400000E+00   5.746099300600001E-01   0.000000000000000E+00   0.000000000000000E+00   0.000000000000000E+00   0.000000000000000E+00
   4.825308079100000E-01   3.554424038400000E+00   3.225479098100000E-01   1.105302456600000E+00   5.478458734200000E-01   0.000000000000000E+00   0.000000000000000E+00   0.000000000000000E+00   0.000000000000000E+00
   4.962465534700000E-01   3.554568444600000E+00   3.225483845500000E-01   1.094618313800000E+00   5.746095786700000E-01   0.000000000000000E+00   0.000000000000000E+00   0.000000000000000E+00   0.000000000000000E+00
   5.099622990200000E-01   3.554288133200000E+00   3.225474629500000E-01   1.115357737500000E+00   5.226574629300000E-01   0.000000000000000E+00   0.000000000000000E+00   0.000000000000000E+00   0.000000000000000E+00
   5.248276654700000E-01   3.554568442700000E+00   3.225483845700000E-01   1.094618428400000E+00   5.746092915100000E-01   0.000000000000000E+00   0.000000000000000E+00   0.000000000000000E+00   0.000000000000000E+00
   5.396930319200000E-01   3.554424043800000E+00   3.225479097800000E-01   1.105302132900000E+00   5.478466842100000E-01   0.000000000000000E+00   0.000000000000000E+00   0.000000000000000E+00   0.000000000000000E+00
   5.545583983700000E-01   3.554568440700000E+00   3.225483845700000E-01   1.094618557900000E+00   5.746089672600000E-01   0.000000000000000E+00   0.000000000000000E+00   0.000000000000000E+00   0.000000000000000E+00
   5.694237648200000E-01   3.554288146200000E+00   3.225474629000000E-01   1.115356908900000E+00   5.226595381300000E-01   0.000000000000000E+00   0.000000000000000E+00   0.000000000000000E+00   0.000000000000000E+00
   5.803330697400000E-01   3.554568438700000E+00   3.225483845800000E-01   1.094618687900000E+00   5.746086416600000E-01   0.000000000000000E+00   0.000000000000000E+00   0.000000000000000E+00   0.000000000000000E+00
   5.912423746600000E-01   3.554424049300000E+00   3.225479097700000E-01   1.105301765900000E+00   5.478476035299999E-01   0.000000000000000E+00   0.000000000000000E+00   0.000000000000000E+00   0.000000000000000E+00
   6.021516795900000E-01   3.554568436200000E+00   3.225483845700000E-01   1.094618864200000E+00   5.746081998200000E-01   0.000000000000000E+00   0.000000000000000E+00   0.000000000000000E+00   0.000000000000000E+00
   6.130609845100000E-01   3.554288162400000E+00   3.225474629000000E-01   1.115355780200000E+00   5.226623659200000E-01   0.000000000000000E+00   0.000000000000000E+00   0.000000000000000E+00   0.000000000000000E+00
   6.244001676299999E-01   3.554568434200000E+00   3.225483845700000E-01   1.094619011300000E+00   5.746078313800000E-01   0.000000000000000E+00   0.000000000000000E+00   0.000000000000000E+00   0.000000000000000E+00
   6.357393507600000E-01   3.554424055100000E+00   3.225479097800000E-01   1.105301350600000E+00   5.478486438300000E-01   0.000000000000000E+00   0.000000000000000E+00   0.000000000000000E+00   0.000000000000000E+00
   6.470785338800000E-01   3.554568431800000E+00   3.225483845700000E-01   1.094619181000000E+00   5.746074063000000E-01   0.000000000000000E+00   0.000000000000000E+00   0.000000000000000E+00   0.000000000000000E+00
   6.584177170100000E-01   3.554288177300000E+00   3.225474629400000E-01   1.115354694400000E+00   5.226650864000000E-01   0.000000000000000E+00   0.000000000000000E+00   0.000000000000000E+00   0.000000000000000E+00
   6.655357153700000E-01   3.554568429300000E+00   3.225483845600000E-01   1.094619367900000E+00   5.746069378600001E-01   0.000000000000000E+00   0.000000000000000E+00   0.000000000000000E+00   0.000000000000000E+00
   6.726537137400000E-01   3.554424062200000E+00   3.225479098000000E-01   1.105300822800000E+00   5.478499664699999E-01   0.000000000000000E+00   0.000000000000000E+00   0.000000000000000E+00   0.000000000000000E+00
   6.797717121100000E-01   3.554568425600000E+00   3.225483845500000E-01   1.094619638200000E+00   5.746062607500000E-01   0.000000000000000E+00   0.000000000000000E+00   0.000000000000000E+00   0.000000000000000E+00
   6.868897104800000E-01   3.554288200800000E+00   3.225474630100000E-01   1.115352964800000E+00   5.226694198900000E-01   0.000000000000000E+00   0.000000000000000E+00   0.000000000000000E+00   0.000000000000000E+00
   6.926360395600000E-01   3.554568422200000E+00   3.225483845400000E-01   1.094619895300000E+00   5.746056165500000E-01   0.000000000000000E+00   0.000000000000000E+00   0.000000000000000E+00   0.000000000000000E+00
   6.983823686500000E-01   3.554424072100000E+00   3.225479098300000E-01   1.105300096800000E+00   5.478517853800000E-01   0.000000000000000E+00   0.000000000000000E+00   0.000000000000000E+00   0.000000000000000E+00
   7.041286977300000E-01   3.554568417600000E+00   3.225483845200000E-01   1.094620230000000E+00   5.746047779100000E-01   0.000000000000000E+00   0.000000000000000E+00   0.000000000000000E+00   0.000000000000000E+00
   7.098750268100000E-01   3.554288229700000E+00   3.225474631000000E-01   1.115350822600000E+00   5.226747871600000E-01   0.000000000000000E+00   0.000000000000000E+00   0.000000000000000E+00   0.000000000000000E+00
   7.168156754700000E-01   3.554568414100000E+00   3.225483845100000E-01   1.094620490000000E+00   5.746041264500000E-01   0.000000000000000E+00   0.000000000000000E+00   0.000000000000000E+00   0.000000000000000E+00
   7.237563241200000E-01   3.554424082000000E+00   3.225479098600000E-01   1.105299362700000E+00   5.478536248200000E-01   0.000000000000000E+00   0.000000000000000E+00   0.000000000000000E+00   0.000000000000000E+00
   7.306969727700000E-01   3.554568410400000E+00   3.225483845000000E-01   1.094620767100000E+00   5.746034322000000E-01   0.000000000000000E+00   0.000000000000000E+00   0.000000000000000E+00   0.000000000000000E+00
   7.376376214200000E-01   3.554288253700000E+00   3.225474631800000E-01   1.115349049300000E+00   5.226792303200000E-01   0.000000000000000E+00   0.000000000000000E+00   0.000000000000000E+00   0.000000000000000E+00
   7.453548080800000E-01   3.554568407400000E+00   3.225483844900000E-01   1.094620990700000E+00   5.746028718200000E-01   0.000000000000000E+00   0.000000000000000E+00   0.000000000000000E+00   0.000000000000000E+00
   7.530719947400000E-01   3.554424090500000E+00   3.225479098900000E-01   1.105298731100000E+00   5.478552070900000E-01   0.000000000000000E+00   0.000000000000000E+00   0.000000000000000E+00   0.000000000000000E+00
   7.607891814100000E-01   3.554568404000000E+00   3.225483844800000E-01   1.094621239900000E+00   5.746022475000000E-01   0.000000000000000E+00   0.000000000000000E+00   0.000000000000000E+00   0.000000000000000E+00
   7.685063680699999E-01   3.554288275200000E+00   3.225474632500000E-01   1.115347454600000E+00   5.226832259700001E-01   0.000000000000000E+00   0.000000000000000E+00   0.000000000000000E+00   0.000000000000000E+00
   7.746844550200001E-01   3.554568400800000E+00   3.225483844700000E-01   1.094621478100000E+00   5.746016507500000E-01   0.000000000000000E+00   0.000000000000000E+00   0.000000000000000E+00   0.000000000000000E+00
   7.808625419700000E-01   3.554424099600000E+00   3.225479099200000E-01   1.105298058700000E+00   5.478568920100000E-01   0.000000000000000E+00   0.000000000000000E+00   0.000000000000000E+00   0.000000000000000E+00
   7.870406289200000E-01   3.554568396600000E+00   3.225483844500000E-01   1.094621789300000E+00   5.746008709900000E-01   0.000000000000000E+00   0.000000000000000E+00   0.000000000000000E+00   0.000000000000000E+00
   7.932187158700000E-01   3.554288302100000E+00   3.225474633400000E-01   1.115345462800000E+00   5.226882164700000E-01   0.000000000000000E+00   0.000000000000000E+00   0.000000000000000E+00   0.000000000000000E+00
   7.976551506100000E-01   3.554568392300000E+00   3.225483844400000E-01   1.094622105700000E+00   5.746000781300000E-01   0.000000000000000E+00   0.000000000000000E+00   0.000000000000000E+00   0.000000000000000E+00
   8.020915853400000E-01   3.554424111600000E+00   3.225479099600000E-01   1.105297165200000E+00   5.478591306300000E-01   0.000000000000000E+00   0.000000000000000E+00   0.000000000000000E+00   0.000000000000000E+00
   8.065280200800000E-01   3.554568386500000E+00   3.225483844200000E-01   1.094622539100000E+00   5.745989924000000E-01   0.000000000000000E+00   0.000000000000000E+00   0.000000000000000E+00   0.000000000000000E+00
   8.109644548200000E-01   3.554288339500000E+00   3.225474634600000E-01   1.115342689500000E+00   5.226951651000000E-01   0.000000000000000E+00   0.000000000000000E+00   0.000000000000000E+00   0.000000000000000E+00
   8.146808656500000E-01   3.554568381000000E+00   3.225483844000000E-01   1.094622943000000E+00   5.745979802200000E-01   0.000000000000000E+00   0.000000000000000E+00   0.000000000000000E+00   0.000000000000000E+00
   8.183972764700000E-01   3.554424127000000E+00   3.225479100100000E-01   1.105296024600000E+00   5.478619885300000E-01   0.000000000000000E+00   0.000000000000000E+00   0.000000000000000E+00   0.000000000000000E+00
   8.221136872900000E-01   3.554568374000000E+00   3.225483843800000E-01   1.094623460200000E+00   5.745966843900000E-01   0.000000000000000E+00   0.000000000000000E+00   0.000000000000000E+00   0.000000000000000E+00
   8.258300981200000E-01   3.554288384200000E+00   3.225474636100000E-01   1.115339379600000E+00   5.227034584100000E-01   0.000000000000000E+00   0.000000000000000E+00   0.000000000000000E+00   0.000000000000000E+00
   8.291266887400000E-01   3.554568367700000E+00   3.225483843600000E-01   1.094623927800000E+00   5.745955129100000E-01   0.000000000000000E+00   0.000000000000000E+00   0.000000000000000E+00   0.000000000000000E+00
   8.324232793500000E-01   3.554424144800000E+00   3.225479100700000E-01   1.105294704500000E+00   5.478652961900000E-01   0.000000000000000E+00   0.000000000000000E+00   0.000000000000000E+00   0.000000000000000E+00
   8.357198699700000E-01   3.554568359900000E+00   3.225483843300000E-01   1.094624510700000E+00   5.745940523800001E-01   0.000000000000000E+00   0.000000000000000E+00   0.000000000000000E+00   0.000000000000000E+00
   8.390164605900000E-01   3.554288434500000E+00   3.225474637800000E-01   1.115335648900000E+00   5.227128058300000E-01   0.000000000000000E+00   0.000000000000000E+00   0.000000000000000E+00   0.000000000000000E+00
   8.421169027299999E-01   3.554568353000000E+00   3.225483843100000E-01   1.094625021800000E+00   5.745927718000000E-01   0.000000000000000E+00   0.000000000000000E+00   0.000000000000000E+00   0.000000000000000E+00
   8.452173448700000E-01   3.554424164300000E+00   3.225479101300000E-01   1.105293261400000E+00   5.478689119300000E-01   0.000000000000000E+00   0.000000000000000E+00   0.000000000000000E+00   0.000000000000000E+00
   8.483177870000000E-01   3.554568344600000E+00   3.225483842800000E-01   1.094625641400000E+00   5.745912192400000E-01   0.000000000000000E+00   0.000000000000000E+00   0.000000000000000E+00   0.000000000000000E+00
   8.514182291400000E-01   3.554288488000000E+00   3.225474639500000E-01   1.115331683200000E+00   5.227227422300000E-01   0.000000000000000E+00   0.000000000000000E+00   0.000000000000000E+00   0.000000000000000E+00
   8.538949449900000E-01   3.554568336600000E+00   3.225483842500000E-01   1.094626234400000E+00   5.745897335500000E-01   0.000000000000000E+00   0.000000000000000E+00   0.000000000000000E+00   0.000000000000000E+00
   8.563716608500000E-01   3.554424186900000E+00   3.225479102100000E-01   1.105291587200000E+00   5.478731067000000E-01   0.000000000000000E+00   0.000000000000000E+00   0.000000000000000E+00   0.000000000000000E+00
   8.588483767100000E-01   3.554568326100000E+00   3.225483842200000E-01   1.094627009800000E+00   5.745877905400000E-01   0.000000000000000E+00   0.000000000000000E+00   0.000000000000000E+00   0.000000000000000E+00
   8.613250925600000E-01   3.554288555000000E+00   3.225474641700000E-01   1.115326720100000E+00   5.227351775300000E-01   0.000000000000000E+00   0.000000000000000E+00   0.000000000000000E+00   0.000000000000000E+00
   8.631235009100000E-01   3.554568315600000E+00   3.225483841900000E-01   1.094627793200000E+00   5.745858277700000E-01   0.000000000000000E+00   0.000000000000000E+00   0.000000000000000E+00   0.000000000000000E+00
   8.649219092600000E-01   3.554424216800000E+00   3.225479103100000E-01   1.105289375500000E+00   5.478786483900000E-01   0.000000000000000E+00   0.000000000000000E+00   0.000000000000000E+00   0.000000000000000E+00
   8.667203176000000E-01   3.554568301200000E+00   3.225483841400000E-01   1.094628860800000E+00   5.745831528899999E-01   0.000000000000000E+00   0.000000000000000E+00   0.000000000000000E+00   0.000000000000000E+00
   8.685187259500000E-01   3.554288647200000E+00   3.225474644800000E-01   1.115319887700000E+00   5.227522967700000E-01   0.000000000000000E+00   0.000000000000000E+00   0.000000000000000E+00   0.000000000000000E+00
   8.703146432400000E-01   3.554568288900000E+00   3.225483841000000E-01   1.094629768600000E+00   5.745808781400000E-01   0.000000000000000E+00   0.000000000000000E+00   0.000000000000000E+00   0.000000000000000E+00
   8.721105605300000E-01   3.554424251400000E+00   3.225479104200000E-01   1.105286812100000E+00   5.478850711900000E-01   0.000000000000000E+00   0.000000000000000E+00   0.000000000000000E+00   0.000000000000000E+00
   8.739064778200000E-01   3.554568274500000E+00   3.225483840500000E-01   1.094630837200000E+00   5.745782006900000E-01   0.000000000000000E+00   0.000000000000000E+00   0.000000000000000E+00   0.000000000000000E+00
   8.757023951100000E-01   3.554288739500000E+00   3.225474647800000E-01   1.115313048700000E+00   5.227694324800000E-01   0.000000000000000E+00   0.000000000000000E+00   0.000000000000000E+00   0.000000000000000E+00
   8.773667599500000E-01   3.554568261700000E+00   3.225483840100000E-01   1.094631781200000E+00   5.745758354000000E-01   0.000000000000000E+00   0.000000000000000E+00   0.000000000000000E+00   0.000000000000000E+00
   8.790311247900000E-01   3.554424287300000E+00   3.225479105400000E-01   1.105284146700000E+00   5.478917495800000E-01   0.000000000000000E+00   0.000000000000000E+00   0.000000000000000E+00   0.000000000000000E+00
   8.806954896400000E-01   3.554568246200000E+00   3.225483839600000E-01   1.094632933800000E+00   5.745729476000000E-01   0.000000000000000E+00   0.000000000000000E+00   0.000000000000000E+00   0.000000000000000E+00
   8.823598544800000E-01   3.554288839100000E+00   3.225474651100000E-01   1.115305672400000E+00   5.227879144200001E-01   0.000000000000000E+00   0.000000000000000E+00   0.000000000000000E+00   0.000000000000000E+00
   8.840529362000000E-01   3.554568233100000E+00   3.225483839100000E-01   1.094633904900000E+00   5.745705143399999E-01   0.000000000000000E+00   0.000000000000000E+00   0.000000000000000E+00   0.000000000000000E+00
   8.857460179300000E-01   3.554424324300000E+00   3.225479106600000E-01   1.105281404700000E+00   5.478986199600000E-01   0.000000000000000E+00   0.000000000000000E+00   0.000000000000000E+00   0.000000000000000E+00
   8.874390996500000E-01   3.554568217800000E+00   3.225483838600000E-01   1.094635037400000E+00   5.745676768100000E-01   0.000000000000000E+00   0.000000000000000E+00   0.000000000000000E+00   0.000000000000000E+00
   8.891321813800001E-01   3.554288936900000E+00   3.225474654300000E-01   1.115298424600000E+00   5.228060746199999E-01   0.000000000000000E+00   0.000000000000000E+00   0.000000000000000E+00   0.000000000000000E+00
   8.912104759700000E-01   3.554568206000000E+00   3.225483838300000E-01   1.094635910600000E+00   5.745654889700000E-01   0.000000000000000E+00   0.000000000000000E+00   0.000000000000000E+00   0.000000000000000E+00
   8.932887705700000E-01   3.554424357600000E+00   3.225479107700000E-01   1.105278939100000E+00   5.479047976100000E-01   0.000000000000000E+00   0.000000000000000E+00   0.000000000000000E+00   0.000000000000000E+00
   8.953670651600000E-01   3.554568193600000E+00   3.225483837800000E-01   1.094636832800000E+00   5.745631783200000E-01   0.000000000000000E+00   0.000000000000000E+00   0.000000000000000E+00   0.000000000000000E+00
   8.974453597599999E-01   3.554289016500000E+00   3.225474656900000E-01   1.115292522500000E+00   5.228208627599999E-01   0.000000000000000E+00   0.000000000000000E+00   0.000000000000000E+00   0.000000000000000E+00
   8.997138689500001E-01   3.554568183400000E+00   3.225483837500000E-01   1.094637583600000E+00   5.745612969700000E-01   0.000000000000000E+00   0.000000000000000E+00   0.000000000000000E+00   0.000000000000000E+00
   9.019823781500000E-01   3.554424386200000E+00   3.225479108600000E-01   1.105276819000000E+00   5.479101097100000E-01   0.000000000000000E+00   0.000000000000000E+00   0.000000000000000E+00   0.000000000000000E+00
   9.042508873400000E-01   3.554568172000000E+00   3.225483837100000E-01   1.094638428200000E+00   5.745591808200000E-01   0.000000000000000E+00   0.000000000000000E+00   0.000000000000000E+00   0.000000000000000E+00
   9.065193965400000E-01   3.554289089500000E+00   3.225474659300000E-01   1.115287117300000E+00   5.228344061400000E-01   0.000000000000000E+00   0.000000000000000E+00   0.000000000000000E+00   0.000000000000000E+00
   9.094738394500000E-01   3.554568163500000E+00   3.225483836900000E-01   1.094639062600000E+00   5.745575911800000E-01   0.000000000000000E+00   0.000000000000000E+00   0.000000000000000E+00   0.000000000000000E+00
   9.124282823600000E-01   3.554424410400000E+00   3.225479109400000E-01   1.105275027700000E+00   5.479145982200000E-01   0.000000000000000E+00   0.000000000000000E+00   0.000000000000000E+00   0.000000000000000E+00
   9.153827252700000E-01   3.554568154700000E+00   3.225483836600000E-01   1.094639710900000E+00   5.745559668200000E-01   0.000000000000000E+00   0.000000000000000E+00   0.000000000000000E+00   0.000000000000000E+00
   9.183371681800000E-01   3.554289145400000E+00   3.225474661100000E-01   1.115282968300000E+00   5.228448020599999E-01   0.000000000000000E+00   0.000000000000000E+00   0.000000000000000E+00   0.000000000000000E+00
   9.202480650700000E-01   3.554568145300000E+00   3.225483836300000E-01   1.094640412300000E+00   5.745542092900000E-01   0.000000000000000E+00   0.000000000000000E+00   0.000000000000000E+00   0.000000000000000E+00
   9.221589619700000E-01   3.554424437100000E+00   3.225479110300000E-01   1.105273047200000E+00   5.479195604000000E-01   0.000000000000000E+00   0.000000000000000E+00   0.000000000000000E+00   0.000000000000000E+00
   9.240698588600000E-01   3.554568131800000E+00   3.225483835800000E-01   1.094641414300000E+00   5.745516986800000E-01   0.000000000000000E+00   0.000000000000000E+00   0.000000000000000E+00   0.000000000000000E+00
   9.259807557500001E-01   3.554289232000000E+00   3.225474664000000E-01   1.115276555500000E+00   5.228608699200000E-01   0.000000000000000E+00   0.000000000000000E+00   0.000000000000000E+00   0.000000000000000E+00
   9.273244432800000E-01   3.554568117800000E+00   3.225483835400000E-01   1.094642445600000E+00   5.745491146900000E-01   0.000000000000000E+00   0.000000000000000E+00   0.000000000000000E+00   0.000000000000000E+00
   9.286681308000000E-01   3.554424476400000E+00   3.225479111600000E-01   1.105270135600000E+00   5.479268559400000E-01   0.000000000000000E+00   0.000000000000000E+00   0.000000000000000E+00   0.000000000000000E+00
   9.300118183300000E-01   3.554568098600000E+00   3.225483834700000E-01   1.094643869900000E+00   5.745455460100000E-01   0.000000000000000E+00   0.000000000000000E+00   0.000000000000000E+00   0.000000000000000E+00
   9.313555058500000E-01   3.554289355000000E+00   3.225474668000000E-01   1.115267440300000E+00   5.228837094300000E-01   0.000000000000000E+00   0.000000000000000E+00   0.000000000000000E+00   0.000000000000000E+00
   9.328774002500000E-01   3.554568083200000E+00   3.225483834200000E-01   1.094645009300000E+00   5.745426910900000E-01   0.000000000000000E+00   0.000000000000000E+00   0.000000000000000E+00   0.000000000000000E+00
   9.343992946600000E-01   3.554424519800000E+00   3.225479113000000E-01   1.105266918400000E+00   5.479349171000000E-01   0.000000000000000E+00   0.000000000000000E+00   0.000000000000000E+00   0.000000000000000E+00
   9.359211890600000E-01   3.554568066300000E+00   3.225483833700000E-01   1.094646266100000E+00   5.745395419700000E-01   0.000000000000000E+00   0.000000000000000E+00   0.000000000000000E+00   0.000000000000000E+00
   9.374430834600000E-01   3.554289463500000E+00   3.225474671600000E-01   1.115259396700000E+00   5.229038637500000E-01   0.000000000000000E+00   0.000000000000000E+00   0.000000000000000E+00   0.000000000000000E+00
   9.394371683400000E-01   3.554568053600000E+00   3.225483833200000E-01   1.094647207600000E+00   5.745371828000000E-01   0.000000000000000E+00   0.000000000000000E+00   0.000000000000000E+00   0.000000000000000E+00
   9.414312532300000E-01   3.554424555700000E+00   3.225479114200000E-01   1.105264259800000E+00   5.479415786000000E-01   0.000000000000000E+00   0.000000000000000E+00   0.000000000000000E+00   0.000000000000000E+00
   9.434253381200000E-01   3.554568040600000E+00   3.225483832800000E-01   1.094648166400000E+00   5.745347804499999E-01   0.000000000000000E+00   0.000000000000000E+00   0.000000000000000E+00   0.000000000000000E+00
   9.454194230000000E-01   3.554289546300000E+00   3.225474674300000E-01   1.115253260500000E+00   5.229192388100000E-01   0.000000000000000E+00   0.000000000000000E+00   0.000000000000000E+00   0.000000000000000E+00
   9.468957009800000E-01   3.554568027700000E+00   3.225483832400000E-01   1.094649124100000E+00   5.745323807200000E-01   0.000000000000000E+00   0.000000000000000E+00   0.000000000000000E+00   0.000000000000000E+00
   9.483719789500000E-01   3.554424592200000E+00   3.225479115400000E-01   1.105261555700000E+00   5.479483539500000E-01   0.000000000000000E+00   0.000000000000000E+00   0.000000000000000E+00   0.000000000000000E+00
   9.498482569200000E-01   3.554568010300000E+00   3.225483831800000E-01   1.094650418600000E+00   5.745291372000000E-01   0.000000000000000E+00   0.000000000000000E+00   0.000000000000000E+00   0.000000000000000E+00
   9.513245348900000E-01   3.554289658100000E+00   3.225474678000000E-01   1.115244975900000E+00   5.229399973400000E-01   0.000000000000000E+00   0.000000000000000E+00   0.000000000000000E+00   0.000000000000000E+00
   9.522105405200000E-01   3.554567990500000E+00   3.225483831200000E-01   1.094651885200000E+00   5.745254625300000E-01   0.000000000000000E+00   0.000000000000000E+00   0.000000000000000E+00   0.000000000000000E+00
   9.530965461499999E-01   3.554424648000000E+00   3.225479117200000E-01   1.105257415400000E+00   5.479587281500000E-01   0.000000000000000E+00   0.000000000000000E+00   0.000000000000000E+00   0.000000000000000E+00
   9.539825517700000E-01   3.554567961400000E+00   3.225483830200000E-01   1.094654040500000E+00   5.745200618500000E-01   0.000000000000000E+00   0.000000000000000E+00   0.000000000000000E+00   0.000000000000000E+00
   9.548685574000000E-01   3.554289844200000E+00   3.225474684100000E-01   1.115231181400000E+00   5.229745617200000E-01   0.000000000000000E+00   0.000000000000000E+00   0.000000000000000E+00   0.000000000000000E+00
   9.559982717400000E-01   3.554567939300000E+00   3.225483829500000E-01   1.094655674200000E+00   5.745159683400000E-01   0.000000000000000E+00   0.000000000000000E+00   0.000000000000000E+00   0.000000000000000E+00
   9.571279860900000E-01   3.554424710300000E+00   3.225479119300000E-01   1.105252802300000E+00   5.479702871000000E-01   0.000000000000000E+00   0.000000000000000E+00   0.000000000000000E+00   0.000000000000000E+00
   9.582577004300000E-01   3.554567916500000E+00   3.225483828700000E-01   1.094657363300000E+00   5.745117359800000E-01   0.000000000000000E+00   0.000000000000000E+00   0.000000000000000E+00   0.000000000000000E+00
   9.593874147800000E-01   3.554289990100000E+00   3.225474688900000E-01   1.115220371100000E+00   5.230016488200000E-01   0.000000000000000E+00   0.000000000000000E+00   0.000000000000000E+00   0.000000000000000E+00
   9.603145826600000E-01   3.554567895100000E+00   3.225483828000000E-01   1.094658955400000E+00   5.745077467500000E-01   0.000000000000000E+00   0.000000000000000E+00   0.000000000000000E+00   0.000000000000000E+00
   9.612417505400001E-01   3.554424770900000E+00   3.225479121300000E-01   1.105248307300000E+00   5.479815501700001E-01   0.000000000000000E+00   0.000000000000000E+00   0.000000000000000E+00   0.000000000000000E+00
   9.621689184200000E-01   3.554567867300000E+00   3.225483827100000E-01   1.094661012000000E+00   5.745025936700000E-01   0.000000000000000E+00   0.000000000000000E+00   0.000000000000000E+00   0.000000000000000E+00
   9.630960863000000E-01   3.554290167600000E+00   3.225474694700000E-01   1.115207209200000E+00   5.230346285400000E-01   0.000000000000000E+00   0.000000000000000E+00   0.000000000000000E+00   0.000000000000000E+00
   9.637651601700000E-01   3.554567839200000E+00   3.225483826200000E-01   1.094663096500000E+00   5.744973705600001E-01   0.000000000000000E+00   0.000000000000000E+00   0.000000000000000E+00   0.000000000000000E+00
   9.644342340399999E-01   3.554424850300000E+00   3.225479123900000E-01   1.105242422400000E+00   5.479962960200000E-01   0.000000000000000E+00   0.000000000000000E+00   0.000000000000000E+00   0.000000000000000E+00
   9.651033079100000E-01   3.554567800800000E+00   3.225483824900000E-01   1.094665943500000E+00   5.744902367100000E-01   0.000000000000000E+00   0.000000000000000E+00   0.000000000000000E+00   0.000000000000000E+00
   9.657723817800000E-01   3.554290413500000E+00   3.225474702800000E-01   1.115188988100000E+00   5.230802852200001E-01   0.000000000000000E+00   0.000000000000000E+00   0.000000000000000E+00   0.000000000000000E+00
   9.667104283000000E-01   3.554567772800000E+00   3.225483824000000E-01   1.094668015200000E+00   5.744850455900000E-01   0.000000000000000E+00   0.000000000000000E+00   0.000000000000000E+00   0.000000000000000E+00
   9.676484748200000E-01   3.554424929200000E+00   3.225479126500000E-01   1.105236572200000E+00   5.480109551000000E-01   0.000000000000000E+00   0.000000000000000E+00   0.000000000000000E+00   0.000000000000000E+00
   9.685865213400000E-01   3.554567745500000E+00   3.225483823100000E-01   1.094670043900000E+00   5.744799622400000E-01   0.000000000000000E+00   0.000000000000000E+00   0.000000000000000E+00   0.000000000000000E+00
   9.695245678600000E-01   3.554290588600000E+00   3.225474708500000E-01   1.115176004500000E+00   5.231128186200000E-01   0.000000000000000E+00   0.000000000000000E+00   0.000000000000000E+00   0.000000000000000E+00
   9.703009428300000E-01   3.554567719800000E+00   3.225483822300000E-01   1.094671947100000E+00   5.744751933000000E-01   0.000000000000000E+00   0.000000000000000E+00   0.000000000000000E+00   0.000000000000000E+00
   9.710773178000000E-01   3.554425001700000E+00   3.225479128900000E-01   1.105231198700000E+00   5.480244195000000E-01   0.000000000000000E+00   0.000000000000000E+00   0.000000000000000E+00   0.000000000000000E+00
   9.718536927700000E-01   3.554567686800000E+00   3.225483821200000E-01   1.094674396000000E+00   5.744690569300001E-01   0.000000000000000E+00   0.000000000000000E+00   0.000000000000000E+00   0.000000000000000E+00
   9.726300677300000E-01   3.554290800000000E+00   3.225474715500000E-01   1.115160331500000E+00   5.231520914200000E-01   0.000000000000000E+00   0.000000000000000E+00   0.000000000000000E+00   0.000000000000000E+00
   9.733448486000000E-01   3.554567657500000E+00   3.225483820200000E-01   1.094676566200000E+00   5.744636188600000E-01   0.000000000000000E+00   0.000000000000000E+00   0.000000000000000E+00   0.000000000000000E+00
   9.740596294600000E-01   3.554425084400000E+00   3.225479131600000E-01   1.105225071200000E+00   5.480397735600000E-01   0.000000000000000E+00   0.000000000000000E+00   0.000000000000000E+00   0.000000000000000E+00
   9.747744103300000E-01   3.554567621600000E+00   3.225483819100000E-01   1.094679223400000E+00   5.744569605400000E-01   0.000000000000000E+00   0.000000000000000E+00   0.000000000000000E+00   0.000000000000000E+00
   9.754891912000000E-01   3.554291029400000E+00   3.225474723000000E-01   1.115143325400000E+00   5.231947046900000E-01   0.000000000000000E+00   0.000000000000000E+00   0.000000000000000E+00   0.000000000000000E+00
   9.760545248200000E-01   3.554567587200000E+00   3.225483817900000E-01   1.094681779400000E+00   5.744505559600001E-01   0.000000000000000E+00   0.000000000000000E+00   0.000000000000000E+00   0.000000000000000E+00
   9.766198584500000E-01   3.554425181700000E+00   3.225479134800000E-01   1.105217855300000E+00   5.480578551400000E-01   0.000000000000000E+00   0.000000000000000E+00   0.000000000000000E+00   0.000000000000000E+00
   9.771851920800000E-01   3.554567541900000E+00   3.225483816400000E-01   1.094685134900000E+00   5.744421476800000E-01   0.000000000000000E+00   0.000000000000000E+00   0.000000000000000E+00   0.000000000000000E+00
   9.777505257100000E-01   3.554291319000000E+00   3.225474732500000E-01   1.115121850000000E+00   5.232485177300000E-01   0.000000000000000E+00   0.000000000000000E+00   0.000000000000000E+00   0.000000000000000E+00
   9.782237000400000E-01   3.554567499700000E+00   3.225483815000000E-01   1.094688262900000E+00   5.744343095000000E-01   0.000000000000000E+00   0.000000000000000E+00   0.000000000000000E+00   0.000000000000000E+00
   9.786968743700000E-01   3.554425300800000E+00   3.225479138700000E-01   1.105209024200000E+00   5.480799842600000E-01   0.000000000000000E+00   0.000000000000000E+00   0.000000000000000E+00   0.000000000000000E+00
   9.791700487000000E-01   3.554567445700000E+00   3.225483813300000E-01   1.094692266000000E+00   5.744242784400000E-01   0.000000000000000E+00   0.000000000000000E+00   0.000000000000000E+00   0.000000000000000E+00
   9.796432230300000E-01   3.554291664600000E+00   3.225474743900000E-01   1.115096230100000E+00   5.233127166100000E-01   0.000000000000000E+00   0.000000000000000E+00   0.000000000000000E+00   0.000000000000000E+00
   9.800770668000000E-01   3.554567397800000E+00   3.225483811700000E-01   1.094695820100000E+00   5.744153724600000E-01   0.000000000000000E+00   0.000000000000000E+00   0.000000000000000E+00   0.000000000000000E+00
   9.805109105599999E-01   3.554425436200000E+00   3.225479143100000E-01   1.105198989700000E+00   5.481051291500000E-01   0.000000000000000E+00   0.000000000000000E+00   0.000000000000000E+00   0.000000000000000E+00
   9.809447543299999E-01   3.554567339000000E+00   3.225483809800000E-01   1.094700178600000E+00   5.744044504600000E-01   0.000000000000000E+00   0.000000000000000E+00   0.000000000000000E+00   0.000000000000000E+00
   9.813785981000001E-01   3.554292040700000E+00   3.225474756200000E-01   1.115068335200000E+00   5.233826174900000E-01   0.000000000000000E+00   0.000000000000000E+00   0.000000000000000E+00   0.000000000000000E+00
   9.817380285700000E-01   3.554567283900000E+00   3.225483808000000E-01   1.094704263600000E+00   5.743942140000000E-01   0.000000000000000E+00   0.000000000000000E+00   0.000000000000000E+00   0.000000000000000E+00
   9.820974590400000E-01   3.554425591700000E+00   3.225479148200000E-01   1.105187457200000E+00   5.481340281200000E-01   0.000000000000000E+00   0.000000000000000E+00   0.000000000000000E+00   0.000000000000000E+00
   9.824568895200000E-01   3.554567213100000E+00   3.225483805600000E-01   1.094709514300000E+00   5.743810563900000E-01   0.000000000000000E+00   0.000000000000000E+00   0.000000000000000E+00   0.000000000000000E+00
   9.828163199900000E-01   3.554292493900000E+00   3.225474771100000E-01   1.115034731100000E+00   5.234668263400000E-01   0.000000000000000E+00   0.000000000000000E+00   0.000000000000000E+00   0.000000000000000E+00
   9.831973024200000E-01   3.554567154700000E+00   3.225483803700000E-01   1.094713846300000E+00   5.743702005200000E-01   0.000000000000000E+00   0.000000000000000E+00   0.000000000000000E+00   0.000000000000000E+00
   9.835782848500000E-01   3.554425756600000E+00   3.225479153600000E-01   1.105175225000000E+00   5.481646813300000E-01   0.000000000000000E+00   0.000000000000000E+00   0.000000000000000E+00   0.000000000000000E+00
   9.839592672800000E-01   3.554567088000000E+00   3.225483801500000E-01   1.094718789600000E+00   5.743578128200000E-01   0.000000000000000E+00   0.000000000000000E+00   0.000000000000000E+00   0.000000000000000E+00
   9.843402497100000E-01   3.554292920400000E+00   3.225474785100000E-01   1.115003094000000E+00   5.235461077700000E-01   0.000000000000000E+00   0.000000000000000E+00   0.000000000000000E+00   0.000000000000000E+00
   9.846532604500000E-01   3.554567025300000E+00   3.225483799500000E-01   1.094723443300000E+00   5.743461506400001E-01   0.000000000000000E+00   0.000000000000000E+00   0.000000000000000E+00   0.000000000000000E+00
   9.849662711900000E-01   3.554425933700000E+00   3.225479159500000E-01   1.105162087300000E+00   5.481976044100000E-01   0.000000000000000E+00   0.000000000000000E+00   0.000000000000000E+00   0.000000000000000E+00
   9.852792819200000E-01   3.554566944300000E+00   3.225483796800000E-01   1.094729446600000E+00   5.743311063500000E-01   0.000000000000000E+00   0.000000000000000E+00   0.000000000000000E+00   0.000000000000000E+00
   9.855922926600000E-01   3.554293438300000E+00   3.225474802100000E-01   1.114964673100000E+00   5.236423914400000E-01   0.000000000000000E+00   0.000000000000000E+00   0.000000000000000E+00   0.000000000000000E+00
   9.858805133300000E-01   3.554566872700000E+00   3.225483794400000E-01   1.094734762500000E+00   5.743177844100000E-01   0.000000000000000E+00   0.000000000000000E+00   0.000000000000000E+00   0.000000000000000E+00
   9.861687340000000E-01   3.554426136100000E+00   3.225479166100000E-01   1.105147078900000E+00   5.482352162800000E-01   0.000000000000000E+00   0.000000000000000E+00   0.000000000000000E+00   0.000000000000000E+00
   9.864569546700001E-01   3.554566785000000E+00   3.225483791600000E-01   1.094741265400000E+00   5.743014876500000E-01   0.000000000000000E+00   0.000000000000000E+00   0.000000000000000E+00   0.000000000000000E+00
   9.867451753399999E-01   3.554293999200000E+00   3.225474820600000E-01   1.114923054700000E+00   5.237466909900000E-01   0.000000000000000E+00   0.000000000000000E+00   0.000000000000000E+00   0.000000000000000E+00
   9.870537773200000E-01   3.554566713200000E+00   3.225483789200000E-01   1.094746602900000E+00   5.742881109600000E-01   0.000000000000000E+00   0.000000000000000E+00   0.000000000000000E+00   0.000000000000000E+00
   9.873623793100000E-01   3.554426339200000E+00   3.225479172800000E-01   1.105132007100000E+00   5.482729881700000E-01   0.000000000000000E+00   0.000000000000000E+00   0.000000000000000E+00   0.000000000000000E+00
   9.876709812900000E-01   3.554566631500000E+00   3.225483786500000E-01   1.094752660600000E+00   5.742729294000000E-01   0.000000000000000E+00   0.000000000000000E+00   0.000000000000000E+00   0.000000000000000E+00
   9.879795832800000E-01   3.554294521600000E+00   3.225474837700000E-01   1.114884285500000E+00   5.238438532000000E-01   0.000000000000000E+00   0.000000000000000E+00   0.000000000000000E+00   0.000000000000000E+00
   9.882417873600000E-01   3.554566556100000E+00   3.225483784000000E-01   1.094758258700000E+00   5.742588994100000E-01   0.000000000000000E+00   0.000000000000000E+00   0.000000000000000E+00   0.000000000000000E+00
   9.885039914500000E-01   3.554426552100000E+00   3.225479179800000E-01   1.105116203300000E+00   5.483125956900000E-01   0.000000000000000E+00   0.000000000000000E+00   0.000000000000000E+00   0.000000000000000E+00
   9.887661955400000E-01   3.554566460200000E+00   3.225483780900000E-01   1.094765368900000E+00   5.742410794400000E-01   0.000000000000000E+00   0.000000000000000E+00   0.000000000000000E+00   0.000000000000000E+00
   9.890283996200000E-01   3.554295134600000E+00   3.225474857800000E-01   1.114838780200000E+00   5.239579013700000E-01   0.000000000000000E+00   0.000000000000000E+00   0.000000000000000E+00   0.000000000000000E+00
   9.892560130300000E-01   3.554566372800000E+00   3.225483778000000E-01   1.094771862800000E+00   5.742248036800000E-01   0.000000000000000E+00   0.000000000000000E+00   0.000000000000000E+00   0.000000000000000E+00
   9.894836264500000E-01   3.554426799100000E+00   3.225479187900000E-01   1.105097870700000E+00   5.483585430600000E-01   0.000000000000000E+00   0.000000000000000E+00   0.000000000000000E+00   0.000000000000000E+00
   9.897112398600000E-01   3.554566262700000E+00   3.225483774400000E-01   1.094780027600000E+00   5.742043397400000E-01   0.000000000000000E+00   0.000000000000000E+00   0.000000000000000E+00   0.000000000000000E+00
   9.899388532700000E-01   3.554295838500000E+00   3.225474880900000E-01   1.114786525300000E+00   5.240888710900000E-01   0.000000000000000E+00   0.000000000000000E+00   0.000000000000000E+00   0.000000000000000E+00
   9.901874426500000E-01   3.554566173500000E+00   3.225483771500000E-01   1.094786663200000E+00   5.741877079800000E-01   0.000000000000000E+00   0.000000000000000E+00   0.000000000000000E+00   0.000000000000000E+00
   9.904360320200000E-01   3.554427051400000E+00   3.225479196100000E-01   1.105079132800000E+00   5.484055082000000E-01   0.000000000000000E+00   0.000000000000000E+00   0.000000000000000E+00   0.000000000000000E+00
   9.906846214000000E-01   3.554566073100000E+00   3.225483768200000E-01   1.094794114800000E+00   5.741690307800000E-01   0.000000000000000E+00   0.000000000000000E+00   0.000000000000000E+00   0.000000000000000E+00
   9.909332107800000E-01   3.554296480600000E+00   3.225474902000000E-01   1.114738835300000E+00   5.242084055800000E-01   0.000000000000000E+00   0.000000000000000E+00   0.000000000000000E+00   0.000000000000000E+00
   9.911728775799999E-01   3.554565986400000E+00   3.225483765300000E-01   1.094800556600000E+00   5.741528839600000E-01   0.000000000000000E+00   0.000000000000000E+00   0.000000000000000E+00   0.000000000000000E+00
   9.914125443900000E-01   3.554427296300000E+00   3.225479204200000E-01   1.105060944800000E+00   5.484510971800000E-01   0.000000000000000E+00   0.000000000000000E+00   0.000000000000000E+00   0.000000000000000E+00
   9.916522111900000E-01   3.554565882600000E+00   3.225483761900000E-01   1.094808261100000E+00   5.741335718200000E-01   0.000000000000000E+00   0.000000000000000E+00   0.000000000000000E+00   0.000000000000000E+00
   9.918918779900000E-01   3.554297144300000E+00   3.225474923800000E-01   1.114689526600000E+00   5.243320037300000E-01   0.000000000000000E+00   0.000000000000000E+00   0.000000000000000E+00   0.000000000000000E+00
   9.921642578300000E-01   3.554565800000000E+00   3.225483759200000E-01   1.094814406200000E+00   5.741181678400000E-01   0.000000000000000E+00   0.000000000000000E+00   0.000000000000000E+00   0.000000000000000E+00
   9.924366376600000E-01   3.554427529800000E+00   3.225479211800000E-01   1.105043591400000E+00   5.484945969100000E-01   0.000000000000000E+00   0.000000000000000E+00   0.000000000000000E+00   0.000000000000000E+00
   9.927090174900000E-01   3.554565709100000E+00   3.225483756200000E-01   1.094821164800000E+00   5.741012257700000E-01   0.000000000000000E+00   0.000000000000000E+00   0.000000000000000E+00   0.000000000000000E+00
   9.929813973300000E-01   3.554297726200000E+00   3.225474942900000E-01   1.114646271700000E+00   5.244404333300000E-01   0.000000000000000E+00   0.000000000000000E+00   0.000000000000000E+00   0.000000000000000E+00
   9.932070138500000E-01   3.554565623900000E+00   3.225483753500000E-01   1.094827496700000E+00   5.740853528700000E-01   0.000000000000000E+00   0.000000000000000E+00   0.000000000000000E+00   0.000000000000000E+00
   9.934326303800000E-01   3.554427770200000E+00   3.225479219700000E-01   1.105025717100000E+00   5.485394046700000E-01   0.000000000000000E+00   0.000000000000000E+00   0.000000000000000E+00   0.000000000000000E+00
   9.936582469000000E-01   3.554565514400000E+00   3.225483749900000E-01   1.094835630500000E+00   5.740649622400000E-01   0.000000000000000E+00   0.000000000000000E+00   0.000000000000000E+00   0.000000000000000E+00
   9.938838634300000E-01   3.554298426200000E+00   3.225474965800000E-01   1.114594215400000E+00   5.245709339500000E-01   0.000000000000000E+00   0.000000000000000E+00   0.000000000000000E+00   0.000000000000000E+00
   9.940424765600000E-01   3.554565402000000E+00   3.225483746200000E-01   1.094843992400000E+00   5.740439986400000E-01   0.000000000000000E+00   0.000000000000000E+00   0.000000000000000E+00   0.000000000000000E+00
   9.942010896900000E-01   3.554428087600000E+00   3.225479230100000E-01   1.105002119600000E+00   5.485985641800000E-01   0.000000000000000E+00   0.000000000000000E+00   0.000000000000000E+00   0.000000000000000E+00
   9.943597028200000E-01   3.554565246900000E+00   3.225483741100000E-01   1.094855514100000E+00   5.740151126600000E-01   0.000000000000000E+00   0.000000000000000E+00   0.000000000000000E+00   0.000000000000000E+00
   9.945183159500000E-01   3.554299417500000E+00   3.225474998300000E-01   1.114520477100000E+00   5.247558055300000E-01   0.000000000000000E+00   0.000000000000000E+00   0.000000000000000E+00   0.000000000000000E+00
   9.946899282300000E-01   3.554565120900000E+00   3.225483736900000E-01   1.094864912700000E+00   5.739915475400000E-01   0.000000000000000E+00   0.000000000000000E+00   0.000000000000000E+00   0.000000000000000E+00
   9.948615405000000E-01   3.554428444200000E+00   3.225479241800000E-01   1.104975578400000E+00   5.486651098200001E-01   0.000000000000000E+00   0.000000000000000E+00   0.000000000000000E+00   0.000000000000000E+00
   9.950331527700000E-01   3.554564978300000E+00   3.225483732300000E-01   1.094875511500000E+00   5.739649724100000E-01   0.000000000000000E+00   0.000000000000000E+00   0.000000000000000E+00   0.000000000000000E+00
   9.952047650500000E-01   3.554300328600000E+00   3.225475028200000E-01   1.114452645500000E+00   5.249258874900000E-01   0.000000000000000E+00   0.000000000000000E+00   0.000000000000000E+00   0.000000000000000E+00
   9.953654424200000E-01   3.554564853700000E+00   3.225483728200000E-01   1.094884806200000E+00   5.739416649300000E-01   0.000000000000000E+00   0.000000000000000E+00   0.000000000000000E+00   0.000000000000000E+00
   9.955261198000001E-01   3.554428796500000E+00   3.225479253400000E-01   1.104949337200000E+00   5.487309115200000E-01   0.000000000000000E+00   0.000000000000000E+00   0.000000000000000E+00   0.000000000000000E+00
   9.956867971700000E-01   3.554564702200000E+00   3.225483723200000E-01   1.094896073200000E+00   5.739134108600000E-01   0.000000000000000E+00   0.000000000000000E+00   0.000000000000000E+00   0.000000000000000E+00
   9.958474745500000E-01   3.554301295800000E+00   3.225475059900000E-01   1.114380537800000E+00   5.251067152200000E-01   0.000000000000000E+00   0.000000000000000E+00   0.000000000000000E+00   0.000000000000000E+00
   9.959448535200000E-01   3.554564532400000E+00   3.225483717600000E-01   1.094908739400000E+00   5.738816445500000E-01   0.000000000000000E+00   0.000000000000000E+00   0.000000000000000E+00   0.000000000000000E+00
   9.960422324900000E-01   3.554429275600000E+00   3.225479269000000E-01   1.104913615500000E+00   5.488205008700000E-01   0.000000000000000E+00   0.000000000000000E+00   0.000000000000000E+00   0.000000000000000E+00
   9.961396114600000E-01   3.554564284000000E+00   3.225483709500000E-01   1.094927210600000E+00   5.738353158300000E-01   0.000000000000000E+00   0.000000000000000E+00   0.000000000000000E+00   0.000000000000000E+00
   9.962369904300000E-01   3.554302880200000E+00   3.225475111700000E-01   1.114262324100000E+00   5.254032241900000E-01   0.000000000000000E+00   0.000000000000000E+00   0.000000000000000E+00   0.000000000000000E+00
   9.963271443800000E-01   3.554564067000000E+00   3.225483702400000E-01   1.094943475900000E+00   5.737945115400001E-01   0.000000000000000E+00   0.000000000000000E+00   0.000000000000000E+00   0.000000000000000E+00
   9.964172983200000E-01   3.554429890400000E+00   3.225479289100000E-01   1.104867699900000E+00   5.489356853600000E-01   0.000000000000000E+00   0.000000000000000E+00   0.000000000000000E+00   0.000000000000000E+00
   9.965074522700000E-01   3.554563801300000E+00   3.225483693700000E-01   1.094963260500000E+00   5.737448731600000E-01   0.000000000000000E+00   0.000000000000000E+00   0.000000000000000E+00   0.000000000000000E+00
   9.965976062100000E-01   3.554304573500000E+00   3.225475167100000E-01   1.114135705400000E+00   5.257209166400000E-01   0.000000000000000E+00   0.000000000000000E+00   0.000000000000000E+00   0.000000000000000E+00
   9.966682892900000E-01   3.554563547600000E+00   3.225483685400000E-01   1.094982318100000E+00   5.736970466500000E-01   0.000000000000000E+00   0.000000000000000E+00   0.000000000000000E+00   0.000000000000000E+00
   9.967389723600000E-01   3.554430608300000E+00   3.225479312600000E-01   1.104813937600000E+00   5.490706072800000E-01   0.000000000000000E+00   0.000000000000000E+00   0.000000000000000E+00   0.000000000000000E+00
   9.968096554300000E-01   3.554563212800000E+00   3.225483674400000E-01   1.095007301600000E+00   5.736343351900000E-01   0.000000000000000E+00   0.000000000000000E+00   0.000000000000000E+00   0.000000000000000E+00
   9.968803385000000E-01   3.554306705500000E+00   3.225475236600000E-01   1.113975815000000E+00   5.261222821700000E-01   0.000000000000000E+00   0.000000000000000E+00   0.000000000000000E+00   0.000000000000000E+00
   9.969445572500000E-01   3.554562919100000E+00   3.225483664900000E-01   1.095029484600000E+00   5.735786312800000E-01   0.000000000000000E+00   0.000000000000000E+00   0.000000000000000E+00   0.000000000000000E+00
   9.970087759900000E-01   3.554431441400000E+00   3.225479339700000E-01   1.104751328400000E+00   5.492278251500000E-01   0.000000000000000E+00   0.000000000000000E+00   0.000000000000000E+00   0.000000000000000E+00
   9.970729947400000E-01   3.554562556800000E+00   3.225483653000000E-01   1.095056657400000E+00   5.735103737900000E-01   0.000000000000000E+00   0.000000000000000E+00   0.000000000000000E+00   0.000000000000000E+00
   9.971372134800000E-01   3.554309013800000E+00   3.225475311800000E-01   1.113801913900000E+00   5.265591453600000E-01   0.000000000000000E+00   0.000000000000000E+00   0.000000000000000E+00   0.000000000000000E+00
   9.972091324300000E-01   3.554562271200000E+00   3.225483643800000E-01   1.095078373300000E+00   5.734557918099999E-01   0.000000000000000E+00   0.000000000000000E+00   0.000000000000000E+00   0.000000000000000E+00
   9.972810513700000E-01   3.554432253300000E+00   3.225479366100000E-01   1.104689980200000E+00   5.493820108700000E-01   0.000000000000000E+00   0.000000000000000E+00   0.000000000000000E+00   0.000000000000000E+00
   9.973529703100000E-01   3.554561953700000E+00   3.225483633400000E-01   1.095102347300000E+00   5.733955091400000E-01   0.000000000000000E+00   0.000000000000000E+00   0.000000000000000E+00   0.000000000000000E+00
   9.974248892599999E-01   3.554311036400000E+00   3.225475377400000E-01   1.113648485600000E+00   5.269449673700000E-01   0.000000000000000E+00   0.000000000000000E+00   0.000000000000000E+00   0.000000000000000E+00
   9.974891103000000E-01   3.554561672800000E+00   3.225483624300000E-01   1.095123827500000E+00   5.733414623500001E-01   0.000000000000000E+00   0.000000000000000E+00   0.000000000000000E+00   0.000000000000000E+00
   9.975533313400000E-01   3.554433049200000E+00   3.225479391900000E-01   1.104629360600000E+00   5.495345429100000E-01   0.000000000000000E+00   0.000000000000000E+00   0.000000000000000E+00   0.000000000000000E+00
   9.976175523900001E-01   3.554561324500000E+00   3.225483613000000E-01   1.095150348200000E+00   5.732746860400000E-01   0.000000000000000E+00   0.000000000000000E+00   0.000000000000000E+00   0.000000000000000E+00
   9.976817734300000E-01   3.554313254000000E+00   3.225475449000000E-01   1.113478761600000E+00   5.273723542200000E-01   0.000000000000000E+00   0.000000000000000E+00   0.000000000000000E+00   0.000000000000000E+00
   9.977433119000000E-01   3.554561028800000E+00   3.225483603600000E-01   1.095173231700000E+00   5.732170116100000E-01   0.000000000000000E+00   0.000000000000000E+00   0.000000000000000E+00   0.000000000000000E+00
   9.978048503800000E-01   3.554433888200000E+00   3.225479418900000E-01   1.104564761500000E+00   5.496973587600000E-01   0.000000000000000E+00   0.000000000000000E+00   0.000000000000000E+00   0.000000000000000E+00
   9.978663888500000E-01   3.554560675000000E+00   3.225483592200000E-01   1.095200534000000E+00   5.731481293000000E-01   0.000000000000000E+00   0.000000000000000E+00   0.000000000000000E+00   0.000000000000000E+00
   9.979279273300000E-01   3.554315506500000E+00   3.225475521200000E-01   1.113304038900000E+00   5.278132238300000E-01   0.000000000000000E+00   0.000000000000000E+00   0.000000000000000E+00   0.000000000000000E+00
   9.979914474700000E-01   3.554560386800000E+00   3.225483583000000E-01   1.095223212500000E+00   5.730908313500001E-01   0.000000000000000E+00   0.000000000000000E+00   0.000000000000000E+00   0.000000000000000E+00
   9.980549676000000E-01   3.554434706800000E+00   3.225479445000000E-01   1.104500717300000E+00   5.498591647700000E-01   0.000000000000000E+00   0.000000000000000E+00   0.000000000000000E+00   0.000000000000000E+00
   9.981184877400000E-01   3.554560055300000E+00   3.225483572500000E-01   1.095249288100000E+00   5.730248581500000E-01   0.000000000000000E+00   0.000000000000000E+00   0.000000000000000E+00   0.000000000000000E+00
   9.981820078800000E-01   3.554317616600000E+00   3.225475588100000E-01   1.113137168900000E+00   5.282354767600000E-01   0.000000000000000E+00   0.000000000000000E+00   0.000000000000000E+00   0.000000000000000E+00
   9.982446128900000E-01   3.554559779800000E+00   3.225483563800000E-01   1.095271451700000E+00   5.729686791300000E-01   0.000000000000000E+00   0.000000000000000E+00   0.000000000000000E+00   0.000000000000000E+00
   9.983072178900000E-01   3.554435488500000E+00   3.225479469600000E-01   1.104438143700000E+00   5.500177806000000E-01   0.000000000000000E+00   0.000000000000000E+00   0.000000000000000E+00   0.000000000000000E+00
   9.983698229000000E-01   3.554559457100000E+00   3.225483553700000E-01   1.095297516500000E+00   5.729024776900000E-01   0.000000000000000E+00   0.000000000000000E+00   0.000000000000000E+00   0.000000000000000E+00
   9.984324279100000E-01   3.554319668700000E+00   3.225475652100000E-01   1.112970374700000E+00   5.286591966400001E-01   0.000000000000000E+00   0.000000000000000E+00   0.000000000000000E+00   0.000000000000000E+00
   9.984884561600000E-01   3.554559176600000E+00   3.225483545100000E-01   1.095320794300000E+00   5.728432089800000E-01   0.000000000000000E+00   0.000000000000000E+00   0.000000000000000E+00   0.000000000000000E+00
   9.985444844200000E-01   3.554436281700000E+00   3.225479494000000E-01   1.104372467400000E+00   5.501850529900000E-01   0.000000000000000E+00   0.000000000000000E+00   0.000000000000000E+00   0.000000000000000E+00
   9.986005126700001E-01   3.554558836500000E+00   3.225483534700000E-01   1.095349424400000E+00   5.727700707700000E-01   0.000000000000000E+00   0.000000000000000E+00   0.000000000000000E+00   0.000000000000000E+00
   9.986565409200000E-01   3.554321828200000E+00   3.225475717600000E-01   1.112787180000000E+00   5.291273330900000E-01   0.000000000000000E+00   0.000000000000000E+00   0.000000000000000E+00   0.000000000000000E+00
   9.987025311400000E-01   3.554558531000000E+00   3.225483525600000E-01   1.095376176400000E+00   5.727014764400000E-01   0.000000000000000E+00   0.000000000000000E+00   0.000000000000000E+00   0.000000000000000E+00
   9.987485213600000E-01   3.554437143300000E+00   3.225479519600000E-01   1.104297064100000E+00   5.503785633500000E-01   0.000000000000000E+00   0.000000000000000E+00   0.000000000000000E+00   0.000000000000000E+00
   9.987945115900000E-01   3.554558158000000E+00   3.225483514900000E-01   1.095410285800000E+00   5.726134744300000E-01   0.000000000000000E+00   0.000000000000000E+00   0.000000000000000E+00   0.000000000000000E+00
   9.988405018099999E-01   3.554324214100000E+00   3.225475786400000E-01   1.112568965300000E+00   5.296906522600000E-01   0.000000000000000E+00   0.000000000000000E+00   0.000000000000000E+00   0.000000000000000E+00
   9.988803329700000E-01   3.554557858700000E+00   3.225483507300000E-01   1.095441112900000E+00   5.725333522400000E-01   0.000000000000000E+00   0.000000000000000E+00   0.000000000000000E+00   0.000000000000000E+00
   9.989201641200000E-01   3.554438074100000E+00   3.225479546500000E-01   1.104210154400000E+00   5.506046140700001E-01   0.000000000000000E+00   0.000000000000000E+00   0.000000000000000E+00   0.000000000000000E+00
   9.989599952800000E-01   3.554557582600000E+00   3.225483503300000E-01   1.095479251500000E+00   5.724330050100001E-01   0.000000000000000E+00   0.000000000000000E+00   0.000000000000000E+00   0.000000000000000E+00
   9.989998264400000E-01   3.554326682800000E+00   3.225475855900000E-01   1.112324786400000E+00   5.303327411700000E-01   0.000000000000000E+00   0.000000000000000E+00   0.000000000000000E+00   0.000000000000000E+00
   9.990420720700000E-01   3.554557789600000E+00   3.225483526400000E-01   1.095509926900000E+00   5.723504161600000E-01   0.000000000000000E+00   0.000000000000000E+00   0.000000000000000E+00   0.000000000000000E+00
   9.990843176999999E-01   3.554440015200000E+00   3.225479638600000E-01   1.104122409300000E+00   5.508365597400000E-01   0.000000000000000E+00   0.000000000000000E+00   0.000000000000000E+00   0.000000000000000E+00
   9.991265633400001E-01   3.554560037200000E+00   3.225483677200000E-01   1.095543356800000E+00   5.722554648000000E-01   0.000000000000000E+00   0.000000000000000E+00   0.000000000000000E+00   0.000000000000000E+00
   9.991688089700000E-01   3.554334995900000E+00   3.225476305600000E-01   1.112101194200000E+00   5.309285422000000E-01   0.000000000000000E+00   0.000000000000000E+00   0.000000000000000E+00   0.000000000000000E+00
   9.992099984200000E-01   3.554573622200000E+00   3.225484531700000E-01   1.095566313500000E+00   5.721677345800000E-01   0.000000000000000E+00   0.000000000000000E+00   0.000000000000000E+00   0.000000000000000E+00
   9.992511878800000E-01   3.554477409500000E+00   3.225481945100000E-01   1.104024543200000E+00   5.510436074300000E-01   0.000000000000000E+00   0.000000000000000E+00   0.000000000000000E+00   0.000000000000000E+00
   9.992923773400000E-01   3.554644687600000E+00   3.225488967500000E-01   1.095568610400000E+00   5.720339257900000E-01   0.000000000000000E+00   0.000000000000000E+00   0.000000000000000E+00   0.000000000000000E+00
   9.993335668000000E-01   3.554531922300000E+00   3.225488521100000E-01   1.111801625000000E+00   5.314350089700000E-01   0.000000000000000E+00   0.000000000000000E+00   0.000000000000000E+00   0.000000000000000E+00
   9.993627815200000E-01   3.554926718900000E+00   3.225506545600000E-01   1.095478384700000E+00   5.717844783800000E-01   0.000000000000000E+00   0.000000000000000E+00   0.000000000000000E+00   0.000000000000000E+00
   9.993919962400000E-01   3.555107523600000E+00   3.225521185400000E-01   1.103656335300000E+00   5.509816110700000E-01   0.000000000000000E+00   0.000000000000000E+00   0.000000000000000E+00   0.000000000000000E+00
   9.994212109500000E-01   3.555766178600000E+00   3.225558858100000E-01   1.095153785300000E+00   5.711985635200000E-01   0.000000000000000E+00   0.000000000000000E+00   0.000000000000000E+00   0.000000000000000E+00
   9.994504256700000E-01   3.556515076700000E+00   3.225612073200000E-01   1.110663635800000E+00   5.312373703000000E-01   0.000000000000000E+00   0.000000000000000E+00   0.000000000000000E+00   0.000000000000000E+00
   9.994722886000000E-01   3.557970816600000E+00   3.225696278700000E-01   1.094230375500000E+00   5.698824488300001E-01   0.000000000000000E+00   0.000000000000000E+00   0.000000000000000E+00   0.000000000000000E+00
   9.994941515200000E-01   3.559748674300000E+00   3.225810530600000E-01   1.101524024100000E+00   5.488814519800000E-01   0.000000000000000E+00   0.000000000000000E+00   0.000000000000000E+00   0.000000000000000E+00
   9.995160144400000E-01   3.562820631200000E+00   3.225998817100000E-01   1.092164783900000E+00   5.671127251200000E-01   0.000000000000000E+00   0.000000000000000E+00   0.000000000000000E+00   0.000000000000000E+00
   9.995378773700000E-01   3.567145247700000E+00   3.226275590600000E-01   1.105776590400000E+00   5.267873180600000E-01   0.000000000000000E+00   0.000000000000000E+00   0.000000000000000E+00   0.000000000000000E+00
   9.995657189400000E-01   3.576972816700000E+00   3.226883824900000E-01   1.086098241600000E+00   5.595388007500000E-01   0.000000000000000E+00   0.000000000000000E+00   0.000000000000000E+00   0.000000000000000E+00
   9.995935605200000E-01   3.593296020100000E+00   3.227911392200000E-01   1.087121933700000E+00   5.318613133700000E-01   0.000000000000000E+00   0.000000000000000E+00   0.000000000000000E+00   0.000000000000000E+00
   9.996214020999999E-01   3.621244718000000E+00   3.229670516800000E-01   1.067675119200000E+00   5.371766743500000E-01   0.000000000000000E+00   0.000000000000000E+00   0.000000000000000E+00   0.000000000000000E+00
   9.996492436800000E-01   3.666816678600000E+00   3.232577177800000E-01   1.064854795600000E+00   4.789860065300000E-01   0.000000000000000E+00   0.000000000000000E+00   0.000000000000000E+00   0.000000000000000E+00
   9.996692799600000E-01   3.715967345900000E+00   3.235732159600000E-01   1.031037923300000E+00   4.941514584700000E-01   0.000000000000000E+00   0.000000000000000E+00   0.000000000000000E+00   0.000000000000000E+00
   9.996893162400000E-01   3.782081091000000E+00   3.240047241900000E-01   1.015295791700000E+00   4.489068649800000E-01   0.000000000000000E+00   0.000000000000000E+00   0.000000000000000E+00   0.000000000000000E+00
   9.997093525200000E-01   3.869009642300000E+00   3.245814851600000E-01   9.786730231200000E-01   4.356509597500000E-01   0.000000000000000E+00   0.000000000000000E+00   0.000000000000000E+00   0.000000000000000E+00
   9.997293888000000E-01   3.978284818800000E+00   3.253248469800000E-01   9.606491938200000E-01   3.655206315500000E-01   0.000000000000000E+00   0.000000000000000E+00   0.000000000000000E+00   0.000000000000000E+00
   9.997414849000000E-01   4.055984770000000E+00   3.258638721300000E-01   9.238783714700000E-01   3.782206233100000E-01   0.000000000000000E+00   0.000000000000000E+00   0.000000000000000E+00   0.000000000000000E+00
   9.997535809900000E-01   4.141644818100000E+00   3.264712647500000E-01   9.091914286900000E-01   3.384646458100000E-01   0.000000000000000E+00   0.000000000000000E+00   0.000000000000000E+00   0.000000000000000E+00
   9.997656770900000E-01   4.235464324900000E+00   3.271501478600000E-01   8.786808550900000E-01   3.336765770300000E-01   0.000000000000000E+00   0.000000000000000E+00   0.000000000000000E+00   0.000000000000000E+00
   9.997777731800001E-01   4.336187794700000E+00   3.278979802800000E-01   8.705993073200000E-01   2.797223553600000E-01   0.000000000000000E+00   0.000000000000000E+00   0.000000000000000E+00   0.000000000000000E+00
   9.997909322300000E-01   4.453588458800000E+00   3.287914313900000E-01   8.313249612000000E-01   2.900036693500000E-01   0.000000000000000E+00   0.000000000000000E+00   0.000000000000000E+00   0.000000000000000E+00
   9.998040912800000E-01   4.577093814100000E+00   3.297619562700000E-01   8.150199843400000E-01   2.529476025200000E-01   0.000000000000000E+00   0.000000000000000E+00   0.000000000000000E+00   0.000000000000000E+00
   9.998172503300000E-01   4.706099572900000E+00   3.308080083200000E-01   7.845616464600000E-01   2.498087317800000E-01   0.000000000000000E+00   0.000000000000000E+00   0.000000000000000E+00   0.000000000000000E+00
   9.998304093700000E-01   4.838770907200000E+00   3.319231402700000E-01   7.771234249100000E-01   2.015403504100000E-01   0.000000000000000E+00   0.000000000000000E+00   0.000000000000000E+00   0.000000000000000E+00
   9.998396943400000E-01   4.934533588800000E+00   3.327510892700000E-01   7.480937039200000E-01   2.204605761300000E-01   0.000000000000000E+00   0.000000000000000E+00   0.000000000000000E+00   0.000000000000000E+00
   9.998489793100001E-01   5.030952089200000E+00   3.336088229700000E-01   7.412898700500000E-01   1.944809055100000E-01   0.000000000000000E+00   0.000000000000000E+00   0.000000000000000E+00   0.000000000000000E+00
   9.998582642800000E-01   5.128240039800000E+00   3.344967454900000E-01   7.206238829900000E-01   1.994170640300000E-01   0.000000000000000E+00   0.000000000000000E+00   0.000000000000000E+00   0.000000000000000E+00
   9.998675492500000E-01   5.225498442600000E+00   3.354113279400000E-01   7.214620723900000E-01   1.617712568500000E-01   0.000000000000000E+00   0.000000000000000E+00   0.000000000000000E+00   0.000000000000000E+00
   9.998745600200000E-01   5.299314766400000E+00   3.361206429300000E-01   6.985734407400001E-01   1.832315812400000E-01   0.000000000000000E+00   0.000000000000000E+00   0.000000000000000E+00   0.000000000000000E+00
   9.998815708000000E-01   5.372674445400000E+00   3.368431407200000E-01   6.964401834900000E-01   1.630035445700000E-01   0.000000000000000E+00   0.000000000000000E+00   0.000000000000000E+00   0.000000000000000E+00
   9.998885815800000E-01   5.446003797200000E+00   3.375800693100000E-01   6.810786068500000E-01   1.707314536400000E-01   0.000000000000000E+00   0.000000000000000E+00   0.000000000000000E+00   0.000000000000000E+00
   9.998955923500000E-01   5.518679979000000E+00   3.383290490400000E-01   6.854512694900000E-01   1.394535963700000E-01   0.000000000000000E+00   0.000000000000000E+00   0.000000000000000E+00   0.000000000000000E+00
   9.999025323800000E-01   5.590581588300000E+00   3.390841628900000E-01   6.649277259400000E-01   1.596235228100000E-01   0.000000000000000E+00   0.000000000000000E+00   0.000000000000000E+00   0.000000000000000E+00
   9.999094724100001E-01   5.661663181600000E+00   3.398499708100000E-01   6.636131553200000E-01   1.419818528000000E-01   0.000000000000000E+00   0.000000000000000E+00   0.000000000000000E+00   0.000000000000000E+00
   9.999164124400000E-01   5.732351062000000E+00   3.406277024200000E-01   6.500238638400000E-01   1.496476762300000E-01   0.000000000000000E+00   0.000000000000000E+00   0.000000000000000E+00   0.000000000000000E+00
   9.999233524700000E-01   5.802096369400000E+00   3.414152261900000E-01   6.546691168100000E-01   1.218686594900000E-01   0.000000000000000E+00   0.000000000000000E+00   0.000000000000000E+00   0.000000000000000E+00
   9.999286641900000E-01   5.855316293300000E+00   3.420260587500000E-01   6.377924885400000E-01   1.416591526200000E-01   0.000000000000000E+00   0.000000000000000E+00   0.000000000000000E+00   0.000000000000000E+00
   9.999339759200000E-01   5.907813709300000E+00   3.426417788700000E-01   6.384630969200000E-01   1.271301513100000E-01   0.000000000000000E+00   0.000000000000000E+00   0.000000000000000E+00   0.000000000000000E+00
   9.999392876400000E-01   5.960022764200000E+00   3.432637647500000E-01   6.278473276700000E-01   1.351895854800000E-01   0.000000000000000E+00   0.000000000000000E+00   0.000000000000000E+00   0.000000000000000E+00
   9.999445993700000E-01   6.011488545100000E+00   3.438903495100000E-01   6.335681797000000E-01   1.116178970600000E-01   0.000000000000000E+00   0.000000000000000E+00   0.000000000000000E+00   0.000000000000000E+00
   9.999485029900000E-01   6.049273094500000E+00   3.443551807400000E-01   6.196951987200000E-01   1.299424771700000E-01   0.000000000000000E+00   0.000000000000000E+00   0.000000000000000E+00   0.000000000000000E+00
   9.999524066100000E-01   6.086532708500000E+00   3.448219665800000E-01   6.213951541600000E-01   1.180037665600000E-01   0.000000000000000E+00   0.000000000000000E+00   0.000000000000000E+00   0.000000000000000E+00
   9.999563102300000E-01   6.123664103500000E+00   3.452920189000000E-01   6.131344596600000E-01   1.256320236000000E-01   0.000000000000000E+00   0.000000000000000E+00   0.000000000000000E+00   0.000000000000000E+00
   9.999602138500000E-01   6.160283215500000E+00   3.457639839400000E-01   6.189626935100000E-01   1.060994897600000E-01   0.000000000000000E+00   0.000000000000000E+00   0.000000000000000E+00   0.000000000000000E+00
   9.999633247200000E-01   6.189507038500000E+00   3.461428305100000E-01   6.074781482400000E-01   1.219551929100000E-01   0.000000000000000E+00   0.000000000000000E+00   0.000000000000000E+00   0.000000000000000E+00
   9.999664355900000E-01   6.218331183900000E+00   3.465225870000000E-01   6.092754879700000E-01   1.121783987700000E-01   0.000000000000000E+00   0.000000000000000E+00   0.000000000000000E+00   0.000000000000000E+00
   9.999695464500000E-01   6.247095590400000E+00   3.469043915100000E-01   6.026652669400000E-01   1.187359734800000E-01   0.000000000000000E+00   0.000000000000000E+00   0.000000000000000E+00   0.000000000000000E+00
   9.999726573200000E-01   6.275481372700000E+00   3.472871354300000E-01   6.077549628600000E-01   1.028616393200000E-01   0.000000000000000E+00   0.000000000000000E+00   0.000000000000000E+00   0.000000000000000E+00
   9.999749825900000E-01   6.296774269000000E+00   3.475749215800000E-01   5.986045112400000E-01   1.160154951000000E-01   0.000000000000000E+00   0.000000000000000E+00   0.000000000000000E+00   0.000000000000000E+00
   9.999773078500001E-01   6.317785823500000E+00   3.478629730400000E-01   6.002980280000000E-01   1.083536971900000E-01   0.000000000000000E+00   0.000000000000000E+00   0.000000000000000E+00   0.000000000000000E+00
   9.999796331200000E-01   6.338792346500000E+00   3.481522222400000E-01   5.952685970000000E-01   1.136530735100000E-01   0.000000000000000E+00   0.000000000000000E+00   0.000000000000000E+00   0.000000000000000E+00
   9.999819583800000E-01   6.359542212100000E+00   3.484418015600000E-01   5.993907983500000E-01   1.015015288900000E-01   0.000000000000000E+00   0.000000000000000E+00   0.000000000000000E+00   0.000000000000000E+00
   9.999836318799999E-01   6.374559709100000E+00   3.486512343900000E-01   5.925295979200000E-01   1.116736379700000E-01   0.000000000000000E+00   0.000000000000000E+00   0.000000000000000E+00   0.000000000000000E+00
   9.999853053800000E-01   6.389384221500000E+00   3.488606174600000E-01   5.939730995700000E-01   1.061006160000000E-01   0.000000000000000E+00   0.000000000000000E+00   0.000000000000000E+00   0.000000000000000E+00
   9.999869788800000E-01   6.404215801700000E+00   3.490706130300000E-01   5.906310885700000E-01   1.100568788900000E-01   0.000000000000000E+00   0.000000000000000E+00   0.000000000000000E+00   0.000000000000000E+00
   9.999886523800000E-01   6.418849919400000E+00   3.492804735800000E-01   5.942447314900000E-01   1.018013868400000E-01   0.000000000000000E+00   0.000000000000000E+00   0.000000000000000E+00   0.000000000000000E+00
   9.999897814699999E-01   6.428747021200000E+00   3.494223895800000E-01   5.906102826500000E-01   1.092304483700000E-01   0.000000000000000E+00   0.000000000000000E+00   0.000000000000000E+00   0.000000000000000E+00
   9.999909105500000E-01   6.438446023100000E+00   3.495637401500000E-01   5.936331994300000E-01   1.063413124600000E-01   0.000000000000000E+00   0.000000000000000E+00   0.000000000000000E+00   0.000000000000000E+00
   9.999920396400001E-01   6.448002451500000E+00   3.497045483500000E-01   5.956112967200000E-01   1.102309259500000E-01   0.000000000000000E+00   0.000000000000000E+00   0.000000000000000E+00   0.000000000000000E+00
   9.999931687300000E-01   6.457130243800000E+00   3.498434946800000E-01   6.058933124400000E-01   1.081868795100000E-01   0.000000000000000E+00   0.000000000000000E+00   0.000000000000000E+00   0.000000000000000E+00
   9.999939021000001E-01   6.462768365700000E+00   3.499322377500000E-01   6.131074585600000E-01   1.158130300300000E-01   0.000000000000000E+00   0.000000000000000E+00   0.000000000000000E+00   0.000000000000000E+00
   9.999946354800000E-01   6.467887673900000E+00   3.500184360300000E-01   6.294912728900000E-01   1.196682693100000E-01   0.000000000000000E+00   0.000000000000000E+00   0.000000000000000E+00   0.000000000000000E+00
   9.999953688600000E-01   6.472254430200000E+00   3.501007263700000E-01   6.545818952900000E-01   1.306248245800000E-01   0.000000000000000E+00   0.000000000000000E+00   0.000000000000000E+00   0.000000000000000E+00
   9.999961022300000E-01   6.475227955200000E+00   3.501758962600000E-01   7.002996940200000E-01   1.458315925200000E-01   0.000000000000000E+00   0.000000000000000E+00   0.000000000000000E+00   0.000000000000000E+00
   9.999964626400000E-01   6.475902018100000E+00   3.502087698200000E-01   7.327789947000000E-01   1.614607692300000E-01   0.000000000000000E+00   0.000000000000000E+00   0.000000000000000E+00   0.000000000000000E+00
   9.999968230600000E-01   6.475734708800000E+00   3.502374112700000E-01   7.785679222000000E-01   1.805055952000000E-01   0.000000000000000E+00   0.000000000000000E+00   0.000000000000000E+00   0.000000000000000E+00
   9.999971834700000E-01   6.474375430600000E+00   3.502600792600000E-01   8.420285077200000E-01   2.100775991200000E-01   0.000000000000000E+00   0.000000000000000E+00   0.000000000000000E+00   0.000000000000000E+00
   9.999975438800000E-01   6.471163637500000E+00   3.502736495200000E-01   9.348649933600000E-01   2.555280512900000E-01   0.000000000000000E+00   0.000000000000000E+00   0.000000000000000E+00   0.000000000000000E+00
   9.999977421600000E-01   6.468233282700000E+00   3.502754829000000E-01   1.004373257100000E+00   2.934245663900000E-01   0.000000000000000E+00   0.000000000000000E+00   0.000000000000000E+00   0.000000000000000E+00
   9.999979404500000E-01   6.464100377700000E+00   3.502715996900000E-01   1.093866823000000E+00   3.447351311800000E-01   0.000000000000000E+00   0.000000000000000E+00   0.000000000000000E+00   0.000000000000000E+00
   9.999981387300000E-01   6.458286594100000E+00   3.502598465500000E-01   1.211450862800000E+00   4.182566037300000E-01   0.000000000000000E+00   0.000000000000000E+00   0.000000000000000E+00   0.000000000000000E+00
   9.999983370200000E-01   6.450002853200000E+00   3.502367410800000E-01   1.371200370700000E+00   5.280995435400000E-01   0.000000000000000E+00   0.000000000000000E+00   0.000000000000000E+00   0.000000000000000E+00
   9.999984567500000E-01   6.443289570100000E+00   3.502150489900000E-01   1.497011506800000E+00   6.231876607800000E-01   0.000000000000000E+00   0.000000000000000E+00   0.000000000000000E+00   0.000000000000000E+00
   9.999985764800000E-01   6.434764594600000E+00   3.501852847200000E-01   1.654197912900000E+00   7.515716261099999E-01   0.000000000000000E+00   0.000000000000000E+00   0.000000000000000E+00   0.000000000000000E+00
   9.999986962200000E-01   6.423748717900000E+00   3.501445750400000E-01   1.854386276600000E+00   9.311880813000000E-01   0.000000000000000E+00   0.000000000000000E+00   0.000000000000000E+00   0.000000000000000E+00
   9.999988159500000E-01   6.409179390100000E+00   3.500884819900000E-01   2.115826811900000E+00   1.191638627900000E+00   0.000000000000000E+00   0.000000000000000E+00   0.000000000000000E+00   0.000000000000000E+00
   9.999988938900000E-01   6.397028148900000E+00   3.500405682900000E-01   2.331411666100000E+00   1.428688663000000E+00   0.000000000000000E+00   0.000000000000000E+00   0.000000000000000E+00   0.000000000000000E+00
   9.999989718300000E-01   6.381984208400000E+00   3.499804342900000E-01   2.595720798700000E+00   1.745353373100000E+00   0.000000000000000E+00   0.000000000000000E+00   0.000000000000000E+00   0.000000000000000E+00
   9.999990497800000E-01   6.363031270000000E+00   3.499039605700000E-01   2.924517457000000E+00   2.180026908000000E+00   0.000000000000000E+00   0.000000000000000E+00   0.000000000000000E+00   0.000000000000000E+00
   9.999991277200000E-01   6.338648151300000E+00   3.498050348600000E-01   3.340928644100000E+00   2.793407247200000E+00   0.000000000000000E+00   0.000000000000000E+00   0.000000000000000E+00   0.000000000000000E+00
   9.999991883500000E-01   6.314499205400000E+00   3.497068657700000E-01   3.745741005900000E+00   3.457279438100000E+00   0.000000000000000E+00   0.000000000000000E+00   0.000000000000000E+00   0.000000000000000E+00
   9.999992489800000E-01   6.284116857800000E+00   3.495834012700000E-01   4.244740508500000E+00   4.363875553000000E+00   0.000000000000000E+00   0.000000000000000E+00   0.000000000000000E+00   0.000000000000000E+00
   9.999993096100001E-01   6.245169206800000E+00   3.494254726400000E-01   4.867100636300000E+00   5.634258246900000E+00   0.000000000000000E+00   0.000000000000000E+00   0.000000000000000E+00   0.000000000000000E+00
   9.999993702400000E-01   6.194166692000000E+00   3.492194496900000E-01   5.654239699000000E+00   7.459258432100000E+00   0.000000000000000E+00   0.000000000000000E+00   0.000000000000000E+00   0.000000000000000E+00
   9.999994229600000E-01   6.136028029400000E+00   3.489857078300000E-01   6.514149820700000E+00   9.737100020200000E+00   0.000000000000000E+00   0.000000000000000E+00   0.000000000000000E+00   0.000000000000000E+00
   9.999994756900000E-01   6.059819436700000E+00   3.486809271200000E-01   7.587255932600000E+00   1.299054588000000E+01   0.000000000000000E+00   0.000000000000000E+00   0.000000000000000E+00   0.000000000000000E+00
   9.999995284200000E-01   5.958095341600000E+00   3.482765016600000E-01   8.929804644500001E+00   1.774080137400000E+01   0.000000000000000E+00   0.000000000000000E+00   0.000000000000000E+00   0.000000000000000E+00
   9.999995811400000E-01   5.819953912800000E+00   3.477307581400000E-01   1.061039433900000E+01   2.478898387900000E+01   0.000000000000000E+00   0.000000000000000E+00   0.000000000000000E+00   0.000000000000000E+00
   9.999996102000001E-01   5.722946957300000E+00   3.473493632900000E-01   1.170260980800000E+01   3.007954108400000E+01   0.000000000000000E+00   0.000000000000000E+00   0.000000000000000E+00   0.000000000000000E+00
   9.999996392500000E-01   5.607066510600000E+00   3.468953437200000E-01   1.292341988900000E+01   3.670231792300000E+01   0.000000000000000E+00   0.000000000000000E+00   0.000000000000000E+00   0.000000000000000E+00
   9.999996683100000E-01   5.468578688000000E+00   3.463545675300000E-01   1.427356139700000E+01   4.498235706300000E+01   0.000000000000000E+00   0.000000000000000E+00   0.000000000000000E+00   0.000000000000000E+00
   9.999996973600001E-01   5.303396289500000E+00   3.457116050200000E-01   1.574442320900000E+01   5.528678462200000E+01   0.000000000000000E+00   0.000000000000000E+00   0.000000000000000E+00   0.000000000000000E+00
   9.999997259500000E-01   5.110768767200000E+00   3.449640074500000E-01   1.728760524400000E+01   6.777559142600001E+01   0.000000000000000E+00   0.000000000000000E+00   0.000000000000000E+00   0.000000000000000E+00
   9.999997545400000E-01   4.884673891100000E+00   3.440888249900000E-01   1.888565953000000E+01   8.293829123800001E+01   0.000000000000000E+00   0.000000000000000E+00   0.000000000000000E+00   0.000000000000000E+00
   9.999997831300000E-01   4.622739322200000E+00   3.430772223900000E-01   2.047763626400000E+01   1.009932782800000E+02   0.000000000000000E+00   0.000000000000000E+00   0.000000000000000E+00   0.000000000000000E+00
   9.999998117100000E-01   4.324722350100000E+00   3.419284229600000E-01   2.197863521300000E+01   1.219423987300000E+02   0.000000000000000E+00   0.000000000000000E+00   0.000000000000000E+00   0.000000000000000E+00
   9.999998352500000E-01   4.054086973200000E+00   3.408865537600000E-01   2.307586373500000E+01   1.411395200100000E+02   0.000000000000000E+00   0.000000000000000E+00   0.000000000000000E+00   0.000000000000000E+00
   9.999998587900000E-01   3.764240976900000E+00   3.397716554400000E-01   2.398336234600000E+01   1.616721532600000E+02   0.000000000000000E+00   0.000000000000000E+00   0.000000000000000E+00   0.000000000000000E+00
   9.999998823200000E-01   3.460379960300000E+00   3.386033878200000E-01   2.464655589500000E+01   1.829254527000000E+02   0.000000000000000E+00   0.000000000000000E+00   0.000000000000000E+00   0.000000000000000E+00
   9.999999058600000E-01   3.149169270300000E+00   3.374069420800000E-01   2.502242412700000E+01   2.041085939300000E+02   0.000000000000000E+00   0.000000000000000E+00   0.000000000000000E+00   0.000000000000000E+00
   9.999999293900000E-01   2.838198100600000E+00   3.362109923000000E-01   2.508700046300000E+01   2.243164665300000E+02   0.000000000000000E+00   0.000000000000000E+00   0.000000000000000E+00   0.000000000000000E+00
   9.999999529300000E-01   2.535139903000000E+00   3.350445406300000E-01   2.483974810400000E+01   2.426389723600000E+02   0.000000000000000E+00   0.000000000000000E+00   0.000000000000000E+00   0.000000000000000E+00
   9.999999764600001E-01   2.246879929200000E+00   3.339336409900000E-01   2.430210478000000E+01   2.582790742900000E+02   0.000000000000000E+00   0.000000000000000E+00   0.000000000000000E+00   0.000000000000000E+00
   1.000000000000000E+00   1.978880643800000E+00   3.328990139700000E-01   2.351505877400000E+01   2.706347386100000E+02   0.000000000000000E+00   0.000000000000000E+00   0.000000000000000E+00   0.000000000000000E+00
