   0.000000000000000E+00   4.925505215100000E-01   9.999999955900000E-01   1.684131253200000E+00   1.822804346200000E+00   0.000000000000000E+00   0.000000000000000E+00   0.000000000000000E+00   0.000000000000000E+00
   3.366980770000000E-04   6.149681461700000E-01   8.885611375000000E-01   1.597938843900000E+00   1.672793853600000E+00   0.000000000000000E+00   0.000000000000000E+00   0.000000000000000E+00   0.000000000000000E+00
   6.733961540100000E-04   7.522630511500000E-01   7.948489156200000E-01   1.551498040500000E+00   1.479361818400000E+00   0.000000000000000E+00   0.000000000000000E+00   0.000000000000000E+00   0.000000000000000E+00
   1.010094231000000E-03   9.057976402800000E-01   7.157005843899999E-01   1.490653376500000E+00   1.368428734500000E+00   0.000000000000000E+00   0.000000000000000E+00   0.000000000000000E+00   0.000000000000000E+00
   1.346792308000000E-03   1.073245166800000E+00   6.486965029300000E-01   1.465970810400000E+00   1.198471963400000E+00   0.000000000000000E+00   0.000000000000000E+00   0.000000000000000E+00   0.000000000000000E+00
   1.647038799200000E-03   1.234740030300000E+00   5.976711079000000E-01   1.408669328400000E+00   1.161156053400000E+00   0.000000000000000E+00   0.000000000000000E+00   0.000000000000000E+00   0.000000000000000E+00
   1.947285290400000E-03   1.404267942700000E+00   5.537356094000000E-01   1.385164177700000E+00   1.054730825000000E+00   0.000000000000000E+00   0.000000000000000E+00   0.000000000000000E+00   0.000000000000000E+00
   2.247531781500000E-03   1.580970949900000E+00   5.159953543100000E-01   1.342906894100000E+00   1.011872136200000E+00   0.000000000000000E+00   0.000000000000000E+00   0.000000000000000E+00   0.000000000000000E+00
   2.547778272700000E-03   1.760953916100000E+00   4.836793956700000E-01   1.333978459800000E+00   8.973060722400000E-01   0.000000000000000E+00   0.000000000000000E+00   0.000000000000000E+00   0.000000000000000E+00
   3.062636127700000E-03   2.071414991400000E+00   4.390341088300000E-01   1.267764004400000E+00   8.596901074400000E-01   0.000000000000000E+00   0.000000000000000E+00   0.000000000000000E+00   0.000000000000000E+00
   3.577493982600000E-03   2.367557684000000E+00   4.055896471600000E-01   1.238921777400000E+00   7.601962667500000E-01   0.000000000000000E+00   0.000000000000000E+00   0.000000000000000E+00   0.000000000000000E+00
   4.092351837600000E-03   2.635989941500000E+00   3.809743839000000E-01   1.195226128700000E+00   7.300747688400000E-01   0.000000000000000E+00   0.000000000000000E+00   0.000000000000000E+00   0.000000000000000E+00
   4.607209692600000E-03   2.864321576300000E+00   3.631732124200000E-01   1.189159559600000E+00   6.339057196000000E-01   0.000000000000000E+00   0.000000000000000E+00   0.000000000000000E+00   0.000000000000000E+00
   5.184590926800000E-03   3.070790126800000E+00   3.492755499100000E-01   1.145482079500000E+00   6.499713743200000E-01   0.000000000000000E+00   0.000000000000000E+00   0.000000000000000E+00   0.000000000000000E+00
   5.761972160900000E-03   3.223923753900000E+00   3.399673026000000E-01   1.139571521600000E+00   5.978417858600000E-01   0.000000000000000E+00   0.000000000000000E+00   0.000000000000000E+00   0.000000000000000E+00
   6.339353395100000E-03   3.333783419400000E+00   3.338271397400000E-01   1.117301774300000E+00   6.074510416800000E-01   0.000000000000000E+00   0.000000000000000E+00   0.000000000000000E+00   0.000000000000000E+00
   6.916734629300000E-03   3.408686675100000E+00   3.298132319400000E-01   1.130223418900000E+00   5.439352538800000E-01   0.000000000000000E+00   0.000000000000000E+00   0.000000000000000E+00   0.000000000000000E+00
   7.775686477900000E-03   3.478000962700000E+00   3.263025587800000E-01   1.102386547700000E+00   5.857290498600000E-01   0.000000000000000E+00   0.000000000000000E+00   0.000000000000000E+00   0.000000000000000E+00
   8.634638326500001E-03   3.514435782300000E+00   3.244858603000000E-01   1.109354770300000E+00   5.535983477800001E-01   0.000000000000000E+00   0.000000000000000E+00   0.000000000000000E+00   0.000000000000000E+00
   9.493590175100000E-03   3.533885086900000E+00   3.235470105500000E-01   1.096703480300000E+00   5.775856638000000E-01   0.000000000000000E+00   0.000000000000000E+00   0.000000000000000E+00   0.000000000000000E+00
   1.035254202400000E-02   3.543643564000000E+00   3.230589214400000E-01   1.116444008300000E+00   5.241780943600000E-01   0.000000000000000E+00   0.000000000000000E+00   0.000000000000000E+00   0.000000000000000E+00
   1.297055453400000E-02   3.553477675200000E+00   3.226008000400000E-01   1.094725146000000E+00   5.747663344600000E-01   0.000000000000000E+00   0.000000000000000E+00   0.000000000000000E+00   0.000000000000000E+00
   1.558856704300000E-02   3.554022825200000E+00   3.225671097400000E-01   1.105346535900000E+00   5.479041491900000E-01   0.000000000000000E+00   0.000000000000000E+00   0.000000000000000E+00   0.000000000000000E+00
   1.820657955300000E-02   3.554518426400000E+00   3.225508082400000E-01   1.094620858200000E+00   5.746153341200000E-01   0.000000000000000E+00   0.000000000000000E+00   0.000000000000000E+00   0.000000000000000E+00
   2.082459206300000E-02   3.554176046700000E+00   3.225527853500000E-01   1.115376829700000E+00   5.226806088400000E-01   0.000000000000000E+00   0.000000000000000E+00   0.000000000000000E+00   0.000000000000000E+00
   3.006308700600000E-02   3.554588666300000E+00   3.225474301600000E-01   1.094614170000000E+00   5.746042593000000E-01   0.000000000000000E+00   0.000000000000000E+00   0.000000000000000E+00   0.000000000000000E+00
   3.930158195000000E-02   3.554404261800000E+00   3.225488383500000E-01   1.105306957100000E+00   5.478524182200000E-01   0.000000000000000E+00   0.000000000000000E+00   0.000000000000000E+00   0.000000000000000E+00
   4.854007689300000E-02   3.554578302800000E+00   3.225479271700000E-01   1.094615420600000E+00   5.746052184800000E-01   0.000000000000000E+00   0.000000000000000E+00   0.000000000000000E+00   0.000000000000000E+00
   5.777857183700000E-02   3.554259325800000E+00   3.225487912100000E-01   1.115367116200000E+00   5.226720427000000E-01   0.000000000000000E+00   0.000000000000000E+00   0.000000000000000E+00   0.000000000000000E+00
   7.610561080900000E-02   3.554575324600000E+00   3.225480699500000E-01   1.094615852200000E+00   5.746053095000000E-01   0.000000000000000E+00   0.000000000000000E+00   0.000000000000000E+00   0.000000000000000E+00
   9.443264978000000E-02   3.554416456800000E+00   3.225482535800000E-01   1.105305356400000E+00   5.478516191200000E-01   0.000000000000000E+00   0.000000000000000E+00   0.000000000000000E+00   0.000000000000000E+00
   1.127596887500000E-01   3.554573251800000E+00   3.225481693200000E-01   1.094616164800000E+00   5.746053418000000E-01   0.000000000000000E+00   0.000000000000000E+00   0.000000000000000E+00   0.000000000000000E+00
   1.310867277200000E-01   3.554273343700000E+00   3.225481191700000E-01   1.115365039800000E+00   5.226717283000000E-01   0.000000000000000E+00   0.000000000000000E+00   0.000000000000000E+00   0.000000000000000E+00
   1.581294759700000E-01   3.554572246300000E+00   3.225482175200000E-01   1.094616340000000E+00   5.746052971900000E-01   0.000000000000000E+00   0.000000000000000E+00   0.000000000000000E+00   0.000000000000000E+00
   1.851722242200000E-01   3.554419624800000E+00   3.225481017400000E-01   1.105304828500000E+00   5.478516979900000E-01   0.000000000000000E+00   0.000000000000000E+00   0.000000000000000E+00   0.000000000000000E+00
   2.122149724600000E-01   3.554571450400000E+00   3.225482556500000E-01   1.094616490500000E+00   5.746052319100000E-01   0.000000000000000E+00   0.000000000000000E+00   0.000000000000000E+00   0.000000000000000E+00
   2.392577207100000E-01   3.554278566800000E+00   3.225478688900000E-01   1.115364064000000E+00   5.226721275800000E-01   0.000000000000000E+00   0.000000000000000E+00   0.000000000000000E+00   0.000000000000000E+00
   2.582384040500000E-01   3.554570779400000E+00   3.225482878000000E-01   1.094616630400000E+00   5.746051432800000E-01   0.000000000000000E+00   0.000000000000000E+00   0.000000000000000E+00   0.000000000000000E+00
   2.772190874000000E-01   3.554421417200000E+00   3.225480158800000E-01   1.105304443600000E+00   5.478519628800000E-01   0.000000000000000E+00   0.000000000000000E+00   0.000000000000000E+00   0.000000000000000E+00
   2.961997707500000E-01   3.554570152600000E+00   3.225483178000000E-01   1.094616793600000E+00   5.746049776600000E-01   0.000000000000000E+00   0.000000000000000E+00   0.000000000000000E+00   0.000000000000000E+00
   3.151804540900000E-01   3.554282789300000E+00   3.225476667200000E-01   1.115362998400000E+00   5.226731573300000E-01   0.000000000000000E+00   0.000000000000000E+00   0.000000000000000E+00   0.000000000000000E+00
   3.299190467100000E-01   3.554569700900000E+00   3.225483394100000E-01   1.094616936400000E+00   5.746047940300000E-01   0.000000000000000E+00   0.000000000000000E+00   0.000000000000000E+00   0.000000000000000E+00
   3.446576393300000E-01   3.554422645200000E+00   3.225479571400000E-01   1.105304045300000E+00   5.478524881000000E-01   0.000000000000000E+00   0.000000000000000E+00   0.000000000000000E+00   0.000000000000000E+00
   3.593962319600000E-01   3.554569336400000E+00   3.225483568200000E-01   1.094617101800000E+00   5.746045173700000E-01   0.000000000000000E+00   0.000000000000000E+00   0.000000000000000E+00   0.000000000000000E+00
   3.741348245800000E-01   3.554285330700000E+00   3.225475453200000E-01   1.115361918300000E+00   5.226748981000000E-01   0.000000000000000E+00   0.000000000000000E+00   0.000000000000000E+00   0.000000000000000E+00
   3.863400855600000E-01   3.554569105600000E+00   3.225483678200000E-01   1.094617245900000E+00   5.746042419000000E-01   0.000000000000000E+00   0.000000000000000E+00   0.000000000000000E+00   0.000000000000000E+00
   3.985453465400000E-01   3.554423288100000E+00   3.225479265100000E-01   1.105303639500000E+00   5.478532671900000E-01   0.000000000000000E+00   0.000000000000000E+00   0.000000000000000E+00   0.000000000000000E+00
   4.107506075200000E-01   3.554568940600000E+00   3.225483756300000E-01   1.094617418000000E+00   5.746038684200000E-01   0.000000000000000E+00   0.000000000000000E+00   0.000000000000000E+00   0.000000000000000E+00
   4.229558685100000E-01   3.554286527200000E+00   3.225474885300000E-01   1.115360802900000E+00   5.226772681700000E-01   0.000000000000000E+00   0.000000000000000E+00   0.000000000000000E+00   0.000000000000000E+00
   4.381812140100000E-01   3.554568866700000E+00   3.225483791100000E-01   1.094617544400000E+00   5.746035749600000E-01   0.000000000000000E+00   0.000000000000000E+00   0.000000000000000E+00   0.000000000000000E+00
   4.534065595100000E-01   3.554423527100000E+00   3.225479152500000E-01   1.105303279400000E+00   5.478540914400000E-01   0.000000000000000E+00   0.000000000000000E+00   0.000000000000000E+00   0.000000000000000E+00
   4.686319050100000E-01   3.554568812900000E+00   3.225483816100000E-01   1.094617674400000E+00   5.746032643500000E-01   0.000000000000000E+00   0.000000000000000E+00   0.000000000000000E+00   0.000000000000000E+00
   4.838572505100000E-01   3.554286899600000E+00   3.225474711500000E-01   1.115359968000000E+00   5.226792520300000E-01   0.000000000000000E+00   0.000000000000000E+00   0.000000000000000E+00   0.000000000000000E+00
   4.971497076200000E-01   3.554568779300000E+00   3.225483831500000E-01   1.094617791400000E+00   5.746029789400000E-01   0.000000000000000E+00   0.000000000000000E+00   0.000000000000000E+00   0.000000000000000E+00
   5.104421647300000E-01   3.554423622200000E+00   3.225479108800000E-01   1.105302949000000E+00   5.478548972900000E-01   0.000000000000000E+00   0.000000000000000E+00   0.000000000000000E+00   0.000000000000000E+00
   5.237346218300000E-01   3.554568753800000E+00   3.225483842900000E-01   1.094617936700000E+00   5.746026180200000E-01   0.000000000000000E+00   0.000000000000000E+00   0.000000000000000E+00   0.000000000000000E+00
   5.370270789400000E-01   3.554287080100000E+00   3.225474630500000E-01   1.115359036500000E+00   5.226815594799999E-01   0.000000000000000E+00   0.000000000000000E+00   0.000000000000000E+00   0.000000000000000E+00
   5.480385606700000E-01   3.554568737700000E+00   3.225483849800000E-01   1.094618072100000E+00   5.746022783400000E-01   0.000000000000000E+00   0.000000000000000E+00   0.000000000000000E+00   0.000000000000000E+00
   5.590500424000000E-01   3.554423667200000E+00   3.225479089600000E-01   1.105302566600000E+00   5.478558564400000E-01   0.000000000000000E+00   0.000000000000000E+00   0.000000000000000E+00   0.000000000000000E+00
   5.700615241300000E-01   3.554568726100000E+00   3.225483854300000E-01   1.094618245600000E+00   5.746018399300000E-01   0.000000000000000E+00   0.000000000000000E+00   0.000000000000000E+00   0.000000000000000E+00
   5.810730058600000E-01   3.554287165000000E+00   3.225474596500000E-01   1.115357925600000E+00   5.226843638000001E-01   0.000000000000000E+00   0.000000000000000E+00   0.000000000000000E+00   0.000000000000000E+00
   5.892400740900000E-01   3.554568718200000E+00   3.225483857000000E-01   1.094618418200000E+00   5.746014018600000E-01   0.000000000000000E+00   0.000000000000000E+00   0.000000000000000E+00   0.000000000000000E+00
   5.974071423100000E-01   3.554423688700000E+00   3.225479082200000E-01   1.105302079100000E+00   5.478570934300000E-01   0.000000000000000E+00   0.000000000000000E+00   0.000000000000000E+00   0.000000000000000E+00
   6.055742105400000E-01   3.554568712500000E+00   3.225483858400000E-01   1.094618651000000E+00   5.746008093900000E-01   0.000000000000000E+00   0.000000000000000E+00   0.000000000000000E+00   0.000000000000000E+00
   6.137412787700000E-01   3.554287208600000E+00   3.225474584700000E-01   1.115356435200000E+00   5.226881546900000E-01   0.000000000000000E+00   0.000000000000000E+00   0.000000000000000E+00   0.000000000000000E+00
   6.218875725600000E-01   3.554568708900000E+00   3.225483858900000E-01   1.094618849000000E+00   5.746003049700000E-01   0.000000000000000E+00   0.000000000000000E+00   0.000000000000000E+00   0.000000000000000E+00
   6.300338663600000E-01   3.554423699400000E+00   3.225479080500000E-01   1.105301520100000E+00   5.478585175700000E-01   0.000000000000000E+00   0.000000000000000E+00   0.000000000000000E+00   0.000000000000000E+00
   6.381801601500000E-01   3.554568705400000E+00   3.225483859100000E-01   1.094619082100000E+00   5.745997107000000E-01   0.000000000000000E+00   0.000000000000000E+00   0.000000000000000E+00   0.000000000000000E+00
   6.463264539400000E-01   3.554287231800000E+00   3.225474582700000E-01   1.115354943200000E+00   5.226919578700000E-01   0.000000000000000E+00   0.000000000000000E+00   0.000000000000000E+00   0.000000000000000E+00
   6.565343625800000E-01   3.554568703100000E+00   3.225483859200000E-01   1.094619260200000E+00   5.745992565500000E-01   0.000000000000000E+00   0.000000000000000E+00   0.000000000000000E+00   0.000000000000000E+00
   6.667422712200000E-01   3.554423706200000E+00   3.225479080300000E-01   1.105301017200000E+00   5.478597998400000E-01   0.000000000000000E+00   0.000000000000000E+00   0.000000000000000E+00   0.000000000000000E+00
   6.769501798499999E-01   3.554568700700000E+00   3.225483859200000E-01   1.094619446200000E+00   5.745987822800001E-01   0.000000000000000E+00   0.000000000000000E+00   0.000000000000000E+00   0.000000000000000E+00
   6.871580884900000E-01   3.554287247000000E+00   3.225474582600000E-01   1.115353752900000E+00   5.226949931900000E-01   0.000000000000000E+00   0.000000000000000E+00   0.000000000000000E+00   0.000000000000000E+00
   6.958988388800000E-01   3.554568698600000E+00   3.225483859100000E-01   1.094619617500000E+00   5.745983453200000E-01   0.000000000000000E+00   0.000000000000000E+00   0.000000000000000E+00   0.000000000000000E+00
   7.046395892600000E-01   3.554423712200000E+00   3.225479080400000E-01   1.105300533400000E+00   5.478610336000000E-01   0.000000000000000E+00   0.000000000000000E+00   0.000000000000000E+00   0.000000000000000E+00
   7.133803396400000E-01   3.554568696000000E+00   3.225483859100000E-01   1.094619834600000E+00   5.745977914600000E-01   0.000000000000000E+00   0.000000000000000E+00   0.000000000000000E+00   0.000000000000000E+00
   7.221210900300000E-01   3.554287264000000E+00   3.225474583000000E-01   1.115352363200000E+00   5.226985378800000E-01   0.000000000000000E+00   0.000000000000000E+00   0.000000000000000E+00   0.000000000000000E+00
   7.321727156300000E-01   3.554568693900000E+00   3.225483859000000E-01   1.094620007200000E+00   5.745973513900000E-01   0.000000000000000E+00   0.000000000000000E+00   0.000000000000000E+00   0.000000000000000E+00
   7.422243412300000E-01   3.554423718000000E+00   3.225479080500000E-01   1.105300046300000E+00   5.478622761500000E-01   0.000000000000000E+00   0.000000000000000E+00   0.000000000000000E+00   0.000000000000000E+00
   7.522759668300000E-01   3.554568691700000E+00   3.225483858900000E-01   1.094620196000000E+00   5.745968698000000E-01   0.000000000000000E+00   0.000000000000000E+00   0.000000000000000E+00   0.000000000000000E+00
   7.623275924300000E-01   3.554287278500000E+00   3.225474583400000E-01   1.115351154800000E+00   5.227016201000000E-01   0.000000000000000E+00   0.000000000000000E+00   0.000000000000000E+00   0.000000000000000E+00
   7.668043835200000E-01   3.554568688500000E+00   3.225483858900000E-01   1.094620456400000E+00   5.745962055700000E-01   0.000000000000000E+00   0.000000000000000E+00   0.000000000000000E+00   0.000000000000000E+00
   7.712811746000000E-01   3.554423726800000E+00   3.225479080800000E-01   1.105299311100000E+00   5.478641515600000E-01   0.000000000000000E+00   0.000000000000000E+00   0.000000000000000E+00   0.000000000000000E+00
   7.757579656900000E-01   3.554568683500000E+00   3.225483858700000E-01   1.094620880200000E+00   5.745951243600000E-01   0.000000000000000E+00   0.000000000000000E+00   0.000000000000000E+00   0.000000000000000E+00
   7.802347567700000E-01   3.554287310900000E+00   3.225474584400000E-01   1.115348442200000E+00   5.227085398200000E-01   0.000000000000000E+00   0.000000000000000E+00   0.000000000000000E+00   0.000000000000000E+00
   7.854962947300000E-01   3.554568679500000E+00   3.225483858600000E-01   1.094621213600000E+00   5.745942739400000E-01   0.000000000000000E+00   0.000000000000000E+00   0.000000000000000E+00   0.000000000000000E+00
   7.907578327000000E-01   3.554423738100000E+00   3.225479081100000E-01   1.105298369800000E+00   5.478665527800000E-01   0.000000000000000E+00   0.000000000000000E+00   0.000000000000000E+00   0.000000000000000E+00
   7.960193706599999E-01   3.554568675200000E+00   3.225483858400000E-01   1.094621574100000E+00   5.745933541200000E-01   0.000000000000000E+00   0.000000000000000E+00   0.000000000000000E+00   0.000000000000000E+00
   8.012809086200000E-01   3.554287338400000E+00   3.225474585200000E-01   1.115346134700000E+00   5.227144266700000E-01   0.000000000000000E+00   0.000000000000000E+00   0.000000000000000E+00   0.000000000000000E+00
   8.062318977100000E-01   3.554568671400000E+00   3.225483858300000E-01   1.094621890200000E+00   5.745925478000000E-01   0.000000000000000E+00   0.000000000000000E+00   0.000000000000000E+00   0.000000000000000E+00
   8.111828868099999E-01   3.554423748700000E+00   3.225479081500000E-01   1.105297477400000E+00   5.478688294300000E-01   0.000000000000000E+00   0.000000000000000E+00   0.000000000000000E+00   0.000000000000000E+00
   8.161338759100000E-01   3.554568666800000E+00   3.225483858200000E-01   1.094622273300000E+00   5.745915704100000E-01   0.000000000000000E+00   0.000000000000000E+00   0.000000000000000E+00   0.000000000000000E+00
   8.210848650000000E-01   3.554287367700000E+00   3.225474586100000E-01   1.115343682900000E+00   5.227206819600000E-01   0.000000000000000E+00   0.000000000000000E+00   0.000000000000000E+00   0.000000000000000E+00
   8.266374649100000E-01   3.554568663200000E+00   3.225483858100000E-01   1.094622581200000E+00   5.745907846900000E-01   0.000000000000000E+00   0.000000000000000E+00   0.000000000000000E+00   0.000000000000000E+00
   8.321900648100000E-01   3.554423759100000E+00   3.225479081800000E-01   1.105296607900000E+00   5.478710479500000E-01   0.000000000000000E+00   0.000000000000000E+00   0.000000000000000E+00   0.000000000000000E+00
   8.377426647200000E-01   3.554568659100000E+00   3.225483858000000E-01   1.094622922700000E+00   5.745899133100000E-01   0.000000000000000E+00   0.000000000000000E+00   0.000000000000000E+00   0.000000000000000E+00
   8.432952646200000E-01   3.554287393800000E+00   3.225474586900000E-01   1.115341497200000E+00   5.227262588100000E-01   0.000000000000000E+00   0.000000000000000E+00   0.000000000000000E+00   0.000000000000000E+00
   8.474835582800000E-01   3.554568655100000E+00   3.225483857800000E-01   1.094623260300000E+00   5.745890520400000E-01   0.000000000000000E+00   0.000000000000000E+00   0.000000000000000E+00   0.000000000000000E+00
   8.516718519299999E-01   3.554423770500000E+00   3.225479082100000E-01   1.105295654900000E+00   5.478734797200000E-01   0.000000000000000E+00   0.000000000000000E+00   0.000000000000000E+00   0.000000000000000E+00
   8.558601455900000E-01   3.554568649700000E+00   3.225483857700000E-01   1.094623713000000E+00   5.745878969700000E-01   0.000000000000000E+00   0.000000000000000E+00   0.000000000000000E+00   0.000000000000000E+00
   8.600484392500000E-01   3.554287428300000E+00   3.225474588000000E-01   1.115338600100000E+00   5.227336512500000E-01   0.000000000000000E+00   0.000000000000000E+00   0.000000000000000E+00   0.000000000000000E+00
   8.630477423200000E-01   3.554568644200000E+00   3.225483857500000E-01   1.094624173900000E+00   5.745867206400000E-01   0.000000000000000E+00   0.000000000000000E+00   0.000000000000000E+00   0.000000000000000E+00
   8.660470453900000E-01   3.554423786000000E+00   3.225479082600000E-01   1.105294353300000E+00   5.478768010600000E-01   0.000000000000000E+00   0.000000000000000E+00   0.000000000000000E+00   0.000000000000000E+00
   8.690463484600000E-01   3.554568636700000E+00   3.225483857300000E-01   1.094624805900000E+00   5.745851079800000E-01   0.000000000000000E+00   0.000000000000000E+00   0.000000000000000E+00   0.000000000000000E+00
   8.720456515400000E-01   3.554287476400000E+00   3.225474589400000E-01   1.115334555800000E+00   5.227439722700000E-01   0.000000000000000E+00   0.000000000000000E+00   0.000000000000000E+00   0.000000000000000E+00
   8.750594577500000E-01   3.554568630300000E+00   3.225483857100000E-01   1.094625341600000E+00   5.745837406700000E-01   0.000000000000000E+00   0.000000000000000E+00   0.000000000000000E+00   0.000000000000000E+00
   8.780732639700000E-01   3.554423804000000E+00   3.225479083200000E-01   1.105292840600000E+00   5.478806617100000E-01   0.000000000000000E+00   0.000000000000000E+00   0.000000000000000E+00   0.000000000000000E+00
   8.810870701900000E-01   3.554568622800000E+00   3.225483856800000E-01   1.094625970300000E+00   5.745821361200000E-01   0.000000000000000E+00   0.000000000000000E+00   0.000000000000000E+00   0.000000000000000E+00
   8.841008764100000E-01   3.554287524300000E+00   3.225474590900000E-01   1.115330532400000E+00   5.227542413800000E-01   0.000000000000000E+00   0.000000000000000E+00   0.000000000000000E+00   0.000000000000000E+00
   8.862811666400000E-01   3.554568615200000E+00   3.225483856600000E-01   1.094626606700000E+00   5.745805117000000E-01   0.000000000000000E+00   0.000000000000000E+00   0.000000000000000E+00   0.000000000000000E+00
   8.884614568700000E-01   3.554423825300000E+00   3.225479083800000E-01   1.105291043800000E+00   5.478852481499999E-01   0.000000000000000E+00   0.000000000000000E+00   0.000000000000000E+00   0.000000000000000E+00
   8.906417471000000E-01   3.554568604900000E+00   3.225483856300000E-01   1.094627475300000E+00   5.745782943200000E-01   0.000000000000000E+00   0.000000000000000E+00   0.000000000000000E+00   0.000000000000000E+00
   8.928220373300000E-01   3.554287590400000E+00   3.225474592900000E-01   1.115324973100000E+00   5.227684326399999E-01   0.000000000000000E+00   0.000000000000000E+00   0.000000000000000E+00   0.000000000000000E+00
   8.959447307900000E-01   3.554568597500000E+00   3.225483856100000E-01   1.094628102100000E+00   5.745766942200000E-01   0.000000000000000E+00   0.000000000000000E+00   0.000000000000000E+00   0.000000000000000E+00
   8.990674242500000E-01   3.554423846400000E+00   3.225479084500000E-01   1.105289274000000E+00   5.478897662400000E-01   0.000000000000000E+00   0.000000000000000E+00   0.000000000000000E+00   0.000000000000000E+00
   9.021901177200000E-01   3.554568590300000E+00   3.225483855900000E-01   1.094628708300000E+00   5.745751464200000E-01   0.000000000000000E+00   0.000000000000000E+00   0.000000000000000E+00   0.000000000000000E+00
   9.053128111800000E-01   3.554287636400000E+00   3.225474594300000E-01   1.115321093100000E+00   5.227783385600000E-01   0.000000000000000E+00   0.000000000000000E+00   0.000000000000000E+00   0.000000000000000E+00
   9.077032346700000E-01   3.554568583200000E+00   3.225483855600000E-01   1.094629302500000E+00   5.745736294200000E-01   0.000000000000000E+00   0.000000000000000E+00   0.000000000000000E+00   0.000000000000000E+00
   9.100936581500000E-01   3.554423866300000E+00   3.225479085100000E-01   1.105287596500000E+00   5.478940494400000E-01   0.000000000000000E+00   0.000000000000000E+00   0.000000000000000E+00   0.000000000000000E+00
   9.124840816400001E-01   3.554568573800000E+00   3.225483855400000E-01   1.094630094100000E+00   5.745716079600000E-01   0.000000000000000E+00   0.000000000000000E+00   0.000000000000000E+00   0.000000000000000E+00
   9.148745051200000E-01   3.554287696500000E+00   3.225474596200000E-01   1.115316026600000E+00   5.227912758700000E-01   0.000000000000000E+00   0.000000000000000E+00   0.000000000000000E+00   0.000000000000000E+00
   9.173223644900000E-01   3.554568566000000E+00   3.225483855100000E-01   1.094630759000000E+00   5.745699101200000E-01   0.000000000000000E+00   0.000000000000000E+00   0.000000000000000E+00   0.000000000000000E+00
   9.197702238500000E-01   3.554423888500000E+00   3.225479085700000E-01   1.105285719200000E+00   5.478988433600001E-01   0.000000000000000E+00   0.000000000000000E+00   0.000000000000000E+00   0.000000000000000E+00
   9.222180832100000E-01   3.554568556800000E+00   3.225483854800000E-01   1.094631531700000E+00   5.745679366200001E-01   0.000000000000000E+00   0.000000000000000E+00   0.000000000000000E+00   0.000000000000000E+00
   9.246659425700000E-01   3.554287755000000E+00   3.225474597900000E-01   1.115311081000000E+00   5.228039062099999E-01   0.000000000000000E+00   0.000000000000000E+00   0.000000000000000E+00   0.000000000000000E+00
   9.267609869900000E-01   3.554568548400000E+00   3.225483854600000E-01   1.094632243700000E+00   5.745661181400000E-01   0.000000000000000E+00   0.000000000000000E+00   0.000000000000000E+00   0.000000000000000E+00
   9.288560314099999E-01   3.554423912300000E+00   3.225479086500000E-01   1.105283708900000E+00   5.479039778300000E-01   0.000000000000000E+00   0.000000000000000E+00   0.000000000000000E+00   0.000000000000000E+00
   9.309510758300000E-01   3.554568537700000E+00   3.225483854300000E-01   1.094633146200000E+00   5.745638129700000E-01   0.000000000000000E+00   0.000000000000000E+00   0.000000000000000E+00   0.000000000000000E+00
   9.330461202600000E-01   3.554287823400000E+00   3.225474600000000E-01   1.115305305400000E+00   5.228186592900000E-01   0.000000000000000E+00   0.000000000000000E+00   0.000000000000000E+00   0.000000000000000E+00
   9.344405921500000E-01   3.554568526400000E+00   3.225483853900000E-01   1.094634105700000E+00   5.745613616900000E-01   0.000000000000000E+00   0.000000000000000E+00   0.000000000000000E+00   0.000000000000000E+00
   9.358350640400001E-01   3.554423944300000E+00   3.225479087400000E-01   1.105280999800000E+00   5.479108986800000E-01   0.000000000000000E+00   0.000000000000000E+00   0.000000000000000E+00   0.000000000000000E+00
   9.372295359300000E-01   3.554568510400000E+00   3.225483853400000E-01   1.094635460700000E+00   5.745578997700000E-01   0.000000000000000E+00   0.000000000000000E+00   0.000000000000000E+00   0.000000000000000E+00
   9.386240078300000E-01   3.554287925700000E+00   3.225474603100000E-01   1.115296633500000E+00   5.228408155599999E-01   0.000000000000000E+00   0.000000000000000E+00   0.000000000000000E+00   0.000000000000000E+00
   9.399880965700000E-01   3.554568496600000E+00   3.225483853000000E-01   1.094636624800000E+00   5.745549250600001E-01   0.000000000000000E+00   0.000000000000000E+00   0.000000000000000E+00   0.000000000000000E+00
   9.413521853200000E-01   3.554423983100000E+00   3.225479088600000E-01   1.105277712900000E+00   5.479192978400000E-01   0.000000000000000E+00   0.000000000000000E+00   0.000000000000000E+00   0.000000000000000E+00
   9.427162740700000E-01   3.554568480300000E+00   3.225483852500000E-01   1.094638008900000E+00   5.745513877000000E-01   0.000000000000000E+00   0.000000000000000E+00   0.000000000000000E+00   0.000000000000000E+00
   9.440803628200000E-01   3.554288030100000E+00   3.225474606300000E-01   1.115287775400000E+00   5.228634546499999E-01   0.000000000000000E+00   0.000000000000000E+00   0.000000000000000E+00   0.000000000000000E+00
   9.453579694599999E-01   3.554568466000000E+00   3.225483852100000E-01   1.094639224700000E+00   5.745482799100000E-01   0.000000000000000E+00   0.000000000000000E+00   0.000000000000000E+00   0.000000000000000E+00
   9.466355761000000E-01   3.554424023500000E+00   3.225479089800000E-01   1.105274280100000E+00   5.479280726900000E-01   0.000000000000000E+00   0.000000000000000E+00   0.000000000000000E+00   0.000000000000000E+00
   9.479131827500000E-01   3.554568448700000E+00   3.225483851600000E-01   1.094640701300000E+00   5.745445049600000E-01   0.000000000000000E+00   0.000000000000000E+00   0.000000000000000E+00   0.000000000000000E+00
   9.491907893900000E-01   3.554288141100000E+00   3.225474609700000E-01   1.115278325300000E+00   5.228876143100000E-01   0.000000000000000E+00   0.000000000000000E+00   0.000000000000000E+00   0.000000000000000E+00
   9.504262238000000E-01   3.554568433700000E+00   3.225483851100000E-01   1.094641977300000E+00   5.745412423100000E-01   0.000000000000000E+00   0.000000000000000E+00   0.000000000000000E+00   0.000000000000000E+00
   9.516616582100000E-01   3.554424065700000E+00   3.225479091100000E-01   1.105270677300000E+00   5.479372848300000E-01   0.000000000000000E+00   0.000000000000000E+00   0.000000000000000E+00   0.000000000000000E+00
   9.528970926200000E-01   3.554568415800000E+00   3.225483850600000E-01   1.094643503000000E+00   5.745373405100000E-01   0.000000000000000E+00   0.000000000000000E+00   0.000000000000000E+00   0.000000000000000E+00
   9.541325270300000E-01   3.554288255600000E+00   3.225474613100000E-01   1.115268560900000E+00   5.229125857900000E-01   0.000000000000000E+00   0.000000000000000E+00   0.000000000000000E+00   0.000000000000000E+00
   9.553111468600000E-01   3.554568400300000E+00   3.225483850100000E-01   1.094644830500000E+00   5.745339449200000E-01   0.000000000000000E+00   0.000000000000000E+00   0.000000000000000E+00   0.000000000000000E+00
   9.564897666900000E-01   3.554424109600000E+00   3.225479092400000E-01   1.105266929100000E+00   5.479468722900001E-01   0.000000000000000E+00   0.000000000000000E+00   0.000000000000000E+00   0.000000000000000E+00
   9.576683865200000E-01   3.554568381600000E+00   3.225483849500000E-01   1.094646428300000E+00   5.745298572300001E-01   0.000000000000000E+00   0.000000000000000E+00   0.000000000000000E+00   0.000000000000000E+00
   9.588470063500000E-01   3.554288375100000E+00   3.225474616700000E-01   1.115258335000000E+00   5.229387470100000E-01   0.000000000000000E+00   0.000000000000000E+00   0.000000000000000E+00   0.000000000000000E+00
   9.603050160800000E-01   3.554568367300000E+00   3.225483849100000E-01   1.094647655700000E+00   5.745267165200000E-01   0.000000000000000E+00   0.000000000000000E+00   0.000000000000000E+00   0.000000000000000E+00
   9.617630258099999E-01   3.554424150100000E+00   3.225479093700000E-01   1.105263463300000E+00   5.479557405200000E-01   0.000000000000000E+00   0.000000000000000E+00   0.000000000000000E+00   0.000000000000000E+00
   9.632210355400000E-01   3.554568352200000E+00   3.225483848600000E-01   1.094648946200000E+00   5.745234137600000E-01   0.000000000000000E+00   0.000000000000000E+00   0.000000000000000E+00   0.000000000000000E+00
   9.646790452600000E-01   3.554288471400000E+00   3.225474619600000E-01   1.115250075500000E+00   5.229598846800000E-01   0.000000000000000E+00   0.000000000000000E+00   0.000000000000000E+00   0.000000000000000E+00
   9.657687605300000E-01   3.554568337300000E+00   3.225483848200000E-01   1.094650228200000E+00   5.745201326400000E-01   0.000000000000000E+00   0.000000000000000E+00   0.000000000000000E+00   0.000000000000000E+00
   9.668584758000000E-01   3.554424192200000E+00   3.225479094900000E-01   1.105259844100000E+00   5.479650043600000E-01   0.000000000000000E+00   0.000000000000000E+00   0.000000000000000E+00   0.000000000000000E+00
   9.679481910600000E-01   3.554568317200000E+00   3.225483847600000E-01   1.094651953400000E+00   5.745157159099999E-01   0.000000000000000E+00   0.000000000000000E+00   0.000000000000000E+00   0.000000000000000E+00
   9.690379063300000E-01   3.554288599800000E+00   3.225474623500000E-01   1.115239034200000E+00   5.229881517700000E-01   0.000000000000000E+00   0.000000000000000E+00   0.000000000000000E+00   0.000000000000000E+00
   9.695835689700000E-01   3.554568291700000E+00   3.225483846800000E-01   1.094654150200000E+00   5.745100911100000E-01   0.000000000000000E+00   0.000000000000000E+00   0.000000000000000E+00   0.000000000000000E+00
   9.701292316000000E-01   3.554424264200000E+00   3.225479097100000E-01   1.105253643600000E+00   5.479808826600000E-01   0.000000000000000E+00   0.000000000000000E+00   0.000000000000000E+00   0.000000000000000E+00
   9.706748942400000E-01   3.554568251900000E+00   3.225483845600000E-01   1.094657590300000E+00   5.745012784300000E-01   0.000000000000000E+00   0.000000000000000E+00   0.000000000000000E+00   0.000000000000000E+00
   9.712205568800000E-01   3.554288854600000E+00   3.225474631100000E-01   1.115217017300000E+00   5.230445530000000E-01   0.000000000000000E+00   0.000000000000000E+00   0.000000000000000E+00   0.000000000000000E+00
   9.718699973900000E-01   3.554568220900000E+00   3.225483844700000E-01   1.094660277900000E+00   5.744943904100001E-01   0.000000000000000E+00   0.000000000000000E+00   0.000000000000000E+00   0.000000000000000E+00
   9.725194379000000E-01   3.554424351800000E+00   3.225479099700000E-01   1.105246054200000E+00   5.480003325400000E-01   0.000000000000000E+00   0.000000000000000E+00   0.000000000000000E+00   0.000000000000000E+00
   9.731688784100000E-01   3.554568187700000E+00   3.225483843700000E-01   1.094663163000000E+00   5.744869938800000E-01   0.000000000000000E+00   0.000000000000000E+00   0.000000000000000E+00   0.000000000000000E+00
   9.738183189300000E-01   3.554289067100000E+00   3.225474637500000E-01   1.115198553100000E+00   5.230918908700000E-01   0.000000000000000E+00   0.000000000000000E+00   0.000000000000000E+00   0.000000000000000E+00
   9.744302346100000E-01   3.554568158700000E+00   3.225483842800000E-01   1.094665688300000E+00   5.744805171200000E-01   0.000000000000000E+00   0.000000000000000E+00   0.000000000000000E+00   0.000000000000000E+00
   9.750421502900000E-01   3.554424433600000E+00   3.225479102100000E-01   1.105238924100000E+00   5.480186194600000E-01   0.000000000000000E+00   0.000000000000000E+00   0.000000000000000E+00   0.000000000000000E+00
   9.756540659700000E-01   3.554568123800000E+00   3.225483841800000E-01   1.094668744800000E+00   5.744726748500000E-01   0.000000000000000E+00   0.000000000000000E+00   0.000000000000000E+00   0.000000000000000E+00
   9.762659816500000E-01   3.554289290800000E+00   3.225474644100000E-01   1.115178991400000E+00   5.231420814500000E-01   0.000000000000000E+00   0.000000000000000E+00   0.000000000000000E+00   0.000000000000000E+00
   9.770511597000000E-01   3.554568097500000E+00   3.225483841000000E-01   1.094671053900000E+00   5.744667476899999E-01   0.000000000000000E+00   0.000000000000000E+00   0.000000000000000E+00   0.000000000000000E+00
   9.778363377500000E-01   3.554424507900000E+00   3.225479104400000E-01   1.105232403300000E+00   5.480353563800000E-01   0.000000000000000E+00   0.000000000000000E+00   0.000000000000000E+00   0.000000000000000E+00
   9.786215158000000E-01   3.554568070400000E+00   3.225483840200000E-01   1.094673432100000E+00   5.744606415000000E-01   0.000000000000000E+00   0.000000000000000E+00   0.000000000000000E+00   0.000000000000000E+00
   9.794066938500000E-01   3.554289463800000E+00   3.225474649200000E-01   1.115163771300000E+00   5.231811611000000E-01   0.000000000000000E+00   0.000000000000000E+00   0.000000000000000E+00   0.000000000000000E+00
   9.799272482700000E-01   3.554568041600000E+00   3.225483839400000E-01   1.094675965800000E+00   5.744541340600000E-01   0.000000000000000E+00   0.000000000000000E+00   0.000000000000000E+00   0.000000000000000E+00
   9.804478026800000E-01   3.554424589000000E+00   3.225479106800000E-01   1.105225251200000E+00   5.480537275600000E-01   0.000000000000000E+00   0.000000000000000E+00   0.000000000000000E+00   0.000000000000000E+00
   9.809683570900000E-01   3.554568001200000E+00   3.225483838200000E-01   1.094679546300000E+00   5.744449329400000E-01   0.000000000000000E+00   0.000000000000000E+00   0.000000000000000E+00   0.000000000000000E+00
   9.814889115100000E-01   3.554289722700000E+00   3.225474656900000E-01   1.115140856000000E+00   5.232400484000000E-01   0.000000000000000E+00   0.000000000000000E+00   0.000000000000000E+00   0.000000000000000E+00
   9.819879315400000E-01   3.554567966200000E+00   3.225483837100000E-01   1.094682652100000E+00   5.744369478800000E-01   0.000000000000000E+00   0.000000000000000E+00   0.000000000000000E+00   0.000000000000000E+00
   9.824869515800000E-01   3.554424687700000E+00   3.225479109700000E-01   1.105216482400000E+00   5.480762731800000E-01   0.000000000000000E+00   0.000000000000000E+00   0.000000000000000E+00   0.000000000000000E+00
   9.829859716200000E-01   3.554567924500000E+00   3.225483835900000E-01   1.094686378600000E+00   5.744273612900000E-01   0.000000000000000E+00   0.000000000000000E+00   0.000000000000000E+00   0.000000000000000E+00
   9.834849916600000E-01   3.554289990000000E+00   3.225474664700000E-01   1.115117006100000E+00   5.233014026800000E-01   0.000000000000000E+00   0.000000000000000E+00   0.000000000000000E+00   0.000000000000000E+00
   9.839764726600000E-01   3.554567888900000E+00   3.225483834900000E-01   1.094689566800000E+00   5.744191551800000E-01   0.000000000000000E+00   0.000000000000000E+00   0.000000000000000E+00   0.000000000000000E+00
   9.844679536600000E-01   3.554424788100000E+00   3.225479112600000E-01   1.105207480700000E+00   5.480994432100000E-01   0.000000000000000E+00   0.000000000000000E+00   0.000000000000000E+00   0.000000000000000E+00
   9.849594346700000E-01   3.554567847000000E+00   3.225483833700000E-01   1.094693341600000E+00   5.744094335200000E-01   0.000000000000000E+00   0.000000000000000E+00   0.000000000000000E+00   0.000000000000000E+00
   9.854509156700000E-01   3.554290258200000E+00   3.225474672500000E-01   1.115092847600000E+00   5.233636214400000E-01   0.000000000000000E+00   0.000000000000000E+00   0.000000000000000E+00   0.000000000000000E+00
   9.859518937600000E-01   3.554567811900000E+00   3.225483832600000E-01   1.094696515900000E+00   5.744012535000000E-01   0.000000000000000E+00   0.000000000000000E+00   0.000000000000000E+00   0.000000000000000E+00
   9.864528718500000E-01   3.554424887200000E+00   3.225479115500000E-01   1.105198517900000E+00   5.481225399600000E-01   0.000000000000000E+00   0.000000000000000E+00   0.000000000000000E+00   0.000000000000000E+00
   9.869538499400000E-01   3.554567771300000E+00   3.225483831500000E-01   1.094700210200000E+00   5.743917277200000E-01   0.000000000000000E+00   0.000000000000000E+00   0.000000000000000E+00   0.000000000000000E+00
   9.874548280300000E-01   3.554290518300000E+00   3.225474680100000E-01   1.115069203900000E+00   5.234245865800000E-01   0.000000000000000E+00   0.000000000000000E+00   0.000000000000000E+00   0.000000000000000E+00
   9.878075375399999E-01   3.554567729700000E+00   3.225483830300000E-01   1.094704006600000E+00   5.743819338100000E-01   0.000000000000000E+00   0.000000000000000E+00   0.000000000000000E+00   0.000000000000000E+00
   9.881602470600001E-01   3.554425004400000E+00   3.225479118800000E-01   1.105187802700000E+00   5.481501881700001E-01   0.000000000000000E+00   0.000000000000000E+00   0.000000000000000E+00   0.000000000000000E+00
   9.885129565700000E-01   3.554567672800000E+00   3.225483828600000E-01   1.094709238600000E+00   5.743684231500000E-01   0.000000000000000E+00   0.000000000000000E+00   0.000000000000000E+00   0.000000000000000E+00
   9.888656660800000E-01   3.554290882200000E+00   3.225474690500000E-01   1.115035719300000E+00   5.235110551900000E-01   0.000000000000000E+00   0.000000000000000E+00   0.000000000000000E+00   0.000000000000000E+00
   9.891545403699999E-01   3.554567619500000E+00   3.225483827100000E-01   1.094714169400000E+00   5.743556798900000E-01   0.000000000000000E+00   0.000000000000000E+00   0.000000000000000E+00   0.000000000000000E+00
   9.894434146600000E-01   3.554425154500000E+00   3.225479123100000E-01   1.105173884700000E+00   5.481861641900000E-01   0.000000000000000E+00   0.000000000000000E+00   0.000000000000000E+00   0.000000000000000E+00
   9.897322889600000E-01   3.554567551500000E+00   3.225483825200000E-01   1.094720532700000E+00   5.743392140800000E-01   0.000000000000000E+00   0.000000000000000E+00   0.000000000000000E+00   0.000000000000000E+00
   9.900211632500000E-01   3.554291317400000E+00   3.225474702800000E-01   1.114994994400000E+00   5.236164371100001E-01   0.000000000000000E+00   0.000000000000000E+00   0.000000000000000E+00   0.000000000000000E+00
   9.902922034000000E-01   3.554567492500000E+00   3.225483823500000E-01   1.094726107600000E+00   5.743247716700000E-01   0.000000000000000E+00   0.000000000000000E+00   0.000000000000000E+00   0.000000000000000E+00
   9.905632435500000E-01   3.554425321000000E+00   3.225479127800000E-01   1.105158145700000E+00   5.482269408200000E-01   0.000000000000000E+00   0.000000000000000E+00   0.000000000000000E+00   0.000000000000000E+00
   9.908342837000000E-01   3.554567421800000E+00   3.225483821600000E-01   1.094732858800000E+00   5.743072583600000E-01   0.000000000000000E+00   0.000000000000000E+00   0.000000000000000E+00   0.000000000000000E+00
   9.911053238600001E-01   3.554291769500000E+00   3.225474715400000E-01   1.114951787100000E+00   5.237285232600000E-01   0.000000000000000E+00   0.000000000000000E+00   0.000000000000000E+00   0.000000000000000E+00
   9.913744566600000E-01   3.554567362400000E+00   3.225483819900000E-01   1.094738603900000E+00   5.742923346600000E-01   0.000000000000000E+00   0.000000000000000E+00   0.000000000000000E+00   0.000000000000000E+00
   9.916435894600000E-01   3.554425488800000E+00   3.225479132400000E-01   1.105141924600000E+00   5.482690781700000E-01   0.000000000000000E+00   0.000000000000000E+00   0.000000000000000E+00   0.000000000000000E+00
   9.919127222600000E-01   3.554567293200000E+00   3.225483818000000E-01   1.094745370000000E+00   5.742747336300000E-01   0.000000000000000E+00   0.000000000000000E+00   0.000000000000000E+00   0.000000000000000E+00
   9.921818550600000E-01   3.554292211800000E+00   3.225474727500000E-01   1.114908484900000E+00   5.238411708500000E-01   0.000000000000000E+00   0.000000000000000E+00   0.000000000000000E+00   0.000000000000000E+00
   9.923994190600000E-01   3.554567228500000E+00   3.225483816300000E-01   1.094751788200000E+00   5.742580149800000E-01   0.000000000000000E+00   0.000000000000000E+00   0.000000000000000E+00   0.000000000000000E+00
   9.926169830500000E-01   3.554425671200000E+00   3.225479137300000E-01   1.105123810900000E+00   5.483162754300001E-01   0.000000000000000E+00   0.000000000000000E+00   0.000000000000000E+00   0.000000000000000E+00
   9.928345470500000E-01   3.554567145800000E+00   3.225483814100000E-01   1.094760110900000E+00   5.742362909700000E-01   0.000000000000000E+00   0.000000000000000E+00   0.000000000000000E+00   0.000000000000000E+00
   9.930521110400000E-01   3.554292739700000E+00   3.225474741500000E-01   1.114855221200000E+00   5.239802065200000E-01   0.000000000000000E+00   0.000000000000000E+00   0.000000000000000E+00   0.000000000000000E+00
   9.932709549299999E-01   3.554567077500000E+00   3.225483812300000E-01   1.094767141700000E+00   5.742179017000000E-01   0.000000000000000E+00   0.000000000000000E+00   0.000000000000000E+00   0.000000000000000E+00
   9.934897988100000E-01   3.554425864400000E+00   3.225479142400000E-01   1.105103959200000E+00   5.483681985300000E-01   0.000000000000000E+00   0.000000000000000E+00   0.000000000000000E+00   0.000000000000000E+00
   9.937086427000000E-01   3.554566999000000E+00   3.225483810300000E-01   1.094775362000000E+00   5.741963561200000E-01   0.000000000000000E+00   0.000000000000000E+00   0.000000000000000E+00   0.000000000000000E+00
   9.939274865800000E-01   3.554293241500000E+00   3.225474754400000E-01   1.114802612600000E+00   5.241181003599999E-01   0.000000000000000E+00   0.000000000000000E+00   0.000000000000000E+00   0.000000000000000E+00
   9.941048025000000E-01   3.554566926200000E+00   3.225483808400000E-01   1.094783143800000E+00   5.741759189700000E-01   0.000000000000000E+00   0.000000000000000E+00   0.000000000000000E+00   0.000000000000000E+00
   9.942821184200000E-01   3.554426069200000E+00   3.225479147500000E-01   1.105082000600000E+00   5.484258922600000E-01   0.000000000000000E+00   0.000000000000000E+00   0.000000000000000E+00   0.000000000000000E+00
   9.944594343399999E-01   3.554566834500000E+00   3.225483806200000E-01   1.094793212700000E+00   5.741493945100000E-01   0.000000000000000E+00   0.000000000000000E+00   0.000000000000000E+00   0.000000000000000E+00
   9.946367502600000E-01   3.554293826400000E+00   3.225474768700000E-01   1.114738175700000E+00   5.242878612900000E-01   0.000000000000000E+00   0.000000000000000E+00   0.000000000000000E+00   0.000000000000000E+00
   9.947516868600000E-01   3.554566738300000E+00   3.225483803900000E-01   1.094804056500000E+00   5.741207604700000E-01   0.000000000000000E+00   0.000000000000000E+00   0.000000000000000E+00   0.000000000000000E+00
   9.948666234600000E-01   3.554426336700000E+00   3.225479153800000E-01   1.105051439500000E+00   5.485066996100000E-01   0.000000000000000E+00   0.000000000000000E+00   0.000000000000000E+00   0.000000000000000E+00
   9.949815600600000E-01   3.554566609400000E+00   3.225483801000000E-01   1.094819414500000E+00   5.740799756700000E-01   0.000000000000000E+00   0.000000000000000E+00   0.000000000000000E+00   0.000000000000000E+00
   9.950964966700000E-01   3.554294646100000E+00   3.225474786800000E-01   1.114639899300000E+00   5.245489008400001E-01   0.000000000000000E+00   0.000000000000000E+00   0.000000000000000E+00   0.000000000000000E+00
   9.951978518900000E-01   3.554566500900000E+00   3.225483798800000E-01   1.094833245900000E+00   5.740430493999999E-01   0.000000000000000E+00   0.000000000000000E+00   0.000000000000000E+00   0.000000000000000E+00
   9.952992071000000E-01   3.554426641600000E+00   3.225479160000000E-01   1.105012418900000E+00   5.486109467000000E-01   0.000000000000000E+00   0.000000000000000E+00   0.000000000000000E+00   0.000000000000000E+00
   9.954005623200000E-01   3.554566376600000E+00   3.225483796500000E-01   1.094850381400000E+00   5.739969726800001E-01   0.000000000000000E+00   0.000000000000000E+00   0.000000000000000E+00   0.000000000000000E+00
   9.955019175399999E-01   3.554295434300000E+00   3.225474800700000E-01   1.114530257700000E+00   5.248438200500000E-01   0.000000000000000E+00   0.000000000000000E+00   0.000000000000000E+00   0.000000000000000E+00
   9.955976955800000E-01   3.554566280500000E+00   3.225483795200000E-01   1.094865232300000E+00   5.739567335900000E-01   0.000000000000000E+00   0.000000000000000E+00   0.000000000000000E+00   0.000000000000000E+00
   9.956934736300000E-01   3.554426912600000E+00   3.225479163800000E-01   1.104970510000000E+00   5.487245601900000E-01   0.000000000000000E+00   0.000000000000000E+00   0.000000000000000E+00   0.000000000000000E+00
   9.957892516700000E-01   3.554566179300000E+00   3.225483794200000E-01   1.094883004300000E+00   5.739081343000000E-01   0.000000000000000E+00   0.000000000000000E+00   0.000000000000000E+00   0.000000000000000E+00
   9.958850297100000E-01   3.554296073000000E+00   3.225474806200000E-01   1.114416553300000E+00   5.251548949400000E-01   0.000000000000000E+00   0.000000000000000E+00   0.000000000000000E+00   0.000000000000000E+00
   9.959802501400000E-01   3.554566109700000E+00   3.225483794300000E-01   1.094897980600000E+00   5.738667566800000E-01   0.000000000000000E+00   0.000000000000000E+00   0.000000000000000E+00   0.000000000000000E+00
   9.960754705800000E-01   3.554427109900000E+00   3.225479163800000E-01   1.104928233200000E+00   5.488413977500000E-01   0.000000000000000E+00   0.000000000000000E+00   0.000000000000000E+00   0.000000000000000E+00
   9.961706910100000E-01   3.554566046100000E+00   3.225483795100000E-01   1.094915432400000E+00   5.738179863800000E-01   0.000000000000000E+00   0.000000000000000E+00   0.000000000000000E+00   0.000000000000000E+00
   9.962659114400000E-01   3.554296469600000E+00   3.225474800000000E-01   1.114304907200000E+00   5.254670731600000E-01   0.000000000000000E+00   0.000000000000000E+00   0.000000000000000E+00   0.000000000000000E+00
   9.963577564000000E-01   3.554566011400000E+00   3.225483796900000E-01   1.094930337400000E+00   5.737757970000000E-01   0.000000000000000E+00   0.000000000000000E+00   0.000000000000000E+00   0.000000000000000E+00
   9.964496013600000E-01   3.554427206900000E+00   3.225479158800000E-01   1.104886174500000E+00   5.489605288100000E-01   0.000000000000000E+00   0.000000000000000E+00   0.000000000000000E+00   0.000000000000000E+00
   9.965414463100000E-01   3.554565994900000E+00   3.225483800200000E-01   1.094947915500000E+00   5.737252853800000E-01   0.000000000000000E+00   0.000000000000000E+00   0.000000000000000E+00   0.000000000000000E+00
   9.966332912700000E-01   3.554296563100000E+00   3.225474778400000E-01   1.114192469300000E+00   5.257904124400000E-01   0.000000000000000E+00   0.000000000000000E+00   0.000000000000000E+00   0.000000000000000E+00
   9.967335960200000E-01   3.554566007600000E+00   3.225483804100000E-01   1.094961978000000E+00   5.736841535500000E-01   0.000000000000000E+00   0.000000000000000E+00   0.000000000000000E+00   0.000000000000000E+00
   9.968339007700000E-01   3.554427176000000E+00   3.225479148000000E-01   1.104846435500000E+00   5.490766743600000E-01   0.000000000000000E+00   0.000000000000000E+00   0.000000000000000E+00   0.000000000000000E+00
   9.969342055100000E-01   3.554566046600000E+00   3.225483809700000E-01   1.094977539300000E+00   5.736378705600000E-01   0.000000000000000E+00   0.000000000000000E+00   0.000000000000000E+00   0.000000000000000E+00
   9.970345102600000E-01   3.554296302000000E+00   3.225474742000000E-01   1.114092935700000E+00   5.260866842800000E-01   0.000000000000000E+00   0.000000000000000E+00   0.000000000000000E+00   0.000000000000000E+00
   9.971317269700000E-01   3.554566106900000E+00   3.225483815800000E-01   1.094990732100000E+00   5.735978648300000E-01   0.000000000000000E+00   0.000000000000000E+00   0.000000000000000E+00   0.000000000000000E+00
   9.972289436700000E-01   3.554427003600000E+00   3.225479130600000E-01   1.104809215200000E+00   5.491896479100000E-01   0.000000000000000E+00   0.000000000000000E+00   0.000000000000000E+00   0.000000000000000E+00
   9.973261603800000E-01   3.554566213000000E+00   3.225483824700000E-01   1.095006166000000E+00   5.735499913900000E-01   0.000000000000000E+00   0.000000000000000E+00   0.000000000000000E+00   0.000000000000000E+00
   9.974233770800000E-01   3.554295607900000E+00   3.225474684100000E-01   1.113994238200000E+00   5.263931556200000E-01   0.000000000000000E+00   0.000000000000000E+00   0.000000000000000E+00   0.000000000000000E+00
   9.974771416100000E-01   3.554566369600000E+00   3.225483836800000E-01   1.095024315800000E+00   5.734927896799999E-01   0.000000000000000E+00   0.000000000000000E+00   0.000000000000000E+00   0.000000000000000E+00
   9.975309061400000E-01   3.554426470400000E+00   3.225479092100000E-01   1.104758787000000E+00   5.493514581600000E-01   0.000000000000000E+00   0.000000000000000E+00   0.000000000000000E+00   0.000000000000000E+00
   9.975846706700000E-01   3.554566771500000E+00   3.225483863000000E-01   1.095050319700000E+00   5.734056090100000E-01   0.000000000000000E+00   0.000000000000000E+00   0.000000000000000E+00   0.000000000000000E+00
   9.976384352000000E-01   3.554292948700000E+00   3.225474511900000E-01   1.113828426800000E+00   5.269517317100000E-01   0.000000000000000E+00   0.000000000000000E+00   0.000000000000000E+00   0.000000000000000E+00
   9.976897436500000E-01   3.554567273900000E+00   3.225483893300000E-01   1.095071652600000E+00   5.733291368200000E-01   0.000000000000000E+00   0.000000000000000E+00   0.000000000000000E+00   0.000000000000000E+00
   9.977410521000000E-01   3.554425025700000E+00   3.225479005600000E-01   1.104698851400000E+00   5.495676045000000E-01   0.000000000000000E+00   0.000000000000000E+00   0.000000000000000E+00   0.000000000000000E+00
   9.977923605500000E-01   3.554568115500000E+00   3.225483941200000E-01   1.095095371100000E+00   5.732360224100000E-01   0.000000000000000E+00   0.000000000000000E+00   0.000000000000000E+00   0.000000000000000E+00
   9.978436689900000E-01   3.554287519700000E+00   3.225474204700000E-01   1.113677617100000E+00   5.275486434200000E-01   0.000000000000000E+00   0.000000000000000E+00   0.000000000000000E+00   0.000000000000000E+00
   9.978968711000000E-01   3.554569138500000E+00   3.225483997700000E-01   1.095113153600000E+00   5.731570226300000E-01   0.000000000000000E+00   0.000000000000000E+00   0.000000000000000E+00   0.000000000000000E+00
   9.979500732000000E-01   3.554422663500000E+00   3.225478878800000E-01   1.104648481700000E+00   5.497905050200000E-01   0.000000000000000E+00   0.000000000000000E+00   0.000000000000000E+00   0.000000000000000E+00
   9.980032753100000E-01   3.554571243300000E+00   3.225484116300000E-01   1.095130928300000E+00   5.730637676500000E-01   0.000000000000000E+00   0.000000000000000E+00   0.000000000000000E+00   0.000000000000000E+00
   9.980564774100000E-01   3.554280917800000E+00   3.225473876100000E-01   1.113562126100000E+00   5.281430310900000E-01   0.000000000000000E+00   0.000000000000000E+00   0.000000000000000E+00   0.000000000000000E+00
   9.981071741899999E-01   3.554578954800000E+00   3.225484581300000E-01   1.095141377100000E+00   5.729776763600000E-01   0.000000000000000E+00   0.000000000000000E+00   0.000000000000000E+00   0.000000000000000E+00
   9.981578709600000E-01   3.554437191600000E+00   3.225479828600000E-01   1.104603701000000E+00   5.500145950799999E-01   0.000000000000000E+00   0.000000000000000E+00   0.000000000000000E+00   0.000000000000000E+00
   9.982085677400000E-01   3.554626748200000E+00   3.225487533300000E-01   1.095133327800000E+00   5.728504717600000E-01   0.000000000000000E+00   0.000000000000000E+00   0.000000000000000E+00   0.000000000000000E+00
   9.982592645200000E-01   3.554411874100000E+00   3.225482202400000E-01   1.113424512300000E+00   5.287243495200000E-01   0.000000000000000E+00   0.000000000000000E+00   0.000000000000000E+00   0.000000000000000E+00
   9.982992631499999E-01   3.554915030800000E+00   3.225505462200000E-01   1.095015727600000E+00   5.725947456800000E-01   0.000000000000000E+00   0.000000000000000E+00   0.000000000000000E+00   0.000000000000000E+00
   9.983392617800000E-01   3.555166634400000E+00   3.225525371900000E-01   1.104263675300000E+00   5.499100527700000E-01   0.000000000000000E+00   0.000000000000000E+00   0.000000000000000E+00   0.000000000000000E+00
   9.983792604200000E-01   3.556275123100000E+00   3.225590155300000E-01   1.094422872800000E+00   5.717245690100000E-01   0.000000000000000E+00   0.000000000000000E+00   0.000000000000000E+00   0.000000000000000E+00
   9.984192590500000E-01   3.558057080500000E+00   3.225709783600000E-01   1.111825198700000E+00   5.276721951900000E-01   0.000000000000000E+00   0.000000000000000E+00   0.000000000000000E+00   0.000000000000000E+00
   9.984543606000000E-01   3.562388452300000E+00   3.225971499600000E-01   1.091753793700000E+00   5.683287084400001E-01   0.000000000000000E+00   0.000000000000000E+00   0.000000000000000E+00   0.000000000000000E+00
   9.984894621600000E-01   3.570172494800000E+00   3.226462201000000E-01   1.097776911500000E+00   5.423247557600001E-01   0.000000000000000E+00   0.000000000000000E+00   0.000000000000000E+00   0.000000000000000E+00
   9.985245637100000E-01   3.586264943900000E+00   3.227465488000000E-01   1.081508073300000E+00   5.557070056000000E-01   0.000000000000000E+00   0.000000000000000E+00   0.000000000000000E+00   0.000000000000000E+00
   9.985596652700000E-01   3.617059250700000E+00   3.229415034400000E-01   1.087057246800000E+00   4.986432245600000E-01   0.000000000000000E+00   0.000000000000000E+00   0.000000000000000E+00   0.000000000000000E+00
   9.985869729800000E-01   3.659822034800000E+00   3.232122973000000E-01   1.051603276300000E+00   5.199125461300000E-01   0.000000000000000E+00   0.000000000000000E+00   0.000000000000000E+00   0.000000000000000E+00
   9.986142807000000E-01   3.726479966400000E+00   3.236417987600000E-01   1.036027532200000E+00   4.698270952200000E-01   0.000000000000000E+00   0.000000000000000E+00   0.000000000000000E+00   0.000000000000000E+00
   9.986415884099999E-01   3.826947919200000E+00   3.243005969900000E-01   9.914840754000001E-01   4.514929415100000E-01   0.000000000000000E+00   0.000000000000000E+00   0.000000000000000E+00   0.000000000000000E+00
   9.986688961200000E-01   3.967113232300000E+00   3.252484384300000E-01   9.670210148200000E-01   3.655889265000000E-01   0.000000000000000E+00   0.000000000000000E+00   0.000000000000000E+00   0.000000000000000E+00
   9.986982147800000E-01   4.166666414300000E+00   3.266500830200000E-01   8.942562801700000E-01   3.508678761500000E-01   0.000000000000000E+00   0.000000000000000E+00   0.000000000000000E+00   0.000000000000000E+00
   9.987275334300000E-01   4.410403805500000E+00   3.284601242500000E-01   8.491358317000000E-01   2.795547838400000E-01   0.000000000000000E+00   0.000000000000000E+00   0.000000000000000E+00   0.000000000000000E+00
   9.987568520800000E-01   4.688797144200000E+00   3.306656855000000E-01   7.863367360700000E-01   2.537948104500000E-01   0.000000000000000E+00   0.000000000000000E+00   0.000000000000000E+00   0.000000000000000E+00
   9.987861707300000E-01   4.987440701600000E+00   3.332205261800000E-01   7.589351209600000E-01   1.786279584600000E-01   0.000000000000000E+00   0.000000000000000E+00   0.000000000000000E+00   0.000000000000000E+00
   9.988174620700000E-01   5.315756622300000E+00   3.362808404200000E-01   6.950242353200000E-01   1.839575827400000E-01   0.000000000000000E+00   0.000000000000000E+00   0.000000000000000E+00   0.000000000000000E+00
   9.988487534100000E-01   5.640539894300000E+00   3.396212228400000E-01   6.682266134200000E-01   1.397985255500000E-01   0.000000000000000E+00   0.000000000000000E+00   0.000000000000000E+00   0.000000000000000E+00
   9.988800447400000E-01   5.954391651700000E+00   3.431955400000000E-01   6.262159233600000E-01   1.389711753900000E-01   0.000000000000000E+00   0.000000000000000E+00   0.000000000000000E+00   0.000000000000000E+00
   9.989113360800000E-01   6.250884417800000E+00   3.469583829000000E-01   6.199592425800000E-01   8.700817314200000E-02   0.000000000000000E+00   0.000000000000000E+00   0.000000000000000E+00   0.000000000000000E+00
   9.989529036300000E-01   6.615094715600000E+00   3.522010962200000E-01   5.697280463800000E-01   1.071882337000000E-01   0.000000000000000E+00   0.000000000000000E+00   0.000000000000000E+00   0.000000000000000E+00
   9.989944711800000E-01   6.941862487000000E+00   3.576637803500000E-01   5.557396005000000E-01   7.633430917200000E-02   0.000000000000000E+00   0.000000000000000E+00   0.000000000000000E+00   0.000000000000000E+00
   9.990360387300000E-01   7.232950538900000E+00   3.633082961300000E-01   5.242712349000000E-01   8.514551334100000E-02   0.000000000000000E+00   0.000000000000000E+00   0.000000000000000E+00   0.000000000000000E+00
   9.990776062800000E-01   7.489833488500000E+00   3.690999990900000E-01   5.269983101900000E-01   4.170668869100000E-02   0.000000000000000E+00   0.000000000000000E+00   0.000000000000000E+00   0.000000000000000E+00
   9.991031476800000E-01   7.633004982000000E+00   3.727248990700000E-01   4.964247858200000E-01   7.325361836900000E-02   0.000000000000000E+00   0.000000000000000E+00   0.000000000000000E+00   0.000000000000000E+00
   9.991286890700000E-01   7.764952514200000E+00   3.763910885000000E-01   4.978747791200000E-01   5.143505756300000E-02   0.000000000000000E+00   0.000000000000000E+00   0.000000000000000E+00   0.000000000000000E+00
   9.991542304600000E-01   7.887433113900000E+00   3.800985005600000E-01   4.786230404200000E-01   6.627141820000000E-02   0.000000000000000E+00   0.000000000000000E+00   0.000000000000000E+00   0.000000000000000E+00
   9.991797718600000E-01   8.000306950400001E+00   3.838406903000000E-01   4.911708263600000E-01   2.843844405400000E-02   0.000000000000000E+00   0.000000000000000E+00   0.000000000000000E+00   0.000000000000000E+00
   9.992058252900000E-01   8.107633886700000E+00   3.876957829900000E-01   4.627612797900000E-01   6.050327284200000E-02   0.000000000000000E+00   0.000000000000000E+00   0.000000000000000E+00   0.000000000000000E+00
   9.992318787300000E-01   8.206530243100000E+00   3.915820194300000E-01   4.659953090800000E-01   4.019616652400000E-02   0.000000000000000E+00   0.000000000000000E+00   0.000000000000000E+00   0.000000000000000E+00
   9.992579321700000E-01   8.298635619300001E+00   3.955007475100000E-01   4.483603047500000E-01   5.560969179800000E-02   0.000000000000000E+00   0.000000000000000E+00   0.000000000000000E+00   0.000000000000000E+00
   9.992839856000000E-01   8.383694763999999E+00   3.994468906200000E-01   4.621640582500000E-01   1.931020368100000E-02   0.000000000000000E+00   0.000000000000000E+00   0.000000000000000E+00   0.000000000000000E+00
   9.993080302400000E-01   8.457635027000000E+00   4.031159646800000E-01   4.356905204200000E-01   5.158427407600000E-02   0.000000000000000E+00   0.000000000000000E+00   0.000000000000000E+00   0.000000000000000E+00
   9.993320748800000E-01   8.526445217199999E+00   4.068056882800000E-01   4.404759814000000E-01   3.243063289700000E-02   0.000000000000000E+00   0.000000000000000E+00   0.000000000000000E+00   0.000000000000000E+00
   9.993561195300000E-01   8.591438260500000E+00   4.105184023300000E-01   4.243789630600000E-01   4.818211749100000E-02   0.000000000000000E+00   0.000000000000000E+00   0.000000000000000E+00   0.000000000000000E+00
   9.993801641700000E-01   8.652084327700001E+00   4.142500532100000E-01   4.393203637000000E-01   1.318954578300000E-02   0.000000000000000E+00   0.000000000000000E+00   0.000000000000000E+00   0.000000000000000E+00
   9.994026653400000E-01   8.706360298700000E+00   4.177627906200000E-01   4.140671060500000E-01   4.525578109600000E-02   0.000000000000000E+00   0.000000000000000E+00   0.000000000000000E+00   0.000000000000000E+00
   9.994251665200000E-01   8.757308391000000E+00   4.212906428800000E-01   4.196980201000000E-01   2.689278316000000E-02   0.000000000000000E+00   0.000000000000000E+00   0.000000000000000E+00   0.000000000000000E+00
   9.994476676900000E-01   8.806052663199999E+00   4.248363001700000E-01   4.045898605500000E-01   4.268443462000000E-02   0.000000000000000E+00   0.000000000000000E+00   0.000000000000000E+00   0.000000000000000E+00
   9.994701688700000E-01   8.851922172800000E+00   4.283961882700000E-01   4.201017085400000E-01   8.732804253800000E-03   0.000000000000000E+00   0.000000000000000E+00   0.000000000000000E+00   0.000000000000000E+00
   9.994886432900000E-01   8.888586610600001E+00   4.313329404700000E-01   3.963168485400000E-01   4.053988630800000E-02   0.000000000000000E+00   0.000000000000000E+00   0.000000000000000E+00   0.000000000000000E+00
   9.995071177000000E-01   8.923370827299999E+00   4.342781859300000E-01   4.029583717300000E-01   2.294218291800000E-02   0.000000000000000E+00   0.000000000000000E+00   0.000000000000000E+00   0.000000000000000E+00
   9.995255921100000E-01   8.957239292500001E+00   4.372348164400000E-01   3.891138864900000E-01   3.871756589800000E-02   0.000000000000000E+00   0.000000000000000E+00   0.000000000000000E+00   0.000000000000000E+00
   9.995440665300001E-01   8.989413150900001E+00   4.401996256100000E-01   4.053369671500000E-01   5.874568061800000E-03   0.000000000000000E+00   0.000000000000000E+00   0.000000000000000E+00   0.000000000000000E+00
   9.995576886600001E-01   9.013008342699999E+00   4.423940566600000E-01   3.830348119100000E-01   3.721939714500000E-02   0.000000000000000E+00   0.000000000000000E+00   0.000000000000000E+00   0.000000000000000E+00
   9.995713107800001E-01   9.035522425400000E+00   4.445919625500000E-01   3.905537359400000E-01   2.036982987900000E-02   0.000000000000000E+00   0.000000000000000E+00   0.000000000000000E+00   0.000000000000000E+00
   9.995849329099999E-01   9.057834646500000E+00   4.467962667300000E-01   3.780040103100000E-01   3.596669057600000E-02   0.000000000000000E+00   0.000000000000000E+00   0.000000000000000E+00   0.000000000000000E+00
   9.995985550299999E-01   9.079130312500000E+00   4.490039799400000E-01   3.947592913800000E-01   4.375474523200000E-03   0.000000000000000E+00   0.000000000000000E+00   0.000000000000000E+00   0.000000000000000E+00
   9.996092252700000E-01   9.096048441500001E+00   4.507388736700000E-01   3.736048663400000E-01   3.488829934900000E-02   0.000000000000000E+00   0.000000000000000E+00   0.000000000000000E+00   0.000000000000000E+00
   9.996198955000000E-01   9.112180087300001E+00   4.524751353900000E-01   3.814511660500000E-01   1.875037984000000E-02   0.000000000000000E+00   0.000000000000000E+00   0.000000000000000E+00   0.000000000000000E+00
   9.996305657400000E-01   9.128362861499999E+00   4.542156281200000E-01   3.698175716200000E-01   3.392697649300000E-02   0.000000000000000E+00   0.000000000000000E+00   0.000000000000000E+00   0.000000000000000E+00
   9.996412359700000E-01   9.143791316800000E+00   4.559574847400000E-01   3.865383041000000E-01   3.668589198300000E-03   0.000000000000000E+00   0.000000000000000E+00   0.000000000000000E+00   0.000000000000000E+00
   9.996530916000000E-01   9.161298156200001E+00   4.578987375900000E-01   3.658534798900000E-01   3.298201995900000E-02   0.000000000000000E+00   0.000000000000000E+00   0.000000000000000E+00   0.000000000000000E+00
   9.996649472300000E-01   9.178014687499999E+00   4.598420118300000E-01   3.732347026000000E-01   1.741050542900000E-02   0.000000000000000E+00   0.000000000000000E+00   0.000000000000000E+00   0.000000000000000E+00
   9.996768028600000E-01   9.194756815900000E+00   4.617900922200000E-01   3.617354628000000E-01   3.201491455400000E-02   0.000000000000000E+00   0.000000000000000E+00   0.000000000000000E+00   0.000000000000000E+00
   9.996886584900000E-01   9.210741514200000E+00   4.637401736700000E-01   3.777681028400000E-01   2.774434461600000E-03   0.000000000000000E+00   0.000000000000000E+00   0.000000000000000E+00   0.000000000000000E+00
   9.997027117300000E-01   9.230010769200000E+00   4.660587884200000E-01   3.572760049400000E-01   3.103421363500000E-02   0.000000000000000E+00   0.000000000000000E+00   0.000000000000000E+00   0.000000000000000E+00
   9.997167649599999E-01   9.248440881000001E+00   4.683807972000000E-01   3.640893512200000E-01   1.590824013600000E-02   0.000000000000000E+00   0.000000000000000E+00   0.000000000000000E+00   0.000000000000000E+00
   9.997308182000000E-01   9.266833966900000E+00   4.707089184000000E-01   3.525025283000000E-01   3.001222842700000E-02   0.000000000000000E+00   0.000000000000000E+00   0.000000000000000E+00   0.000000000000000E+00
   9.997448714300000E-01   9.284427515400001E+00   4.730403898300000E-01   3.678047061800000E-01   1.566538218700000E-03   0.000000000000000E+00   0.000000000000000E+00   0.000000000000000E+00   0.000000000000000E+00
   9.997607445600000E-01   9.304557412099999E+00   4.756819744900000E-01   3.474794612600000E-01   2.899425570100000E-02   0.000000000000000E+00   0.000000000000000E+00   0.000000000000000E+00   0.000000000000000E+00
   9.997766176900000E-01   9.323833742400000E+00   4.783281751700000E-01   3.538572887400000E-01   1.424953830300000E-02   0.000000000000000E+00   0.000000000000000E+00   0.000000000000000E+00   0.000000000000000E+00
   9.997924908200000E-01   9.343044694200000E+00   4.809816445900000E-01   3.422273131700000E-01   2.795696076000000E-02   0.000000000000000E+00   0.000000000000000E+00   0.000000000000000E+00   0.000000000000000E+00
   9.998083639399999E-01   9.361446170600001E+00   4.836396812400000E-01   3.569335718500000E-01   1.957045340400000E-04   0.000000000000000E+00   0.000000000000000E+00   0.000000000000000E+00   0.000000000000000E+00
   9.998198045900000E-01   9.375006270200000E+00   4.855610339700000E-01   3.377779970200000E-01   2.708810562500000E-02   0.000000000000000E+00   0.000000000000000E+00   0.000000000000000E+00   0.000000000000000E+00
   9.998312452400000E-01   9.387945984500000E+00   4.874839715200000E-01   3.447241090500000E-01   1.290519124900000E-02   0.000000000000000E+00   0.000000000000000E+00   0.000000000000000E+00   0.000000000000000E+00
   9.998426858900000E-01   9.401020348399999E+00   4.894110917700000E-01   3.341115210900000E-01   2.634209172300000E-02   0.000000000000000E+00   0.000000000000000E+00   0.000000000000000E+00   0.000000000000000E+00
   9.998541265400001E-01   9.413495380900001E+00   4.913398137500000E-01   3.490702994000000E-01  -3.703803767300000E-04   0.000000000000000E+00   0.000000000000000E+00   0.000000000000000E+00   0.000000000000000E+00
   9.998614914400000E-01   9.421914742400000E+00   4.925847038400000E-01   3.311449482900000E-01   2.571807127600000E-02   0.000000000000000E+00   0.000000000000000E+00   0.000000000000000E+00   0.000000000000000E+00
   9.998688563400000E-01   9.429838042000000E+00   4.938293754600000E-01   3.384453125000000E-01   1.221490440100000E-02   0.000000000000000E+00   0.000000000000000E+00   0.000000000000000E+00   0.000000000000000E+00
   9.998762212400000E-01   9.437988081000000E+00   4.950763293900000E-01   3.288763148900000E-01   2.516804791500000E-02   0.000000000000000E+00   0.000000000000000E+00   0.000000000000000E+00   0.000000000000000E+00
   9.998835861399999E-01   9.445658887100000E+00   4.963231119000000E-01   3.437141958300000E-01  -1.135851746100000E-04   0.000000000000000E+00   0.000000000000000E+00   0.000000000000000E+00   0.000000000000000E+00
   9.998900623800000E-01   9.452868389600001E+00   4.974222857200000E-01   3.267549741300000E-01   2.466801158000000E-02   0.000000000000000E+00   0.000000000000000E+00   0.000000000000000E+00   0.000000000000000E+00
   9.998965386100001E-01   9.459620914100000E+00   4.985210143600000E-01   3.337790424300000E-01   1.189951912700000E-02   0.000000000000000E+00   0.000000000000000E+00   0.000000000000000E+00   0.000000000000000E+00
   9.999030148500000E-01   9.466602890700001E+00   4.996216732100000E-01   3.248009235200000E-01   2.416688144400000E-02   0.000000000000000E+00   0.000000000000000E+00   0.000000000000000E+00   0.000000000000000E+00
   9.999094910800000E-01   9.473144803500000E+00   5.007219392800000E-01   3.389207626600000E-01   3.302183703400000E-04   0.000000000000000E+00   0.000000000000000E+00   0.000000000000000E+00   0.000000000000000E+00
   9.999151332200000E-01   9.479292626099999E+00   5.016829674400000E-01   3.229800785600000E-01   2.371242970500000E-02   0.000000000000000E+00   0.000000000000000E+00   0.000000000000000E+00   0.000000000000000E+00
   9.999207753600000E-01   9.485019479100000E+00   5.026433879800000E-01   3.296795288600000E-01   1.172220780800000E-02   0.000000000000000E+00   0.000000000000000E+00   0.000000000000000E+00   0.000000000000000E+00
   9.999264174900000E-01   9.490972606700000E+00   5.036054405500000E-01   3.213152004900000E-01   2.325093760500000E-02   0.000000000000000E+00   0.000000000000000E+00   0.000000000000000E+00   0.000000000000000E+00
   9.999320596300000E-01   9.496522301300001E+00   5.045669431599999E-01   3.346322393900000E-01   9.534257858200000E-04   0.000000000000000E+00   0.000000000000000E+00   0.000000000000000E+00   0.000000000000000E+00
   9.999363334800000E-01   9.501131227100000E+00   5.052972311100000E-01   3.198711844700000E-01   2.283539514600000E-02   0.000000000000000E+00   0.000000000000000E+00   0.000000000000000E+00   0.000000000000000E+00
   9.999406073300000E-01   9.505359614500000E+00   5.060266841200000E-01   3.262572588000000E-01   1.173284381900000E-02   0.000000000000000E+00   0.000000000000000E+00   0.000000000000000E+00   0.000000000000000E+00
   9.999448811800000E-01   9.509810103000000E+00   5.067573867600000E-01   3.186729224700000E-01   2.240734752600000E-02   0.000000000000000E+00   0.000000000000000E+00   0.000000000000000E+00   0.000000000000000E+00
   9.999491550300000E-01   9.513900711200000E+00   5.074873250600000E-01   3.310556702300000E-01   1.974284598700000E-03   0.000000000000000E+00   0.000000000000000E+00   0.000000000000000E+00   0.000000000000000E+00
   9.999525973800000E-01   9.517584701000001E+00   5.080769439500000E-01   3.176000810300000E-01   2.202095488900000E-02   0.000000000000000E+00   0.000000000000000E+00   0.000000000000000E+00   0.000000000000000E+00
   9.999560397300000E-01   9.520925712900000E+00   5.086656863600000E-01   3.234869281000000E-01   1.193857600300000E-02   0.000000000000000E+00   0.000000000000000E+00   0.000000000000000E+00   0.000000000000000E+00
   9.999594820900000E-01   9.524473457299999E+00   5.092554532200000E-01   3.166857298600000E-01   2.160924962900000E-02   0.000000000000000E+00   0.000000000000000E+00   0.000000000000000E+00   0.000000000000000E+00
   9.999629244400000E-01   9.527701261800001E+00   5.098444229800000E-01   3.278946591400000E-01   3.253861787100000E-03   0.000000000000000E+00   0.000000000000000E+00   0.000000000000000E+00   0.000000000000000E+00
   9.999656461400001E-01   9.530603862300000E+00   5.103115227100000E-01   3.158759504300000E-01   2.123725558100000E-02   0.000000000000000E+00   0.000000000000000E+00   0.000000000000000E+00   0.000000000000000E+00
   9.999683678500000E-01   9.533202711900000E+00   5.107777645300000E-01   3.211642013500000E-01   1.229157676200000E-02   0.000000000000000E+00   0.000000000000000E+00   0.000000000000000E+00   0.000000000000000E+00
   9.999710895500000E-01   9.535987857100000E+00   5.112448426100000E-01   3.152089065800000E-01   2.083275435200000E-02   0.000000000000000E+00   0.000000000000000E+00   0.000000000000000E+00   0.000000000000000E+00
   9.999738112600000E-01   9.538494925800000E+00   5.117111513300000E-01   3.250665616900000E-01   4.790517064200000E-03   0.000000000000000E+00   0.000000000000000E+00   0.000000000000000E+00   0.000000000000000E+00
   9.999759163500000E-01   9.540739358300000E+00   5.120730017100000E-01   3.146291324100000E-01   2.046713481200000E-02   0.000000000000000E+00   0.000000000000000E+00   0.000000000000000E+00   0.000000000000000E+00
   9.999780214300000E-01   9.542721728700000E+00   5.124340599500000E-01   3.192219049800000E-01   1.278237741700000E-02   0.000000000000000E+00   0.000000000000000E+00   0.000000000000000E+00   0.000000000000000E+00
   9.999801265200000E-01   9.544865004100000E+00   5.127957866800000E-01   3.141919849600000E-01   2.006558280400000E-02   0.000000000000000E+00   0.000000000000000E+00   0.000000000000000E+00   0.000000000000000E+00
   9.999822316100000E-01   9.546773244700001E+00   5.131568089800000E-01   3.225584507300000E-01   6.578581557700000E-03   0.000000000000000E+00   0.000000000000000E+00   0.000000000000000E+00   0.000000000000000E+00
   9.999837698700000E-01   9.548416545700000E+00   5.134215425500001E-01   3.139220342200000E-01   1.970768868100000E-02   0.000000000000000E+00   0.000000000000000E+00   0.000000000000000E+00   0.000000000000000E+00
   9.999853081400000E-01   9.549838487800001E+00   5.136855524900000E-01   3.178552599000000E-01   1.343725059900000E-02   0.000000000000000E+00   0.000000000000000E+00   0.000000000000000E+00   0.000000000000000E+00
   9.999868464000000E-01   9.551382336900000E+00   5.139500023000000E-01   3.141265175600000E-01   1.934582852900000E-02   0.000000000000000E+00   0.000000000000000E+00   0.000000000000000E+00   0.000000000000000E+00
   9.999883846600000E-01   9.552718201299999E+00   5.142137006500000E-01   3.214154820500000E-01   8.760732303899999E-03   0.000000000000000E+00   0.000000000000000E+00   0.000000000000000E+00   0.000000000000000E+00
   9.999895009000001E-01   9.553856729400000E+00   5.144055599400000E-01   3.155646821800000E-01   1.914834439900000E-02   0.000000000000000E+00   0.000000000000000E+00   0.000000000000000E+00   0.000000000000000E+00
   9.999906171500000E-01   9.554783110200001E+00   5.145965384200000E-01   3.201302287200000E-01   1.455187900600000E-02   0.000000000000000E+00   0.000000000000000E+00   0.000000000000000E+00   0.000000000000000E+00
   9.999917333900000E-01   9.555730136399999E+00   5.147873021000000E-01   3.200958589000000E-01   1.923795602900000E-02   0.000000000000000E+00   0.000000000000000E+00   0.000000000000000E+00   0.000000000000000E+00
   9.999928496300000E-01   9.556398823400000E+00   5.149765641000000E-01   3.301927288800000E-01   1.209754127800000E-02   0.000000000000000E+00   0.000000000000000E+00   0.000000000000000E+00   0.000000000000000E+00
   9.999935963900000E-01   9.556847785700000E+00   5.151026713400000E-01   3.311593701300000E-01   2.007395847200000E-02   0.000000000000000E+00   0.000000000000000E+00   0.000000000000000E+00   0.000000000000000E+00
   9.999943431600000E-01   9.557004953400000E+00   5.152271085700000E-01   3.418595748200000E-01   1.782882941400000E-02   0.000000000000000E+00   0.000000000000000E+00   0.000000000000000E+00   0.000000000000000E+00
   9.999950899200000E-01   9.556953580500000E+00   5.153498048000000E-01   3.534047345600000E-01   2.221227379500000E-02   0.000000000000000E+00   0.000000000000000E+00   0.000000000000000E+00   0.000000000000000E+00
   9.999958366900000E-01   9.556367359099999E+00   5.154690306700001E-01   3.778490191800000E-01   2.000736582600000E-02   0.000000000000000E+00   0.000000000000000E+00   0.000000000000000E+00   0.000000000000000E+00
   9.999962823500000E-01   9.555758383700001E+00   5.155381202100000E-01   3.940096486400000E-01   2.684337013700000E-02   0.000000000000000E+00   0.000000000000000E+00   0.000000000000000E+00   0.000000000000000E+00
   9.999967280099999E-01   9.554696442299999E+00   5.156043699300000E-01   4.214297882200000E-01   2.862269129200000E-02   0.000000000000000E+00   0.000000000000000E+00   0.000000000000000E+00   0.000000000000000E+00
   9.999971736700000E-01   9.553085735000000E+00   5.156669120100000E-01   4.583651961700000E-01   3.545385036100000E-02   0.000000000000000E+00   0.000000000000000E+00   0.000000000000000E+00   0.000000000000000E+00
   9.999976193300000E-01   9.550493138900000E+00   5.157233511600000E-01   5.170771284900000E-01   4.224780067800000E-02   0.000000000000000E+00   0.000000000000000E+00   0.000000000000000E+00   0.000000000000000E+00
   9.999978548000000E-01   9.548561338400001E+00   5.157496509700000E-01   5.589181808200000E-01   5.160193862800000E-02   0.000000000000000E+00   0.000000000000000E+00   0.000000000000000E+00   0.000000000000000E+00
   9.999980902600000E-01   9.545979319500001E+00   5.157721711800000E-01   6.161541576700000E-01   6.162550951400000E-02   0.000000000000000E+00   0.000000000000000E+00   0.000000000000000E+00   0.000000000000000E+00
   9.999983257200000E-01   9.542483112999999E+00   5.157894468100001E-01   6.938744297800000E-01   7.814110351100000E-02   0.000000000000000E+00   0.000000000000000E+00   0.000000000000000E+00   0.000000000000000E+00
   9.999985611900000E-01   9.537509975000001E+00   5.157986310200000E-01   8.067346940600000E-01   1.037636286900000E-01   0.000000000000000E+00   0.000000000000000E+00   0.000000000000000E+00   0.000000000000000E+00
   9.999986853800000E-01   9.533990193199999E+00   5.157987000900000E-01   8.875245406600000E-01   1.253813294900000E-01   0.000000000000000E+00   0.000000000000000E+00   0.000000000000000E+00   0.000000000000000E+00
   9.999988095800000E-01   9.529535342699999E+00   5.157939599700000E-01   9.913823285800000E-01   1.548912229500000E-01   0.000000000000000E+00   0.000000000000000E+00   0.000000000000000E+00   0.000000000000000E+00
   9.999989337700000E-01   9.523741594800001E+00   5.157825082200000E-01   1.128289965600000E+00   1.985393235700000E-01   0.000000000000000E+00   0.000000000000000E+00   0.000000000000000E+00   0.000000000000000E+00
   9.999990579600000E-01   9.515906065899999E+00   5.157611285900000E-01   1.316311551400000E+00   2.661690806700000E-01   0.000000000000000E+00   0.000000000000000E+00   0.000000000000000E+00   0.000000000000000E+00
   9.999991294300000E-01   9.510032344300001E+00   5.157423515300000E-01   1.458691786200000E+00   3.237470409500000E-01   0.000000000000000E+00   0.000000000000000E+00   0.000000000000000E+00   0.000000000000000E+00
   9.999992009000001E-01   9.502717473600001E+00   5.157168885600000E-01   1.637354415100000E+00   4.028360353700000E-01   0.000000000000000E+00   0.000000000000000E+00   0.000000000000000E+00   0.000000000000000E+00
   9.999992723700000E-01   9.493376593000001E+00   5.156822089000000E-01   1.866777749700000E+00   5.161338936900000E-01   0.000000000000000E+00   0.000000000000000E+00   0.000000000000000E+00   0.000000000000000E+00
   9.999993438300000E-01   9.481061015800000E+00   5.156342734400000E-01   2.170469221100000E+00   6.852397182700000E-01   0.000000000000000E+00   0.000000000000000E+00   0.000000000000000E+00   0.000000000000000E+00
   9.999993881400000E-01   9.471289816600001E+00   5.155951980000000E-01   2.411486265900000E+00   8.350493076300000E-01   0.000000000000000E+00   0.000000000000000E+00   0.000000000000000E+00   0.000000000000000E+00
   9.999994324500000E-01   9.459223968500000E+00   5.155462203000000E-01   2.708656819500000E+00   1.037545554500000E+00   0.000000000000000E+00   0.000000000000000E+00   0.000000000000000E+00   0.000000000000000E+00
   9.999994767500000E-01   9.444006877500000E+00   5.154838236400000E-01   3.081725826500000E+00   1.319945842300000E+00   0.000000000000000E+00   0.000000000000000E+00   0.000000000000000E+00   0.000000000000000E+00
   9.999995210600000E-01   9.424317992900001E+00   5.154026422100000E-01   3.560719077700000E+00   1.726651380300000E+00   0.000000000000000E+00   0.000000000000000E+00   0.000000000000000E+00   0.000000000000000E+00
   9.999995506000000E-01   9.407737916400000E+00   5.153341760400000E-01   3.960059565100000E+00   2.103278575500000E+00   0.000000000000000E+00   0.000000000000000E+00   0.000000000000000E+00   0.000000000000000E+00
   9.999995801500000E-01   9.387380688900000E+00   5.152501798700000E-01   4.445083739200000E+00   2.604606680500000E+00   0.000000000000000E+00   0.000000000000000E+00   0.000000000000000E+00   0.000000000000000E+00
   9.999996096900000E-01   9.361945334100000E+00   5.151454905200000E-01   5.042218045300000E+00   3.288140926300000E+00   0.000000000000000E+00   0.000000000000000E+00   0.000000000000000E+00   0.000000000000000E+00
   9.999996392300000E-01   9.329513052599999E+00   5.150125437600001E-01   5.789346173000000E+00   4.243518426600000E+00   0.000000000000000E+00   0.000000000000000E+00   0.000000000000000E+00   0.000000000000000E+00
   9.999996606200000E-01   9.300102706100001E+00   5.148925271500000E-01   6.453045553400000E+00   5.184605235400000E+00   0.000000000000000E+00   0.000000000000000E+00   0.000000000000000E+00   0.000000000000000E+00
   9.999996820100000E-01   9.264020468600000E+00   5.147459537200000E-01   7.250241689700000E+00   6.426489686600000E+00   0.000000000000000E+00   0.000000000000000E+00   0.000000000000000E+00   0.000000000000000E+00
   9.999997034100000E-01   9.219100547900000E+00   5.145644184100000E-01   8.217089997800000E+00   8.096727546600000E+00   0.000000000000000E+00   0.000000000000000E+00   0.000000000000000E+00   0.000000000000000E+00
   9.999997248000000E-01   9.162260961799999E+00   5.143360145500000E-01   9.402564643500000E+00   1.038654555700000E+01   0.000000000000000E+00   0.000000000000000E+00   0.000000000000000E+00   0.000000000000000E+00
   9.999997416900001E-01   9.106149222999999E+00   5.141117393700000E-01   1.053405175500000E+01   1.282059769700000E+01   0.000000000000000E+00   0.000000000000000E+00   0.000000000000000E+00   0.000000000000000E+00
   9.999997585800000E-01   9.036921975600000E+00   5.138364105200000E-01   1.188173942000000E+01   1.603307452300000E+01   0.000000000000000E+00   0.000000000000000E+00   0.000000000000000E+00   0.000000000000000E+00
   9.999997754700000E-01   8.950491224600000E+00   5.134944049600000E-01   1.349507370000000E+01   2.033553439000000E+01   0.000000000000000E+00   0.000000000000000E+00   0.000000000000000E+00   0.000000000000000E+00
   9.999997923600000E-01   8.841249605700000E+00   5.130643611000000E-01   1.543566169800000E+01   2.617745507400000E+01   0.000000000000000E+00   0.000000000000000E+00   0.000000000000000E+00   0.000000000000000E+00
   9.999998068100000E-01   8.724045483599999E+00   5.126051440200000E-01   1.740808992400000E+01   3.288276946400000E+01   0.000000000000000E+00   0.000000000000000E+00   0.000000000000000E+00   0.000000000000000E+00
   9.999998212500000E-01   8.578315770700000E+00   5.120366085700000E-01   1.972123863400000E+01   4.176326310400000E+01   0.000000000000000E+00   0.000000000000000E+00   0.000000000000000E+00   0.000000000000000E+00
   9.999998357000000E-01   8.395921239300000E+00   5.113279862500000E-01   2.242264886600000E+01   5.361307111900000E+01   0.000000000000000E+00   0.000000000000000E+00   0.000000000000000E+00   0.000000000000000E+00
   9.999998501500000E-01   8.166597017300001E+00   5.104405631600000E-01   2.555282245400000E+01   6.949286988300000E+01   0.000000000000000E+00   0.000000000000000E+00   0.000000000000000E+00   0.000000000000000E+00
   9.999998605600000E-01   7.965336662900000E+00   5.096642015000000E-01   2.808446082700000E+01   8.419967146800001E+01   0.000000000000000E+00   0.000000000000000E+00   0.000000000000000E+00   0.000000000000000E+00
   9.999998709800000E-01   7.728075770800000E+00   5.087512505300000E-01   3.083893566000000E+01   1.023333754300000E+02   0.000000000000000E+00   0.000000000000000E+00   0.000000000000000E+00   0.000000000000000E+00
   9.999998813900000E-01   7.449457177700000E+00   5.076816194100000E-01   3.378754757300000E+01   1.245824400000000E+02   0.000000000000000E+00   0.000000000000000E+00   0.000000000000000E+00   0.000000000000000E+00
   9.999998918000000E-01   7.124489383600000E+00   5.064366280800000E-01   3.687440185400000E+01   1.516565263100000E+02   0.000000000000000E+00   0.000000000000000E+00   0.000000000000000E+00   0.000000000000000E+00
   9.999999020400000E-01   6.755840274800000E+00   5.050268264600000E-01   3.995962863400000E+01   1.836262737800000E+02   0.000000000000000E+00   0.000000000000000E+00   0.000000000000000E+00   0.000000000000000E+00
   9.999999122900000E-01   6.336950267600000E+00   5.034273057400001E-01   4.297078018300000E+01   2.213399445000000E+02   0.000000000000000E+00   0.000000000000000E+00   0.000000000000000E+00   0.000000000000000E+00
   9.999999225300000E-01   5.869482732100000E+00   5.016444347400000E-01   4.575496457700000E+01   2.648896450500000E+02   0.000000000000000E+00   0.000000000000000E+00   0.000000000000000E+00   0.000000000000000E+00
   9.999999327700000E-01   5.359395250200000E+00   4.997006897100000E-01   4.813347726500000E+01   3.138717803000000E+02   0.000000000000000E+00   0.000000000000000E+00   0.000000000000000E+00   0.000000000000000E+00
   9.999999411800000E-01   4.915898857000000E+00   4.980114952200000E-01   4.965737937200000E+01   3.574628440900000E+02   0.000000000000000E+00   0.000000000000000E+00   0.000000000000000E+00   0.000000000000000E+00
   9.999999496000000E-01   4.459032056600000E+00   4.962716116000000E-01   5.069833912600000E+01   4.031207385300000E+02   0.000000000000000E+00   0.000000000000000E+00   0.000000000000000E+00   0.000000000000000E+00
   9.999999580100000E-01   3.998506688100000E+00   4.945175269400000E-01   5.119271938000000E+01   4.496757096300000E+02   0.000000000000000E+00   0.000000000000000E+00   0.000000000000000E+00   0.000000000000000E+00
   9.999999664200000E-01   3.544715247100000E+00   4.927882896300000E-01   5.110877161500000E+01   4.957877296000000E+02   0.000000000000000E+00   0.000000000000000E+00   0.000000000000000E+00   0.000000000000000E+00
   9.999999748200000E-01   3.108725502600000E+00   4.911255585900000E-01   5.045378270300000E+01   5.399675588500000E+02   0.000000000000000E+00   0.000000000000000E+00   0.000000000000000E+00   0.000000000000000E+00
   9.999999832100001E-01   2.698319185700000E+00   4.895585792500000E-01   4.927041000000000E+01   5.810225558800000E+02   0.000000000000000E+00   0.000000000000000E+00   0.000000000000000E+00   0.000000000000000E+00
   9.999999916100000E-01   2.320249618200000E+00   4.881128275500000E-01   4.762888119600000E+01   6.178783245500000E+02   0.000000000000000E+00   0.000000000000000E+00   0.000000000000000E+00   0.000000000000000E+00
   1.000000000000000E+00   1.978880643800000E+00   4.868048456600000E-01   4.562015396500000E+01   6.497502186800000E+02   0.000000000000000E+00   0.000000000000000E+00   0.000000000000000E+00   0.000000000000000E+00
