   0.000000000000000E+00   4.923502788300000E-01   9.999999955900000E-01   1.684064072100000E+00   1.822774652700000E+00   0.000000000000000E+00   0.000000000000000E+00   0.000000000000000E+00   0.000000000000000E+00
   4.210630210700000E-04   6.480262843500000E-01   8.635477069700001E-01   1.582943167400000E+00   1.628096580900000E+00   0.000000000000000E+00   0.000000000000000E+00   0.000000000000000E+00   0.000000000000000E+00
   8.421260421500000E-04   8.270783993800001E-01   7.535286154100000E-01   1.525551015200000E+00   1.407103504900000E+00   0.000000000000000E+00   0.000000000000000E+00   0.000000000000000E+00   0.000000000000000E+00
   1.263189063200000E-03   1.030779358000000E+00   6.643214961600000E-01   1.456298720300000E+00   1.278720038300000E+00   0.000000000000000E+00   0.000000000000000E+00   0.000000000000000E+00   0.000000000000000E+00
   1.684252084300000E-03   1.254737188400000E+00   5.918590456500000E-01   1.424776435300000E+00   1.098058355500000E+00   0.000000000000000E+00   0.000000000000000E+00   0.000000000000000E+00   0.000000000000000E+00
   2.047884247800000E-03   1.463056986400000E+00   5.404409557700000E-01   1.363730043300000E+00   1.057448553100000E+00   0.000000000000000E+00   0.000000000000000E+00   0.000000000000000E+00   0.000000000000000E+00
   2.411516411300000E-03   1.678932238300000E+00   4.977171735100000E-01   1.337114833800000E+00   9.500109883500000E-01   0.000000000000000E+00   0.000000000000000E+00   0.000000000000000E+00   0.000000000000000E+00
   2.775148574800000E-03   1.898950332400000E+00   4.624159319600000E-01   1.292506946400000E+00   9.076591966599999E-01   0.000000000000000E+00   0.000000000000000E+00   0.000000000000000E+00   0.000000000000000E+00
   3.138780738300000E-03   2.115841598700000E+00   4.334428020700000E-01   1.282113215700000E+00   7.955598425300000E-01   0.000000000000000E+00   0.000000000000000E+00   0.000000000000000E+00   0.000000000000000E+00
   3.710914262800000E-03   2.440632081600000E+00   3.984507632500000E-01   1.219123635600000E+00   7.709826150800000E-01   0.000000000000000E+00   0.000000000000000E+00   0.000000000000000E+00   0.000000000000000E+00
   4.283047787300000E-03   2.725402915300000E+00   3.736809893400000E-01   1.195222898300000E+00   6.854640665800000E-01   0.000000000000000E+00   0.000000000000000E+00   0.000000000000000E+00   0.000000000000000E+00
   4.855181311700000E-03   2.960178783400000E+00   3.565349222200000E-01   1.157745720000000E+00   6.690669795000000E-01   0.000000000000000E+00   0.000000000000000E+00   0.000000000000000E+00   0.000000000000000E+00
   5.427314836200000E-03   3.140499826100000E+00   3.448924497000000E-01   1.158505687700000E+00   5.861123784100000E-01   0.000000000000000E+00   0.000000000000000E+00   0.000000000000000E+00   0.000000000000000E+00
   6.053493204800000E-03   3.284513338400000E+00   3.365431933600000E-01   1.122494013800000E+00   6.151053865300000E-01   0.000000000000000E+00   0.000000000000000E+00   0.000000000000000E+00   0.000000000000000E+00
   6.679671573400000E-03   3.381408036900000E+00   3.312557853500000E-01   1.122997353300000E+00   5.733400660500000E-01   0.000000000000000E+00   0.000000000000000E+00   0.000000000000000E+00   0.000000000000000E+00
   7.305849942100000E-03   3.445534352400000E+00   3.279442409100000E-01   1.105719087800000E+00   5.905034841300000E-01   0.000000000000000E+00   0.000000000000000E+00   0.000000000000000E+00   0.000000000000000E+00
   7.932028310699999E-03   3.485992656700000E+00   3.258783723100000E-01   1.122273445400000E+00   5.325862002500000E-01   0.000000000000000E+00   0.000000000000000E+00   0.000000000000000E+00   0.000000000000000E+00
   9.296638051700000E-03   3.530845421800000E+00   3.236951939200000E-01   1.097017099100000E+00   5.780027816100000E-01   0.000000000000000E+00   0.000000000000000E+00   0.000000000000000E+00   0.000000000000000E+00
   1.066124779300000E-02   3.545893880700000E+00   3.229571677800000E-01   1.106161854700000E+00   5.490961755000000E-01   0.000000000000000E+00   0.000000000000000E+00   0.000000000000000E+00   0.000000000000000E+00
   1.202585753400000E-02   3.551547156900000E+00   3.226937487800000E-01   1.094924572100000E+00   5.750190708900000E-01   0.000000000000000E+00   0.000000000000000E+00   0.000000000000000E+00   0.000000000000000E+00
   1.339046727500000E-02   3.553250779900000E+00   3.225971089700000E-01   1.115455228600000E+00   5.228920196600000E-01   0.000000000000000E+00   0.000000000000000E+00   0.000000000000000E+00   0.000000000000000E+00
   1.824259940300000E-02   3.554642986300000E+00   3.225448438500000E-01   1.094613079500000E+00   5.745734648100000E-01   0.000000000000000E+00   0.000000000000000E+00   0.000000000000000E+00   0.000000000000000E+00
   2.309473153100000E-02   3.554339185200000E+00   3.225519353000000E-01   1.105307713000000E+00   5.478919077200000E-01   0.000000000000000E+00   0.000000000000000E+00   0.000000000000000E+00   0.000000000000000E+00
   2.794686365900000E-02   3.554591312900000E+00   3.225473221700000E-01   1.094618673500000E+00   5.745798583300000E-01   0.000000000000000E+00   0.000000000000000E+00   0.000000000000000E+00   0.000000000000000E+00
   3.279899578700000E-02   3.554208817700000E+00   3.225511485000000E-01   1.115356156700000E+00   5.227612688600000E-01   0.000000000000000E+00   0.000000000000000E+00   0.000000000000000E+00   0.000000000000000E+00
   4.742500237800000E-02   3.554586250100000E+00   3.225475648200000E-01   1.094619400700000E+00   5.745800144500000E-01   0.000000000000000E+00   0.000000000000000E+00   0.000000000000000E+00   0.000000000000000E+00
   6.205100897000000E-02   3.554405099000000E+00   3.225487738100000E-01   1.105300453800000E+00   5.478840757800000E-01   0.000000000000000E+00   0.000000000000000E+00   0.000000000000000E+00   0.000000000000000E+00
   7.667701556100000E-02   3.554579800300000E+00   3.225478741600000E-01   1.094620178200000E+00   5.745806046400000E-01   0.000000000000000E+00   0.000000000000000E+00   0.000000000000000E+00   0.000000000000000E+00
   9.130302215199999E-02   3.554253864900000E+00   3.225489879500000E-01   1.115350801000000E+00   5.227569520599999E-01   0.000000000000000E+00   0.000000000000000E+00   0.000000000000000E+00   0.000000000000000E+00
   1.154850561000000E-01   3.554577112800000E+00   3.225480030400000E-01   1.094620535800000E+00   5.745807621000000E-01   0.000000000000000E+00   0.000000000000000E+00   0.000000000000000E+00   0.000000000000000E+00
   1.396670900600000E-01   3.554414093300000E+00   3.225483424700000E-01   1.105299302200000E+00   5.478834298400000E-01   0.000000000000000E+00   0.000000000000000E+00   0.000000000000000E+00   0.000000000000000E+00
   1.638491240100000E-01   3.554575111700000E+00   3.225480989900000E-01   1.094620814400000E+00   5.745808470300000E-01   0.000000000000000E+00   0.000000000000000E+00   0.000000000000000E+00   0.000000000000000E+00
   1.880311579600000E-01   3.554267081500000E+00   3.225483541800000E-01   1.115348976600000E+00   5.227563498700000E-01   0.000000000000000E+00   0.000000000000000E+00   0.000000000000000E+00   0.000000000000000E+00
   2.033430693400000E-01   3.554573338900000E+00   3.225481840000000E-01   1.094621077400000E+00   5.745808798900000E-01   0.000000000000000E+00   0.000000000000000E+00   0.000000000000000E+00   0.000000000000000E+00
   2.186549807200000E-01   3.554418686800000E+00   3.225481222300000E-01   1.105298601300000E+00   5.478833961000000E-01   0.000000000000000E+00   0.000000000000000E+00   0.000000000000000E+00   0.000000000000000E+00
   2.339668921000000E-01   3.554571795700000E+00   3.225482579700000E-01   1.094621354300000E+00   5.745807824700000E-01   0.000000000000000E+00   0.000000000000000E+00   0.000000000000000E+00   0.000000000000000E+00
   2.492788034800000E-01   3.554277775000000E+00   3.225478415800000E-01   1.115347122100000E+00   5.227568563200000E-01   0.000000000000000E+00   0.000000000000000E+00   0.000000000000000E+00   0.000000000000000E+00
   2.701005546300000E-01   3.554571068800000E+00   3.225482927900000E-01   1.094621517000000E+00   5.745806517399999E-01   0.000000000000000E+00   0.000000000000000E+00   0.000000000000000E+00   0.000000000000000E+00
   2.909223057800000E-01   3.554421000000000E+00   3.225480113900000E-01   1.105298115500000E+00   5.478837278699999E-01   0.000000000000000E+00   0.000000000000000E+00   0.000000000000000E+00   0.000000000000000E+00
   3.117440569300000E-01   3.554570506800000E+00   3.225483197100000E-01   1.094621662900000E+00   5.745804980900000E-01   0.000000000000000E+00   0.000000000000000E+00   0.000000000000000E+00   0.000000000000000E+00
   3.325658080800000E-01   3.554281527900000E+00   3.225476618300000E-01   1.115346173000000E+00   5.227578173200000E-01   0.000000000000000E+00   0.000000000000000E+00   0.000000000000000E+00   0.000000000000000E+00
   3.500658441100000E-01   3.554570112700000E+00   3.225483385800000E-01   1.094621785600000E+00   5.745803366400000E-01   0.000000000000000E+00   0.000000000000000E+00   0.000000000000000E+00   0.000000000000000E+00
   3.675658801300000E-01   3.554422093900000E+00   3.225479590300000E-01   1.105297770800000E+00   5.478841864500000E-01   0.000000000000000E+00   0.000000000000000E+00   0.000000000000000E+00   0.000000000000000E+00
   3.850659161600000E-01   3.554569776000000E+00   3.225483546700000E-01   1.094621925600000E+00   5.745801062900000E-01   0.000000000000000E+00   0.000000000000000E+00   0.000000000000000E+00   0.000000000000000E+00
   4.025659521900000E-01   3.554283816400000E+00   3.225475523700000E-01   1.115345263300000E+00   5.227592723700000E-01   0.000000000000000E+00   0.000000000000000E+00   0.000000000000000E+00   0.000000000000000E+00
   4.152890303600000E-01   3.554569528100000E+00   3.225483665200000E-01   1.094622057700000E+00   5.745798605800000E-01   0.000000000000000E+00   0.000000000000000E+00   0.000000000000000E+00   0.000000000000000E+00
   4.280121085400000E-01   3.554422754600000E+00   3.225479274800000E-01   1.105297401800000E+00   5.478848858499999E-01   0.000000000000000E+00   0.000000000000000E+00   0.000000000000000E+00   0.000000000000000E+00
   4.407351867200000E-01   3.554569340700000E+00   3.225483754400000E-01   1.094622222500000E+00   5.745795042900000E-01   0.000000000000000E+00   0.000000000000000E+00   0.000000000000000E+00   0.000000000000000E+00
   4.534582648900000E-01   3.554285162700000E+00   3.225474882400000E-01   1.115344193800000E+00   5.227615315800000E-01   0.000000000000000E+00   0.000000000000000E+00   0.000000000000000E+00   0.000000000000000E+00
   4.653839012300000E-01   3.554569237900000E+00   3.225483803000000E-01   1.094622361000000E+00   5.745791824699999E-01   0.000000000000000E+00   0.000000000000000E+00   0.000000000000000E+00   0.000000000000000E+00
   4.773095375700000E-01   3.554423056000000E+00   3.225479131900000E-01   1.105297009600000E+00   5.478857929099999E-01   0.000000000000000E+00   0.000000000000000E+00   0.000000000000000E+00   0.000000000000000E+00
   4.892351739100000E-01   3.554569167300000E+00   3.225483836200000E-01   1.094622523800000E+00   5.745787838700001E-01   0.000000000000000E+00   0.000000000000000E+00   0.000000000000000E+00   0.000000000000000E+00
   5.011608102500000E-01   3.554285678100000E+00   3.225474640000000E-01   1.115343145800000E+00   5.227640736100000E-01   0.000000000000000E+00   0.000000000000000E+00   0.000000000000000E+00   0.000000000000000E+00
   5.145480174900000E-01   3.554569133600000E+00   3.225483851700000E-01   1.094622652200000E+00   5.745784602500000E-01   0.000000000000000E+00   0.000000000000000E+00   0.000000000000000E+00   0.000000000000000E+00
   5.279352247300000E-01   3.554423161700000E+00   3.225479083000000E-01   1.105296645900000E+00   5.478867051500000E-01   0.000000000000000E+00   0.000000000000000E+00   0.000000000000000E+00   0.000000000000000E+00
   5.413224319700000E-01   3.554569109500000E+00   3.225483862600000E-01   1.094622793300000E+00   5.745780995999999E-01   0.000000000000000E+00   0.000000000000000E+00   0.000000000000000E+00   0.000000000000000E+00
   5.547096392100000E-01   3.554285848000000E+00   3.225474562700000E-01   1.115342241500000E+00   5.227663794100000E-01   0.000000000000000E+00   0.000000000000000E+00   0.000000000000000E+00   0.000000000000000E+00
   5.656733549700000E-01   3.554569094400000E+00   3.225483869300000E-01   1.094622925600000E+00   5.745777581100000E-01   0.000000000000000E+00   0.000000000000000E+00   0.000000000000000E+00   0.000000000000000E+00
   5.766370707200000E-01   3.554423204000000E+00   3.225479064400000E-01   1.105296272200000E+00   5.478876694500000E-01   0.000000000000000E+00   0.000000000000000E+00   0.000000000000000E+00   0.000000000000000E+00
   5.876007864800000E-01   3.554569083500000E+00   3.225483873600000E-01   1.094623096000000E+00   5.745773151100000E-01   0.000000000000000E+00   0.000000000000000E+00   0.000000000000000E+00   0.000000000000000E+00
   5.985645022400000E-01   3.554285927500000E+00   3.225474529800000E-01   1.115341150300000E+00   5.227692131200000E-01   0.000000000000000E+00   0.000000000000000E+00   0.000000000000000E+00   0.000000000000000E+00
   6.075663796500000E-01   3.554569076900000E+00   3.225483876100000E-01   1.094623256200000E+00   5.745768970400000E-01   0.000000000000000E+00   0.000000000000000E+00   0.000000000000000E+00   0.000000000000000E+00
   6.165682570600000E-01   3.554423222900000E+00   3.225479057500000E-01   1.105295819800000E+00   5.478888498800000E-01   0.000000000000000E+00   0.000000000000000E+00   0.000000000000000E+00   0.000000000000000E+00
   6.255701344700000E-01   3.554569072000000E+00   3.225483877400000E-01   1.094623462800000E+00   5.745763563300000E-01   0.000000000000000E+00   0.000000000000000E+00   0.000000000000000E+00   0.000000000000000E+00
   6.345720118800000E-01   3.554285963700000E+00   3.225474518800000E-01   1.115339827600000E+00   5.227726729000000E-01   0.000000000000000E+00   0.000000000000000E+00   0.000000000000000E+00   0.000000000000000E+00
   6.431432697500000E-01   3.554569069000000E+00   3.225483878000000E-01   1.094623642600000E+00   5.745758850300000E-01   0.000000000000000E+00   0.000000000000000E+00   0.000000000000000E+00   0.000000000000000E+00
   6.517145276300000E-01   3.554423231800000E+00   3.225479055700000E-01   1.105295311900000E+00   5.478901805700001E-01   0.000000000000000E+00   0.000000000000000E+00   0.000000000000000E+00   0.000000000000000E+00
   6.602857855099999E-01   3.554569066200000E+00   3.225483878300000E-01   1.094623859300000E+00   5.745753168500000E-01   0.000000000000000E+00   0.000000000000000E+00   0.000000000000000E+00   0.000000000000000E+00
   6.688570433800000E-01   3.554285982600000E+00   3.225474516300000E-01   1.115338440700000E+00   5.227763090200001E-01   0.000000000000000E+00   0.000000000000000E+00   0.000000000000000E+00   0.000000000000000E+00
   6.769824962100000E-01   3.554569064100000E+00   3.225483878400000E-01   1.094624048500000E+00   5.745748206300000E-01   0.000000000000000E+00   0.000000000000000E+00   0.000000000000000E+00   0.000000000000000E+00
   6.851079490400001E-01   3.554423237800000E+00   3.225479055300000E-01   1.105294777700000E+00   5.478915816600000E-01   0.000000000000000E+00   0.000000000000000E+00   0.000000000000000E+00   0.000000000000000E+00
   6.932334018700000E-01   3.554569061800000E+00   3.225483878400000E-01   1.094624277000000E+00   5.745742212400000E-01   0.000000000000000E+00   0.000000000000000E+00   0.000000000000000E+00   0.000000000000000E+00
   7.013588547000000E-01   3.554285997800000E+00   3.225474516000000E-01   1.115336978300000E+00   5.227801450900000E-01   0.000000000000000E+00   0.000000000000000E+00   0.000000000000000E+00   0.000000000000000E+00
   7.088768537300000E-01   3.554569059800000E+00   3.225483878400000E-01   1.094624479000000E+00   5.745736911700000E-01   0.000000000000000E+00   0.000000000000000E+00   0.000000000000000E+00   0.000000000000000E+00
   7.163948527600000E-01   3.554423243400000E+00   3.225479055400000E-01   1.105294207300000E+00   5.478930783000000E-01   0.000000000000000E+00   0.000000000000000E+00   0.000000000000000E+00   0.000000000000000E+00
   7.239128517800000E-01   3.554569057500000E+00   3.225483878400000E-01   1.094624725900000E+00   5.745730433700000E-01   0.000000000000000E+00   0.000000000000000E+00   0.000000000000000E+00   0.000000000000000E+00
   7.314308508100000E-01   3.554286013000000E+00   3.225474516200000E-01   1.115335398300000E+00   5.227842910200000E-01   0.000000000000000E+00   0.000000000000000E+00   0.000000000000000E+00   0.000000000000000E+00
   7.385839440200000E-01   3.554569055400000E+00   3.225483878300000E-01   1.094624941100000E+00   5.745724787099999E-01   0.000000000000000E+00   0.000000000000000E+00   0.000000000000000E+00   0.000000000000000E+00
   7.457370372300000E-01   3.554423249200000E+00   3.225479055500000E-01   1.105293599700000E+00   5.478946726300000E-01   0.000000000000000E+00   0.000000000000000E+00   0.000000000000000E+00   0.000000000000000E+00
   7.528901304400000E-01   3.554569053000000E+00   3.225483878300000E-01   1.094625200500000E+00   5.745717979000000E-01   0.000000000000000E+00   0.000000000000000E+00   0.000000000000000E+00   0.000000000000000E+00
   7.600432236500000E-01   3.554286028700000E+00   3.225474516600000E-01   1.115333737900000E+00   5.227886481800000E-01   0.000000000000000E+00   0.000000000000000E+00   0.000000000000000E+00   0.000000000000000E+00
   7.656267774800000E-01   3.554569050600000E+00   3.225483878200000E-01   1.094625452000000E+00   5.745711379000000E-01   0.000000000000000E+00   0.000000000000000E+00   0.000000000000000E+00   0.000000000000000E+00
   7.712103313100001E-01   3.554423255900000E+00   3.225479055700000E-01   1.105292889600000E+00   5.478965361500000E-01   0.000000000000000E+00   0.000000000000000E+00   0.000000000000000E+00   0.000000000000000E+00
   7.767938851400000E-01   3.554569047500000E+00   3.225483878100000E-01   1.094625784300000E+00   5.745702657900000E-01   0.000000000000000E+00   0.000000000000000E+00   0.000000000000000E+00   0.000000000000000E+00
   7.823774389700000E-01   3.554286048800000E+00   3.225474517100000E-01   1.115331611400000E+00   5.227942297000000E-01   0.000000000000000E+00   0.000000000000000E+00   0.000000000000000E+00   0.000000000000000E+00
   7.873353642699999E-01   3.554569044700000E+00   3.225483878000000E-01   1.094626084500000E+00   5.745694777600000E-01   0.000000000000000E+00   0.000000000000000E+00   0.000000000000000E+00   0.000000000000000E+00
   7.922932895600000E-01   3.554423263800000E+00   3.225479055900000E-01   1.105292042000000E+00   5.478987611700000E-01   0.000000000000000E+00   0.000000000000000E+00   0.000000000000000E+00   0.000000000000000E+00
   7.972512148599999E-01   3.554569041100000E+00   3.225483878000000E-01   1.094626458600000E+00   5.745684956900000E-01   0.000000000000000E+00   0.000000000000000E+00   0.000000000000000E+00   0.000000000000000E+00
   8.022091401600000E-01   3.554286071300000E+00   3.225474517700000E-01   1.115329217200000E+00   5.228005149500000E-01   0.000000000000000E+00   0.000000000000000E+00   0.000000000000000E+00   0.000000000000000E+00
   8.076427428700000E-01   3.554569038300000E+00   3.225483877900000E-01   1.094626762600000E+00   5.745676975100000E-01   0.000000000000000E+00   0.000000000000000E+00   0.000000000000000E+00   0.000000000000000E+00
   8.130763455900000E-01   3.554423271900000E+00   3.225479056100000E-01   1.105291183600000E+00   5.479010148600000E-01   0.000000000000000E+00   0.000000000000000E+00   0.000000000000000E+00   0.000000000000000E+00
   8.185099483100000E-01   3.554569035100000E+00   3.225483877800000E-01   1.094627103800000E+00   5.745668014999999E-01   0.000000000000000E+00   0.000000000000000E+00   0.000000000000000E+00   0.000000000000000E+00
   8.239435510200001E-01   3.554286091800000E+00   3.225474518200000E-01   1.115327033300000E+00   5.228062494100000E-01   0.000000000000000E+00   0.000000000000000E+00   0.000000000000000E+00   0.000000000000000E+00
   8.274422120600000E-01   3.554569031600000E+00   3.225483877700000E-01   1.094627474100000E+00   5.745658293200000E-01   0.000000000000000E+00   0.000000000000000E+00   0.000000000000000E+00   0.000000000000000E+00
   8.309408731100000E-01   3.554423281700000E+00   3.225479056300000E-01   1.105290138300000E+00   5.479037597800001E-01   0.000000000000000E+00   0.000000000000000E+00   0.000000000000000E+00   0.000000000000000E+00
   8.344395341500001E-01   3.554569026600000E+00   3.225483877600000E-01   1.094628003900000E+00   5.745644379300000E-01   0.000000000000000E+00   0.000000000000000E+00   0.000000000000000E+00   0.000000000000000E+00
   8.379381951900000E-01   3.554286123500000E+00   3.225474519000000E-01   1.115323642600000E+00   5.228151542800000E-01   0.000000000000000E+00   0.000000000000000E+00   0.000000000000000E+00   0.000000000000000E+00
   8.407491155000000E-01   3.554569021900000E+00   3.225483877500000E-01   1.094628509200000E+00   5.745631106600000E-01   0.000000000000000E+00   0.000000000000000E+00   0.000000000000000E+00   0.000000000000000E+00
   8.435600358100001E-01   3.554423295000000E+00   3.225479056700000E-01   1.105288711600000E+00   5.479075073400000E-01   0.000000000000000E+00   0.000000000000000E+00   0.000000000000000E+00   0.000000000000000E+00
   8.463709561200000E-01   3.554569015800000E+00   3.225483877300000E-01   1.094629168300000E+00   5.745613791200000E-01   0.000000000000000E+00   0.000000000000000E+00   0.000000000000000E+00   0.000000000000000E+00
   8.491818764300000E-01   3.554286162900000E+00   3.225474520000000E-01   1.115319424400000E+00   5.228262361300000E-01   0.000000000000000E+00   0.000000000000000E+00   0.000000000000000E+00   0.000000000000000E+00
   8.523106009700000E-01   3.554569010800000E+00   3.225483877200000E-01   1.094629699900000E+00   5.745599821900000E-01   0.000000000000000E+00   0.000000000000000E+00   0.000000000000000E+00   0.000000000000000E+00
   8.554393255100000E-01   3.554423309000000E+00   3.225479057000000E-01   1.105287210500000E+00   5.479114516300000E-01   0.000000000000000E+00   0.000000000000000E+00   0.000000000000000E+00   0.000000000000000E+00
   8.585680500400000E-01   3.554569005300000E+00   3.225483877100000E-01   1.094630291800000E+00   5.745584268000000E-01   0.000000000000000E+00   0.000000000000000E+00   0.000000000000000E+00   0.000000000000000E+00
   8.616967745800000E-01   3.554286198200000E+00   3.225474520900000E-01   1.115315636500000E+00   5.228361906600000E-01   0.000000000000000E+00   0.000000000000000E+00   0.000000000000000E+00   0.000000000000000E+00
   8.652764939399999E-01   3.554569000900000E+00   3.225483876900000E-01   1.094630763000000E+00   5.745571880900000E-01   0.000000000000000E+00   0.000000000000000E+00   0.000000000000000E+00   0.000000000000000E+00
   8.688562132900000E-01   3.554423321400000E+00   3.225479057300000E-01   1.105285879800000E+00   5.479149491700001E-01   0.000000000000000E+00   0.000000000000000E+00   0.000000000000000E+00   0.000000000000000E+00
   8.724359326500000E-01   3.554568996100000E+00   3.225483876800000E-01   1.094631280100000E+00   5.745558288600000E-01   0.000000000000000E+00   0.000000000000000E+00   0.000000000000000E+00   0.000000000000000E+00
   8.760156520000000E-01   3.554286228900000E+00   3.225474521600000E-01   1.115312327400000E+00   5.228448897700000E-01   0.000000000000000E+00   0.000000000000000E+00   0.000000000000000E+00   0.000000000000000E+00
   8.793125885400001E-01   3.554568991900000E+00   3.225483876700000E-01   1.094631738300000E+00   5.745546240400000E-01   0.000000000000000E+00   0.000000000000000E+00   0.000000000000000E+00   0.000000000000000E+00
   8.826095250700000E-01   3.554423333400000E+00   3.225479057600000E-01   1.105284586000000E+00   5.479183510000000E-01   0.000000000000000E+00   0.000000000000000E+00   0.000000000000000E+00   0.000000000000000E+00
   8.859064616000000E-01   3.554568986700000E+00   3.225483876600000E-01   1.094632299500000E+00   5.745531484300000E-01   0.000000000000000E+00   0.000000000000000E+00   0.000000000000000E+00   0.000000000000000E+00
   8.892033981300000E-01   3.554286262100000E+00   3.225474522500000E-01   1.115308736000000E+00   5.228543336700000E-01   0.000000000000000E+00   0.000000000000000E+00   0.000000000000000E+00   0.000000000000000E+00
   8.922203401700000E-01   3.554568982100000E+00   3.225483876500000E-01   1.094632798500000E+00   5.745518360500000E-01   0.000000000000000E+00   0.000000000000000E+00   0.000000000000000E+00   0.000000000000000E+00
   8.952372822200000E-01   3.554423346400000E+00   3.225479057900000E-01   1.105283177000000E+00   5.479220565100000E-01   0.000000000000000E+00   0.000000000000000E+00   0.000000000000000E+00   0.000000000000000E+00
   8.982542242600000E-01   3.554568976400000E+00   3.225483876300000E-01   1.094633411400000E+00   5.745502237500000E-01   0.000000000000000E+00   0.000000000000000E+00   0.000000000000000E+00   0.000000000000000E+00
   9.012711663100000E-01   3.554286298300000E+00   3.225474523400000E-01   1.115304813200000E+00   5.228646524300000E-01   0.000000000000000E+00   0.000000000000000E+00   0.000000000000000E+00   0.000000000000000E+00
   9.034121180200000E-01   3.554568970700000E+00   3.225483876200000E-01   1.094634038900000E+00   5.745485730300000E-01   0.000000000000000E+00   0.000000000000000E+00   0.000000000000000E+00   0.000000000000000E+00
   9.055530697300000E-01   3.554423362700000E+00   3.225479058300000E-01   1.105281405500000E+00   5.479267172400000E-01   0.000000000000000E+00   0.000000000000000E+00   0.000000000000000E+00   0.000000000000000E+00
   9.076940214400000E-01   3.554568962700000E+00   3.225483876000000E-01   1.094634902100000E+00   5.745463014700000E-01   0.000000000000000E+00   0.000000000000000E+00   0.000000000000000E+00   0.000000000000000E+00
   9.098349731499999E-01   3.554286349000000E+00   3.225474524600000E-01   1.115299288600000E+00   5.228791903900000E-01   0.000000000000000E+00   0.000000000000000E+00   0.000000000000000E+00   0.000000000000000E+00
   9.114457866800000E-01   3.554568954900000E+00   3.225483875800000E-01   1.094635756300000E+00   5.745440531500000E-01   0.000000000000000E+00   0.000000000000000E+00   0.000000000000000E+00   0.000000000000000E+00
   9.130566002100000E-01   3.554423384800000E+00   3.225479058900000E-01   1.105278993800000E+00   5.479330652900000E-01   0.000000000000000E+00   0.000000000000000E+00   0.000000000000000E+00   0.000000000000000E+00
   9.146674137400000E-01   3.554568944400000E+00   3.225483875500000E-01   1.094636902700000E+00   5.745410347900000E-01   0.000000000000000E+00   0.000000000000000E+00   0.000000000000000E+00   0.000000000000000E+00
   9.162782272600000E-01   3.554286416000000E+00   3.225474526300000E-01   1.115291951900000E+00   5.228985078600000E-01   0.000000000000000E+00   0.000000000000000E+00   0.000000000000000E+00   0.000000000000000E+00
   9.178151499200000E-01   3.554568935300000E+00   3.225483875300000E-01   1.094637900000000E+00   5.745384079000000E-01   0.000000000000000E+00   0.000000000000000E+00   0.000000000000000E+00   0.000000000000000E+00
   9.193520725700000E-01   3.554423410500000E+00   3.225479059500000E-01   1.105276177800000E+00   5.479404823500000E-01   0.000000000000000E+00   0.000000000000000E+00   0.000000000000000E+00   0.000000000000000E+00
   9.208889952200000E-01   3.554568924400000E+00   3.225483875100000E-01   1.094639100300000E+00   5.745352454000000E-01   0.000000000000000E+00   0.000000000000000E+00   0.000000000000000E+00   0.000000000000000E+00
   9.224259178699999E-01   3.554286485700000E+00   3.225474528000000E-01   1.115284269900000E+00   5.229187478800000E-01   0.000000000000000E+00   0.000000000000000E+00   0.000000000000000E+00   0.000000000000000E+00
   9.249270964800000E-01   3.554568917000000E+00   3.225483874900000E-01   1.094639923500000E+00   5.745330758300000E-01   0.000000000000000E+00   0.000000000000000E+00   0.000000000000000E+00   0.000000000000000E+00
   9.274282750900000E-01   3.554423431500000E+00   3.225479060000000E-01   1.105273853400000E+00   5.479466084800000E-01   0.000000000000000E+00   0.000000000000000E+00   0.000000000000000E+00   0.000000000000000E+00
   9.299294536900000E-01   3.554568910400000E+00   3.225483874700000E-01   1.094640660400000E+00   5.745311330200000E-01   0.000000000000000E+00   0.000000000000000E+00   0.000000000000000E+00   0.000000000000000E+00
   9.324306323000000E-01   3.554286528300000E+00   3.225474529000000E-01   1.115279553300000E+00   5.229311818300000E-01   0.000000000000000E+00   0.000000000000000E+00   0.000000000000000E+00   0.000000000000000E+00
   9.340353406400000E-01   3.554568903100000E+00   3.225483874500000E-01   1.094641461600000E+00   5.745290205200000E-01   0.000000000000000E+00   0.000000000000000E+00   0.000000000000000E+00   0.000000000000000E+00
   9.356400489700000E-01   3.554423451800000E+00   3.225479060500000E-01   1.105271591400000E+00   5.479525729500000E-01   0.000000000000000E+00   0.000000000000000E+00   0.000000000000000E+00   0.000000000000000E+00
   9.372447573100000E-01   3.554568892800000E+00   3.225483874300000E-01   1.094642609400000E+00   5.745259931100000E-01   0.000000000000000E+00   0.000000000000000E+00   0.000000000000000E+00   0.000000000000000E+00
   9.388494656500000E-01   3.554286594200000E+00   3.225474530600000E-01   1.115272207600000E+00   5.229505573000000E-01   0.000000000000000E+00   0.000000000000000E+00   0.000000000000000E+00   0.000000000000000E+00
   9.401760684700000E-01   3.554568883200000E+00   3.225483874100000E-01   1.094643686800000E+00   5.745231504500000E-01   0.000000000000000E+00   0.000000000000000E+00   0.000000000000000E+00   0.000000000000000E+00
   9.415026712900000E-01   3.554423479100000E+00   3.225479061200000E-01   1.105268549600000E+00   5.479605990800001E-01   0.000000000000000E+00   0.000000000000000E+00   0.000000000000000E+00   0.000000000000000E+00
   9.428292741199999E-01   3.554568870800000E+00   3.225483873800000E-01   1.094645073700000E+00   5.745194895600000E-01   0.000000000000000E+00   0.000000000000000E+00   0.000000000000000E+00   0.000000000000000E+00
   9.441558769400000E-01   3.554286673300000E+00   3.225474532500000E-01   1.115263331500000E+00   5.229739870000000E-01   0.000000000000000E+00   0.000000000000000E+00   0.000000000000000E+00   0.000000000000000E+00
   9.452818472100000E-01   3.554568859400000E+00   3.225483873500000E-01   1.094646356900000E+00   5.745161011300000E-01   0.000000000000000E+00   0.000000000000000E+00   0.000000000000000E+00   0.000000000000000E+00
   9.464078174800000E-01   3.554423511200000E+00   3.225479061900000E-01   1.105264926800000E+00   5.479701662100001E-01   0.000000000000000E+00   0.000000000000000E+00   0.000000000000000E+00   0.000000000000000E+00
   9.475337877600000E-01   3.554568845000000E+00   3.225483873100000E-01   1.094647988800000E+00   5.745117895700000E-01   0.000000000000000E+00   0.000000000000000E+00   0.000000000000000E+00   0.000000000000000E+00
   9.486597580300000E-01   3.554286765500000E+00   3.225474534700000E-01   1.115252887200000E+00   5.230015809900000E-01   0.000000000000000E+00   0.000000000000000E+00   0.000000000000000E+00   0.000000000000000E+00
   9.497505728700000E-01   3.554568832700000E+00   3.225483872900000E-01   1.094649397300000E+00   5.745080664400000E-01   0.000000000000000E+00   0.000000000000000E+00   0.000000000000000E+00   0.000000000000000E+00
   9.508413877100000E-01   3.554423546100000E+00   3.225479062800000E-01   1.105260949900000E+00   5.479806785100000E-01   0.000000000000000E+00   0.000000000000000E+00   0.000000000000000E+00   0.000000000000000E+00
   9.519322025400000E-01   3.554568818000000E+00   3.225483872500000E-01   1.094651079400000E+00   5.745036177800000E-01   0.000000000000000E+00   0.000000000000000E+00   0.000000000000000E+00   0.000000000000000E+00
   9.530230173799999E-01   3.554286859500000E+00   3.225474536900000E-01   1.115242121700000E+00   5.230300524400000E-01   0.000000000000000E+00   0.000000000000000E+00   0.000000000000000E+00   0.000000000000000E+00
   9.541849236700000E-01   3.554568805900000E+00   3.225483872200000E-01   1.094652464400000E+00   5.744999528900000E-01   0.000000000000000E+00   0.000000000000000E+00   0.000000000000000E+00   0.000000000000000E+00
   9.553468299600000E-01   3.554423580100000E+00   3.225479063600000E-01   1.105257039100000E+00   5.479910265500000E-01   0.000000000000000E+00   0.000000000000000E+00   0.000000000000000E+00   0.000000000000000E+00
   9.565087362500000E-01   3.554568792300000E+00   3.225483871900000E-01   1.094654041400000E+00   5.744957781100000E-01   0.000000000000000E+00   0.000000000000000E+00   0.000000000000000E+00   0.000000000000000E+00
   9.576706425400000E-01   3.554286946800000E+00   3.225474538900000E-01   1.115232029300000E+00   5.230567710300000E-01   0.000000000000000E+00   0.000000000000000E+00   0.000000000000000E+00   0.000000000000000E+00
   9.586292941900000E-01   3.554568779600000E+00   3.225483871600000E-01   1.094655522900000E+00   5.744918540600000E-01   0.000000000000000E+00   0.000000000000000E+00   0.000000000000000E+00   0.000000000000000E+00
   9.595879458500000E-01   3.554423616000000E+00   3.225479064400000E-01   1.105252856400000E+00   5.480021058800000E-01   0.000000000000000E+00   0.000000000000000E+00   0.000000000000000E+00   0.000000000000000E+00
   9.605465975000000E-01   3.554568763300000E+00   3.225483871200000E-01   1.094657431300000E+00   5.744867963100000E-01   0.000000000000000E+00   0.000000000000000E+00   0.000000000000000E+00   0.000000000000000E+00
   9.615052491500000E-01   3.554287051100000E+00   3.225474541300000E-01   1.115219815800000E+00   5.230891406900000E-01   0.000000000000000E+00   0.000000000000000E+00   0.000000000000000E+00   0.000000000000000E+00
   9.622118436100000E-01   3.554568747000000E+00   3.225483870900000E-01   1.094659341300000E+00   5.744817314400000E-01   0.000000000000000E+00   0.000000000000000E+00   0.000000000000000E+00   0.000000000000000E+00
   9.629184380600000E-01   3.554423661800000E+00   3.225479065400000E-01   1.105247464600000E+00   5.480164058100000E-01   0.000000000000000E+00   0.000000000000000E+00   0.000000000000000E+00   0.000000000000000E+00
   9.636250325200000E-01   3.554568725300000E+00   3.225483870400000E-01   1.094661925200000E+00   5.744748732100000E-01   0.000000000000000E+00   0.000000000000000E+00   0.000000000000000E+00   0.000000000000000E+00
   9.643316269700000E-01   3.554287190100000E+00   3.225474544400000E-01   1.115203278900000E+00   5.231330333899999E-01   0.000000000000000E+00   0.000000000000000E+00   0.000000000000000E+00   0.000000000000000E+00
   9.651318259200000E-01   3.554568708100000E+00   3.225483870000000E-01   1.094663990600000E+00   5.744693864500000E-01   0.000000000000000E+00   0.000000000000000E+00   0.000000000000000E+00   0.000000000000000E+00
   9.659320248700000E-01   3.554423710400000E+00   3.225479066500000E-01   1.105241632500000E+00   5.480318982800000E-01   0.000000000000000E+00   0.000000000000000E+00   0.000000000000000E+00   0.000000000000000E+00
   9.667322238100000E-01   3.554568689300000E+00   3.225483869600000E-01   1.094666267200000E+00   5.744633339800000E-01   0.000000000000000E+00   0.000000000000000E+00   0.000000000000000E+00   0.000000000000000E+00
   9.675324227600000E-01   3.554287310500000E+00   3.225474547000000E-01   1.115188708700000E+00   5.231717692700000E-01   0.000000000000000E+00   0.000000000000000E+00   0.000000000000000E+00   0.000000000000000E+00
   9.684288321700000E-01   3.554568674300000E+00   3.225483869300000E-01   1.094668096400000E+00   5.744584668100000E-01   0.000000000000000E+00   0.000000000000000E+00   0.000000000000000E+00   0.000000000000000E+00
   9.693252415800000E-01   3.554423752700000E+00   3.225479067400000E-01   1.105236467100000E+00   5.480456411700000E-01   0.000000000000000E+00   0.000000000000000E+00   0.000000000000000E+00   0.000000000000000E+00
   9.702216509900000E-01   3.554568657900000E+00   3.225483868900000E-01   1.094670124600000E+00   5.744530666600000E-01   0.000000000000000E+00   0.000000000000000E+00   0.000000000000000E+00   0.000000000000000E+00
   9.711180604000000E-01   3.554287415900000E+00   3.225474549300000E-01   1.115175728200000E+00   5.232063302700000E-01   0.000000000000000E+00   0.000000000000000E+00   0.000000000000000E+00   0.000000000000000E+00
   9.719526332800000E-01   3.554568643500000E+00   3.225483868600000E-01   1.094671910800000E+00   5.744483075600000E-01   0.000000000000000E+00   0.000000000000000E+00   0.000000000000000E+00   0.000000000000000E+00
   9.727872061700000E-01   3.554423793300000E+00   3.225479068300000E-01   1.105231424000000E+00   5.480590784500000E-01   0.000000000000000E+00   0.000000000000000E+00   0.000000000000000E+00   0.000000000000000E+00
   9.736217790600000E-01   3.554568626100000E+00   3.225483868300000E-01   1.094674085000000E+00   5.744425100900000E-01   0.000000000000000E+00   0.000000000000000E+00   0.000000000000000E+00   0.000000000000000E+00
   9.744563519500000E-01   3.554287527100000E+00   3.225474551600000E-01   1.115161813500000E+00   5.232434341100000E-01   0.000000000000000E+00   0.000000000000000E+00   0.000000000000000E+00   0.000000000000000E+00
   9.751018586100000E-01   3.554568609300000E+00   3.225483867900000E-01   1.094676201800000E+00   5.744368618000000E-01   0.000000000000000E+00   0.000000000000000E+00   0.000000000000000E+00   0.000000000000000E+00
   9.757473652700001E-01   3.554423840600000E+00   3.225479069200000E-01   1.105225448600000E+00   5.480750257200000E-01   0.000000000000000E+00   0.000000000000000E+00   0.000000000000000E+00   0.000000000000000E+00
   9.763928719400000E-01   3.554568587400000E+00   3.225483867500000E-01   1.094679006100000E+00   5.744293704900000E-01   0.000000000000000E+00   0.000000000000000E+00   0.000000000000000E+00   0.000000000000000E+00
   9.770383786000000E-01   3.554287667500000E+00   3.225474554500000E-01   1.115143866000000E+00   5.232913786100000E-01   0.000000000000000E+00   0.000000000000000E+00   0.000000000000000E+00   0.000000000000000E+00
   9.775866336900000E-01   3.554568567300000E+00   3.225483867100000E-01   1.094681597900000E+00   5.744224401200000E-01   0.000000000000000E+00   0.000000000000000E+00   0.000000000000000E+00   0.000000000000000E+00
   9.781348887900000E-01   3.554423897000000E+00   3.225479070400000E-01   1.105218132000000E+00   5.480945930600000E-01   0.000000000000000E+00   0.000000000000000E+00   0.000000000000000E+00   0.000000000000000E+00
   9.786831438800000E-01   3.554568542300000E+00   3.225483866600000E-01   1.094684889800000E+00   5.744136258800000E-01   0.000000000000000E+00   0.000000000000000E+00   0.000000000000000E+00   0.000000000000000E+00
   9.792313989700000E-01   3.554287827800000E+00   3.225474557600000E-01   1.115122797900000E+00   5.233477899000000E-01   0.000000000000000E+00   0.000000000000000E+00   0.000000000000000E+00   0.000000000000000E+00
   9.799164651600000E-01   3.554568523500000E+00   3.225483866200000E-01   1.094687404000000E+00   5.744068844400000E-01   0.000000000000000E+00   0.000000000000000E+00   0.000000000000000E+00   0.000000000000000E+00
   9.806015313400001E-01   3.554423950300000E+00   3.225479071400000E-01   1.105211031100000E+00   5.481136287100000E-01   0.000000000000000E+00   0.000000000000000E+00   0.000000000000000E+00   0.000000000000000E+00
   9.812865975200000E-01   3.554568504000000E+00   3.225483865900000E-01   1.094690030700000E+00   5.743998349000000E-01   0.000000000000000E+00   0.000000000000000E+00   0.000000000000000E+00   0.000000000000000E+00
   9.819716637000000E-01   3.554287952100000E+00   3.225474559900000E-01   1.115105987100000E+00   5.233929070900000E-01   0.000000000000000E+00   0.000000000000000E+00   0.000000000000000E+00   0.000000000000000E+00
   9.824662232100000E-01   3.554568484600000E+00   3.225483865500000E-01   1.094692690500000E+00   5.743926903500000E-01   0.000000000000000E+00   0.000000000000000E+00   0.000000000000000E+00   0.000000000000000E+00
   9.829607827300000E-01   3.554424005000000E+00   3.225479072400000E-01   1.105203524300000E+00   5.481338000100000E-01   0.000000000000000E+00   0.000000000000000E+00   0.000000000000000E+00   0.000000000000000E+00
   9.834553422500000E-01   3.554568458600000E+00   3.225483865000000E-01   1.094696317300000E+00   5.743829316100000E-01   0.000000000000000E+00   0.000000000000000E+00   0.000000000000000E+00   0.000000000000000E+00
   9.839499017600000E-01   3.554288118300000E+00   3.225474562800000E-01   1.115082775300000E+00   5.234553632900000E-01   0.000000000000000E+00   0.000000000000000E+00   0.000000000000000E+00   0.000000000000000E+00
   9.843312000500000E-01   3.554568433700000E+00   3.225483864600000E-01   1.094699852100000E+00   5.743734077600000E-01   0.000000000000000E+00   0.000000000000000E+00   0.000000000000000E+00   0.000000000000000E+00
   9.847124983500000E-01   3.554424074900000E+00   3.225479073500000E-01   1.105193548000000E+00   5.481606887600000E-01   0.000000000000000E+00   0.000000000000000E+00   0.000000000000000E+00   0.000000000000000E+00
   9.850937966400000E-01   3.554568401700000E+00   3.225483864100000E-01   1.094704535700000E+00   5.743607607300000E-01   0.000000000000000E+00   0.000000000000000E+00   0.000000000000000E+00   0.000000000000000E+00
   9.854750949300000E-01   3.554288323000000E+00   3.225474566100000E-01   1.115052800800000E+00   5.235363049300000E-01   0.000000000000000E+00   0.000000000000000E+00   0.000000000000000E+00   0.000000000000000E+00
   9.858184900800000E-01   3.554568373900000E+00   3.225483863700000E-01   1.094708726300000E+00   5.743494222700000E-01   0.000000000000000E+00   0.000000000000000E+00   0.000000000000000E+00   0.000000000000000E+00
   9.861618852200000E-01   3.554424153300000E+00   3.225479074700000E-01   1.105181718400000E+00   5.481927021600000E-01   0.000000000000000E+00   0.000000000000000E+00   0.000000000000000E+00   0.000000000000000E+00
   9.865052803700000E-01   3.554568340600000E+00   3.225483863200000E-01   1.094713898800000E+00   5.743353922400000E-01   0.000000000000000E+00   0.000000000000000E+00   0.000000000000000E+00   0.000000000000000E+00
   9.868486755200000E-01   3.554288535300000E+00   3.225474569000000E-01   1.115019697500000E+00   5.236260979900000E-01   0.000000000000000E+00   0.000000000000000E+00   0.000000000000000E+00   0.000000000000000E+00
   9.871987689300000E-01   3.554568313800000E+00   3.225483862900000E-01   1.094718240500000E+00   5.743235862000000E-01   0.000000000000000E+00   0.000000000000000E+00   0.000000000000000E+00   0.000000000000000E+00
   9.875488623400001E-01   3.554424229200000E+00   3.225479075700000E-01   1.105169459100000E+00   5.482260371900000E-01   0.000000000000000E+00   0.000000000000000E+00   0.000000000000000E+00   0.000000000000000E+00
   9.878989557500000E-01   3.554568283800000E+00   3.225483862600000E-01   1.094723284400000E+00   5.743098368000000E-01   0.000000000000000E+00   0.000000000000000E+00   0.000000000000000E+00   0.000000000000000E+00
   9.882490491700000E-01   3.554288727400000E+00   3.225474571100000E-01   1.114987417400000E+00   5.237140949700000E-01   0.000000000000000E+00   0.000000000000000E+00   0.000000000000000E+00   0.000000000000000E+00
   9.885643563900000E-01   3.554568258000000E+00   3.225483862300000E-01   1.094727795300000E+00   5.742975099400000E-01   0.000000000000000E+00   0.000000000000000E+00   0.000000000000000E+00   0.000000000000000E+00
   9.888796636200000E-01   3.554424301800000E+00   3.225479076300000E-01   1.105156725800000E+00   5.482608414300000E-01   0.000000000000000E+00   0.000000000000000E+00   0.000000000000000E+00   0.000000000000000E+00
   9.891949708400000E-01   3.554568227700000E+00   3.225483862100000E-01   1.094733360000000E+00   5.742822565300000E-01   0.000000000000000E+00   0.000000000000000E+00   0.000000000000000E+00   0.000000000000000E+00
   9.895102780700000E-01   3.554288920900000E+00   3.225474572500000E-01   1.114951804200000E+00   5.238117180100000E-01   0.000000000000000E+00   0.000000000000000E+00   0.000000000000000E+00   0.000000000000000E+00
   9.898391651600000E-01   3.554568204000000E+00   3.225483862000000E-01   1.094737976000000E+00   5.742695640000000E-01   0.000000000000000E+00   0.000000000000000E+00   0.000000000000000E+00   0.000000000000000E+00
   9.901680522500000E-01   3.554424368900000E+00   3.225479076600000E-01   1.105143691100000E+00   5.482966797700000E-01   0.000000000000000E+00   0.000000000000000E+00   0.000000000000000E+00   0.000000000000000E+00
   9.904969393300000E-01   3.554568178200000E+00   3.225483861900000E-01   1.094743274500000E+00   5.742549516800000E-01   0.000000000000000E+00   0.000000000000000E+00   0.000000000000000E+00   0.000000000000000E+00
   9.908258264200001E-01   3.554289085600000E+00   3.225474572800000E-01   1.114917895100000E+00   5.239052379300000E-01   0.000000000000000E+00   0.000000000000000E+00   0.000000000000000E+00   0.000000000000000E+00
   9.911386715900000E-01   3.554568157200000E+00   3.225483862000000E-01   1.094747877900000E+00   5.742422169900000E-01   0.000000000000000E+00   0.000000000000000E+00   0.000000000000000E+00   0.000000000000000E+00
   9.914515167600000E-01   3.554424428100000E+00   3.225479076600000E-01   1.105130695100000E+00   5.483326363000000E-01   0.000000000000000E+00   0.000000000000000E+00   0.000000000000000E+00   0.000000000000000E+00
   9.917643619299999E-01   3.554568133700000E+00   3.225483862100000E-01   1.094753408000000E+00   5.742268657100000E-01   0.000000000000000E+00   0.000000000000000E+00   0.000000000000000E+00   0.000000000000000E+00
   9.920772070900000E-01   3.554289235500000E+00   3.225474572000000E-01   1.114882503800000E+00   5.240034874700000E-01   0.000000000000000E+00   0.000000000000000E+00   0.000000000000000E+00   0.000000000000000E+00
   9.923247977100000E-01   3.554568112800000E+00   3.225483862300000E-01   1.094758709800000E+00   5.742121015800000E-01   0.000000000000000E+00   0.000000000000000E+00   0.000000000000000E+00   0.000000000000000E+00
   9.925723883300001E-01   3.554424486000000E+00   3.225479076000000E-01   1.105115737100000E+00   5.483743212400000E-01   0.000000000000000E+00   0.000000000000000E+00   0.000000000000000E+00   0.000000000000000E+00
   9.928199789500000E-01   3.554568088800000E+00   3.225483862700000E-01   1.094765636200000E+00   5.741927168600000E-01   0.000000000000000E+00   0.000000000000000E+00   0.000000000000000E+00   0.000000000000000E+00
   9.930675695800000E-01   3.554289388300000E+00   3.225474569300000E-01   1.114838177600000E+00   5.241275526900000E-01   0.000000000000000E+00   0.000000000000000E+00   0.000000000000000E+00   0.000000000000000E+00
   9.931903588000000E-01   3.554568060400000E+00   3.225483863300000E-01   1.094774489400000E+00   5.741678712900000E-01   0.000000000000000E+00   0.000000000000000E+00   0.000000000000000E+00   0.000000000000000E+00
   9.933131480300000E-01   3.554424556300000E+00   3.225479073700000E-01   1.105090841800000E+00   5.484444618300000E-01   0.000000000000000E+00   0.000000000000000E+00   0.000000000000000E+00   0.000000000000000E+00
   9.934359372500000E-01   3.554568032400000E+00   3.225483865100000E-01   1.094788235900000E+00   5.741288140600000E-01   0.000000000000000E+00   0.000000000000000E+00   0.000000000000000E+00   0.000000000000000E+00
   9.935587264800000E-01   3.554289561900000E+00   3.225474557500000E-01   1.114750224800000E+00   5.243775453000000E-01   0.000000000000000E+00   0.000000000000000E+00   0.000000000000000E+00   0.000000000000000E+00
   9.936954723900000E-01   3.554568023700000E+00   3.225483867200000E-01   1.094799190000000E+00   5.740973149800001E-01   0.000000000000000E+00   0.000000000000000E+00   0.000000000000000E+00   0.000000000000000E+00
   9.938322183100000E-01   3.554424584500000E+00   3.225479067900000E-01   1.105059888100000E+00   5.485334050100000E-01   0.000000000000000E+00   0.000000000000000E+00   0.000000000000000E+00   0.000000000000000E+00
   9.939689642200000E-01   3.554568026000000E+00   3.225483870200000E-01   1.094811255700000E+00   5.740622493600001E-01   0.000000000000000E+00   0.000000000000000E+00   0.000000000000000E+00   0.000000000000000E+00
   9.941057101400000E-01   3.554289542700000E+00   3.225474538500000E-01   1.114673025600000E+00   5.246019871700000E-01   0.000000000000000E+00   0.000000000000000E+00   0.000000000000000E+00   0.000000000000000E+00
   9.943226875000000E-01   3.554568039700000E+00   3.225483872800000E-01   1.094819501100000E+00   5.740379461200000E-01   0.000000000000000E+00   0.000000000000000E+00   0.000000000000000E+00   0.000000000000000E+00
   9.945396648600000E-01   3.554424554300000E+00   3.225479060900000E-01   1.105036530000000E+00   5.486020215000000E-01   0.000000000000000E+00   0.000000000000000E+00   0.000000000000000E+00   0.000000000000000E+00
   9.947566422200000E-01   3.554568056600000E+00   3.225483875400000E-01   1.094826955700000E+00   5.740158342900000E-01   0.000000000000000E+00   0.000000000000000E+00   0.000000000000000E+00   0.000000000000000E+00
   9.949736195800000E-01   3.554289433500000E+00   3.225474521900000E-01   1.114625322100000E+00   5.247435091000000E-01   0.000000000000000E+00   0.000000000000000E+00   0.000000000000000E+00   0.000000000000000E+00
   9.951174870600000E-01   3.554568079900000E+00   3.225483878400000E-01   1.094834850700000E+00   5.739922571900000E-01   0.000000000000000E+00   0.000000000000000E+00   0.000000000000000E+00   0.000000000000000E+00
   9.952613545400000E-01   3.554424480700000E+00   3.225479052000000E-01   1.105014312100000E+00   5.486686053700000E-01   0.000000000000000E+00   0.000000000000000E+00   0.000000000000000E+00   0.000000000000000E+00
   9.954052220200000E-01   3.554568129800000E+00   3.225483883500000E-01   1.094845857800000E+00   5.739588730000000E-01   0.000000000000000E+00   0.000000000000000E+00   0.000000000000000E+00   0.000000000000000E+00
   9.955490895000000E-01   3.554289109700000E+00   3.225474489200000E-01   1.114554899700000E+00   5.249571913300000E-01   0.000000000000000E+00   0.000000000000000E+00   0.000000000000000E+00   0.000000000000000E+00
   9.956889717200000E-01   3.554568187200000E+00   3.225483888500000E-01   1.094855216300000E+00   5.739300637800000E-01   0.000000000000000E+00   0.000000000000000E+00   0.000000000000000E+00   0.000000000000000E+00
   9.958288539400000E-01   3.554424317800000E+00   3.225479037700000E-01   1.104987900900000E+00   5.487499557100000E-01   0.000000000000000E+00   0.000000000000000E+00   0.000000000000000E+00   0.000000000000000E+00
   9.959687361700000E-01   3.554568273700000E+00   3.225483895500000E-01   1.094866209300000E+00   5.738956511300000E-01   0.000000000000000E+00   0.000000000000000E+00   0.000000000000000E+00   0.000000000000000E+00
   9.961086183900000E-01   3.554288550700000E+00   3.225474444700000E-01   1.114484573400000E+00   5.251774615800000E-01   0.000000000000000E+00   0.000000000000000E+00   0.000000000000000E+00   0.000000000000000E+00
   9.962059309000000E-01   3.554568380300000E+00   3.225483903400000E-01   1.094877444700000E+00   5.738599581900000E-01   0.000000000000000E+00   0.000000000000000E+00   0.000000000000000E+00   0.000000000000000E+00
   9.963032434100000E-01   3.554423995900000E+00   3.225479014100000E-01   1.104956367900000E+00   5.488508045500000E-01   0.000000000000000E+00   0.000000000000000E+00   0.000000000000000E+00   0.000000000000000E+00
   9.964005559100000E-01   3.554568576600000E+00   3.225483916800000E-01   1.094892592300000E+00   5.738102808700000E-01   0.000000000000000E+00   0.000000000000000E+00   0.000000000000000E+00   0.000000000000000E+00
   9.964978684200000E-01   3.554287277700000E+00   3.225474358100000E-01   1.114387728500000E+00   5.254954978400000E-01   0.000000000000000E+00   0.000000000000000E+00   0.000000000000000E+00   0.000000000000000E+00
   9.965713426200000E-01   3.554568813000000E+00   3.225483932100000E-01   1.094907187300000E+00   5.737610601399999E-01   0.000000000000000E+00   0.000000000000000E+00   0.000000000000000E+00   0.000000000000000E+00
   9.966448168299999E-01   3.554423289500000E+00   3.225478969100000E-01   1.104915503200000E+00   5.489899482100000E-01   0.000000000000000E+00   0.000000000000000E+00   0.000000000000000E+00   0.000000000000000E+00
   9.967182910300000E-01   3.554569233000000E+00   3.225483957500000E-01   1.094925845800000E+00   5.736946643500000E-01   0.000000000000000E+00   0.000000000000000E+00   0.000000000000000E+00   0.000000000000000E+00
   9.967917652300000E-01   3.554284547800000E+00   3.225474193300000E-01   1.114268606400000E+00   5.259207250800000E-01   0.000000000000000E+00   0.000000000000000E+00   0.000000000000000E+00   0.000000000000000E+00
   9.968657148000000E-01   3.554569684200000E+00   3.225483983700000E-01   1.094940847900000E+00   5.736379902700000E-01   0.000000000000000E+00   0.000000000000000E+00   0.000000000000000E+00   0.000000000000000E+00
   9.969396643700000E-01   3.554422009800000E+00   3.225478895000000E-01   1.104873197800000E+00   5.491500276500000E-01   0.000000000000000E+00   0.000000000000000E+00   0.000000000000000E+00   0.000000000000000E+00
   9.970136139400000E-01   3.554570335300000E+00   3.225484020200000E-01   1.094957404300000E+00   5.735709430900000E-01   0.000000000000000E+00   0.000000000000000E+00   0.000000000000000E+00   0.000000000000000E+00
   9.970875635000001E-01   3.554280329200000E+00   3.225473957000000E-01   1.114163020500000E+00   5.263502021200001E-01   0.000000000000000E+00   0.000000000000000E+00   0.000000000000000E+00   0.000000000000000E+00
   9.971642693700000E-01   3.554571000700000E+00   3.225484056600000E-01   1.094970217800000E+00   5.735143516900000E-01   0.000000000000000E+00   0.000000000000000E+00   0.000000000000000E+00   0.000000000000000E+00
   9.972409752300000E-01   3.554420131200000E+00   3.225478792300000E-01   1.104837018700000E+00   5.493098436400000E-01   0.000000000000000E+00   0.000000000000000E+00   0.000000000000000E+00   0.000000000000000E+00
   9.973176810900000E-01   3.554571915700000E+00   3.225484105700000E-01   1.094983808800000E+00   5.734481964700000E-01   0.000000000000000E+00   0.000000000000000E+00   0.000000000000000E+00   0.000000000000000E+00
   9.973943869600000E-01   3.554274414200000E+00   3.225473640000000E-01   1.114076475900000E+00   5.267740308600000E-01   0.000000000000000E+00   0.000000000000000E+00   0.000000000000000E+00   0.000000000000000E+00
   9.974568767999999E-01   3.554572927900000E+00   3.225484159200000E-01   1.094995492300000E+00   5.733847463800000E-01   0.000000000000000E+00   0.000000000000000E+00   0.000000000000000E+00   0.000000000000000E+00
   9.975193666500000E-01   3.554417172100000E+00   3.225478636300000E-01   1.104804847100000E+00   5.494896206500000E-01   0.000000000000000E+00   0.000000000000000E+00   0.000000000000000E+00   0.000000000000000E+00
   9.975818564900000E-01   3.554574553800000E+00   3.225484243800000E-01   1.095008123500000E+00   5.733006386900000E-01   0.000000000000000E+00   0.000000000000000E+00   0.000000000000000E+00   0.000000000000000E+00
   9.976443463300000E-01   3.554263876600000E+00   3.225473092600000E-01   1.113996711300000E+00   5.273133852800000E-01   0.000000000000000E+00   0.000000000000000E+00   0.000000000000000E+00   0.000000000000000E+00
   9.977006611500000E-01   3.554576318100000E+00   3.225484334500000E-01   1.095017076900000E+00   5.732234009100000E-01   0.000000000000000E+00   0.000000000000000E+00   0.000000000000000E+00   0.000000000000000E+00
   9.977569759600000E-01   3.554412135900000E+00   3.225478378400000E-01   1.104780462500000E+00   5.497084567500000E-01   0.000000000000000E+00   0.000000000000000E+00   0.000000000000000E+00   0.000000000000000E+00
   9.978132907800000E-01   3.554579098600000E+00   3.225484476800000E-01   1.095024048100000E+00   5.731245126300000E-01   0.000000000000000E+00   0.000000000000000E+00   0.000000000000000E+00   0.000000000000000E+00
   9.978696055900000E-01   3.554246739800000E+00   3.225472226800000E-01   1.113953753300000E+00   5.279478124600000E-01   0.000000000000000E+00   0.000000000000000E+00   0.000000000000000E+00   0.000000000000000E+00
   9.979386611800000E-01   3.554582657000000E+00   3.225484667600000E-01   1.095025045500000E+00   5.730444019700000E-01   0.000000000000000E+00   0.000000000000000E+00   0.000000000000000E+00   0.000000000000000E+00
   9.980077167700000E-01   3.554408993500000E+00   3.225478268000000E-01   1.104773504200000E+00   5.499300735800000E-01   0.000000000000000E+00   0.000000000000000E+00   0.000000000000000E+00   0.000000000000000E+00
   9.980767723600000E-01   3.554598967500000E+00   3.225485645000000E-01   1.095017451000000E+00   5.729503612400000E-01   0.000000000000000E+00   0.000000000000000E+00   0.000000000000000E+00   0.000000000000000E+00
   9.981458279500000E-01   3.554286530100000E+00   3.225474956200000E-01   1.113940673300000E+00   5.284735532000000E-01   0.000000000000000E+00   0.000000000000000E+00   0.000000000000000E+00   0.000000000000000E+00
   9.981874593800000E-01   3.554731214000000E+00   3.225493834300000E-01   1.094955981400000E+00   5.727803397900000E-01   0.000000000000000E+00   0.000000000000000E+00   0.000000000000000E+00   0.000000000000000E+00
   9.982290908100000E-01   3.554722094700000E+00   3.225497929000000E-01   1.104654189700000E+00   5.500477607900000E-01   0.000000000000000E+00   0.000000000000000E+00   0.000000000000000E+00   0.000000000000000E+00
   9.982707222400000E-01   3.555357321100000E+00   3.225532744300000E-01   1.094662190100000E+00   5.722861403900000E-01   0.000000000000000E+00   0.000000000000000E+00   0.000000000000000E+00   0.000000000000000E+00
   9.983123536600000E-01   3.555954860300000E+00   3.225579571000000E-01   1.113346872600000E+00   5.285965138600000E-01   0.000000000000000E+00   0.000000000000000E+00   0.000000000000000E+00   0.000000000000000E+00
   9.983529343699999E-01   3.558683899600000E+00   3.225740100700000E-01   1.093179311500000E+00   5.703575010200000E-01   0.000000000000000E+00   0.000000000000000E+00   0.000000000000000E+00   0.000000000000000E+00
   9.983935150800000E-01   3.563585609700000E+00   3.226051019800000E-01   1.100881706100000E+00   5.457334128200000E-01   0.000000000000000E+00   0.000000000000000E+00   0.000000000000000E+00   0.000000000000000E+00
   9.984340957900000E-01   3.575308882900000E+00   3.226778429600000E-01   1.085948499400000E+00   5.614040062000000E-01   0.000000000000000E+00   0.000000000000000E+00   0.000000000000000E+00   0.000000000000000E+00
   9.984746765000000E-01   3.600345415500000E+00   3.228361623000000E-01   1.094758910900000E+00   5.067870408100000E-01   0.000000000000000E+00   0.000000000000000E+00   0.000000000000000E+00   0.000000000000000E+00
   9.985116299300000E-01   3.648220734100000E+00   3.231384637700000E-01   1.055907659100000E+00   5.253019417500000E-01   0.000000000000000E+00   0.000000000000000E+00   0.000000000000000E+00   0.000000000000000E+00
   9.985485833600000E-01   3.736932725800000E+00   3.237097423900000E-01   1.032593834500000E+00   4.654872263200000E-01   0.000000000000000E+00   0.000000000000000E+00   0.000000000000000E+00   0.000000000000000E+00
   9.985855367799999E-01   3.889137698100000E+00   3.247164378200000E-01   9.711818979500000E-01   4.298180631800000E-01   0.000000000000000E+00   0.000000000000000E+00   0.000000000000000E+00   0.000000000000000E+00
   9.986224902100000E-01   4.116984407200000E+00   3.262963128800000E-01   9.271975862600000E-01   3.241388898000000E-01   0.000000000000000E+00   0.000000000000000E+00   0.000000000000000E+00   0.000000000000000E+00
   9.986602241200000E-01   4.427156082900000E+00   3.285871637500000E-01   8.352872295900000E-01   2.962778516700000E-01   0.000000000000000E+00   0.000000000000000E+00   0.000000000000000E+00   0.000000000000000E+00
   9.986979580300001E-01   4.791280051700000E+00   3.315196314800000E-01   7.797531676500000E-01   2.201424941700000E-01   0.000000000000000E+00   0.000000000000000E+00   0.000000000000000E+00   0.000000000000000E+00
   9.987356919500000E-01   5.182861522100000E+00   3.350066071500000E-01   7.116983344000000E-01   1.962596632900000E-01   0.000000000000000E+00   0.000000000000000E+00   0.000000000000000E+00   0.000000000000000E+00
   9.987734258600000E-01   5.576534568900000E+00   3.389376839800000E-01   6.856439644500000E-01   1.253818022700000E-01   0.000000000000000E+00   0.000000000000000E+00   0.000000000000000E+00   0.000000000000000E+00
   9.988096276900000E-01   5.941705337000000E+00   3.430436642900000E-01   6.272183352800000E-01   1.400103346600000E-01   0.000000000000000E+00   0.000000000000000E+00   0.000000000000000E+00   0.000000000000000E+00
   9.988458295300000E-01   6.284151106900000E+00   3.474048031500000E-01   6.074855810699999E-01   1.026459093800000E-01   0.000000000000000E+00   0.000000000000000E+00   0.000000000000000E+00   0.000000000000000E+00
   9.988820313600000E-01   6.600547007200000E+00   3.519756163800000E-01   5.706442924300000E-01   1.080666316900000E-01   0.000000000000000E+00   0.000000000000000E+00   0.000000000000000E+00   0.000000000000000E+00
   9.989182331899999E-01   6.888282533400000E+00   3.567138305900000E-01   5.704110876400000E-01   5.979402336400000E-02   0.000000000000000E+00   0.000000000000000E+00   0.000000000000000E+00   0.000000000000000E+00
   9.989590859900001E-01   7.180805684200000E+00   3.622328595500000E-01   5.277231224900000E-01   8.709163129899999E-02   0.000000000000000E+00   0.000000000000000E+00   0.000000000000000E+00   0.000000000000000E+00
   9.989999387900000E-01   7.439702831400000E+00   3.678986427100000E-01   5.207880982500001E-01   6.010344331600000E-02   0.000000000000000E+00   0.000000000000000E+00   0.000000000000000E+00   0.000000000000000E+00
   9.990407915800000E-01   7.669018420100000E+00   3.736921828600000E-01   4.936749120700000E-01   7.254189988199999E-02   0.000000000000000E+00   0.000000000000000E+00   0.000000000000000E+00   0.000000000000000E+00
   9.990816443800000E-01   7.871007378500000E+00   3.795920906500000E-01   5.012792967400000E-01   3.043913699100000E-02   0.000000000000000E+00   0.000000000000000E+00   0.000000000000000E+00   0.000000000000000E+00
   9.991182468399999E-01   8.032726076599999E+00   3.849622031200000E-01   4.679678477700000E-01   6.282235779299999E-02   0.000000000000000E+00   0.000000000000000E+00   0.000000000000000E+00   0.000000000000000E+00
   9.991548493000000E-01   8.177237069600000E+00   3.903988635800000E-01   4.685457770700000E-01   4.039641121600000E-02   0.000000000000000E+00   0.000000000000000E+00   0.000000000000000E+00   0.000000000000000E+00
   9.991914517600000E-01   8.307585856199999E+00   3.958996635200000E-01   4.473916818600000E-01   5.581059093200000E-02   0.000000000000000E+00   0.000000000000000E+00   0.000000000000000E+00   0.000000000000000E+00
   9.992280542200001E-01   8.424636227000001E+00   4.014560363900000E-01   4.598178086000000E-01   1.679526912100000E-02   0.000000000000000E+00   0.000000000000000E+00   0.000000000000000E+00   0.000000000000000E+00
   9.992530941400000E-01   8.498873697200001E+00   4.052905469000000E-01   4.319942566400000E-01   5.099431998900000E-02   0.000000000000000E+00   0.000000000000000E+00   0.000000000000000E+00   0.000000000000000E+00
   9.992781340500000E-01   8.567821488200000E+00   4.091468729000000E-01   4.372946989100000E-01   3.084397993700000E-02   0.000000000000000E+00   0.000000000000000E+00   0.000000000000000E+00   0.000000000000000E+00
   9.993031739700000E-01   8.632877580300001E+00   4.130275156700000E-01   4.204467612300000E-01   4.758540008900000E-02   0.000000000000000E+00   0.000000000000000E+00   0.000000000000000E+00   0.000000000000000E+00
   9.993282138800000E-01   8.693480374200000E+00   4.169281782500000E-01   4.365054839000000E-01   1.066695247700000E-02   0.000000000000000E+00   0.000000000000000E+00   0.000000000000000E+00   0.000000000000000E+00
   9.993476701700000E-01   8.738776535800000E+00   4.199761080400000E-01   4.107627418000000E-01   4.487183794500000E-02   0.000000000000000E+00   0.000000000000000E+00   0.000000000000000E+00   0.000000000000000E+00
   9.993671264500000E-01   8.781526970100000E+00   4.230344927500000E-01   4.177247110000000E-01   2.575026579800000E-02   0.000000000000000E+00   0.000000000000000E+00   0.000000000000000E+00   0.000000000000000E+00
   9.993865827300000E-01   8.822824186400000E+00   4.261064346700000E-01   4.026645788300000E-01   4.266974902300000E-02   0.000000000000000E+00   0.000000000000000E+00   0.000000000000000E+00   0.000000000000000E+00
   9.994060390100000E-01   8.861854714400000E+00   4.291882745800000E-01   4.200454039800000E-01   7.110670653400000E-03   0.000000000000000E+00   0.000000000000000E+00   0.000000000000000E+00   0.000000000000000E+00
   9.994300267400000E-01   8.908634073200000E+00   4.330068503500000E-01   3.939525028300000E-01   4.043986349100000E-02   0.000000000000000E+00   0.000000000000000E+00   0.000000000000000E+00   0.000000000000000E+00
   9.994540144600000E-01   8.952647392199999E+00   4.368406419100000E-01   4.002166851300000E-01   2.167001062700000E-02   0.000000000000000E+00   0.000000000000000E+00   0.000000000000000E+00   0.000000000000000E+00
   9.994780021800000E-01   8.995027092600001E+00   4.406926346800000E-01   3.846879845200000E-01   3.818474001800000E-02   0.000000000000000E+00   0.000000000000000E+00   0.000000000000000E+00   0.000000000000000E+00
   9.995019899000001E-01   9.035007830400000E+00   4.445591245400000E-01   4.013027876800000E-01   3.245627747700000E-03   0.000000000000000E+00   0.000000000000000E+00   0.000000000000000E+00   0.000000000000000E+00
   9.995255407300000E-01   9.073339821499999E+00   4.483734671500000E-01   3.758243456500000E-01   3.614203648200000E-02   0.000000000000000E+00   0.000000000000000E+00   0.000000000000000E+00   0.000000000000000E+00
   9.995490915500000E-01   9.109617515100000E+00   4.522010727000000E-01   3.823671275000000E-01   1.788743812900000E-02   0.000000000000000E+00   0.000000000000000E+00   0.000000000000000E+00   0.000000000000000E+00
   9.995726423800000E-01   9.144890529300000E+00   4.560449866600000E-01   3.673149644100000E-01   3.426020072400000E-02   0.000000000000000E+00   0.000000000000000E+00   0.000000000000000E+00   0.000000000000000E+00
   9.995961932100000E-01   9.178346099500001E+00   4.599017105100000E-01   3.840351754900000E-01   9.892181697700000E-05   0.000000000000000E+00   0.000000000000000E+00   0.000000000000000E+00   0.000000000000000E+00
   9.996138089100000E-01   9.203225605700000E+00   4.627981897000000E-01   3.600783579000000E-01   3.271910976300000E-02   0.000000000000000E+00   0.000000000000000E+00   0.000000000000000E+00   0.000000000000000E+00
   9.996314246100000E-01   9.226940515600001E+00   4.657007640000000E-01   3.677093837400000E-01   1.513058741600000E-02   0.000000000000000E+00   0.000000000000000E+00   0.000000000000000E+00   0.000000000000000E+00
   9.996490403100000E-01   9.250437808599999E+00   4.686125661900000E-01   3.540259606900000E-01   3.144080045600000E-02   0.000000000000000E+00   0.000000000000000E+00   0.000000000000000E+00   0.000000000000000E+00
   9.996666560100000E-01   9.272846478300000E+00   4.715303492100000E-01   3.715622765100000E-01  -1.677772350300000E-03   0.000000000000000E+00   0.000000000000000E+00   0.000000000000000E+00   0.000000000000000E+00
   9.996815568500000E-01   9.292042596200000E+00   4.740068089100000E-01   3.485385910000000E-01   3.031798159100000E-02   0.000000000000000E+00   0.000000000000000E+00   0.000000000000000E+00   0.000000000000000E+00
   9.996964576800000E-01   9.310347245899999E+00   4.764869138500000E-01   3.565214397900000E-01   1.328397976700000E-02   0.000000000000000E+00   0.000000000000000E+00   0.000000000000000E+00   0.000000000000000E+00
   9.997113585200000E-01   9.328669995900000E+00   4.789737589500000E-01   3.435956244700000E-01   2.930417261300000E-02   0.000000000000000E+00   0.000000000000000E+00   0.000000000000000E+00   0.000000000000000E+00
   9.997262593500000E-01   9.346141502300000E+00   4.814642149700000E-01   3.612284025200000E-01  -2.829922837500000E-03   0.000000000000000E+00   0.000000000000000E+00   0.000000000000000E+00   0.000000000000000E+00
   9.997397143100000E-01   9.362304544700001E+00   4.837199464700000E-01   3.389535264700000E-01   2.838364764600000E-02   0.000000000000000E+00   0.000000000000000E+00   0.000000000000000E+00   0.000000000000000E+00
   9.997531692600000E-01   9.377700213600001E+00   4.859782273600000E-01   3.469979693300000E-01   1.187936114400000E-02   0.000000000000000E+00   0.000000000000000E+00   0.000000000000000E+00   0.000000000000000E+00
   9.997666242200000E-01   9.393210851699999E+00   4.882420861100000E-01   3.346111711900000E-01   2.751673400900000E-02   0.000000000000000E+00   0.000000000000000E+00   0.000000000000000E+00   0.000000000000000E+00
   9.997800791700000E-01   9.407982311700000E+00   4.905084933300000E-01   3.520420529800000E-01  -3.641974313500000E-03   0.000000000000000E+00   0.000000000000000E+00   0.000000000000000E+00   0.000000000000000E+00
   9.997906124800000E-01   9.419991495700000E+00   4.922878528900000E-01   3.307890089700000E-01   2.676205789600000E-02   0.000000000000000E+00   0.000000000000000E+00   0.000000000000000E+00   0.000000000000000E+00
   9.998011457900000E-01   9.431362308000001E+00   4.940680684500000E-01   3.390617577900000E-01   1.086584588900000E-02   0.000000000000000E+00   0.000000000000000E+00   0.000000000000000E+00   0.000000000000000E+00
   9.998116790900000E-01   9.442946945399999E+00   4.958520860500000E-01   3.274839367700000E-01   2.607438507000000E-02   0.000000000000000E+00   0.000000000000000E+00   0.000000000000000E+00   0.000000000000000E+00
   9.998222124000000E-01   9.453912177199999E+00   4.976369886500000E-01   3.447892313800000E-01  -3.899085365700000E-03   0.000000000000000E+00   0.000000000000000E+00   0.000000000000000E+00   0.000000000000000E+00
   9.998313520000000E-01   9.463936038100000E+00   4.991899344800000E-01   3.244227748300000E-01   2.545228887000000E-02   0.000000000000000E+00   0.000000000000000E+00   0.000000000000000E+00   0.000000000000000E+00
   9.998404916100000E-01   9.473380531300000E+00   5.007431198900000E-01   3.325979970700000E-01   1.019224503500000E-02   0.000000000000000E+00   0.000000000000000E+00   0.000000000000000E+00   0.000000000000000E+00
   9.998496312100000E-01   9.483067515400000E+00   5.022993899500000E-01   3.216166709400000E-01   2.485064399700000E-02   0.000000000000000E+00   0.000000000000000E+00   0.000000000000000E+00   0.000000000000000E+00
   9.998587708100000E-01   9.492192112800000E+00   5.038559394400000E-01   3.384543549400000E-01  -3.880394342100000E-03   0.000000000000000E+00   0.000000000000000E+00   0.000000000000000E+00   0.000000000000000E+00
   9.998667126700000E-01   9.500638534100000E+00   5.052120978300000E-01   3.190118795000000E-01   2.430514156200000E-02   0.000000000000000E+00   0.000000000000000E+00   0.000000000000000E+00   0.000000000000000E+00
   9.998746545200000E-01   9.508551695000000E+00   5.065680697900000E-01   3.270078256200000E-01   9.723941076400001E-03   0.000000000000000E+00   0.000000000000000E+00   0.000000000000000E+00   0.000000000000000E+00
   9.998825963800000E-01   9.516720453000000E+00   5.079265870200000E-01   3.166239293800000E-01   2.376815129700000E-02   0.000000000000000E+00   0.000000000000000E+00   0.000000000000000E+00   0.000000000000000E+00
   9.998905382300000E-01   9.524372571700001E+00   5.092849661800000E-01   3.328734039700000E-01  -3.625234466300000E-03   0.000000000000000E+00   0.000000000000000E+00   0.000000000000000E+00   0.000000000000000E+00
   9.998967238399999E-01   9.530824622500001E+00   5.103457970300000E-01   3.145216341400000E-01   2.328874886100000E-02   0.000000000000000E+00   0.000000000000000E+00   0.000000000000000E+00   0.000000000000000E+00
   9.999029094400000E-01   9.536791743700000E+00   5.114059401700000E-01   3.223535175100000E-01   9.482780726099999E-03   0.000000000000000E+00   0.000000000000000E+00   0.000000000000000E+00   0.000000000000000E+00
   9.999090950400000E-01   9.543024727400001E+00   5.124679950100000E-01   3.127228520400000E-01   2.281386479300000E-02   0.000000000000000E+00   0.000000000000000E+00   0.000000000000000E+00   0.000000000000000E+00
   9.999152806400000E-01   9.548791059699999E+00   5.135294226100000E-01   3.282834885100000E-01  -2.973557161600000E-03   0.000000000000000E+00   0.000000000000000E+00   0.000000000000000E+00   0.000000000000000E+00
   9.999202022600000E-01   9.553862657600000E+00   5.143763314699999E-01   3.111230825500000E-01   2.238572032300000E-02   0.000000000000000E+00   0.000000000000000E+00   0.000000000000000E+00   0.000000000000000E+00
   9.999251238900000E-01   9.558489514400000E+00   5.152223215100000E-01   3.186140450400000E-01   9.477307837800000E-03   0.000000000000000E+00   0.000000000000000E+00   0.000000000000000E+00   0.000000000000000E+00
   9.999300455100000E-01   9.563376911600001E+00   5.160698335600000E-01   3.097480340400000E-01   2.194370650600000E-02   0.000000000000000E+00   0.000000000000000E+00   0.000000000000000E+00   0.000000000000000E+00
   9.999349671300000E-01   9.567840291500000E+00   5.169164977100000E-01   3.243598017000000E-01  -1.989877988300000E-03   0.000000000000000E+00   0.000000000000000E+00   0.000000000000000E+00   0.000000000000000E+00
   9.999391403200000E-01   9.572094823800001E+00   5.176365172000000E-01   3.084816145800000E-01   2.154531048800000E-02   0.000000000000000E+00   0.000000000000000E+00   0.000000000000000E+00   0.000000000000000E+00
   9.999433135100000E-01   9.575941613800000E+00   5.183555681300001E-01   3.154726935000000E-01   9.633075432100000E-03   0.000000000000000E+00   0.000000000000000E+00   0.000000000000000E+00   0.000000000000000E+00
   9.999474867000000E-01   9.580033921400000E+00   5.190759105800000E-01   3.073564453200000E-01   2.112303503000000E-02   0.000000000000000E+00   0.000000000000000E+00   0.000000000000000E+00   0.000000000000000E+00
   9.999516598800000E-01   9.583740784600000E+00   5.197953614300000E-01   3.208303119000000E-01  -8.151305545300000E-04   0.000000000000000E+00   0.000000000000000E+00   0.000000000000000E+00   0.000000000000000E+00
   9.999549589500000E-01   9.587093111700000E+00   5.203658846100000E-01   3.063604530000000E-01   2.074031106000000E-02   0.000000000000000E+00   0.000000000000000E+00   0.000000000000000E+00   0.000000000000000E+00
   9.999582580100000E-01   9.590077102000000E+00   5.209354083600000E-01   3.127967530600000E-01   9.931469141399999E-03   0.000000000000000E+00   0.000000000000000E+00   0.000000000000000E+00   0.000000000000000E+00
   9.999615570800000E-01   9.593288154100000E+00   5.215059917800000E-01   3.055298373500000E-01   2.032522690200000E-02   0.000000000000000E+00   0.000000000000000E+00   0.000000000000000E+00   0.000000000000000E+00
   9.999648561400000E-01   9.596156262299999E+00   5.220756636400000E-01   3.176991231300000E-01   6.578306177500000E-04   0.000000000000000E+00   0.000000000000000E+00   0.000000000000000E+00   0.000000000000000E+00
   9.999674397400000E-01   9.598782119099999E+00   5.225232950499999E-01   3.047997035200000E-01   1.994883471200000E-02   0.000000000000000E+00   0.000000000000000E+00   0.000000000000000E+00   0.000000000000000E+00
   9.999700233500000E-01   9.601081763800000E+00   5.229699660500000E-01   3.105578721300000E-01   1.038540515600000E-02   0.000000000000000E+00   0.000000000000000E+00   0.000000000000000E+00   0.000000000000000E+00
   9.999726069500000E-01   9.603584455300000E+00   5.234175064100000E-01   3.042127143700000E-01   1.953261479800000E-02   0.000000000000000E+00   0.000000000000000E+00   0.000000000000000E+00   0.000000000000000E+00
   9.999751905499999E-01   9.605789434900000E+00   5.238641846600000E-01   3.148668969600000E-01   2.411584737600000E-03   0.000000000000000E+00   0.000000000000000E+00   0.000000000000000E+00   0.000000000000000E+00
   9.999771784900000E-01   9.607815403100000E+00   5.242091298200000E-01   3.037087902200000E-01   1.915567640900000E-02   0.000000000000000E+00   0.000000000000000E+00   0.000000000000000E+00   0.000000000000000E+00
   9.999791664300000E-01   9.609560497000000E+00   5.245532013500001E-01   3.086826091200000E-01   1.098033748100000E-02   0.000000000000000E+00   0.000000000000000E+00   0.000000000000000E+00   0.000000000000000E+00
   9.999811543700000E-01   9.611479104800001E+00   5.248979674299999E-01   3.033589294000000E-01   1.873730211700000E-02   0.000000000000000E+00   0.000000000000000E+00   0.000000000000000E+00   0.000000000000000E+00
   9.999831423100000E-01   9.613146215500000E+00   5.252419519300000E-01   3.123646313500000E-01   4.433313630200000E-03   0.000000000000000E+00   0.000000000000000E+00   0.000000000000000E+00   0.000000000000000E+00
   9.999846218300000E-01   9.614654828999999E+00   5.254989358800000E-01   3.032183538600000E-01   1.837178793400000E-02   0.000000000000000E+00   0.000000000000000E+00   0.000000000000000E+00   0.000000000000000E+00
   9.999861013600000E-01   9.615925109300001E+00   5.257551195300000E-01   3.075162258600000E-01   1.174212464800000E-02   0.000000000000000E+00   0.000000000000000E+00   0.000000000000000E+00   0.000000000000000E+00
   9.999875808899999E-01   9.617322045300000E+00   5.260117309200000E-01   3.037200918300000E-01   1.801418451000000E-02   0.000000000000000E+00   0.000000000000000E+00   0.000000000000000E+00   0.000000000000000E+00
   9.999890604200000E-01   9.618490351900000E+00   5.262674707500000E-01   3.117668777900000E-01   6.854963331600000E-03   0.000000000000000E+00   0.000000000000000E+00   0.000000000000000E+00   0.000000000000000E+00
   9.999901224400000E-01   9.619501421200001E+00   5.264515125700000E-01   3.058820560800000E-01   1.785646179700000E-02   0.000000000000000E+00   0.000000000000000E+00   0.000000000000000E+00   0.000000000000000E+00
   9.999911844500000E-01   9.620278322100001E+00   5.266345362000000E-01   3.112037540000000E-01   1.305985087500000E-02   0.000000000000000E+00   0.000000000000000E+00   0.000000000000000E+00   0.000000000000000E+00
   9.999922464700000E-01   9.621064729500000E+00   5.268172156699999E-01   3.118869490900000E-01   1.804230728800000E-02   0.000000000000000E+00   0.000000000000000E+00   0.000000000000000E+00   0.000000000000000E+00
   9.999933084900000E-01   9.621539208800000E+00   5.269981415200000E-01   3.235935197600000E-01   1.064948052500000E-02   0.000000000000000E+00   0.000000000000000E+00   0.000000000000000E+00   0.000000000000000E+00
   9.999940005700000E-01   9.621841053200001E+00   5.271154210400000E-01   3.253987740400000E-01   1.904658301700000E-02   0.000000000000000E+00   0.000000000000000E+00   0.000000000000000E+00   0.000000000000000E+00
   9.999946926400000E-01   9.621833285899999E+00   5.272308958800001E-01   3.375301655900000E-01   1.679618641700000E-02   0.000000000000000E+00   0.000000000000000E+00   0.000000000000000E+00   0.000000000000000E+00
   9.999953847200000E-01   9.621607151799999E+00   5.273445149400000E-01   3.506911864200000E-01   2.139503371000000E-02   0.000000000000000E+00   0.000000000000000E+00   0.000000000000000E+00   0.000000000000000E+00
   9.999960768000000E-01   9.620832689400000E+00   5.274545348500000E-01   3.772972412500000E-01   1.925932491500000E-02   0.000000000000000E+00   0.000000000000000E+00   0.000000000000000E+00   0.000000000000000E+00
   9.999964886000000E-01   9.620113074000001E+00   5.275179061800001E-01   3.947968154500000E-01   2.628161133100000E-02   0.000000000000000E+00   0.000000000000000E+00   0.000000000000000E+00   0.000000000000000E+00
   9.999969003900000E-01   9.618942768700000E+00   5.275784373400000E-01   4.237571322200000E-01   2.818970772700000E-02   0.000000000000000E+00   0.000000000000000E+00   0.000000000000000E+00   0.000000000000000E+00
   9.999973121800000E-01   9.617235581299999E+00   5.276353169600000E-01   4.623089398500000E-01   3.512931951100000E-02   0.000000000000000E+00   0.000000000000000E+00   0.000000000000000E+00   0.000000000000000E+00
   9.999977239800000E-01   9.614579086299999E+00   5.276862730200000E-01   5.224201711499999E-01   4.205396404200000E-02   0.000000000000000E+00   0.000000000000000E+00   0.000000000000000E+00   0.000000000000000E+00
   9.999979479700000E-01   9.612574278100000E+00   5.277104728400001E-01   5.662117266500000E-01   5.157274606000000E-02   0.000000000000000E+00   0.000000000000000E+00   0.000000000000000E+00   0.000000000000000E+00
   9.999981719500000E-01   9.609914434800000E+00   5.277308545900000E-01   6.257872623700000E-01   6.193171705700000E-02   0.000000000000000E+00   0.000000000000000E+00   0.000000000000000E+00   0.000000000000000E+00
   9.999983959400000E-01   9.606332412900001E+00   5.277459407200000E-01   7.064888222000000E-01   7.888206817900000E-02   0.000000000000000E+00   0.000000000000000E+00   0.000000000000000E+00   0.000000000000000E+00
   9.999986199300001E-01   9.601263719500000E+00   5.277528779800000E-01   8.231993072900000E-01   1.052426083200000E-01   0.000000000000000E+00   0.000000000000000E+00   0.000000000000000E+00   0.000000000000000E+00
   9.999987383100000E-01   9.597679954600000E+00   5.277517275200000E-01   9.067358996700000E-01   1.274192615300000E-01   0.000000000000000E+00   0.000000000000000E+00   0.000000000000000E+00   0.000000000000000E+00
   9.999988566900000E-01   9.593153250200000E+00   5.277457293400000E-01   1.013885565500000E+00   1.577321620000000E-01   0.000000000000000E+00   0.000000000000000E+00   0.000000000000000E+00   0.000000000000000E+00
   9.999989750700000E-01   9.587277378100000E+00   5.277329730400000E-01   1.154830025700000E+00   2.024824483100000E-01   0.000000000000000E+00   0.000000000000000E+00   0.000000000000000E+00   0.000000000000000E+00
   9.999990934500000E-01   9.579348399200001E+00   5.277102415900000E-01   1.347843896300000E+00   2.716838004400000E-01   0.000000000000000E+00   0.000000000000000E+00   0.000000000000000E+00   0.000000000000000E+00
   9.999991618400000E-01   9.573390467299999E+00   5.276905811900000E-01   1.494268248900000E+00   3.307051859900000E-01   0.000000000000000E+00   0.000000000000000E+00   0.000000000000000E+00   0.000000000000000E+00
   9.999992302300000E-01   9.565976986700001E+00   5.276641735599999E-01   1.677742840300000E+00   4.117023096300000E-01   0.000000000000000E+00   0.000000000000000E+00   0.000000000000000E+00   0.000000000000000E+00
   9.999992986200000E-01   9.556520055200000E+00   5.276284771800001E-01   1.912946910800000E+00   5.275420615500001E-01   0.000000000000000E+00   0.000000000000000E+00   0.000000000000000E+00   0.000000000000000E+00
   9.999993670100000E-01   9.544068967099999E+00   5.275794475800000E-01   2.223617837000000E+00   7.000613055600000E-01   0.000000000000000E+00   0.000000000000000E+00   0.000000000000000E+00   0.000000000000000E+00
   9.999994095400000E-01   9.534169371200001E+00   5.275395162900000E-01   2.470544171600000E+00   8.530931919500000E-01   0.000000000000000E+00   0.000000000000000E+00   0.000000000000000E+00   0.000000000000000E+00
   9.999994520700000E-01   9.521953443999999E+00   5.274895947200000E-01   2.774633255200000E+00   1.059693602300000E+00   0.000000000000000E+00   0.000000000000000E+00   0.000000000000000E+00   0.000000000000000E+00
   9.999994946100000E-01   9.506561280000000E+00   5.274261543600000E-01   3.155843348900000E+00   1.347334772700000E+00   0.000000000000000E+00   0.000000000000000E+00   0.000000000000000E+00   0.000000000000000E+00
   9.999995371400000E-01   9.486670812200000E+00   5.273438254200000E-01   3.644427800400000E+00   1.760713889900000E+00   0.000000000000000E+00   0.000000000000000E+00   0.000000000000000E+00   0.000000000000000E+00
   9.999995655500000E-01   9.469913312199999E+00   5.272744205300000E-01   4.051796931700000E+00   2.143392383100000E+00   0.000000000000000E+00   0.000000000000000E+00   0.000000000000000E+00   0.000000000000000E+00
   9.999995939500000E-01   9.449358230800000E+00   5.271894057299999E-01   4.545945295600000E+00   2.651969728600000E+00   0.000000000000000E+00   0.000000000000000E+00   0.000000000000000E+00   0.000000000000000E+00
   9.999996223600000E-01   9.423706835500001E+00   5.270836278200000E-01   5.153430869200000E+00   3.344030811000000E+00   0.000000000000000E+00   0.000000000000000E+00   0.000000000000000E+00   0.000000000000000E+00
   9.999996507600000E-01   9.391048999200001E+00   5.269495577900000E-01   5.912212933300000E+00   4.309078926300000E+00   0.000000000000000E+00   0.000000000000000E+00   0.000000000000000E+00   0.000000000000000E+00
   9.999996714500000E-01   9.361291658300001E+00   5.268279805100000E-01   6.589418736000000E+00   5.263758168200000E+00   0.000000000000000E+00   0.000000000000000E+00   0.000000000000000E+00   0.000000000000000E+00
   9.999996921400000E-01   9.324795405600000E+00   5.266795812100000E-01   7.402469280900000E+00   6.522873268500000E+00   0.000000000000000E+00   0.000000000000000E+00   0.000000000000000E+00   0.000000000000000E+00
   9.999997128300000E-01   9.279378562500000E+00   5.264958935500000E-01   8.388060273600001E+00   8.215154170600000E+00   0.000000000000000E+00   0.000000000000000E+00   0.000000000000000E+00   0.000000000000000E+00
   9.999997335200000E-01   9.221939490600001E+00   5.262649351899999E-01   9.595852235700001E+00   1.053341879700000E+01   0.000000000000000E+00   0.000000000000000E+00   0.000000000000000E+00   0.000000000000000E+00
   9.999997496600000E-01   9.165989173400000E+00   5.260411825600000E-01   1.073359666900000E+01   1.296338624300000E+01   0.000000000000000E+00   0.000000000000000E+00   0.000000000000000E+00   0.000000000000000E+00
   9.999997658100001E-01   9.097174987500001E+00   5.257673528400000E-01   1.208526186100000E+01   1.615744478400000E+01   0.000000000000000E+00   0.000000000000000E+00   0.000000000000000E+00   0.000000000000000E+00
   9.999997819500001E-01   9.011556897500000E+00   5.254283872700000E-01   1.369906286100000E+01   2.041600512800000E+01   0.000000000000000E+00   0.000000000000000E+00   0.000000000000000E+00   0.000000000000000E+00
   9.999997980999999E-01   8.903756176300000E+00   5.250037927200000E-01   1.563489036000000E+01   2.617031369100000E+01   0.000000000000000E+00   0.000000000000000E+00   0.000000000000000E+00   0.000000000000000E+00
   9.999998117000000E-01   8.790479167899999E+00   5.245597084800000E-01   1.756544789600000E+01   3.262968373000000E+01   0.000000000000000E+00   0.000000000000000E+00   0.000000000000000E+00   0.000000000000000E+00
   9.999998253000000E-01   8.650624207100000E+00   5.240137380100000E-01   1.981944307300000E+01   4.110919972300000E+01   0.000000000000000E+00   0.000000000000000E+00   0.000000000000000E+00   0.000000000000000E+00
   9.999998389000000E-01   8.476851994100000E+00   5.233381290600000E-01   2.244187498700000E+01   5.232224803700000E+01   0.000000000000000E+00   0.000000000000000E+00   0.000000000000000E+00   0.000000000000000E+00
   9.999998525000000E-01   8.259936523000000E+00   5.224980738600000E-01   2.547256990700000E+01   6.721727501399999E+01   0.000000000000000E+00   0.000000000000000E+00   0.000000000000000E+00   0.000000000000000E+00
   9.999998625800000E-01   8.064787572200000E+00   5.217447089600000E-01   2.799529850400000E+01   8.135108903699999E+01   0.000000000000000E+00   0.000000000000000E+00   0.000000000000000E+00   0.000000000000000E+00
   9.999998726700000E-01   7.834670023000000E+00   5.208586123500000E-01   3.074904259100000E+01   9.878976570400000E+01   0.000000000000000E+00   0.000000000000000E+00   0.000000000000000E+00   0.000000000000000E+00
   9.999998827500000E-01   7.564194395900000E+00   5.198195620300000E-01   3.371030725500000E+01   1.202174164100000E+02   0.000000000000000E+00   0.000000000000000E+00   0.000000000000000E+00   0.000000000000000E+00
   9.999998928300000E-01   7.248185314700000E+00   5.186081773800000E-01   3.682992488400000E+01   1.463555610300000E+02   0.000000000000000E+00   0.000000000000000E+00   0.000000000000000E+00   0.000000000000000E+00
   9.999999032100000E-01   6.870985378800000E+00   5.171649812100000E-01   4.011944483000000E+01   1.788924557800000E+02   0.000000000000000E+00   0.000000000000000E+00   0.000000000000000E+00   0.000000000000000E+00
   9.999999135800000E-01   6.438525807300000E+00   5.155130719600000E-01   4.335798521000000E+01   2.177305313100000E+02   0.000000000000000E+00   0.000000000000000E+00   0.000000000000000E+00   0.000000000000000E+00
   9.999999239600000E-01   5.951975269300000E+00   5.136569782800000E-01   4.637402957700000E+01   2.630709269400000E+02   0.000000000000000E+00   0.000000000000000E+00   0.000000000000000E+00   0.000000000000000E+00
   9.999999343300000E-01   5.417510946900000E+00   5.116200191000000E-01   4.896149204300000E+01   3.145490389500000E+02   0.000000000000000E+00   0.000000000000000E+00   0.000000000000000E+00   0.000000000000000E+00
   9.999999425400000E-01   4.968064076700000E+00   5.099079565600000E-01   5.056688572100000E+01   3.589460364700000E+02   0.000000000000000E+00   0.000000000000000E+00   0.000000000000000E+00   0.000000000000000E+00
   9.999999507500000E-01   4.504291772800000E+00   5.081415961300000E-01   5.167784656900000E+01   4.055944091300000E+02   0.000000000000000E+00   0.000000000000000E+00   0.000000000000000E+00   0.000000000000000E+00
   9.999999589700000E-01   4.036155295000000E+00   5.063583639700000E-01   5.222538959300000E+01   4.533044826900000E+02   0.000000000000000E+00   0.000000000000000E+00   0.000000000000000E+00   0.000000000000000E+00
   9.999999671799999E-01   3.574393110200000E+00   5.045986087100000E-01   5.217348531600000E+01   5.006986536100000E+02   0.000000000000000E+00   0.000000000000000E+00   0.000000000000000E+00   0.000000000000000E+00
   9.999999753800000E-01   3.129909839900000E+00   5.029033442600001E-01   5.152580417400000E+01   5.462920633900000E+02   0.000000000000000E+00   0.000000000000000E+00   0.000000000000000E+00   0.000000000000000E+00
   9.999999835900000E-01   2.711515637600000E+00   5.013057139800000E-01   5.032490928200000E+01   5.887675417800000E+02   0.000000000000000E+00   0.000000000000000E+00   0.000000000000000E+00   0.000000000000000E+00
   9.999999917900000E-01   2.326308116500000E+00   4.998324920200000E-01   4.864339126500000E+01   6.269911204000000E+02   0.000000000000000E+00   0.000000000000000E+00   0.000000000000000E+00   0.000000000000000E+00
   1.000000000000000E+00   1.978880643800000E+00   4.985010900800000E-01   4.657637742600000E+01   6.601290471400000E+02   0.000000000000000E+00   0.000000000000000E+00   0.000000000000000E+00   0.000000000000000E+00
