   0.000000000000000E+00   4.926681175600000E-01   9.999999955900000E-01   1.684353490500000E+00   1.823059823100000E+00   0.000000000000000E+00   0.000000000000000E+00   0.000000000000000E+00   0.000000000000000E+00
   3.405780390500000E-04   6.164311813400000E-01   8.873859973400000E-01   1.597175424500000E+00   1.670621883600000E+00   0.000000000000000E+00   0.000000000000000E+00   0.000000000000000E+00   0.000000000000000E+00
   6.811560781000000E-04   7.556664425900000E-01   7.928708843700000E-01   1.550343777400000E+00   1.475965556800000E+00   0.000000000000000E+00   0.000000000000000E+00   0.000000000000000E+00   0.000000000000000E+00
   1.021734117100000E-03   9.113307853200000E-01   7.131931767500000E-01   1.488960809900000E+00   1.364009850300000E+00   0.000000000000000E+00   0.000000000000000E+00   0.000000000000000E+00   0.000000000000000E+00
   1.362312156200000E-03   1.081451486700000E+00   6.458692084800000E-01   1.464160427000000E+00   1.193651689800000E+00   0.000000000000000E+00   0.000000000000000E+00   0.000000000000000E+00   0.000000000000000E+00
   1.675937148600000E-03   1.250692755600000E+00   5.931486911500000E-01   1.405232993200000E+00   1.153049642200000E+00   0.000000000000000E+00   0.000000000000000E+00   0.000000000000000E+00   0.000000000000000E+00
   1.989562141000000E-03   1.428819856900000E+00   5.480655162000000E-01   1.380613824000000E+00   1.044376436300000E+00   0.000000000000000E+00   0.000000000000000E+00   0.000000000000000E+00   0.000000000000000E+00
   2.303187133400000E-03   1.614162979700000E+00   5.096163105700000E-01   1.337247460700000E+00   9.997953977100000E-01   0.000000000000000E+00   0.000000000000000E+00   0.000000000000000E+00   0.000000000000000E+00
   2.616812125800000E-03   1.802870829600000E+00   4.769466468000000E-01   1.327589665000000E+00   8.840921950300000E-01   0.000000000000000E+00   0.000000000000000E+00   0.000000000000000E+00   0.000000000000000E+00
   3.196179419100000E-03   2.150230589400000E+00   4.293854254300000E-01   1.256905172700000E+00   8.393000806699999E-01   0.000000000000000E+00   0.000000000000000E+00   0.000000000000000E+00   0.000000000000000E+00
   3.775546712400000E-03   2.474779252200000E+00   3.951923043500000E-01   1.225465468300000E+00   7.365138324600000E-01   0.000000000000000E+00   0.000000000000000E+00   0.000000000000000E+00   0.000000000000000E+00
   4.354914005600000E-03   2.758122862600000E+00   3.711593941100000E-01   1.180792719500000E+00   7.061828969600000E-01   0.000000000000000E+00   0.000000000000000E+00   0.000000000000000E+00   0.000000000000000E+00
   4.934281298900000E-03   2.987612685500000E+00   3.546355243600000E-01   1.175337495900000E+00   6.118408004100000E-01   0.000000000000000E+00   0.000000000000000E+00   0.000000000000000E+00   0.000000000000000E+00
   5.484962665000000E-03   3.156710856400000E+00   3.439604958200000E-01   1.136120980000000E+00   6.356707737100000E-01   0.000000000000000E+00   0.000000000000000E+00   0.000000000000000E+00   0.000000000000000E+00
   6.035644031100000E-03   3.280758220900000E+00   3.367330703800000E-01   1.133554747300000E+00   5.887978768400000E-01   0.000000000000000E+00   0.000000000000000E+00   0.000000000000000E+00   0.000000000000000E+00
   6.586325397300000E-03   3.369621755600000E+00   3.318986873500000E-01   1.113551763900000E+00   6.019817938200001E-01   0.000000000000000E+00   0.000000000000000E+00   0.000000000000000E+00   0.000000000000000E+00
   7.137006763400000E-03   3.430512007200000E+00   3.286861426200000E-01   1.128007859600000E+00   5.405810092200000E-01   0.000000000000000E+00   0.000000000000000E+00   0.000000000000000E+00   0.000000000000000E+00
   8.030745806900001E-03   3.491449267300000E+00   3.256314961500000E-01   1.101004738800000E+00   5.837841149300000E-01   0.000000000000000E+00   0.000000000000000E+00   0.000000000000000E+00   0.000000000000000E+00
   8.924484850300000E-03   3.522390746300000E+00   3.240969195500000E-01   1.108559506900000E+00   5.524108581200000E-01   0.000000000000000E+00   0.000000000000000E+00   0.000000000000000E+00   0.000000000000000E+00
   9.818223893800000E-03   3.538453797800000E+00   3.233254292300000E-01   1.096232351100000E+00   5.769547946000000E-01   0.000000000000000E+00   0.000000000000000E+00   0.000000000000000E+00   0.000000000000000E+00
   1.071196293700000E-02   3.546229242100000E+00   3.229344763600000E-01   1.116213897800000E+00   5.237116366400000E-01   0.000000000000000E+00   0.000000000000000E+00   0.000000000000000E+00   0.000000000000000E+00
   1.358122712600000E-02   3.553986294300000E+00   3.225763615400000E-01   1.094664893300000E+00   5.747211521100000E-01   0.000000000000000E+00   0.000000000000000E+00   0.000000000000000E+00   0.000000000000000E+00
   1.645049131400000E-02   3.554118263300000E+00   3.225625477000000E-01   1.105348537100000E+00   5.478544417600000E-01   0.000000000000000E+00   0.000000000000000E+00   0.000000000000000E+00   0.000000000000000E+00
   1.931975550300000E-02   3.554548241300000E+00   3.225493709100000E-01   1.094608863700000E+00   5.746389380600000E-01   0.000000000000000E+00   0.000000000000000E+00   0.000000000000000E+00   0.000000000000000E+00
   2.218901969200000E-02   3.554169343600000E+00   3.225531191700000E-01   1.115408681500000E+00   5.225848917100000E-01   0.000000000000000E+00   0.000000000000000E+00   0.000000000000000E+00   0.000000000000000E+00
   3.227645219900000E-02   3.554591026700000E+00   3.225473133800000E-01   1.094604913700000E+00   5.746318859700000E-01   0.000000000000000E+00   0.000000000000000E+00   0.000000000000000E+00   0.000000000000000E+00
   4.236388470600000E-02   3.554401662400000E+00   3.225489676500000E-01   1.105318928400000E+00   5.478164829700000E-01   0.000000000000000E+00   0.000000000000000E+00   0.000000000000000E+00   0.000000000000000E+00
   5.245131721400000E-02   3.554580049600000E+00   3.225478398300000E-01   1.094606211000000E+00   5.746329776700000E-01   0.000000000000000E+00   0.000000000000000E+00   0.000000000000000E+00   0.000000000000000E+00
   6.253874972100000E-02   3.554254199900000E+00   3.225490493700000E-01   1.115398906400000E+00   5.225758139200000E-01   0.000000000000000E+00   0.000000000000000E+00   0.000000000000000E+00   0.000000000000000E+00
   7.792976020400000E-02   3.554576169000000E+00   3.225480258900000E-01   1.094606736100000E+00   5.746331955800000E-01   0.000000000000000E+00   0.000000000000000E+00   0.000000000000000E+00   0.000000000000000E+00
   9.332077068700000E-02   3.554415768700000E+00   3.225482912200000E-01   1.105317128000000E+00   5.478154167700000E-01   0.000000000000000E+00   0.000000000000000E+00   0.000000000000000E+00   0.000000000000000E+00
   1.087117811700000E-01   3.554573458900000E+00   3.225481558200000E-01   1.094607134100000E+00   5.746332690100000E-01   0.000000000000000E+00   0.000000000000000E+00   0.000000000000000E+00   0.000000000000000E+00
   1.241027916500000E-01   3.554272964400000E+00   3.225481497700000E-01   1.115396216200000E+00   5.225751406700000E-01   0.000000000000000E+00   0.000000000000000E+00   0.000000000000000E+00   0.000000000000000E+00
   1.406181549600000E-01   3.554571990300000E+00   3.225482262000000E-01   1.094607384500000E+00   5.746332209800000E-01   0.000000000000000E+00   0.000000000000000E+00   0.000000000000000E+00   0.000000000000000E+00
   1.571335182700000E-01   3.554420175100000E+00   3.225480800300000E-01   1.105316394600000E+00   5.478155152000000E-01   0.000000000000000E+00   0.000000000000000E+00   0.000000000000000E+00   0.000000000000000E+00
   1.736488815800000E-01   3.554570853700000E+00   3.225482806400000E-01   1.094607615300000E+00   5.746330905500000E-01   0.000000000000000E+00   0.000000000000000E+00   0.000000000000000E+00   0.000000000000000E+00
   1.901642448900000E-01   3.554280751200000E+00   3.225477767300000E-01   1.115394687600000E+00   5.225759020800000E-01   0.000000000000000E+00   0.000000000000000E+00   0.000000000000000E+00   0.000000000000000E+00
   2.092150932900000E-01   3.554570247300000E+00   3.225483096700000E-01   1.094607768600000E+00   5.746329447500000E-01   0.000000000000000E+00   0.000000000000000E+00   0.000000000000000E+00   0.000000000000000E+00
   2.282659416900000E-01   3.554422014100000E+00   3.225479919900000E-01   1.105315949000000E+00   5.478159086800000E-01   0.000000000000000E+00   0.000000000000000E+00   0.000000000000000E+00   0.000000000000000E+00
   2.473167900900000E-01   3.554569764600000E+00   3.225483327600000E-01   1.094607918000000E+00   5.746327597200001E-01   0.000000000000000E+00   0.000000000000000E+00   0.000000000000000E+00   0.000000000000000E+00
   2.663676384900000E-01   3.554284002000000E+00   3.225476212200000E-01   1.115393715400000E+00   5.225770631900000E-01   0.000000000000000E+00   0.000000000000000E+00   0.000000000000000E+00   0.000000000000000E+00
   2.867821641000000E-01   3.554569481500000E+00   3.225483462800000E-01   1.094608029200000E+00   5.746325914400000E-01   0.000000000000000E+00   0.000000000000000E+00   0.000000000000000E+00   0.000000000000000E+00
   3.071966897200000E-01   3.554422848000000E+00   3.225479521400000E-01   1.105315631300000E+00   5.478163788500000E-01   0.000000000000000E+00   0.000000000000000E+00   0.000000000000000E+00   0.000000000000000E+00
   3.276112153300000E-01   3.554569245200000E+00   3.225483575500000E-01   1.094608147000000E+00   5.746323881099999E-01   0.000000000000000E+00   0.000000000000000E+00   0.000000000000000E+00   0.000000000000000E+00
   3.480257409500000E-01   3.554285582400000E+00   3.225475458000000E-01   1.115392954700000E+00   5.225783547600000E-01   0.000000000000000E+00   0.000000000000000E+00   0.000000000000000E+00   0.000000000000000E+00
   3.657344879600000E-01   3.554569083600000E+00   3.225483652500000E-01   1.094608249300000E+00   5.746321942600000E-01   0.000000000000000E+00   0.000000000000000E+00   0.000000000000000E+00   0.000000000000000E+00
   3.834432349800000E-01   3.554423300200000E+00   3.225479306100000E-01   1.105315343000000E+00   5.478169267800000E-01   0.000000000000000E+00   0.000000000000000E+00   0.000000000000000E+00   0.000000000000000E+00
   4.011519820000000E-01   3.554568945900000E+00   3.225483717800000E-01   1.094608371500000E+00   5.746319405800000E-01   0.000000000000000E+00   0.000000000000000E+00   0.000000000000000E+00   0.000000000000000E+00
   4.188607290200000E-01   3.554286516600000E+00   3.225475014500000E-01   1.115392167300000E+00   5.225799707100000E-01   0.000000000000000E+00   0.000000000000000E+00   0.000000000000000E+00   0.000000000000000E+00
   4.356208190600000E-01   3.554568860600000E+00   3.225483758100000E-01   1.094608474700000E+00   5.746317138500000E-01   0.000000000000000E+00   0.000000000000000E+00   0.000000000000000E+00   0.000000000000000E+00
   4.523809091000000E-01   3.554423545300000E+00   3.225479190300000E-01   1.105315051000000E+00   5.478175663800000E-01   0.000000000000000E+00   0.000000000000000E+00   0.000000000000000E+00   0.000000000000000E+00
   4.691409991400000E-01   3.554568791100000E+00   3.225483790700000E-01   1.094608596200000E+00   5.746314349300000E-01   0.000000000000000E+00   0.000000000000000E+00   0.000000000000000E+00   0.000000000000000E+00
   4.859010891700000E-01   3.554286990800000E+00   3.225474792000000E-01   1.115391387200000E+00   5.225817514900000E-01   0.000000000000000E+00   0.000000000000000E+00   0.000000000000000E+00   0.000000000000000E+00
   4.979890948800000E-01   3.554568740000000E+00   3.225483814400000E-01   1.094608717400000E+00   5.746311492800000E-01   0.000000000000000E+00   0.000000000000000E+00   0.000000000000000E+00   0.000000000000000E+00
   5.100771005900000E-01   3.554423681300000E+00   3.225479127300000E-01   1.105314709600000E+00   5.478183741100000E-01   0.000000000000000E+00   0.000000000000000E+00   0.000000000000000E+00   0.000000000000000E+00
   5.221651063000000E-01   3.554568701700000E+00   3.225483831700000E-01   1.094608879900000E+00   5.746307542800000E-01   0.000000000000000E+00   0.000000000000000E+00   0.000000000000000E+00   0.000000000000000E+00
   5.342531120000000E-01   3.554287267700000E+00   3.225474665900000E-01   1.115390343900000E+00   5.225842749100000E-01   0.000000000000000E+00   0.000000000000000E+00   0.000000000000000E+00   0.000000000000000E+00
   5.454888090000000E-01   3.554568680500000E+00   3.225483841000000E-01   1.094609022000000E+00   5.746304040200000E-01   0.000000000000000E+00   0.000000000000000E+00   0.000000000000000E+00   0.000000000000000E+00
   5.567245060000000E-01   3.554423743500000E+00   3.225479100100000E-01   1.105314308100000E+00   5.478193627700000E-01   0.000000000000000E+00   0.000000000000000E+00   0.000000000000000E+00   0.000000000000000E+00
   5.679602029900001E-01   3.554568665500000E+00   3.225483847000000E-01   1.094609194200000E+00   5.746299753300000E-01   0.000000000000000E+00   0.000000000000000E+00   0.000000000000000E+00   0.000000000000000E+00
   5.791958999900000E-01   3.554287376900000E+00   3.225474620800000E-01   1.115389240600000E+00   5.225870165900000E-01   0.000000000000000E+00   0.000000000000000E+00   0.000000000000000E+00   0.000000000000000E+00
   5.900539427600000E-01   3.554568657200000E+00   3.225483850000000E-01   1.094609342600000E+00   5.746296039700000E-01   0.000000000000000E+00   0.000000000000000E+00   0.000000000000000E+00   0.000000000000000E+00
   6.009119855300000E-01   3.554423768300000E+00   3.225479091000000E-01   1.105313888900000E+00   5.478204111600000E-01   0.000000000000000E+00   0.000000000000000E+00   0.000000000000000E+00   0.000000000000000E+00
   6.117700283000000E-01   3.554568650800000E+00   3.225483851900000E-01   1.094609519800000E+00   5.746291591000000E-01   0.000000000000000E+00   0.000000000000000E+00   0.000000000000000E+00   0.000000000000000E+00
   6.226280710700000E-01   3.554287422500000E+00   3.225474606500000E-01   1.115388105800000E+00   5.225898630800000E-01   0.000000000000000E+00   0.000000000000000E+00   0.000000000000000E+00   0.000000000000000E+00
   6.312083285600000E-01   3.554568646200000E+00   3.225483853000000E-01   1.094609690300000E+00   5.746287305500000E-01   0.000000000000000E+00   0.000000000000000E+00   0.000000000000000E+00   0.000000000000000E+00
   6.397885860600000E-01   3.554423781200000E+00   3.225479088000000E-01   1.105313407600000E+00   5.478216211800000E-01   0.000000000000000E+00   0.000000000000000E+00   0.000000000000000E+00   0.000000000000000E+00
   6.483688435600000E-01   3.554568642000000E+00   3.225483853500000E-01   1.094609914200000E+00   5.746281670700000E-01   0.000000000000000E+00   0.000000000000000E+00   0.000000000000000E+00   0.000000000000000E+00
   6.569491010500000E-01   3.554287451700000E+00   3.225474602000000E-01   1.115386672800000E+00   5.225934690300000E-01   0.000000000000000E+00   0.000000000000000E+00   0.000000000000000E+00   0.000000000000000E+00
   6.644298119299999E-01   3.554568638800000E+00   3.225483853700000E-01   1.094610118400000E+00   5.746276528399999E-01   0.000000000000000E+00   0.000000000000000E+00   0.000000000000000E+00   0.000000000000000E+00
   6.719105228100000E-01   3.554423790500000E+00   3.225479087400000E-01   1.105312831000000E+00   5.478230730700000E-01   0.000000000000000E+00   0.000000000000000E+00   0.000000000000000E+00   0.000000000000000E+00
   6.793912337000000E-01   3.554568635100000E+00   3.225483853700000E-01   1.094610375000000E+00   5.746270064300000E-01   0.000000000000000E+00   0.000000000000000E+00   0.000000000000000E+00   0.000000000000000E+00
   6.868719445800000E-01   3.554287475700000E+00   3.225474601500000E-01   1.115385030300000E+00   5.225976060000000E-01   0.000000000000000E+00   0.000000000000000E+00   0.000000000000000E+00   0.000000000000000E+00
   6.926695346700000E-01   3.554568631800000E+00   3.225483853700000E-01   1.094610624800000E+00   5.746263772200000E-01   0.000000000000000E+00   0.000000000000000E+00   0.000000000000000E+00   0.000000000000000E+00
   6.984671247599999E-01   3.554423800000000E+00   3.225479087500000E-01   1.105312125700000E+00   5.478248496300000E-01   0.000000000000000E+00   0.000000000000000E+00   0.000000000000000E+00   0.000000000000000E+00
   7.042647148500000E-01   3.554568627400000E+00   3.225483853600000E-01   1.094610955900000E+00   5.746255431900000E-01   0.000000000000000E+00   0.000000000000000E+00   0.000000000000000E+00   0.000000000000000E+00
   7.100623049500000E-01   3.554287503700000E+00   3.225474602100000E-01   1.115382911500000E+00   5.226029437800001E-01   0.000000000000000E+00   0.000000000000000E+00   0.000000000000000E+00   0.000000000000000E+00
   7.167719134100000E-01   3.554568624000000E+00   3.225483853500000E-01   1.094611218100000E+00   5.746248824800000E-01   0.000000000000000E+00   0.000000000000000E+00   0.000000000000000E+00   0.000000000000000E+00
   7.234815218700000E-01   3.554423809700000E+00   3.225479087800000E-01   1.105311385300000E+00   5.478267151700000E-01   0.000000000000000E+00   0.000000000000000E+00   0.000000000000000E+00   0.000000000000000E+00
   7.301911303300000E-01   3.554568620300000E+00   3.225483853300000E-01   1.094611504100000E+00   5.746241618900000E-01   0.000000000000000E+00   0.000000000000000E+00   0.000000000000000E+00   0.000000000000000E+00
   7.369007387900000E-01   3.554287527600000E+00   3.225474602900000E-01   1.115381081000000E+00   5.226075555300000E-01   0.000000000000000E+00   0.000000000000000E+00   0.000000000000000E+00   0.000000000000000E+00
   7.453419411600000E-01   3.554568617400000E+00   3.225483853200000E-01   1.094611722300000E+00   5.746236122500000E-01   0.000000000000000E+00   0.000000000000000E+00   0.000000000000000E+00   0.000000000000000E+00
   7.537831435200000E-01   3.554423817800000E+00   3.225479088000000E-01   1.105310769300000E+00   5.478282671100000E-01   0.000000000000000E+00   0.000000000000000E+00   0.000000000000000E+00   0.000000000000000E+00
   7.622243458800000E-01   3.554568614400000E+00   3.225483853200000E-01   1.094611949600000E+00   5.746230395400000E-01   0.000000000000000E+00   0.000000000000000E+00   0.000000000000000E+00   0.000000000000000E+00
   7.706655482500000E-01   3.554287546600000E+00   3.225474603500000E-01   1.115379626200000E+00   5.226112208800000E-01   0.000000000000000E+00   0.000000000000000E+00   0.000000000000000E+00   0.000000000000000E+00
   7.760254727500000E-01   3.554568611200000E+00   3.225483853000000E-01   1.094612198300000E+00   5.746224128300000E-01   0.000000000000000E+00   0.000000000000000E+00   0.000000000000000E+00   0.000000000000000E+00
   7.813853972600000E-01   3.554423826900000E+00   3.225479088300000E-01   1.105310066900000E+00   5.478300366100000E-01   0.000000000000000E+00   0.000000000000000E+00   0.000000000000000E+00   0.000000000000000E+00
   7.867453217600000E-01   3.554568606500000E+00   3.225483852900000E-01   1.094612556300000E+00   5.746215109800000E-01   0.000000000000000E+00   0.000000000000000E+00   0.000000000000000E+00   0.000000000000000E+00
   7.921052462600000E-01   3.554287576400000E+00   3.225474604500000E-01   1.115377335300000E+00   5.226169927100000E-01   0.000000000000000E+00   0.000000000000000E+00   0.000000000000000E+00   0.000000000000000E+00
   7.968757480200001E-01   3.554568602300000E+00   3.225483852800000E-01   1.094612879300000E+00   5.746206971100000E-01   0.000000000000000E+00   0.000000000000000E+00   0.000000000000000E+00   0.000000000000000E+00
   8.016462497700000E-01   3.554423838800000E+00   3.225479088700000E-01   1.105309154800000E+00   5.478323346000000E-01   0.000000000000000E+00   0.000000000000000E+00   0.000000000000000E+00   0.000000000000000E+00
   8.064167515200000E-01   3.554568597100000E+00   3.225483852600000E-01   1.094613281400000E+00   5.746196839800000E-01   0.000000000000000E+00   0.000000000000000E+00   0.000000000000000E+00   0.000000000000000E+00
   8.111872532800000E-01   3.554287609900000E+00   3.225474605500000E-01   1.115374761800000E+00   5.226234767400000E-01   0.000000000000000E+00   0.000000000000000E+00   0.000000000000000E+00   0.000000000000000E+00
   8.158615384700000E-01   3.554568592600000E+00   3.225483852400000E-01   1.094613626700000E+00   5.746188140200000E-01   0.000000000000000E+00   0.000000000000000E+00   0.000000000000000E+00   0.000000000000000E+00
   8.205358236700000E-01   3.554423851500000E+00   3.225479089100000E-01   1.105308179900000E+00   5.478347909500000E-01   0.000000000000000E+00   0.000000000000000E+00   0.000000000000000E+00   0.000000000000000E+00
   8.252101088600000E-01   3.554568587300000E+00   3.225483852300000E-01   1.094614037000000E+00   5.746177801900000E-01   0.000000000000000E+00   0.000000000000000E+00   0.000000000000000E+00   0.000000000000000E+00
   8.298843940500000E-01   3.554287644100000E+00   3.225474606600000E-01   1.115372135800000E+00   5.226300932200000E-01   0.000000000000000E+00   0.000000000000000E+00   0.000000000000000E+00   0.000000000000000E+00
   8.334498313399999E-01   3.554568582000000E+00   3.225483852100000E-01   1.094614440000000E+00   5.746167648700000E-01   0.000000000000000E+00   0.000000000000000E+00   0.000000000000000E+00   0.000000000000000E+00
   8.370152686300000E-01   3.554423866300000E+00   3.225479089600000E-01   1.105307042200000E+00   5.478376577000000E-01   0.000000000000000E+00   0.000000000000000E+00   0.000000000000000E+00   0.000000000000000E+00
   8.405807059200000E-01   3.554568575000000E+00   3.225483851900000E-01   1.094614977800000E+00   5.746154097700000E-01   0.000000000000000E+00   0.000000000000000E+00   0.000000000000000E+00   0.000000000000000E+00
   8.441461432000000E-01   3.554287688900000E+00   3.225474608100000E-01   1.115368693800000E+00   5.226387658400000E-01   0.000000000000000E+00   0.000000000000000E+00   0.000000000000000E+00   0.000000000000000E+00
   8.476044094000000E-01   3.554568569000000E+00   3.225483851700000E-01   1.094615442000000E+00   5.746142402100000E-01   0.000000000000000E+00   0.000000000000000E+00   0.000000000000000E+00   0.000000000000000E+00
   8.510626756000000E-01   3.554423883300000E+00   3.225479090200000E-01   1.105305731600000E+00   5.478409599800000E-01   0.000000000000000E+00   0.000000000000000E+00   0.000000000000000E+00   0.000000000000000E+00
   8.545209417900000E-01   3.554568561800000E+00   3.225483851500000E-01   1.094615996300000E+00   5.746128434100000E-01   0.000000000000000E+00   0.000000000000000E+00   0.000000000000000E+00   0.000000000000000E+00
   8.579792079900000E-01   3.554287735000000E+00   3.225474609600000E-01   1.115365146100000E+00   5.226477053700000E-01   0.000000000000000E+00   0.000000000000000E+00   0.000000000000000E+00   0.000000000000000E+00
   8.624188222300000E-01   3.554568556300000E+00   3.225483851300000E-01   1.094616415400000E+00   5.746117874700000E-01   0.000000000000000E+00   0.000000000000000E+00   0.000000000000000E+00   0.000000000000000E+00
   8.668584364700000E-01   3.554423898700000E+00   3.225479090700000E-01   1.105304548400000E+00   5.478439415100000E-01   0.000000000000000E+00   0.000000000000000E+00   0.000000000000000E+00   0.000000000000000E+00
   8.712980507200000E-01   3.554568550700000E+00   3.225483851100000E-01   1.094616847100000E+00   5.746106996300000E-01   0.000000000000000E+00   0.000000000000000E+00   0.000000000000000E+00   0.000000000000000E+00
   8.757376649600001E-01   3.554287771000000E+00   3.225474610700000E-01   1.115362383100000E+00   5.226546675600000E-01   0.000000000000000E+00   0.000000000000000E+00   0.000000000000000E+00   0.000000000000000E+00
   8.784169240800000E-01   3.554568544400000E+00   3.225483850900000E-01   1.094617334500000E+00   5.746094712699999E-01   0.000000000000000E+00   0.000000000000000E+00   0.000000000000000E+00   0.000000000000000E+00
   8.810961832000000E-01   3.554423916600000E+00   3.225479091200000E-01   1.105303172000000E+00   5.478474096700000E-01   0.000000000000000E+00   0.000000000000000E+00   0.000000000000000E+00   0.000000000000000E+00
   8.837754423200000E-01   3.554568535100000E+00   3.225483850600000E-01   1.094618049700000E+00   5.746076690800000E-01   0.000000000000000E+00   0.000000000000000E+00   0.000000000000000E+00   0.000000000000000E+00
   8.864547014400000E-01   3.554287830500000E+00   3.225474612600000E-01   1.115357806000000E+00   5.226662015900000E-01   0.000000000000000E+00   0.000000000000000E+00   0.000000000000000E+00   0.000000000000000E+00
   8.892431448200000E-01   3.554568527300000E+00   3.225483850300000E-01   1.094618645600000E+00   5.746061674100000E-01   0.000000000000000E+00   0.000000000000000E+00   0.000000000000000E+00   0.000000000000000E+00
   8.920315882099999E-01   3.554423938500000E+00   3.225479091900000E-01   1.105301489500000E+00   5.478516496900000E-01   0.000000000000000E+00   0.000000000000000E+00   0.000000000000000E+00   0.000000000000000E+00
   8.948200315900000E-01   3.554568518400000E+00   3.225483850100000E-01   1.094619332600000E+00   5.746044362500000E-01   0.000000000000000E+00   0.000000000000000E+00   0.000000000000000E+00   0.000000000000000E+00
   8.976084749800000E-01   3.554287887700000E+00   3.225474614500000E-01   1.115353409500000E+00   5.226772810400000E-01   0.000000000000000E+00   0.000000000000000E+00   0.000000000000000E+00   0.000000000000000E+00
   8.993626610400000E-01   3.554568508600000E+00   3.225483849700000E-01   1.094620088500000E+00   5.746025311600000E-01   0.000000000000000E+00   0.000000000000000E+00   0.000000000000000E+00   0.000000000000000E+00
   9.011168471100000E-01   3.554423966200000E+00   3.225479092800000E-01   1.105299355200000E+00   5.478570284499999E-01   0.000000000000000E+00   0.000000000000000E+00   0.000000000000000E+00   0.000000000000000E+00
   9.028710331799999E-01   3.554568494400000E+00   3.225483849300000E-01   1.094621180100000E+00   5.745997802400000E-01   0.000000000000000E+00   0.000000000000000E+00   0.000000000000000E+00   0.000000000000000E+00
   9.046252192499999E-01   3.554287978400000E+00   3.225474617400000E-01   1.115346423600000E+00   5.226948868900000E-01   0.000000000000000E+00   0.000000000000000E+00   0.000000000000000E+00   0.000000000000000E+00
   9.065616766700000E-01   3.554568482900000E+00   3.225483848900000E-01   1.094622064000000E+00   5.745975525000000E-01   0.000000000000000E+00   0.000000000000000E+00   0.000000000000000E+00   0.000000000000000E+00
   9.084981341000000E-01   3.554423998700000E+00   3.225479093900000E-01   1.105296859300000E+00   5.478633186500000E-01   0.000000000000000E+00   0.000000000000000E+00   0.000000000000000E+00   0.000000000000000E+00
   9.104345915199999E-01   3.554568470100000E+00   3.225483848500000E-01   1.094623052400000E+00   5.745950614999999E-01   0.000000000000000E+00   0.000000000000000E+00   0.000000000000000E+00   0.000000000000000E+00
   9.123710489500000E-01   3.554288060600000E+00   3.225474620000000E-01   1.115340098200000E+00   5.227108292400000E-01   0.000000000000000E+00   0.000000000000000E+00   0.000000000000000E+00   0.000000000000000E+00
   9.145028939900000E-01   3.554568459700000E+00   3.225483848200000E-01   1.094623853800000E+00   5.745930415800000E-01   0.000000000000000E+00   0.000000000000000E+00   0.000000000000000E+00   0.000000000000000E+00
   9.166347390400000E-01   3.554424028100000E+00   3.225479094800000E-01   1.105294596500000E+00   5.478690220300000E-01   0.000000000000000E+00   0.000000000000000E+00   0.000000000000000E+00   0.000000000000000E+00
   9.187665840800000E-01   3.554568448000000E+00   3.225483847800000E-01   1.094624751100000E+00   5.745907797100001E-01   0.000000000000000E+00   0.000000000000000E+00   0.000000000000000E+00   0.000000000000000E+00
   9.208984291200000E-01   3.554288135200000E+00   3.225474622400000E-01   1.115334354900000E+00   5.227253052300000E-01   0.000000000000000E+00   0.000000000000000E+00   0.000000000000000E+00   0.000000000000000E+00
   9.226780447600000E-01   3.554568437100000E+00   3.225483847400000E-01   1.094625589300000E+00   5.745886671900000E-01   0.000000000000000E+00   0.000000000000000E+00   0.000000000000000E+00   0.000000000000000E+00
   9.244576604000000E-01   3.554424058800000E+00   3.225479095800000E-01   1.105292230100000E+00   5.478749866500000E-01   0.000000000000000E+00   0.000000000000000E+00   0.000000000000000E+00   0.000000000000000E+00
   9.262372760299999E-01   3.554568423200000E+00   3.225483847000000E-01   1.094626663800000E+00   5.745859586500000E-01   0.000000000000000E+00   0.000000000000000E+00   0.000000000000000E+00   0.000000000000000E+00
   9.280168916700000E-01   3.554288224400000E+00   3.225474625300000E-01   1.115327478000000E+00   5.227426398600000E-01   0.000000000000000E+00   0.000000000000000E+00   0.000000000000000E+00   0.000000000000000E+00
   9.297854147200000E-01   3.554568411300000E+00   3.225483846600000E-01   1.094627579800000E+00   5.745836496500000E-01   0.000000000000000E+00   0.000000000000000E+00   0.000000000000000E+00   0.000000000000000E+00
   9.315539377700000E-01   3.554424092300000E+00   3.225479096900000E-01   1.105289643800000E+00   5.478815061900000E-01   0.000000000000000E+00   0.000000000000000E+00   0.000000000000000E+00   0.000000000000000E+00
   9.333224608200000E-01   3.554568397300000E+00   3.225483846200000E-01   1.094628660500000E+00   5.745809252400000E-01   0.000000000000000E+00   0.000000000000000E+00   0.000000000000000E+00   0.000000000000000E+00
   9.350909838700000E-01   3.554288314200000E+00   3.225474628200000E-01   1.115320561200000E+00   5.227600760500000E-01   0.000000000000000E+00   0.000000000000000E+00   0.000000000000000E+00   0.000000000000000E+00
   9.363971029900000E-01   3.554568383200000E+00   3.225483845700000E-01   1.094629741500000E+00   5.745782000600000E-01   0.000000000000000E+00   0.000000000000000E+00   0.000000000000000E+00   0.000000000000000E+00
   9.377032221000000E-01   3.554424131900000E+00   3.225479098200000E-01   1.105286591700000E+00   5.478892004000000E-01   0.000000000000000E+00   0.000000000000000E+00   0.000000000000000E+00   0.000000000000000E+00
   9.390093412200000E-01   3.554568364300000E+00   3.225483845100000E-01   1.094631204000000E+00   5.745745129299999E-01   0.000000000000000E+00   0.000000000000000E+00   0.000000000000000E+00   0.000000000000000E+00
   9.403154603400000E-01   3.554288435500000E+00   3.225474632100000E-01   1.115311201200000E+00   5.227836737100000E-01   0.000000000000000E+00   0.000000000000000E+00   0.000000000000000E+00   0.000000000000000E+00
   9.417208717600000E-01   3.554568348700000E+00   3.225483844600000E-01   1.094632402800000E+00   5.745714904400000E-01   0.000000000000000E+00   0.000000000000000E+00   0.000000000000000E+00   0.000000000000000E+00
   9.431262831800000E-01   3.554424175800000E+00   3.225479099600000E-01   1.105283206800000E+00   5.478977346000000E-01   0.000000000000000E+00   0.000000000000000E+00   0.000000000000000E+00   0.000000000000000E+00
   9.445316946000000E-01   3.554568331100000E+00   3.225483844000000E-01   1.094633761200000E+00   5.745680656500000E-01   0.000000000000000E+00   0.000000000000000E+00   0.000000000000000E+00   0.000000000000000E+00
   9.459371060200000E-01   3.554288548100000E+00   3.225474635700000E-01   1.115302507900000E+00   5.228055924000000E-01   0.000000000000000E+00   0.000000000000000E+00   0.000000000000000E+00   0.000000000000000E+00
   9.474930242800000E-01   3.554568316900000E+00   3.225483843600000E-01   1.094634859500000E+00   5.745652961100000E-01   0.000000000000000E+00   0.000000000000000E+00   0.000000000000000E+00   0.000000000000000E+00
   9.490489425500001E-01   3.554424215900000E+00   3.225479100900000E-01   1.105280105400000E+00   5.479055546100000E-01   0.000000000000000E+00   0.000000000000000E+00   0.000000000000000E+00   0.000000000000000E+00
   9.506048608100000E-01   3.554568301000000E+00   3.225483843100000E-01   1.094636085800000E+00   5.745622041300000E-01   0.000000000000000E+00   0.000000000000000E+00   0.000000000000000E+00   0.000000000000000E+00
   9.521607790800000E-01   3.554288649700000E+00   3.225474639000000E-01   1.115294660100000E+00   5.228253811000000E-01   0.000000000000000E+00   0.000000000000000E+00   0.000000000000000E+00   0.000000000000000E+00
   9.533819003100000E-01   3.554568285700000E+00   3.225483842600000E-01   1.094637270600000E+00   5.745592162700000E-01   0.000000000000000E+00   0.000000000000000E+00   0.000000000000000E+00   0.000000000000000E+00
   9.546030215400000E-01   3.554424259300000E+00   3.225479102200000E-01   1.105276760100000E+00   5.479139905000000E-01   0.000000000000000E+00   0.000000000000000E+00   0.000000000000000E+00   0.000000000000000E+00
   9.558241427800001E-01   3.554568265500000E+00   3.225483841900000E-01   1.094638832100000E+00   5.745552786500000E-01   0.000000000000000E+00   0.000000000000000E+00   0.000000000000000E+00   0.000000000000000E+00
   9.570452640100000E-01   3.554288779100000E+00   3.225474643100000E-01   1.115284667000000E+00   5.228505819200000E-01   0.000000000000000E+00   0.000000000000000E+00   0.000000000000000E+00   0.000000000000000E+00
   9.581679786900000E-01   3.554568247600000E+00   3.225483841300000E-01   1.094640216900000E+00   5.745517859800000E-01   0.000000000000000E+00   0.000000000000000E+00   0.000000000000000E+00   0.000000000000000E+00
   9.592906933799999E-01   3.554424309800000E+00   3.225479103900000E-01   1.105272849900000E+00   5.479238519400000E-01   0.000000000000000E+00   0.000000000000000E+00   0.000000000000000E+00   0.000000000000000E+00
   9.604134080600000E-01   3.554568225600000E+00   3.225483840600000E-01   1.094641914000000E+00   5.745475058800000E-01   0.000000000000000E+00   0.000000000000000E+00   0.000000000000000E+00   0.000000000000000E+00
   9.615361227500000E-01   3.554288919500000E+00   3.225474647700000E-01   1.115273806100000E+00   5.228779745900000E-01   0.000000000000000E+00   0.000000000000000E+00   0.000000000000000E+00   0.000000000000000E+00
   9.626927978000001E-01   3.554568207300000E+00   3.225483840100000E-01   1.094643334700000E+00   5.745439223700000E-01   0.000000000000000E+00   0.000000000000000E+00   0.000000000000000E+00   0.000000000000000E+00
   9.638494728400000E-01   3.554424361700000E+00   3.225479105500000E-01   1.105268838400000E+00   5.479339701500000E-01   0.000000000000000E+00   0.000000000000000E+00   0.000000000000000E+00   0.000000000000000E+00
   9.650061478900001E-01   3.554568186000000E+00   3.225483839400000E-01   1.094644980700000E+00   5.745397705800001E-01   0.000000000000000E+00   0.000000000000000E+00   0.000000000000000E+00   0.000000000000000E+00
   9.661628229300000E-01   3.554289055500000E+00   3.225474652000000E-01   1.115263272100000E+00   5.229045460800000E-01   0.000000000000000E+00   0.000000000000000E+00   0.000000000000000E+00   0.000000000000000E+00
   9.670522474100000E-01   3.554568165300000E+00   3.225483838700000E-01   1.094646589400000E+00   5.745357124800000E-01   0.000000000000000E+00   0.000000000000000E+00   0.000000000000000E+00   0.000000000000000E+00
   9.679416718900000E-01   3.554424420300000E+00   3.225479107400000E-01   1.105264296500000E+00   5.479454275100000E-01   0.000000000000000E+00   0.000000000000000E+00   0.000000000000000E+00   0.000000000000000E+00
   9.688310963700000E-01   3.554568137600000E+00   3.225483837800000E-01   1.094648728000000E+00   5.745303170600000E-01   0.000000000000000E+00   0.000000000000000E+00   0.000000000000000E+00   0.000000000000000E+00
   9.697205208500000E-01   3.554289232200000E+00   3.225474657700000E-01   1.115249584700000E+00   5.229390767500000E-01   0.000000000000000E+00   0.000000000000000E+00   0.000000000000000E+00   0.000000000000000E+00
   9.704624012200000E-01   3.554568111900000E+00   3.225483837000000E-01   1.094650725700000E+00   5.745252768100000E-01   0.000000000000000E+00   0.000000000000000E+00   0.000000000000000E+00   0.000000000000000E+00
   9.712042815900001E-01   3.554424493100000E+00   3.225479109700000E-01   1.105258656300000E+00   5.479596579500000E-01   0.000000000000000E+00   0.000000000000000E+00   0.000000000000000E+00   0.000000000000000E+00
   9.719461619700001E-01   3.554568078900000E+00   3.225483835900000E-01   1.094653287000000E+00   5.745188141399999E-01   0.000000000000000E+00   0.000000000000000E+00   0.000000000000000E+00   0.000000000000000E+00
   9.726880423399999E-01   3.554289443500000E+00   3.225474664500000E-01   1.115233192800000E+00   5.229804378000000E-01   0.000000000000000E+00   0.000000000000000E+00   0.000000000000000E+00   0.000000000000000E+00
   9.732148912300000E-01   3.554568045100000E+00   3.225483834900000E-01   1.094655907000000E+00   5.745122025500000E-01   0.000000000000000E+00   0.000000000000000E+00   0.000000000000000E+00   0.000000000000000E+00
   9.737417401200000E-01   3.554424588300000E+00   3.225479112800000E-01   1.105251259900000E+00   5.479783232000000E-01   0.000000000000000E+00   0.000000000000000E+00   0.000000000000000E+00   0.000000000000000E+00
   9.742685890100000E-01   3.554567998700000E+00   3.225483833400000E-01   1.094659508500000E+00   5.745031128500000E-01   0.000000000000000E+00   0.000000000000000E+00   0.000000000000000E+00   0.000000000000000E+00
   9.747954379000000E-01   3.554289740100000E+00   3.225474673900000E-01   1.115210143400000E+00   5.230386119400000E-01   0.000000000000000E+00   0.000000000000000E+00   0.000000000000000E+00   0.000000000000000E+00
   9.753226614900000E-01   3.554567959400000E+00   3.225483832100000E-01   1.094662566100000E+00   5.744953946300000E-01   0.000000000000000E+00   0.000000000000000E+00   0.000000000000000E+00   0.000000000000000E+00
   9.758498850800000E-01   3.554424699300000E+00   3.225479116300000E-01   1.105242626600000E+00   5.480001158200000E-01   0.000000000000000E+00   0.000000000000000E+00   0.000000000000000E+00   0.000000000000000E+00
   9.763771086600000E-01   3.554567913300000E+00   3.225483830600000E-01   1.094666159000000E+00   5.744863238100000E-01   0.000000000000000E+00   0.000000000000000E+00   0.000000000000000E+00   0.000000000000000E+00
   9.769043322500000E-01   3.554290035400000E+00   3.225474683400000E-01   1.115187148800000E+00   5.230966652500000E-01   0.000000000000000E+00   0.000000000000000E+00   0.000000000000000E+00   0.000000000000000E+00
   9.774840019400000E-01   3.554567875900000E+00   3.225483829400000E-01   1.094669072300000E+00   5.744789675999999E-01   0.000000000000000E+00   0.000000000000000E+00   0.000000000000000E+00   0.000000000000000E+00
   9.780636716300000E-01   3.554424804900000E+00   3.225479119700000E-01   1.105234400400000E+00   5.480208872400000E-01   0.000000000000000E+00   0.000000000000000E+00   0.000000000000000E+00   0.000000000000000E+00
   9.786433413200000E-01   3.554567834100000E+00   3.225483828100000E-01   1.094672334900000E+00   5.744707282100000E-01   0.000000000000000E+00   0.000000000000000E+00   0.000000000000000E+00   0.000000000000000E+00
   9.792230110100000E-01   3.554290303000000E+00   3.225474691900000E-01   1.115166268100000E+00   5.231493973900000E-01   0.000000000000000E+00   0.000000000000000E+00   0.000000000000000E+00   0.000000000000000E+00
   9.797627008799999E-01   3.554567797300000E+00   3.225483826900000E-01   1.094675208700000E+00   5.744634696799999E-01   0.000000000000000E+00   0.000000000000000E+00   0.000000000000000E+00   0.000000000000000E+00
   9.803023907500000E-01   3.554424908800000E+00   3.225479123000000E-01   1.105226286500000E+00   5.480413812000000E-01   0.000000000000000E+00   0.000000000000000E+00   0.000000000000000E+00   0.000000000000000E+00
   9.808420806200000E-01   3.554567752500000E+00   3.225483825500000E-01   1.094678707400000E+00   5.744546312800000E-01   0.000000000000000E+00   0.000000000000000E+00   0.000000000000000E+00   0.000000000000000E+00
   9.813817704900000E-01   3.554290589400000E+00   3.225474701100000E-01   1.115143876200000E+00   5.232059632200000E-01   0.000000000000000E+00   0.000000000000000E+00   0.000000000000000E+00   0.000000000000000E+00
   9.818417123600000E-01   3.554567711300000E+00   3.225483824200000E-01   1.094681936700000E+00   5.744464723700000E-01   0.000000000000000E+00   0.000000000000000E+00   0.000000000000000E+00   0.000000000000000E+00
   9.823016542300000E-01   3.554425025300000E+00   3.225479126800000E-01   1.105217169600000E+00   5.480644161200000E-01   0.000000000000000E+00   0.000000000000000E+00   0.000000000000000E+00   0.000000000000000E+00
   9.827615961000000E-01   3.554567659000000E+00   3.225483822500000E-01   1.094686034700000E+00   5.744361164500000E-01   0.000000000000000E+00   0.000000000000000E+00   0.000000000000000E+00   0.000000000000000E+00
   9.832215379700000E-01   3.554290924100000E+00   3.225474711700000E-01   1.115117649100000E+00   5.232722412400000E-01   0.000000000000000E+00   0.000000000000000E+00   0.000000000000000E+00   0.000000000000000E+00
   9.837150981100000E-01   3.554567616200000E+00   3.225483821200000E-01   1.094689396000000E+00   5.744276204600000E-01   0.000000000000000E+00   0.000000000000000E+00   0.000000000000000E+00   0.000000000000000E+00
   9.842086582500000E-01   3.554425146200000E+00   3.225479130600000E-01   1.105207678400000E+00   5.480884057300000E-01   0.000000000000000E+00   0.000000000000000E+00   0.000000000000000E+00   0.000000000000000E+00
   9.847022184000001E-01   3.554567567700000E+00   3.225483819600000E-01   1.094693207600000E+00   5.744179843700000E-01   0.000000000000000E+00   0.000000000000000E+00   0.000000000000000E+00   0.000000000000000E+00
   9.851957785400000E-01   3.554291234500000E+00   3.225474721600000E-01   1.115093254500000E+00   5.233339123400000E-01   0.000000000000000E+00   0.000000000000000E+00   0.000000000000000E+00   0.000000000000000E+00
   9.855490357600000E-01   3.554567518300000E+00   3.225483818000000E-01   1.094697087900000E+00   5.744081730800000E-01   0.000000000000000E+00   0.000000000000000E+00   0.000000000000000E+00   0.000000000000000E+00
   9.859022929900000E-01   3.554425285400000E+00   3.225479135000000E-01   1.105196725200000E+00   5.481161022100000E-01   0.000000000000000E+00   0.000000000000000E+00   0.000000000000000E+00   0.000000000000000E+00
   9.862555502100000E-01   3.554567450900000E+00   3.225483815900000E-01   1.094702401800000E+00   5.743947330700000E-01   0.000000000000000E+00   0.000000000000000E+00   0.000000000000000E+00   0.000000000000000E+00
   9.866088074400000E-01   3.554291665900000E+00   3.225474735300000E-01   1.115059246000000E+00   5.234199286200000E-01   0.000000000000000E+00   0.000000000000000E+00   0.000000000000000E+00   0.000000000000000E+00
   9.869256856900001E-01   3.554567390500000E+00   3.225483814000000E-01   1.094707172000000E+00   5.743826648300000E-01   0.000000000000000E+00   0.000000000000000E+00   0.000000000000000E+00   0.000000000000000E+00
   9.872425639500000E-01   3.554425455900000E+00   3.225479140400000E-01   1.105183258000000E+00   5.481501742900000E-01   0.000000000000000E+00   0.000000000000000E+00   0.000000000000000E+00   0.000000000000000E+00
   9.875594422000000E-01   3.554567315800000E+00   3.225483811600000E-01   1.094713079700000E+00   5.743677135800000E-01   0.000000000000000E+00   0.000000000000000E+00   0.000000000000000E+00   0.000000000000000E+00
   9.878763204600000E-01   3.554292143500000E+00   3.225474750400000E-01   1.115021436700000E+00   5.235156169400000E-01   0.000000000000000E+00   0.000000000000000E+00   0.000000000000000E+00   0.000000000000000E+00
   9.881832645600001E-01   3.554567251700000E+00   3.225483809600000E-01   1.094718175200000E+00   5.743548134999999E-01   0.000000000000000E+00   0.000000000000000E+00   0.000000000000000E+00   0.000000000000000E+00
   9.884902086600000E-01   3.554425637200000E+00   3.225479146200000E-01   1.105168871200000E+00   5.481865970399999E-01   0.000000000000000E+00   0.000000000000000E+00   0.000000000000000E+00   0.000000000000000E+00
   9.887971527600000E-01   3.554567175200000E+00   3.225483807200000E-01   1.094724256100000E+00   5.743394131800000E-01   0.000000000000000E+00   0.000000000000000E+00   0.000000000000000E+00   0.000000000000000E+00
   9.891040968600000E-01   3.554292632700000E+00   3.225474765900000E-01   1.114982519100000E+00   5.236141793600000E-01   0.000000000000000E+00   0.000000000000000E+00   0.000000000000000E+00   0.000000000000000E+00
   9.893878596400000E-01   3.554567107900000E+00   3.225483805000000E-01   1.094729628100000E+00   5.743258032100000E-01   0.000000000000000E+00   0.000000000000000E+00   0.000000000000000E+00   0.000000000000000E+00
   9.896716224200000E-01   3.554425827300000E+00   3.225479152200000E-01   1.105153704700000E+00   5.482250224800000E-01   0.000000000000000E+00   0.000000000000000E+00   0.000000000000000E+00   0.000000000000000E+00
   9.899553852000000E-01   3.554567025800000E+00   3.225483802500000E-01   1.094736184900000E+00   5.743091842900000E-01   0.000000000000000E+00   0.000000000000000E+00   0.000000000000000E+00   0.000000000000000E+00
   9.902391479700000E-01   3.554293157200000E+00   3.225474782400000E-01   1.114940555400000E+00   5.237205409100000E-01   0.000000000000000E+00   0.000000000000000E+00   0.000000000000000E+00   0.000000000000000E+00
   9.904528163600000E-01   3.554566945100000E+00   3.225483799900000E-01   1.094742663000000E+00   5.742927586200000E-01   0.000000000000000E+00   0.000000000000000E+00   0.000000000000000E+00   0.000000000000000E+00
   9.906664847400000E-01   3.554426055200000E+00   3.225479159300000E-01   1.105135421100000E+00   5.482713868300000E-01   0.000000000000000E+00   0.000000000000000E+00   0.000000000000000E+00   0.000000000000000E+00
   9.908801531200000E-01   3.554566837300000E+00   3.225483796500000E-01   1.094751337100000E+00   5.742707506900000E-01   0.000000000000000E+00   0.000000000000000E+00   0.000000000000000E+00   0.000000000000000E+00
   9.910938215000000E-01   3.554293846200000E+00   3.225474804000000E-01   1.114885041900000E+00   5.238613927200000E-01   0.000000000000000E+00   0.000000000000000E+00   0.000000000000000E+00   0.000000000000000E+00
   9.912861615600000E-01   3.554566741400000E+00   3.225483793500000E-01   1.094759102100000E+00   5.742510370800000E-01   0.000000000000000E+00   0.000000000000000E+00   0.000000000000000E+00   0.000000000000000E+00
   9.914785016200000E-01   3.554426326000000E+00   3.225479167800000E-01   1.105113500500000E+00   5.483270413000000E-01   0.000000000000000E+00   0.000000000000000E+00   0.000000000000000E+00   0.000000000000000E+00
   9.916708416800000E-01   3.554566623400000E+00   3.225483789900000E-01   1.094768692200000E+00   5.742266716800000E-01   0.000000000000000E+00   0.000000000000000E+00   0.000000000000000E+00   0.000000000000000E+00
   9.918631817400000E-01   3.554294600700000E+00   3.225474827500000E-01   1.114823666300000E+00   5.240173327500000E-01   0.000000000000000E+00   0.000000000000000E+00   0.000000000000000E+00   0.000000000000000E+00
   9.920678342100000E-01   3.554566527200000E+00   3.225483786900000E-01   1.094776577800000E+00   5.742066203500000E-01   0.000000000000000E+00   0.000000000000000E+00   0.000000000000000E+00   0.000000000000000E+00
   9.922724866800000E-01   3.554426598300000E+00   3.225479176200000E-01   1.105091232700000E+00   5.483836613200000E-01   0.000000000000000E+00   0.000000000000000E+00   0.000000000000000E+00   0.000000000000000E+00
   9.924771391500000E-01   3.554566418000000E+00   3.225483783500000E-01   1.094785546100000E+00   5.741837991400000E-01   0.000000000000000E+00   0.000000000000000E+00   0.000000000000000E+00   0.000000000000000E+00
   9.926817916200000E-01   3.554295298400000E+00   3.225474849100000E-01   1.114766270000000E+00   5.241633898200000E-01   0.000000000000000E+00   0.000000000000000E+00   0.000000000000000E+00   0.000000000000000E+00
   9.928802845600000E-01   3.554566324800000E+00   3.225483780600000E-01   1.094793268600000E+00   5.741641319300000E-01   0.000000000000000E+00   0.000000000000000E+00   0.000000000000000E+00   0.000000000000000E+00
   9.930787774900000E-01   3.554426861700000E+00   3.225479184400000E-01   1.105069429300000E+00   5.484391901300000E-01   0.000000000000000E+00   0.000000000000000E+00   0.000000000000000E+00   0.000000000000000E+00
   9.932772704200000E-01   3.554566214100000E+00   3.225483777200000E-01   1.094802468800000E+00   5.741406806600000E-01   0.000000000000000E+00   0.000000000000000E+00   0.000000000000000E+00   0.000000000000000E+00
   9.934757633500000E-01   3.554296005300000E+00   3.225474870800000E-01   1.114707389400000E+00   5.243134795000000E-01   0.000000000000000E+00   0.000000000000000E+00   0.000000000000000E+00   0.000000000000000E+00
   9.936443641000000E-01   3.554566112900000E+00   3.225483774100000E-01   1.094810961600000E+00   5.741190134800001E-01   0.000000000000000E+00   0.000000000000000E+00   0.000000000000000E+00   0.000000000000000E+00
   9.938129648400000E-01   3.554427147500000E+00   3.225479193100000E-01   1.105045458000000E+00   5.485003545600000E-01   0.000000000000000E+00   0.000000000000000E+00   0.000000000000000E+00   0.000000000000000E+00
   9.939815655799999E-01   3.554565985300000E+00   3.225483770200000E-01   1.094821731500000E+00   5.740915041300000E-01   0.000000000000000E+00   0.000000000000000E+00   0.000000000000000E+00   0.000000000000000E+00
   9.941501663300000E-01   3.554296820200000E+00   3.225474895600000E-01   1.114638464500000E+00   5.244895419500000E-01   0.000000000000000E+00   0.000000000000000E+00   0.000000000000000E+00   0.000000000000000E+00
   9.942927766800000E-01   3.554565868700000E+00   3.225483766700000E-01   1.094831690600000E+00   5.740660357400000E-01   0.000000000000000E+00   0.000000000000000E+00   0.000000000000000E+00   0.000000000000000E+00
   9.944353870300000E-01   3.554427476700000E+00   3.225479203000000E-01   1.105017350500000E+00   5.485722465900000E-01   0.000000000000000E+00   0.000000000000000E+00   0.000000000000000E+00   0.000000000000000E+00
   9.945779973800000E-01   3.554565721900000E+00   3.225483762300000E-01   1.094844334700000E+00   5.740336485800001E-01   0.000000000000000E+00   0.000000000000000E+00   0.000000000000000E+00   0.000000000000000E+00
   9.947206077400000E-01   3.554297757200000E+00   3.225474923700000E-01   1.114557545100000E+00   5.246968241900000E-01   0.000000000000000E+00   0.000000000000000E+00   0.000000000000000E+00   0.000000000000000E+00
   9.948691586200000E-01   3.554565602400000E+00   3.225483758700000E-01   1.094854825500000E+00   5.740067303000000E-01   0.000000000000000E+00   0.000000000000000E+00   0.000000000000000E+00   0.000000000000000E+00
   9.950177095000000E-01   3.554427815400000E+00   3.225479213100000E-01   1.104987726300000E+00   5.486482563900000E-01   0.000000000000000E+00   0.000000000000000E+00   0.000000000000000E+00   0.000000000000000E+00
   9.951662603800000E-01   3.554565466200000E+00   3.225483754700000E-01   1.094866870500000E+00   5.739757721300000E-01   0.000000000000000E+00   0.000000000000000E+00   0.000000000000000E+00   0.000000000000000E+00
   9.953148112600000E-01   3.554298626500000E+00   3.225474949300000E-01   1.114480460200000E+00   5.248949608700000E-01   0.000000000000000E+00   0.000000000000000E+00   0.000000000000000E+00   0.000000000000000E+00
   9.954430969900000E-01   3.554565343900000E+00   3.225483751200000E-01   1.094877876700000E+00   5.739474337400000E-01   0.000000000000000E+00   0.000000000000000E+00   0.000000000000000E+00   0.000000000000000E+00
   9.955713827200000E-01   3.554428160400000E+00   3.225479223200000E-01   1.104956664900000E+00   5.487282516699999E-01   0.000000000000000E+00   0.000000000000000E+00   0.000000000000000E+00   0.000000000000000E+00
   9.956996684400000E-01   3.554565192600000E+00   3.225483746800000E-01   1.094891705400000E+00   5.739117428800000E-01   0.000000000000000E+00   0.000000000000000E+00   0.000000000000000E+00   0.000000000000000E+00
   9.958279541700000E-01   3.554299592000000E+00   3.225474977000000E-01   1.114391962500000E+00   5.251233894700000E-01   0.000000000000000E+00   0.000000000000000E+00   0.000000000000000E+00   0.000000000000000E+00
   9.959883995700000E-01   3.554565080800000E+00   3.225483743600000E-01   1.094902226500000E+00   5.738845129600000E-01   0.000000000000000E+00   0.000000000000000E+00   0.000000000000000E+00   0.000000000000000E+00
   9.961488449600000E-01   3.554428478600000E+00   3.225479232200000E-01   1.104926936800000E+00   5.488051628400000E-01   0.000000000000000E+00   0.000000000000000E+00   0.000000000000000E+00   0.000000000000000E+00
   9.963092903500000E-01   3.554564965500000E+00   3.225483740400000E-01   1.094913186600000E+00   5.738560918800000E-01   0.000000000000000E+00   0.000000000000000E+00   0.000000000000000E+00   0.000000000000000E+00
   9.964697357500000E-01   3.554300327500000E+00   3.225474997500000E-01   1.114321821300000E+00   5.253052887900000E-01   0.000000000000000E+00   0.000000000000000E+00   0.000000000000000E+00   0.000000000000000E+00
   9.965691947300001E-01   3.554564840000000E+00   3.225483737000000E-01   1.094925321700000E+00   5.738245689900000E-01   0.000000000000000E+00   0.000000000000000E+00   0.000000000000000E+00   0.000000000000000E+00
   9.966686537100000E-01   3.554428828700000E+00   3.225479241700000E-01   1.104892739100000E+00   5.488940990900000E-01   0.000000000000000E+00   0.000000000000000E+00   0.000000000000000E+00   0.000000000000000E+00
   9.967681127000000E-01   3.554564665500000E+00   3.225483732300000E-01   1.094942812300000E+00   5.737789269200000E-01   0.000000000000000E+00   0.000000000000000E+00   0.000000000000000E+00   0.000000000000000E+00
   9.968675716800000E-01   3.554301437100000E+00   3.225475027000000E-01   1.114209897900000E+00   5.255974173000000E-01   0.000000000000000E+00   0.000000000000000E+00   0.000000000000000E+00   0.000000000000000E+00
   9.969406292600000E-01   3.554564498700000E+00   3.225483728000000E-01   1.094960258800000E+00   5.737332233300000E-01   0.000000000000000E+00   0.000000000000000E+00   0.000000000000000E+00   0.000000000000000E+00
   9.970136868400000E-01   3.554429293800000E+00   3.225479253600000E-01   1.104843580500000E+00   5.490230602800000E-01   0.000000000000000E+00   0.000000000000000E+00   0.000000000000000E+00   0.000000000000000E+00
   9.970867444200000E-01   3.554564288800000E+00   3.225483722900000E-01   1.094983660500000E+00   5.736714588200000E-01   0.000000000000000E+00   0.000000000000000E+00   0.000000000000000E+00   0.000000000000000E+00
   9.971598019900000E-01   3.554302766200000E+00   3.225475058700000E-01   1.114060175600000E+00   5.259927654500000E-01   0.000000000000000E+00   0.000000000000000E+00   0.000000000000000E+00   0.000000000000000E+00
   9.972299088400000E-01   3.554564125500000E+00   3.225483719400000E-01   1.095003748600000E+00   5.736180135900000E-01   0.000000000000000E+00   0.000000000000000E+00   0.000000000000000E+00   0.000000000000000E+00
   9.973000156900000E-01   3.554429755500000E+00   3.225479263500000E-01   1.104786891600000E+00   5.491739611200001E-01   0.000000000000000E+00   0.000000000000000E+00   0.000000000000000E+00   0.000000000000000E+00
   9.973701225400000E-01   3.554563950300000E+00   3.225483716200000E-01   1.095027565600000E+00   5.735540296700000E-01   0.000000000000000E+00   0.000000000000000E+00   0.000000000000000E+00   0.000000000000000E+00
   9.974402293900000E-01   3.554303869800000E+00   3.225475078500000E-01   1.113907818900000E+00   5.264023415600000E-01   0.000000000000000E+00   0.000000000000000E+00   0.000000000000000E+00   0.000000000000000E+00
   9.975060952500000E-01   3.554563822100000E+00   3.225483714500000E-01   1.095048182200000E+00   5.734980240100001E-01   0.000000000000000E+00   0.000000000000000E+00   0.000000000000000E+00   0.000000000000000E+00
   9.975719611100000E-01   3.554430115300000E+00   3.225479267900000E-01   1.104728736600000E+00   5.493320947300000E-01   0.000000000000000E+00   0.000000000000000E+00   0.000000000000000E+00   0.000000000000000E+00
   9.976378269600000E-01   3.554563699100000E+00   3.225483714100000E-01   1.095072786800000E+00   5.734302297500000E-01   0.000000000000000E+00   0.000000000000000E+00   0.000000000000000E+00   0.000000000000000E+00
   9.977036928200000E-01   3.554304633700000E+00   3.225475080000000E-01   1.113750464500000E+00   5.268363473100000E-01   0.000000000000000E+00   0.000000000000000E+00   0.000000000000000E+00   0.000000000000000E+00
   9.977753287600000E-01   3.554563635600000E+00   3.225483715500000E-01   1.095092483300000E+00   5.733750050600001E-01   0.000000000000000E+00   0.000000000000000E+00   0.000000000000000E+00   0.000000000000000E+00
   9.978469646900000E-01   3.554430301600000E+00   3.225479264200000E-01   1.104673079900000E+00   5.494880561300000E-01   0.000000000000000E+00   0.000000000000000E+00   0.000000000000000E+00   0.000000000000000E+00
   9.979186006300000E-01   3.554563599000000E+00   3.225483718800000E-01   1.095114289700000E+00   5.733128070200000E-01   0.000000000000000E+00   0.000000000000000E+00   0.000000000000000E+00   0.000000000000000E+00
   9.979902365600000E-01   3.554304844900000E+00   3.225475058000000E-01   1.113611023700000E+00   5.272345400000000E-01   0.000000000000000E+00   0.000000000000000E+00   0.000000000000000E+00   0.000000000000000E+00
   9.980508234900000E-01   3.554563605400000E+00   3.225483723700000E-01   1.095134128100000E+00   5.732551205500001E-01   0.000000000000000E+00   0.000000000000000E+00   0.000000000000000E+00   0.000000000000000E+00
   9.981114104200000E-01   3.554430264700000E+00   3.225479249300000E-01   1.104617270200000E+00   5.496509787000000E-01   0.000000000000000E+00   0.000000000000000E+00   0.000000000000000E+00   0.000000000000000E+00
   9.981719973500000E-01   3.554563686700000E+00   3.225483733600000E-01   1.095158682400000E+00   5.731815186700000E-01   0.000000000000000E+00   0.000000000000000E+00   0.000000000000000E+00   0.000000000000000E+00
   9.982325842799999E-01   3.554304286800000E+00   3.225474993400000E-01   1.113454139500000E+00   5.277058620300000E-01   0.000000000000000E+00   0.000000000000000E+00   0.000000000000000E+00   0.000000000000000E+00
   9.982788871600000E-01   3.554563845300000E+00   3.225483747100000E-01   1.095182098100000E+00   5.731091726400001E-01   0.000000000000000E+00   0.000000000000000E+00   0.000000000000000E+00   0.000000000000000E+00
   9.983251900400000E-01   3.554429780400000E+00   3.225479209900000E-01   1.104551786500000E+00   5.498554754500000E-01   0.000000000000000E+00   0.000000000000000E+00   0.000000000000000E+00   0.000000000000000E+00
   9.983714929100000E-01   3.554564266600000E+00   3.225483775500000E-01   1.095211630400000E+00   5.730121619300000E-01   0.000000000000000E+00   0.000000000000000E+00   0.000000000000000E+00   0.000000000000000E+00
   9.984177957900000E-01   3.554301802300000E+00   3.225474826000000E-01   1.113265852100000E+00   5.283274265100000E-01   0.000000000000000E+00   0.000000000000000E+00   0.000000000000000E+00   0.000000000000000E+00
   9.984585175100000E-01   3.554565012500000E+00   3.225483821400000E-01   1.095236770000000E+00   5.729232690200000E-01   0.000000000000000E+00   0.000000000000000E+00   0.000000000000000E+00   0.000000000000000E+00
   9.984992392399999E-01   3.554428731300000E+00   3.225479147600000E-01   1.104481109300000E+00   5.501063756100000E-01   0.000000000000000E+00   0.000000000000000E+00   0.000000000000000E+00   0.000000000000000E+00
   9.985399609700000E-01   3.554567084200000E+00   3.225483944800000E-01   1.095264879900000E+00   5.728099884600000E-01   0.000000000000000E+00   0.000000000000000E+00   0.000000000000000E+00   0.000000000000000E+00
   9.985806826900000E-01   3.554297879200000E+00   3.225474621900000E-01   1.113083756100000E+00   5.290492705800000E-01   0.000000000000000E+00   0.000000000000000E+00   0.000000000000000E+00   0.000000000000000E+00
   9.986242829600001E-01   3.554574352900000E+00   3.225484387600000E-01   1.095282580500000E+00   5.727121209500000E-01   0.000000000000000E+00   0.000000000000000E+00   0.000000000000000E+00   0.000000000000000E+00
   9.986678832300000E-01   3.554442369300000E+00   3.225480025500000E-01   1.104416159100000E+00   5.503644816500000E-01   0.000000000000000E+00   0.000000000000000E+00   0.000000000000000E+00   0.000000000000000E+00
   9.987114835100001E-01   3.554611192000000E+00   3.225486664800000E-01   1.095286588000000E+00   5.725831733000000E-01   0.000000000000000E+00   0.000000000000000E+00   0.000000000000000E+00   0.000000000000000E+00
   9.987550837800000E-01   3.554386027800000E+00   3.225480232800000E-01   1.112918739600000E+00   5.297027760600000E-01   0.000000000000000E+00   0.000000000000000E+00   0.000000000000000E+00   0.000000000000000E+00
   9.987985083900000E-01   3.554823582800000E+00   3.225499874700000E-01   1.095206806300000E+00   5.723731779600000E-01   0.000000000000000E+00   0.000000000000000E+00   0.000000000000000E+00   0.000000000000000E+00
   9.988419329900000E-01   3.555023263500000E+00   3.225516281600000E-01   1.104125264000000E+00   5.503234474399999E-01   0.000000000000000E+00   0.000000000000000E+00   0.000000000000000E+00   0.000000000000000E+00
   9.988853576000000E-01   3.556018487300000E+00   3.225574293200000E-01   1.094694078600000E+00   5.716143292800000E-01   0.000000000000000E+00   0.000000000000000E+00   0.000000000000000E+00   0.000000000000000E+00
   9.989287822100000E-01   3.557766798800000E+00   3.225691175800000E-01   1.111380794900000E+00   5.286431649400000E-01   0.000000000000000E+00   0.000000000000000E+00   0.000000000000000E+00   0.000000000000000E+00
   9.989627848700000E-01   3.561568818400000E+00   3.225920460200000E-01   1.092279910900000E+00   5.685330355100000E-01   0.000000000000000E+00   0.000000000000000E+00   0.000000000000000E+00   0.000000000000000E+00
   9.989967875300000E-01   3.568251714700000E+00   3.226341906500000E-01   1.098372160600000E+00   5.436240176900000E-01   0.000000000000000E+00   0.000000000000000E+00   0.000000000000000E+00   0.000000000000000E+00
   9.990307902000000E-01   3.581824360800000E+00   3.227187170900000E-01   1.083575636500000E+00   5.577699610700000E-01   0.000000000000000E+00   0.000000000000000E+00   0.000000000000000E+00   0.000000000000000E+00
   9.990647928600001E-01   3.607375276700000E+00   3.228802761500000E-01   1.090359257900000E+00   5.041319941700000E-01   0.000000000000000E+00   0.000000000000000E+00   0.000000000000000E+00   0.000000000000000E+00
   9.990913918000000E-01   3.642866263000000E+00   3.231042568200000E-01   1.058488180700000E+00   5.275798559500000E-01   0.000000000000000E+00   0.000000000000000E+00   0.000000000000000E+00   0.000000000000000E+00
   9.991179907400000E-01   3.698280161300000E+00   3.234594426100000E-01   1.046158457300000E+00   4.820225531000000E-01   0.000000000000000E+00   0.000000000000000E+00   0.000000000000000E+00   0.000000000000000E+00
   9.991445896800000E-01   3.782636860000000E+00   3.240078705900000E-01   1.006703645200000E+00   4.679002628500000E-01   0.000000000000000E+00   0.000000000000000E+00   0.000000000000000E+00   0.000000000000000E+00
   9.991711886200000E-01   3.902434123900000E+00   3.248076077200000E-01   9.854554625500000E-01   3.864598275100000E-01   0.000000000000000E+00   0.000000000000000E+00   0.000000000000000E+00   0.000000000000000E+00
   9.991973354300000E-01   4.060599314300000E+00   3.258960169000000E-01   9.219486368299999E-01   3.778115755000000E-01   0.000000000000000E+00   0.000000000000000E+00   0.000000000000000E+00   0.000000000000000E+00
   9.992234822300000E-01   4.256615841300000E+00   3.273060697100000E-01   8.823804985000000E-01   3.106586815600000E-01   0.000000000000000E+00   0.000000000000000E+00   0.000000000000000E+00   0.000000000000000E+00
   9.992496290300000E-01   4.486014534000000E+00   3.290432488400000E-01   8.240365368700000E-01   2.854734290400000E-01   0.000000000000000E+00   0.000000000000000E+00   0.000000000000000E+00   0.000000000000000E+00
   9.992757758400000E-01   4.739206901400000E+00   3.310838692800000E-01   7.965200112200000E-01   2.096794129300000E-01   0.000000000000000E+00   0.000000000000000E+00   0.000000000000000E+00   0.000000000000000E+00
   9.992986558700000E-01   4.973786776900000E+00   3.330970978000000E-01   7.412913173400000E-01   2.174401264600000E-01   0.000000000000000E+00   0.000000000000000E+00   0.000000000000000E+00   0.000000000000000E+00
   9.993215359099999E-01   5.213015036800000E+00   3.352922722100000E-01   7.179648955400000E-01   1.743667232200000E-01   0.000000000000000E+00   0.000000000000000E+00   0.000000000000000E+00   0.000000000000000E+00
   9.993444159400000E-01   5.452846088200000E+00   3.376495419200000E-01   6.789541709500000E-01   1.723231864300000E-01   0.000000000000000E+00   0.000000000000000E+00   0.000000000000000E+00   0.000000000000000E+00
   9.993672959800000E-01   5.688392507900000E+00   3.401438293500000E-01   6.718703414400000E-01   1.198387682000000E-01   0.000000000000000E+00   0.000000000000000E+00   0.000000000000000E+00   0.000000000000000E+00
   9.993931928499999E-01   5.947598238100000E+00   3.431142007100000E-01   6.271937929700000E-01   1.390224860700000E-01   0.000000000000000E+00   0.000000000000000E+00   0.000000000000000E+00   0.000000000000000E+00
   9.994190897300000E-01   6.194814022500000E+00   3.462135886300000E-01   6.144709574200000E-01   1.078498124500000E-01   0.000000000000000E+00   0.000000000000000E+00   0.000000000000000E+00   0.000000000000000E+00
   9.994449866000000E-01   6.429201898100000E+00   3.494266551100000E-01   5.848924997000000E-01   1.146693299900000E-01   0.000000000000000E+00   0.000000000000000E+00   0.000000000000000E+00   0.000000000000000E+00
   9.994708834700000E-01   6.648962036600000E+00   3.527345670700000E-01   5.864573093400000E-01   7.115462760600000E-02   0.000000000000000E+00   0.000000000000000E+00   0.000000000000000E+00   0.000000000000000E+00
   9.994964824100000E-01   6.852753437500000E+00   3.560897121100000E-01   5.520224738000000E-01   9.760245109600001E-02   0.000000000000000E+00   0.000000000000000E+00   0.000000000000000E+00   0.000000000000000E+00
   9.995220813400000E-01   7.042126840100000E+00   3.595150521600000E-01   5.480119046200000E-01   7.351166375300000E-02   0.000000000000000E+00   0.000000000000000E+00   0.000000000000000E+00   0.000000000000000E+00
   9.995476802700000E-01   7.218401984400000E+00   3.630055794700000E-01   5.256628205000000E-01   8.510748683900000E-02   0.000000000000000E+00   0.000000000000000E+00   0.000000000000000E+00   0.000000000000000E+00
   9.995732792000001E-01   7.381356777000000E+00   3.665513495800000E-01   5.332365029400000E-01   4.666291902500000E-02   0.000000000000000E+00   0.000000000000000E+00   0.000000000000000E+00   0.000000000000000E+00
   9.995946163700000E-01   7.508520228000000E+00   3.695484153400000E-01   5.054432052300000E-01   7.626957170300000E-02   0.000000000000000E+00   0.000000000000000E+00   0.000000000000000E+00   0.000000000000000E+00
   9.996159535300000E-01   7.627249160400000E+00   3.725764891100000E-01   5.069522941900000E-01   5.588485998600000E-02   0.000000000000000E+00   0.000000000000000E+00   0.000000000000000E+00   0.000000000000000E+00
   9.996372906900000E-01   7.738851910600000E+00   3.756361435400000E-01   4.894679627400000E-01   6.972287873999999E-02   0.000000000000000E+00   0.000000000000000E+00   0.000000000000000E+00   0.000000000000000E+00
   9.996586278600000E-01   7.842988208600000E+00   3.787223753200000E-01   5.009198014000000E-01   3.436568175800000E-02   0.000000000000000E+00   0.000000000000000E+00   0.000000000000000E+00   0.000000000000000E+00
   9.996724558300000E-01   7.907484326600000E+00   3.807385097400000E-01   4.776514385900000E-01   6.511806625700001E-02   0.000000000000000E+00   0.000000000000000E+00   0.000000000000000E+00   0.000000000000000E+00
   9.996862838100000E-01   7.968886392000000E+00   3.827635841300000E-01   4.828332485000000E-01   4.701147194400000E-02   0.000000000000000E+00   0.000000000000000E+00   0.000000000000000E+00   0.000000000000000E+00
   9.997001117900000E-01   8.028115908000000E+00   3.848000088100000E-01   4.690630143600000E-01   6.184007560900000E-02   0.000000000000000E+00   0.000000000000000E+00   0.000000000000000E+00   0.000000000000000E+00
   9.997139397700000E-01   8.084503222100000E+00   3.868446434900000E-01   4.832263819800000E-01   2.902254703600000E-02   0.000000000000000E+00   0.000000000000000E+00   0.000000000000000E+00   0.000000000000000E+00
   9.997259978800001E-01   8.132395215600001E+00   3.886373365700000E-01   4.614896443100000E-01   5.905142684500000E-02   0.000000000000000E+00   0.000000000000000E+00   0.000000000000000E+00   0.000000000000000E+00
   9.997380559800000E-01   8.178175205300001E+00   3.904353904100000E-01   4.673685030300000E-01   4.202314359400000E-02   0.000000000000000E+00   0.000000000000000E+00   0.000000000000000E+00   0.000000000000000E+00
   9.997501140800000E-01   8.222689331900000E+00   3.922413241400000E-01   4.547948185200000E-01   5.661828133000000E-02   0.000000000000000E+00   0.000000000000000E+00   0.000000000000000E+00   0.000000000000000E+00
   9.997621721800000E-01   8.265243076300001E+00   3.940522831800000E-01   4.692445317800000E-01   2.545176752600000E-02   0.000000000000000E+00   0.000000000000000E+00   0.000000000000000E+00   0.000000000000000E+00
   9.997741884500000E-01   8.306805499999999E+00   3.958654152900000E-01   4.483986149900000E-01   5.438621195000000E-02   0.000000000000000E+00   0.000000000000000E+00   0.000000000000000E+00   0.000000000000000E+00
   9.997862047200000E-01   8.346548081000000E+00   3.976831827000000E-01   4.542778876300000E-01   3.816587012200000E-02   0.000000000000000E+00   0.000000000000000E+00   0.000000000000000E+00   0.000000000000000E+00
   9.997982209900000E-01   8.385281803700000E+00   3.995080582000000E-01   4.422794984900000E-01   5.228721068800000E-02   0.000000000000000E+00   0.000000000000000E+00   0.000000000000000E+00   0.000000000000000E+00
   9.998102372500000E-01   8.422327572700000E+00   4.013373310100000E-01   4.564135841400000E-01   2.246458802400000E-02   0.000000000000000E+00   0.000000000000000E+00   0.000000000000000E+00   0.000000000000000E+00
   9.998196082900001E-01   8.450893981200000E+00   4.027696942100000E-01   4.370399707400000E-01   5.052344290600000E-02   0.000000000000000E+00   0.000000000000000E+00   0.000000000000000E+00   0.000000000000000E+00
   9.998289793300000E-01   8.478326496899999E+00   4.042040025400000E-01   4.434321455600000E-01   3.527375384900000E-02   0.000000000000000E+00   0.000000000000000E+00   0.000000000000000E+00   0.000000000000000E+00
   9.998383503700000E-01   8.505370446700001E+00   4.056427061800000E-01   4.326094666100000E-01   4.899997273400000E-02   0.000000000000000E+00   0.000000000000000E+00   0.000000000000000E+00   0.000000000000000E+00
   9.998477214100000E-01   8.531343900600000E+00   4.070833023900000E-01   4.467867356000000E-01   2.086297175500000E-02   0.000000000000000E+00   0.000000000000000E+00   0.000000000000000E+00   0.000000000000000E+00
   9.998546457900001E-01   8.550603973499999E+00   4.081515296700000E-01   4.288692566300000E-01   4.771270593700000E-02   0.000000000000000E+00   0.000000000000000E+00   0.000000000000000E+00   0.000000000000000E+00
   9.998615701600000E-01   8.569118323000000E+00   4.092201038100000E-01   4.354904494900000E-01   3.348960188200000E-02   0.000000000000000E+00   0.000000000000000E+00   0.000000000000000E+00   0.000000000000000E+00
   9.998684945400000E-01   8.587579507199999E+00   4.102913761200000E-01   4.257919603400000E-01   4.657982874100000E-02   0.000000000000000E+00   0.000000000000000E+00   0.000000000000000E+00   0.000000000000000E+00
   9.998754189100000E-01   8.605330020600000E+00   4.113630222800000E-01   4.396245961600000E-01   2.040745266100000E-02   0.000000000000000E+00   0.000000000000000E+00   0.000000000000000E+00   0.000000000000000E+00
   9.998814752100000E-01   8.621081940000000E+00   4.123033893700000E-01   4.229567417400000E-01   4.556016271500000E-02   0.000000000000000E+00   0.000000000000000E+00   0.000000000000000E+00   0.000000000000000E+00
   9.998875315200000E-01   8.636217504399999E+00   4.132437204500000E-01   4.292962505300000E-01   3.235558018300000E-02   0.000000000000000E+00   0.000000000000000E+00   0.000000000000000E+00   0.000000000000000E+00
   9.998935878200000E-01   8.651382628800000E+00   4.141862226900000E-01   4.203770195900000E-01   4.458082752600000E-02   0.000000000000000E+00   0.000000000000000E+00   0.000000000000000E+00   0.000000000000000E+00
   9.998996441300000E-01   8.665960571499999E+00   4.151287338800000E-01   4.333839874100000E-01   2.035108889200000E-02   0.000000000000000E+00   0.000000000000000E+00   0.000000000000000E+00   0.000000000000000E+00
   9.999049588800000E-01   8.679023982600000E+00   4.159584315500000E-01   4.179870871600000E-01   4.369671553400000E-02   0.000000000000000E+00   0.000000000000000E+00   0.000000000000000E+00   0.000000000000000E+00
   9.999102736300000E-01   8.691566810799999E+00   4.167878562400000E-01   4.239610609600000E-01   3.153492048400000E-02   0.000000000000000E+00   0.000000000000000E+00   0.000000000000000E+00   0.000000000000000E+00
   9.999155883800001E-01   8.704186875200000E+00   4.176190584100000E-01   4.158072156100000E-01   4.283477345100000E-02   0.000000000000000E+00   0.000000000000000E+00   0.000000000000000E+00   0.000000000000000E+00
   9.999209031300000E-01   8.716312371700001E+00   4.184500436300000E-01   4.278815724700000E-01   2.060564532900000E-02   0.000000000000000E+00   0.000000000000000E+00   0.000000000000000E+00   0.000000000000000E+00
   9.999254750800000E-01   8.727029910800001E+00   4.191670575400000E-01   4.138022453400000E-01   4.205938806500000E-02   0.000000000000000E+00   0.000000000000000E+00   0.000000000000000E+00   0.000000000000000E+00
   9.999300470300000E-01   8.737307157600000E+00   4.198836283000000E-01   4.193625423400000E-01   3.097665246500000E-02   0.000000000000000E+00   0.000000000000000E+00   0.000000000000000E+00   0.000000000000000E+00
   9.999346189700000E-01   8.747691674100000E+00   4.206016387200000E-01   4.119965464900000E-01   4.129654407700000E-02   0.000000000000000E+00   0.000000000000000E+00   0.000000000000000E+00   0.000000000000000E+00
   9.999391909200001E-01   8.757660335400001E+00   4.213192708800000E-01   4.230532363200000E-01   2.115895040300000E-02   0.000000000000000E+00   0.000000000000000E+00   0.000000000000000E+00   0.000000000000000E+00
   9.999430726600000E-01   8.766411065900000E+00   4.219303796700000E-01   4.103422715400000E-01   4.061200614900000E-02   0.000000000000000E+00   0.000000000000000E+00   0.000000000000000E+00   0.000000000000000E+00
   9.999469544100000E-01   8.774788545200000E+00   4.225409470900000E-01   4.154288721600000E-01   3.065233861600000E-02   0.000000000000000E+00   0.000000000000000E+00   0.000000000000000E+00   0.000000000000000E+00
   9.999508361600000E-01   8.783287404199999E+00   4.231526765200000E-01   4.088680622300000E-01   3.993034462500000E-02   0.000000000000000E+00   0.000000000000000E+00   0.000000000000000E+00   0.000000000000000E+00
   9.999547179100000E-01   8.791436966999999E+00   4.237639363200000E-01   4.188124881700000E-01   2.198008658600000E-02   0.000000000000000E+00   0.000000000000000E+00   0.000000000000000E+00   0.000000000000000E+00
   9.999580140000000E-01   8.798631318200000E+00   4.242844928100000E-01   4.075130257600000E-01   3.931996067100000E-02   0.000000000000000E+00   0.000000000000000E+00   0.000000000000000E+00   0.000000000000000E+00
   9.999613100900000E-01   8.805508888400000E+00   4.248044778500000E-01   4.120626751500000E-01   3.052127723100000E-02   0.000000000000000E+00   0.000000000000000E+00   0.000000000000000E+00   0.000000000000000E+00
   9.999646061800000E-01   8.812508812900001E+00   4.253254049600000E-01   4.063098138400000E-01   3.870417356100000E-02   0.000000000000000E+00   0.000000000000000E+00   0.000000000000000E+00   0.000000000000000E+00
   9.999679022700000E-01   8.819215836000000E+00   4.258458368200000E-01   4.150598592800000E-01   2.300551582500000E-02   0.000000000000000E+00   0.000000000000000E+00   0.000000000000000E+00   0.000000000000000E+00
   9.999704144700000E-01   8.824570557099999E+00   4.262436790900000E-01   4.052678589000000E-01   3.815473679100000E-02   0.000000000000000E+00   0.000000000000000E+00   0.000000000000000E+00   0.000000000000000E+00
   9.999729266700000E-01   8.829665817400000E+00   4.266409215500000E-01   4.092614551600000E-01   3.060615155900000E-02   0.000000000000000E+00   0.000000000000000E+00   0.000000000000000E+00   0.000000000000000E+00
   9.999754388700000E-01   8.834881227700000E+00   4.270388734300000E-01   4.044205938700000E-01   3.759660174100000E-02   0.000000000000000E+00   0.000000000000000E+00   0.000000000000000E+00   0.000000000000000E+00
   9.999779510700000E-01   8.839863065199999E+00   4.274363120300000E-01   4.118489796600000E-01   2.441309833500000E-02   0.000000000000000E+00   0.000000000000000E+00   0.000000000000000E+00   0.000000000000000E+00
   9.999797860000000E-01   8.843711694200000E+00   4.277275121100000E-01   4.037119102100000E-01   3.709715655400000E-02   0.000000000000000E+00   0.000000000000000E+00   0.000000000000000E+00   0.000000000000000E+00
   9.999816209300000E-01   8.847353106900000E+00   4.280181506700000E-01   4.070416549900000E-01   3.093711980700000E-02   0.000000000000000E+00   0.000000000000000E+00   0.000000000000000E+00   0.000000000000000E+00
   9.999834558600000E-01   8.851099309400000E+00   4.283093018400000E-01   4.032075114200000E-01   3.658665840400000E-02   0.000000000000000E+00   0.000000000000000E+00   0.000000000000000E+00   0.000000000000000E+00
   9.999852907900000E-01   8.854663505200000E+00   4.285999679000000E-01   4.091981600200000E-01   2.619898485300000E-02   0.000000000000000E+00   0.000000000000000E+00   0.000000000000000E+00   0.000000000000000E+00
   9.999866858599999E-01   8.857539529600000E+00   4.288216155200000E-01   4.029842770900000E-01   3.617264401100000E-02   0.000000000000000E+00   0.000000000000000E+00   0.000000000000000E+00   0.000000000000000E+00
   9.999880809400000E-01   8.860244923900000E+00   4.290427258700000E-01   4.058827008800000E-01   3.152609687200000E-02   0.000000000000000E+00   0.000000000000000E+00   0.000000000000000E+00   0.000000000000000E+00
   9.999894760200000E-01   8.863004942800000E+00   4.292640308800000E-01   4.037692432500000E-01   3.589278105600000E-02   0.000000000000000E+00   0.000000000000000E+00   0.000000000000000E+00   0.000000000000000E+00
   9.999908710900000E-01   8.865570126200000E+00   4.294845636500000E-01   4.098764058100000E-01   2.855588783000000E-02   0.000000000000000E+00   0.000000000000000E+00   0.000000000000000E+00   0.000000000000000E+00
   9.999917907300000E-01   8.867310066800000E+00   4.296299513300000E-01   4.075439065800000E-01   3.613526359100000E-02   0.000000000000000E+00   0.000000000000000E+00   0.000000000000000E+00   0.000000000000000E+00
   9.999927103700000E-01   8.868835800899999E+00   4.297743405300000E-01   4.131507058900000E-01   3.356180417900000E-02   0.000000000000000E+00   0.000000000000000E+00   0.000000000000000E+00   0.000000000000000E+00
   9.999936300000000E-01   8.870237449199999E+00   4.299178260200000E-01   4.179143369500000E-01   3.747153100000000E-02   0.000000000000000E+00   0.000000000000000E+00   0.000000000000000E+00   0.000000000000000E+00
   9.999945496400000E-01   8.871232540799999E+00   4.300590397100000E-01   4.323991004300000E-01   3.469555444300000E-02   0.000000000000000E+00   0.000000000000000E+00   0.000000000000000E+00   0.000000000000000E+00
   9.999951367900000E-01   8.871656117200001E+00   4.301477101600000E-01   4.416866010100000E-01   4.123714846400000E-02   0.000000000000000E+00   0.000000000000000E+00   0.000000000000000E+00   0.000000000000000E+00
   9.999957239400000E-01   8.871659421100000E+00   4.302339972400000E-01   4.605508039900000E-01   4.267891640300000E-02   0.000000000000000E+00   0.000000000000000E+00   0.000000000000000E+00   0.000000000000000E+00
   9.999963111000000E-01   8.871135128800001E+00   4.303170446400000E-01   4.868673980400000E-01   4.931296712200000E-02   0.000000000000000E+00   0.000000000000000E+00   0.000000000000000E+00   0.000000000000000E+00
   9.999968982500000E-01   8.869638568199999E+00   4.303944812500000E-01   5.318478999900000E-01   5.576763716400000E-02   0.000000000000000E+00   0.000000000000000E+00   0.000000000000000E+00   0.000000000000000E+00
   9.999972059000000E-01   8.868296267400000E+00   4.304317776300000E-01   5.641948794300000E-01   6.511026075000000E-02   0.000000000000000E+00   0.000000000000000E+00   0.000000000000000E+00   0.000000000000000E+00
   9.999975135600000E-01   8.866307018500001E+00   4.304654980900000E-01   6.098504101600000E-01   7.486635647600000E-02   0.000000000000000E+00   0.000000000000000E+00   0.000000000000000E+00   0.000000000000000E+00
   9.999978212100000E-01   8.863410406900000E+00   4.304942252100000E-01   6.727559848000000E-01   9.111757079100000E-02   0.000000000000000E+00   0.000000000000000E+00   0.000000000000000E+00   0.000000000000000E+00
   9.999981288599999E-01   8.859050663100000E+00   4.305151912400000E-01   7.657847267100000E-01   1.160222080100000E-01   0.000000000000000E+00   0.000000000000000E+00   0.000000000000000E+00   0.000000000000000E+00
   9.999982917400000E-01   8.855854253400000E+00   4.305216786700000E-01   8.332172088699999E-01   1.372110680000000E-01   0.000000000000000E+00   0.000000000000000E+00   0.000000000000000E+00   0.000000000000000E+00
   9.999984546200000E-01   8.851731015200000E+00   4.305234941900000E-01   9.207215210200000E-01   1.659209099800000E-01   0.000000000000000E+00   0.000000000000000E+00   0.000000000000000E+00   0.000000000000000E+00
   9.999986175000000E-01   8.846285020600000E+00   4.305187833800000E-01   1.036963829300000E+00   2.083527169400000E-01   0.000000000000000E+00   0.000000000000000E+00   0.000000000000000E+00   0.000000000000000E+00
   9.999987803800000E-01   8.838824254800000E+00   4.305043956100000E-01   1.198014657100000E+00   2.739828182900000E-01   0.000000000000000E+00   0.000000000000000E+00   0.000000000000000E+00   0.000000000000000E+00
   9.999988734100000E-01   8.833231908800000E+00   4.304899237700000E-01   1.319772673300000E+00   3.294262876100000E-01   0.000000000000000E+00   0.000000000000000E+00   0.000000000000000E+00   0.000000000000000E+00
   9.999989664400000E-01   8.826241708600000E+00   4.304690162500000E-01   1.473166714600000E+00   4.054418249200000E-01   0.000000000000000E+00   0.000000000000000E+00   0.000000000000000E+00   0.000000000000000E+00
   9.999990594700000E-01   8.817288777400000E+00   4.304392341700000E-01   1.670949802500000E+00   5.142605386700000E-01   0.000000000000000E+00   0.000000000000000E+00   0.000000000000000E+00   0.000000000000000E+00
   9.999991525000000E-01   8.805454659800001E+00   4.303966741300000E-01   1.933991887200000E+00   6.767058141400000E-01   0.000000000000000E+00   0.000000000000000E+00   0.000000000000000E+00   0.000000000000000E+00
   9.999992099200000E-01   8.796092485499999E+00   4.303614252100000E-01   2.142588906100000E+00   8.200755530200000E-01   0.000000000000000E+00   0.000000000000000E+00   0.000000000000000E+00   0.000000000000000E+00
   9.999992673500000E-01   8.784525546099999E+00   4.303166915400000E-01   2.400445730700000E+00   1.013888003300000E+00   0.000000000000000E+00   0.000000000000000E+00   0.000000000000000E+00   0.000000000000000E+00
   9.999993247800000E-01   8.769929420300000E+00   4.302590920800000E-01   2.725038878500000E+00   1.284398241800000E+00   0.000000000000000E+00   0.000000000000000E+00   0.000000000000000E+00   0.000000000000000E+00
   9.999993822100000E-01   8.751029788800000E+00   4.301834536100000E-01   3.143071754200000E+00   1.674545979800000E+00   0.000000000000000E+00   0.000000000000000E+00   0.000000000000000E+00   0.000000000000000E+00
   9.999994203700000E-01   8.735159137500000E+00   4.301194628400000E-01   3.491228909600000E+00   2.035135846300000E+00   0.000000000000000E+00   0.000000000000000E+00   0.000000000000000E+00   0.000000000000000E+00
   9.999994585300001E-01   8.715669218400000E+00   4.300406148000000E-01   3.914766533400000E+00   2.515533325400000E+00   0.000000000000000E+00   0.000000000000000E+00   0.000000000000000E+00   0.000000000000000E+00
   9.999994967000000E-01   8.691308809600001E+00   4.299419475200000E-01   4.437009676300000E+00   3.171319865200000E+00   0.000000000000000E+00   0.000000000000000E+00   0.000000000000000E+00   0.000000000000000E+00
   9.999995348600000E-01   8.660229494299999E+00   4.298161795000000E-01   5.091443295200000E+00   4.089228027900000E+00   0.000000000000000E+00   0.000000000000000E+00   0.000000000000000E+00   0.000000000000000E+00
   9.999995630500000E-01   8.631400072500000E+00   4.296997732700000E-01   5.686270461100000E+00   5.015592546000000E+00   0.000000000000000E+00   0.000000000000000E+00   0.000000000000000E+00   0.000000000000000E+00
   9.999995912400000E-01   8.595850008199999E+00   4.295566476800000E-01   6.404116614400000E+00   6.246810866200000E+00   0.000000000000000E+00   0.000000000000000E+00   0.000000000000000E+00   0.000000000000000E+00
   9.999996194400000E-01   8.551333399100001E+00   4.293780942200000E-01   7.278878440600000E+00   7.916029474400000E+00   0.000000000000000E+00   0.000000000000000E+00   0.000000000000000E+00   0.000000000000000E+00
   9.999996476300000E-01   8.494628528400000E+00   4.291516780700000E-01   8.356655048500000E+00   1.022433001800000E+01   0.000000000000000E+00   0.000000000000000E+00   0.000000000000000E+00   0.000000000000000E+00
   9.999996693700000E-01   8.439740705800000E+00   4.289334846800000E-01   9.363255637300000E+00   1.263206326900000E+01   0.000000000000000E+00   0.000000000000000E+00   0.000000000000000E+00   0.000000000000000E+00
   9.999996911100000E-01   8.371964535700000E+00   4.286651849600000E-01   1.056086818500000E+01   1.581132437400000E+01   0.000000000000000E+00   0.000000000000000E+00   0.000000000000000E+00   0.000000000000000E+00
   9.999997128500000E-01   8.287298288700001E+00   4.283315006700000E-01   1.199157696400000E+01   2.006818443900000E+01   0.000000000000000E+00   0.000000000000000E+00   0.000000000000000E+00   0.000000000000000E+00
   9.999997345900000E-01   8.180285643400000E+00   4.279116654900000E-01   1.370679656300000E+01   2.584057517600000E+01   0.000000000000000E+00   0.000000000000000E+00   0.000000000000000E+00   0.000000000000000E+00
   9.999997515100000E-01   8.076922236700000E+00   4.275077831400000E-01   1.527476162700000E+01   3.177702572500000E+01   0.000000000000000E+00   0.000000000000000E+00   0.000000000000000E+00   0.000000000000000E+00
   9.999997684300000E-01   7.951137815400000E+00   4.270180326600000E-01   1.707820162400000E+01   3.941344406100000E+01   0.000000000000000E+00   0.000000000000000E+00   0.000000000000000E+00   0.000000000000000E+00
   9.999997853500000E-01   7.797348200100000E+00   4.264213162500000E-01   1.914298693900000E+01   4.928393027700000E+01   0.000000000000000E+00   0.000000000000000E+00   0.000000000000000E+00   0.000000000000000E+00
   9.999998022700000E-01   7.608753181500000E+00   4.256919958700000E-01   2.148894163400000E+01   6.207119452900000E+01   0.000000000000000E+00   0.000000000000000E+00   0.000000000000000E+00   0.000000000000000E+00
   9.999998161800000E-01   7.422060173900000E+00   4.249721011700000E-01   2.363195799900000E+01   7.536158709599999E+01   0.000000000000000E+00   0.000000000000000E+00   0.000000000000000E+00   0.000000000000000E+00
   9.999998300900000E-01   7.201559751000000E+00   4.241239204800000E-01   2.595830204900000E+01   9.174939612599999E+01   0.000000000000000E+00   0.000000000000000E+00   0.000000000000000E+00   0.000000000000000E+00
   9.999998440000000E-01   6.942267709200000E+00   4.231287682600000E-01   2.843963361100000E+01   1.118335271400000E+02   0.000000000000000E+00   0.000000000000000E+00   0.000000000000000E+00   0.000000000000000E+00
   9.999998579100000E-01   6.639632140500000E+00   4.219696200400000E-01   3.102322310800000E+01   1.362100698800000E+02   0.000000000000000E+00   0.000000000000000E+00   0.000000000000000E+00   0.000000000000000E+00
   9.999998707600000E-01   6.318576796300000E+00   4.207420260600000E-01   3.343097311100000E+01   1.629874808000000E+02   0.000000000000000E+00   0.000000000000000E+00   0.000000000000000E+00   0.000000000000000E+00
   9.999998836100000E-01   5.956594912200000E+00   4.193598814400000E-01   3.576770310100000E+01   1.941118818000000E+02   0.000000000000000E+00   0.000000000000000E+00   0.000000000000000E+00   0.000000000000000E+00
   9.999998964600000E-01   5.555121484500000E+00   4.178286798700000E-01   3.792495218000000E+01   2.295554103400000E+02   0.000000000000000E+00   0.000000000000000E+00   0.000000000000000E+00   0.000000000000000E+00
   9.999999093200000E-01   5.118701043200000E+00   4.161655802500000E-01   3.977899149300000E+01   2.689260043500000E+02   0.000000000000000E+00   0.000000000000000E+00   0.000000000000000E+00   0.000000000000000E+00
   9.999999206600000E-01   4.710473003600000E+00   4.146106923700000E-01   4.106614811000000E+01   3.063042219800000E+02   0.000000000000000E+00   0.000000000000000E+00   0.000000000000000E+00   0.000000000000000E+00
   9.999999320100000E-01   4.288727776300000E+00   4.130046194000000E-01   4.194667506700000E+01   3.452238966200000E+02   0.000000000000000E+00   0.000000000000000E+00   0.000000000000000E+00   0.000000000000000E+00
   9.999999433600000E-01   3.862470777600000E+00   4.113812048700000E-01   4.236754023900000E+01   3.845826816300000E+02   0.000000000000000E+00   0.000000000000000E+00   0.000000000000000E+00   0.000000000000000E+00
   9.999999547100000E-01   3.441377903200000E+00   4.097768114700000E-01   4.230346919000000E+01   4.231371993400000E+02   0.000000000000000E+00   0.000000000000000E+00   0.000000000000000E+00   0.000000000000000E+00
   9.999999660300000E-01   3.035806453900000E+00   4.082304276200000E-01   4.176260879700000E+01   4.595357190300000E+02   0.000000000000000E+00   0.000000000000000E+00   0.000000000000000E+00   0.000000000000000E+00
   9.999999773500000E-01   2.653013202200000E+00   4.067693247400000E-01   4.078302416100000E+01   4.927126064700000E+02   0.000000000000000E+00   0.000000000000000E+00   0.000000000000000E+00   0.000000000000000E+00
   9.999999886800000E-01   2.299330845300000E+00   4.054173875200000E-01   3.942547513800000E+01   5.217388856400000E+02   0.000000000000000E+00   0.000000000000000E+00   0.000000000000000E+00   0.000000000000000E+00
   1.000000000000000E+00   1.978880643800000E+00   4.041902295300000E-01   3.776748450600000E+01   5.459696162499999E+02   0.000000000000000E+00   0.000000000000000E+00   0.000000000000000E+00   0.000000000000000E+00
