   0.000000000000000E+00   4.926712356600000E-01   9.999999955900000E-01   1.684321876400000E+00   1.823017752200000E+00   0.000000000000000E+00   0.000000000000000E+00   0.000000000000000E+00   0.000000000000000E+00
   3.030544834800000E-04   6.020535750200000E-01   8.988400571300000E-01   1.604023244600000E+00   1.691196476700000E+00   0.000000000000000E+00   0.000000000000000E+00   0.000000000000000E+00   0.000000000000000E+00
   6.061089669700000E-04   7.235384182100000E-01   8.123243240000000E-01   1.562353022500000E+00   1.510123759100000E+00   0.000000000000000E+00   0.000000000000000E+00   0.000000000000000E+00   0.000000000000000E+00
   9.091634504500000E-04   8.582367937499999E-01   7.380525049900000E-01   1.505090026100000E+00   1.407359476800000E+00   0.000000000000000E+00   0.000000000000000E+00   0.000000000000000E+00   0.000000000000000E+00
   1.212217933900000E-03   1.004524680300000E+00   6.741463788499999E-01   1.483623204800000E+00   1.243124615900000E+00   0.000000000000000E+00   0.000000000000000E+00   0.000000000000000E+00   0.000000000000000E+00
   1.477421697800000E-03   1.142574155800000E+00   6.255614152900000E-01   1.429061433100000E+00   1.210607812700000E+00   0.000000000000000E+00   0.000000000000000E+00   0.000000000000000E+00   0.000000000000000E+00
   1.742625461700000E-03   1.287710433800000E+00   5.829598620999999E-01   1.408156321900000E+00   1.107673423300000E+00   0.000000000000000E+00   0.000000000000000E+00   0.000000000000000E+00   0.000000000000000E+00
   2.007829225500000E-03   1.439610191400000E+00   5.456537808300000E-01   1.367985844400000E+00   1.067046576100000E+00   0.000000000000000E+00   0.000000000000000E+00   0.000000000000000E+00   0.000000000000000E+00
   2.273032989400000E-03   1.595846698500000E+00   5.130477985900000E-01   1.360945565800000E+00   9.537306445900000E-01   0.000000000000000E+00   0.000000000000000E+00   0.000000000000000E+00   0.000000000000000E+00
   2.789985897800000E-03   1.907879642600000E+00   4.611124326100000E-01   1.291155871000000E+00   9.050597464000000E-01   0.000000000000000E+00   0.000000000000000E+00   0.000000000000000E+00   0.000000000000000E+00
   3.306938806300000E-03   2.214482271400000E+00   4.219234137200000E-01   1.258885549600000E+00   7.962131709100000E-01   0.000000000000000E+00   0.000000000000000E+00   0.000000000000000E+00   0.000000000000000E+00
   3.823891714700000E-03   2.500475451000000E+00   3.928410168600000E-01   1.211663937700000E+00   7.580899818400000E-01   0.000000000000000E+00   0.000000000000000E+00   0.000000000000000E+00   0.000000000000000E+00
   4.340844623100000E-03   2.751198609600000E+00   3.716400253100000E-01   1.202246337500000E+00   6.550320729400000E-01   0.000000000000000E+00   0.000000000000000E+00   0.000000000000000E+00   0.000000000000000E+00
   4.854697411600000E-03   2.959978804100000E+00   3.565458572900000E-01   1.157745661900000E+00   6.691300185000000E-01   0.000000000000000E+00   0.000000000000000E+00   0.000000000000000E+00   0.000000000000000E+00
   5.368550200000000E-03   3.124687192700000E+00   3.458876158000000E-01   1.150256400100000E+00   6.139968792900000E-01   0.000000000000000E+00   0.000000000000000E+00   0.000000000000000E+00   0.000000000000000E+00
   5.882402988400000E-03   3.250412363300000E+00   3.384661623200000E-01   1.126086906700000E+00   6.205179824700000E-01   0.000000000000000E+00   0.000000000000000E+00   0.000000000000000E+00   0.000000000000000E+00
   6.396255776900000E-03   3.342091518100000E+00   3.333480073600000E-01   1.137155439800000E+00   5.539824166400000E-01   0.000000000000000E+00   0.000000000000000E+00   0.000000000000000E+00   0.000000000000000E+00
   7.024723619400000E-03   3.420306113800000E+00   3.292378555400000E-01   1.108306086000000E+00   5.943083022900000E-01   0.000000000000000E+00   0.000000000000000E+00   0.000000000000000E+00   0.000000000000000E+00
   7.653191461800000E-03   3.470279385600000E+00   3.266783140000000E-01   1.113857544100000E+00   5.600248885200000E-01   0.000000000000000E+00   0.000000000000000E+00   0.000000000000000E+00   0.000000000000000E+00
   8.281659304300000E-03   3.502300980600000E+00   3.250934832300000E-01   1.099905657100000E+00   5.821829555700000E-01   0.000000000000000E+00   0.000000000000000E+00   0.000000000000000E+00   0.000000000000000E+00
   8.910127146800000E-03   3.521915387000000E+00   3.241117992000000E-01   1.118653261200000E+00   5.272483318300000E-01   0.000000000000000E+00   0.000000000000000E+00   0.000000000000000E+00   0.000000000000000E+00
   1.051981278800000E-02   3.545466895100000E+00   3.229864674500000E-01   1.095530456000000E+00   5.759320398900000E-01   0.000000000000000E+00   0.000000000000000E+00   0.000000000000000E+00   0.000000000000000E+00
   1.212949842900000E-02   3.551606561100000E+00   3.226829325200000E-01   1.105594581100000E+00   5.482299577700001E-01   0.000000000000000E+00   0.000000000000000E+00   0.000000000000000E+00   0.000000000000000E+00
   1.373918407100000E-02   3.553719169300000E+00   3.225892095600000E-01   1.094698333000000E+00   5.747447263100000E-01   0.000000000000000E+00   0.000000000000000E+00   0.000000000000000E+00   0.000000000000000E+00
   1.534886971200000E-02   3.554034404400000E+00   3.225596180800000E-01   1.115401238600000E+00   5.226510582600000E-01   0.000000000000000E+00   0.000000000000000E+00   0.000000000000000E+00   0.000000000000000E+00
   2.142020932100000E-02   3.554598123200000E+00   3.225469655200000E-01   1.094610337000000E+00   5.746171945200000E-01   0.000000000000000E+00   0.000000000000000E+00   0.000000000000000E+00   0.000000000000000E+00
   2.749154893100000E-02   3.554395436000000E+00   3.225492760600000E-01   1.105311510300000E+00   5.478353202900000E-01   0.000000000000000E+00   0.000000000000000E+00   0.000000000000000E+00   0.000000000000000E+00
   3.356288854000000E-02   3.554578793500000E+00   3.225478925500000E-01   1.094612603000000E+00   5.746191664500000E-01   0.000000000000000E+00   0.000000000000000E+00   0.000000000000000E+00   0.000000000000000E+00
   3.963422815000000E-02   3.554256554700000E+00   3.225489626500000E-01   1.115376808600000E+00   5.226243424300000E-01   0.000000000000000E+00   0.000000000000000E+00   0.000000000000000E+00   0.000000000000000E+00
   5.350957844900000E-02   3.554575369600000E+00   3.225480566500000E-01   1.094613141600000E+00   5.746191705500000E-01   0.000000000000000E+00   0.000000000000000E+00   0.000000000000000E+00   0.000000000000000E+00
   6.738492874800001E-02   3.554416780300000E+00   3.225482525400000E-01   1.105308811700000E+00   5.478336368100000E-01   0.000000000000000E+00   0.000000000000000E+00   0.000000000000000E+00   0.000000000000000E+00
   8.126027904700001E-02   3.554572690700000E+00   3.225481850700000E-01   1.094613550300000E+00   5.746192059600000E-01   0.000000000000000E+00   0.000000000000000E+00   0.000000000000000E+00   0.000000000000000E+00
   9.513562934500000E-02   3.554275451500000E+00   3.225480567600000E-01   1.115374016600000E+00   5.226238649600000E-01   0.000000000000000E+00   0.000000000000000E+00   0.000000000000000E+00   0.000000000000000E+00
   1.091064982800000E-01   3.554571242400000E+00   3.225482544600000E-01   1.094613813600000E+00   5.746191184000000E-01   0.000000000000000E+00   0.000000000000000E+00   0.000000000000000E+00   0.000000000000000E+00
   1.230773672200000E-01   3.554421092900000E+00   3.225480458900000E-01   1.105308045600000E+00   5.478338520400000E-01   0.000000000000000E+00   0.000000000000000E+00   0.000000000000000E+00   0.000000000000000E+00
   1.370482361500000E-01   3.554570182300000E+00   3.225483052200000E-01   1.094614058000000E+00   5.746189244300000E-01   0.000000000000000E+00   0.000000000000000E+00   0.000000000000000E+00   0.000000000000000E+00
   1.510191050900000E-01   3.554282918900000E+00   3.225476991500000E-01   1.115372383400000E+00   5.226250086599999E-01   0.000000000000000E+00   0.000000000000000E+00   0.000000000000000E+00   0.000000000000000E+00
   1.655176576700000E-01   3.554569618200000E+00   3.225483322000000E-01   1.094614229700000E+00   5.746187166500000E-01   0.000000000000000E+00   0.000000000000000E+00   0.000000000000000E+00   0.000000000000000E+00
   1.800162102600000E-01   3.554422786500000E+00   3.225479648700000E-01   1.105307550800000E+00   5.478344242600000E-01   0.000000000000000E+00   0.000000000000000E+00   0.000000000000000E+00   0.000000000000000E+00
   1.945147628400000E-01   3.554569200800000E+00   3.225483521300000E-01   1.094614404300000E+00   5.746184432500000E-01   0.000000000000000E+00   0.000000000000000E+00   0.000000000000000E+00   0.000000000000000E+00
   2.090133154300000E-01   3.554285837700000E+00   3.225475597200000E-01   1.115371241100000E+00   5.226267229900000E-01   0.000000000000000E+00   0.000000000000000E+00   0.000000000000000E+00   0.000000000000000E+00
   2.293969717900000E-01   3.554569012000000E+00   3.225483611200000E-01   1.094614519700000E+00   5.746182279900000E-01   0.000000000000000E+00   0.000000000000000E+00   0.000000000000000E+00   0.000000000000000E+00
   2.497806281600000E-01   3.554423397300000E+00   3.225479357600000E-01   1.105307217100000E+00   5.478350209600000E-01   0.000000000000000E+00   0.000000000000000E+00   0.000000000000000E+00   0.000000000000000E+00
   2.701642845300000E-01   3.554568868000000E+00   3.225483679700000E-01   1.094614628400000E+00   5.746180116300000E-01   0.000000000000000E+00   0.000000000000000E+00   0.000000000000000E+00   0.000000000000000E+00
   2.905479409000000E-01   3.554286800500000E+00   3.225475139500000E-01   1.115370540900000E+00   5.226281017200000E-01   0.000000000000000E+00   0.000000000000000E+00   0.000000000000000E+00   0.000000000000000E+00
   3.106870357700000E-01   3.554568777300000E+00   3.225483722600000E-01   1.094614718200000E+00   5.746178219900000E-01   0.000000000000000E+00   0.000000000000000E+00   0.000000000000000E+00   0.000000000000000E+00
   3.308261306500000E-01   3.554423658800000E+00   3.225479233700000E-01   1.105306963200000E+00   5.478355556600000E-01   0.000000000000000E+00   0.000000000000000E+00   0.000000000000000E+00   0.000000000000000E+00
   3.509652255300000E-01   3.554568699500000E+00   3.225483759300000E-01   1.094614821400000E+00   5.746175932900000E-01   0.000000000000000E+00   0.000000000000000E+00   0.000000000000000E+00   0.000000000000000E+00
   3.711043204000000E-01   3.554287321200000E+00   3.225474893900000E-01   1.115369877900000E+00   5.226295621000000E-01   0.000000000000000E+00   0.000000000000000E+00   0.000000000000000E+00   0.000000000000000E+00
   3.827104957000000E-01   3.554568628400000E+00   3.225483792700000E-01   1.094614939400000E+00   5.746173246800000E-01   0.000000000000000E+00   0.000000000000000E+00   0.000000000000000E+00   0.000000000000000E+00
   3.943166709900000E-01   3.554423836300000E+00   3.225479150700000E-01   1.105306632300000E+00   5.478363174300001E-01   0.000000000000000E+00   0.000000000000000E+00   0.000000000000000E+00   0.000000000000000E+00
   4.059228462900000E-01   3.554568574100000E+00   3.225483817600000E-01   1.094615110400000E+00   5.746169163200000E-01   0.000000000000000E+00   0.000000000000000E+00   0.000000000000000E+00   0.000000000000000E+00
   4.175290215800000E-01   3.554287719000000E+00   3.225474710300000E-01   1.115368778600000E+00   5.226321684200000E-01   0.000000000000000E+00   0.000000000000000E+00   0.000000000000000E+00   0.000000000000000E+00
   4.280934243700000E-01   3.554568544300000E+00   3.225483830800000E-01   1.094615261000000E+00   5.746165494300000E-01   0.000000000000000E+00   0.000000000000000E+00   0.000000000000000E+00   0.000000000000000E+00
   4.386578271600000E-01   3.554423923400000E+00   3.225479111800000E-01   1.105306206700000E+00   5.478373529000000E-01   0.000000000000000E+00   0.000000000000000E+00   0.000000000000000E+00   0.000000000000000E+00
   4.492222299400000E-01   3.554568524300000E+00   3.225483839200000E-01   1.094615444800000E+00   5.746160951600000E-01   0.000000000000000E+00   0.000000000000000E+00   0.000000000000000E+00   0.000000000000000E+00
   4.597866327300000E-01   3.554287868200000E+00   3.225474646800000E-01   1.115367600100000E+00   5.226350727900000E-01   0.000000000000000E+00   0.000000000000000E+00   0.000000000000000E+00   0.000000000000000E+00
   4.704087327400000E-01   3.554568513900000E+00   3.225483843100000E-01   1.094615600000000E+00   5.746157091400000E-01   0.000000000000000E+00   0.000000000000000E+00   0.000000000000000E+00   0.000000000000000E+00
   4.810308327600000E-01   3.554423955000000E+00   3.225479099600000E-01   1.105305768400000E+00   5.478384425000000E-01   0.000000000000000E+00   0.000000000000000E+00   0.000000000000000E+00   0.000000000000000E+00
   4.916529327700000E-01   3.554568506200000E+00   3.225483845500000E-01   1.094615781500000E+00   5.746152556100000E-01   0.000000000000000E+00   0.000000000000000E+00   0.000000000000000E+00   0.000000000000000E+00
   5.022750327800000E-01   3.554287923200000E+00   3.225474628300000E-01   1.115366437400000E+00   5.226379745200000E-01   0.000000000000000E+00   0.000000000000000E+00   0.000000000000000E+00   0.000000000000000E+00
   5.124722910800000E-01   3.554568501600000E+00   3.225483846700000E-01   1.094615938900000E+00   5.746148618100000E-01   0.000000000000000E+00   0.000000000000000E+00   0.000000000000000E+00   0.000000000000000E+00
   5.226695493800000E-01   3.554423968700000E+00   3.225479096000000E-01   1.105305324100000E+00   5.478395543300000E-01   0.000000000000000E+00   0.000000000000000E+00   0.000000000000000E+00   0.000000000000000E+00
   5.328668076700001E-01   3.554568497500000E+00   3.225483847400000E-01   1.094616127600000E+00   5.746143888600000E-01   0.000000000000000E+00   0.000000000000000E+00   0.000000000000000E+00   0.000000000000000E+00
   5.430640659700000E-01   3.554287951500000E+00   3.225474623000000E-01   1.115365229400000E+00   5.226410011000000E-01   0.000000000000000E+00   0.000000000000000E+00   0.000000000000000E+00   0.000000000000000E+00
   5.518232494500001E-01   3.554568494300000E+00   3.225483847700000E-01   1.094616301100000E+00   5.746139537800000E-01   0.000000000000000E+00   0.000000000000000E+00   0.000000000000000E+00   0.000000000000000E+00
   5.605824329300000E-01   3.554423977700000E+00   3.225479095100000E-01   1.105304834200000E+00   5.478407827800000E-01   0.000000000000000E+00   0.000000000000000E+00   0.000000000000000E+00   0.000000000000000E+00
   5.693416164000000E-01   3.554568491000000E+00   3.225483847800000E-01   1.094616520700000E+00   5.746134030300000E-01   0.000000000000000E+00   0.000000000000000E+00   0.000000000000000E+00   0.000000000000000E+00
   5.781007998800000E-01   3.554287973900000E+00   3.225474621800000E-01   1.115363824100000E+00   5.226445257900000E-01   0.000000000000000E+00   0.000000000000000E+00   0.000000000000000E+00   0.000000000000000E+00
   5.849461041600000E-01   3.554568487900000E+00   3.225483847800000E-01   1.094616733400000E+00   5.746128694400000E-01   0.000000000000000E+00   0.000000000000000E+00   0.000000000000000E+00   0.000000000000000E+00
   5.917914084400000E-01   3.554423986300000E+00   3.225479095100000E-01   1.105304233600000E+00   5.478422893700000E-01   0.000000000000000E+00   0.000000000000000E+00   0.000000000000000E+00   0.000000000000000E+00
   5.986367127200000E-01   3.554568484000000E+00   3.225483847800000E-01   1.094617014200000E+00   5.746121647000000E-01   0.000000000000000E+00   0.000000000000000E+00   0.000000000000000E+00   0.000000000000000E+00
   6.054820170000000E-01   3.554287998900000E+00   3.225474622200000E-01   1.115362026500000E+00   5.226490360400000E-01   0.000000000000000E+00   0.000000000000000E+00   0.000000000000000E+00   0.000000000000000E+00
   6.113900277400000E-01   3.554568480600000E+00   3.225483847700000E-01   1.094617271900000E+00   5.746115181900000E-01   0.000000000000000E+00   0.000000000000000E+00   0.000000000000000E+00   0.000000000000000E+00
   6.172980384900000E-01   3.554423996200000E+00   3.225479095300000E-01   1.105303506200000E+00   5.478441148099999E-01   0.000000000000000E+00   0.000000000000000E+00   0.000000000000000E+00   0.000000000000000E+00
   6.232060492300000E-01   3.554568476200000E+00   3.225483847500000E-01   1.094617597300000E+00   5.746107017300000E-01   0.000000000000000E+00   0.000000000000000E+00   0.000000000000000E+00   0.000000000000000E+00
   6.291140599700000E-01   3.554288026900000E+00   3.225474623000000E-01   1.115359944100000E+00   5.226542613400000E-01   0.000000000000000E+00   0.000000000000000E+00   0.000000000000000E+00   0.000000000000000E+00
   6.355624826600000E-01   3.554568472700000E+00   3.225483847400000E-01   1.094617862200000E+00   5.746100368700000E-01   0.000000000000000E+00   0.000000000000000E+00   0.000000000000000E+00   0.000000000000000E+00
   6.420109053600001E-01   3.554424006200000E+00   3.225479095600000E-01   1.105302758000000E+00   5.478459920800000E-01   0.000000000000000E+00   0.000000000000000E+00   0.000000000000000E+00   0.000000000000000E+00
   6.484593280600000E-01   3.554568468700000E+00   3.225483847300000E-01   1.094618160300000E+00   5.746092889300000E-01   0.000000000000000E+00   0.000000000000000E+00   0.000000000000000E+00   0.000000000000000E+00
   6.549077507600000E-01   3.554288052400000E+00   3.225474623800000E-01   1.115358036500000E+00   5.226590481700000E-01   0.000000000000000E+00   0.000000000000000E+00   0.000000000000000E+00   0.000000000000000E+00
   6.609312298700000E-01   3.554568465200000E+00   3.225483847200000E-01   1.094618422600000E+00   5.746086307900000E-01   0.000000000000000E+00   0.000000000000000E+00   0.000000000000000E+00   0.000000000000000E+00
   6.669547089800000E-01   3.554424016100000E+00   3.225479096000000E-01   1.105302017500000E+00   5.478478503500001E-01   0.000000000000000E+00   0.000000000000000E+00   0.000000000000000E+00   0.000000000000000E+00
   6.729781880900000E-01   3.554568460900000E+00   3.225483847000000E-01   1.094618741600000E+00   5.746078301799999E-01   0.000000000000000E+00   0.000000000000000E+00   0.000000000000000E+00   0.000000000000000E+00
   6.790016672000000E-01   3.554288079700000E+00   3.225474624700000E-01   1.115355994600000E+00   5.226641720800000E-01   0.000000000000000E+00   0.000000000000000E+00   0.000000000000000E+00   0.000000000000000E+00
   6.872763536199999E-01   3.554568457800000E+00   3.225483846900000E-01   1.094618975900000E+00   5.746072422700000E-01   0.000000000000000E+00   0.000000000000000E+00   0.000000000000000E+00   0.000000000000000E+00
   6.955510400400000E-01   3.554424025000000E+00   3.225479096200000E-01   1.105301356000000E+00   5.478495103500000E-01   0.000000000000000E+00   0.000000000000000E+00   0.000000000000000E+00   0.000000000000000E+00
   7.038257264600000E-01   3.554568454700000E+00   3.225483846800000E-01   1.094619208100000E+00   5.746066595300000E-01   0.000000000000000E+00   0.000000000000000E+00   0.000000000000000E+00   0.000000000000000E+00
   7.121004128800000E-01   3.554288099600000E+00   3.225474625400000E-01   1.115354508300000E+00   5.226679015800000E-01   0.000000000000000E+00   0.000000000000000E+00   0.000000000000000E+00   0.000000000000000E+00
   7.175895996500000E-01   3.554568451300000E+00   3.225483846700000E-01   1.094619455600000E+00   5.746060385600000E-01   0.000000000000000E+00   0.000000000000000E+00   0.000000000000000E+00   0.000000000000000E+00
   7.230787864300000E-01   3.554424034300000E+00   3.225479096500000E-01   1.105300657200000E+00   5.478512636600000E-01   0.000000000000000E+00   0.000000000000000E+00   0.000000000000000E+00   0.000000000000000E+00
   7.285679732000000E-01   3.554568446700000E+00   3.225483846600000E-01   1.094619805600000E+00   5.746051602100000E-01   0.000000000000000E+00   0.000000000000000E+00   0.000000000000000E+00   0.000000000000000E+00
   7.340571599700000E-01   3.554288129500000E+00   3.225474626400000E-01   1.115352268100000E+00   5.226735229700000E-01   0.000000000000000E+00   0.000000000000000E+00   0.000000000000000E+00   0.000000000000000E+00
   7.396414354300000E-01   3.554568442700000E+00   3.225483846400000E-01   1.094620100600000E+00   5.746044200300000E-01   0.000000000000000E+00   0.000000000000000E+00   0.000000000000000E+00   0.000000000000000E+00
   7.452257108900000E-01   3.554424045400000E+00   3.225479096900000E-01   1.105299824400000E+00   5.478533536000000E-01   0.000000000000000E+00   0.000000000000000E+00   0.000000000000000E+00   0.000000000000000E+00
   7.508099863500000E-01   3.554568438100000E+00   3.225483846300000E-01   1.094620444600000E+00   5.746035567600000E-01   0.000000000000000E+00   0.000000000000000E+00   0.000000000000000E+00   0.000000000000000E+00
   7.563942618100000E-01   3.554288159000000E+00   3.225474627300000E-01   1.115350066400000E+00   5.226790478900000E-01   0.000000000000000E+00   0.000000000000000E+00   0.000000000000000E+00   0.000000000000000E+00
   7.616307508500000E-01   3.554568434100000E+00   3.225483846200000E-01   1.094620746700000E+00   5.746027986700000E-01   0.000000000000000E+00   0.000000000000000E+00   0.000000000000000E+00   0.000000000000000E+00
   7.668672399000001E-01   3.554424056800000E+00   3.225479097300000E-01   1.105298971400000E+00   5.478554941000000E-01   0.000000000000000E+00   0.000000000000000E+00   0.000000000000000E+00   0.000000000000000E+00
   7.721037289500000E-01   3.554568429200000E+00   3.225483846000000E-01   1.094621113500000E+00   5.746018781900000E-01   0.000000000000000E+00   0.000000000000000E+00   0.000000000000000E+00   0.000000000000000E+00
   7.773402179900000E-01   3.554288190300000E+00   3.225474628300000E-01   1.115347718800000E+00   5.226849389300000E-01   0.000000000000000E+00   0.000000000000000E+00   0.000000000000000E+00   0.000000000000000E+00
   7.841518796900000E-01   3.554568425500000E+00   3.225483845900000E-01   1.094621389300000E+00   5.746011863100000E-01   0.000000000000000E+00   0.000000000000000E+00   0.000000000000000E+00   0.000000000000000E+00
   7.909635413800000E-01   3.554424067200000E+00   3.225479097600000E-01   1.105298192900000E+00   5.478574476800000E-01   0.000000000000000E+00   0.000000000000000E+00   0.000000000000000E+00   0.000000000000000E+00
   7.977752030800001E-01   3.554568421700000E+00   3.225483845800000E-01   1.094621671200000E+00   5.746004787800000E-01   0.000000000000000E+00   0.000000000000000E+00   0.000000000000000E+00   0.000000000000000E+00
   8.045868647800000E-01   3.554288214500000E+00   3.225474629100000E-01   1.115345914300000E+00   5.226894671100000E-01   0.000000000000000E+00   0.000000000000000E+00   0.000000000000000E+00   0.000000000000000E+00
   8.091674253600000E-01   3.554568417800000E+00   3.225483845600000E-01   1.094621969200000E+00   5.745997309500001E-01   0.000000000000000E+00   0.000000000000000E+00   0.000000000000000E+00   0.000000000000000E+00
   8.137479859500000E-01   3.554424078500000E+00   3.225479098000000E-01   1.105297351500000E+00   5.478595591600000E-01   0.000000000000000E+00   0.000000000000000E+00   0.000000000000000E+00   0.000000000000000E+00
   8.183285465300000E-01   3.554568412200000E+00   3.225483845400000E-01   1.094622388400000E+00   5.745986789400001E-01   0.000000000000000E+00   0.000000000000000E+00   0.000000000000000E+00   0.000000000000000E+00
   8.229091071200000E-01   3.554288250300000E+00   3.225474630300000E-01   1.115343231300000E+00   5.226961999500001E-01   0.000000000000000E+00   0.000000000000000E+00   0.000000000000000E+00   0.000000000000000E+00
   8.271857262700000E-01   3.554568407200000E+00   3.225483845300000E-01   1.094622757400000E+00   5.745977530300000E-01   0.000000000000000E+00   0.000000000000000E+00   0.000000000000000E+00   0.000000000000000E+00
   8.314623454300000E-01   3.554424092400000E+00   3.225479098400000E-01   1.105296309700000E+00   5.478621734700000E-01   0.000000000000000E+00   0.000000000000000E+00   0.000000000000000E+00   0.000000000000000E+00
   8.357389645800000E-01   3.554568401200000E+00   3.225483845100000E-01   1.094623206400000E+00   5.745966264500000E-01   0.000000000000000E+00   0.000000000000000E+00   0.000000000000000E+00   0.000000000000000E+00
   8.400155837400000E-01   3.554288288700000E+00   3.225474631600000E-01   1.115340358100000E+00   5.227034100600000E-01   0.000000000000000E+00   0.000000000000000E+00   0.000000000000000E+00   0.000000000000000E+00
   8.452988497100000E-01   3.554568396600000E+00   3.225483844900000E-01   1.094623551600000E+00   5.745957601700000E-01   0.000000000000000E+00   0.000000000000000E+00   0.000000000000000E+00   0.000000000000000E+00
   8.505821156900000E-01   3.554424105400000E+00   3.225479098900000E-01   1.105295334900000E+00   5.478646194800000E-01   0.000000000000000E+00   0.000000000000000E+00   0.000000000000000E+00   0.000000000000000E+00
   8.558653816600000E-01   3.554568391800000E+00   3.225483844800000E-01   1.094623914900000E+00   5.745948483900000E-01   0.000000000000000E+00   0.000000000000000E+00   0.000000000000000E+00   0.000000000000000E+00
   8.611486476400000E-01   3.554288319800000E+00   3.225474632600000E-01   1.115338032800000E+00   5.227092454700000E-01   0.000000000000000E+00   0.000000000000000E+00   0.000000000000000E+00   0.000000000000000E+00
   8.637195548500000E-01   3.554568385400000E+00   3.225483844600000E-01   1.094624386600000E+00   5.745936646000001E-01   0.000000000000000E+00   0.000000000000000E+00   0.000000000000000E+00   0.000000000000000E+00
   8.662904620600000E-01   3.554424123200000E+00   3.225479099500000E-01   1.105294003100000E+00   5.478679617600000E-01   0.000000000000000E+00   0.000000000000000E+00   0.000000000000000E+00   0.000000000000000E+00
   8.688613692700000E-01   3.554568375500000E+00   3.225483844200000E-01   1.094625133100000E+00   5.745917912700000E-01   0.000000000000000E+00   0.000000000000000E+00   0.000000000000000E+00   0.000000000000000E+00
   8.714322764900000E-01   3.554288383600000E+00   3.225474634700000E-01   1.115333255200000E+00   5.227212347200000E-01   0.000000000000000E+00   0.000000000000000E+00   0.000000000000000E+00   0.000000000000000E+00
   8.734632383499999E-01   3.554568365900000E+00   3.225483843900000E-01   1.094625851900000E+00   5.745899875200000E-01   0.000000000000000E+00   0.000000000000000E+00   0.000000000000000E+00   0.000000000000000E+00
   8.754942002100000E-01   3.554424150300000E+00   3.225479100300000E-01   1.105291973700000E+00   5.478730545600000E-01   0.000000000000000E+00   0.000000000000000E+00   0.000000000000000E+00   0.000000000000000E+00
   8.775251620700000E-01   3.554568353200000E+00   3.225483843500000E-01   1.094626796500000E+00   5.745876169600000E-01   0.000000000000000E+00   0.000000000000000E+00   0.000000000000000E+00   0.000000000000000E+00
   8.795561239300000E-01   3.554288464400000E+00   3.225474637300000E-01   1.115327209600000E+00   5.227364063500000E-01   0.000000000000000E+00   0.000000000000000E+00   0.000000000000000E+00   0.000000000000000E+00
   8.815537208300001E-01   3.554568342400000E+00   3.225483843200000E-01   1.094627606000000E+00   5.745855855200001E-01   0.000000000000000E+00   0.000000000000000E+00   0.000000000000000E+00   0.000000000000000E+00
   8.835513177400000E-01   3.554424180900000E+00   3.225479101300000E-01   1.105289688100000E+00   5.478787903600000E-01   0.000000000000000E+00   0.000000000000000E+00   0.000000000000000E+00   0.000000000000000E+00
   8.855489146400000E-01   3.554568329600000E+00   3.225483842700000E-01   1.094628566000000E+00   5.745831762600000E-01   0.000000000000000E+00   0.000000000000000E+00   0.000000000000000E+00   0.000000000000000E+00
   8.875465115500000E-01   3.554288546500000E+00   3.225474640000000E-01   1.115321065400000E+00   5.227518256000000E-01   0.000000000000000E+00   0.000000000000000E+00   0.000000000000000E+00   0.000000000000000E+00
   8.895792102700000E-01   3.554568318800000E+00   3.225483842400000E-01   1.094629374800000E+00   5.745811464600000E-01   0.000000000000000E+00   0.000000000000000E+00   0.000000000000000E+00   0.000000000000000E+00
   8.916119089900000E-01   3.554424211400000E+00   3.225479102300000E-01   1.105287404400000E+00   5.478845215800000E-01   0.000000000000000E+00   0.000000000000000E+00   0.000000000000000E+00   0.000000000000000E+00
   8.936446077100000E-01   3.554568306200000E+00   3.225483842000000E-01   1.094630317900000E+00   5.745787797000000E-01   0.000000000000000E+00   0.000000000000000E+00   0.000000000000000E+00   0.000000000000000E+00
   8.956773064400000E-01   3.554288627100000E+00   3.225474642600000E-01   1.115315029700000E+00   5.227669729100000E-01   0.000000000000000E+00   0.000000000000000E+00   0.000000000000000E+00   0.000000000000000E+00
   8.979938166700000E-01   3.554568296200000E+00   3.225483841600000E-01   1.094631070300000E+00   5.745768915500000E-01   0.000000000000000E+00   0.000000000000000E+00   0.000000000000000E+00   0.000000000000000E+00
   9.003103269100000E-01   3.554424239800000E+00   3.225479103300000E-01   1.105285280000000E+00   5.478898529100000E-01   0.000000000000000E+00   0.000000000000000E+00   0.000000000000000E+00   0.000000000000000E+00
   9.026268371400000E-01   3.554568285100000E+00   3.225483841300000E-01   1.094631897500000E+00   5.745748154700000E-01   0.000000000000000E+00   0.000000000000000E+00   0.000000000000000E+00   0.000000000000000E+00
   9.049433473800000E-01   3.554288697800000E+00   3.225474644900000E-01   1.115309735400000E+00   5.227802597800000E-01   0.000000000000000E+00   0.000000000000000E+00   0.000000000000000E+00   0.000000000000000E+00
   9.069547435799999E-01   3.554568275000000E+00   3.225483841000000E-01   1.094632653900000E+00   5.745729172600000E-01   0.000000000000000E+00   0.000000000000000E+00   0.000000000000000E+00   0.000000000000000E+00
   9.089661397900000E-01   3.554424268300000E+00   3.225479104200000E-01   1.105283144500000E+00   5.478952124799999E-01   0.000000000000000E+00   0.000000000000000E+00   0.000000000000000E+00   0.000000000000000E+00
   9.109775360000000E-01   3.554568262300000E+00   3.225483840500000E-01   1.094633606200000E+00   5.745705271000000E-01   0.000000000000000E+00   0.000000000000000E+00   0.000000000000000E+00   0.000000000000000E+00
   9.129889322100000E-01   3.554288779200000E+00   3.225474647600000E-01   1.115303640300000E+00   5.227955568200000E-01   0.000000000000000E+00   0.000000000000000E+00   0.000000000000000E+00   0.000000000000000E+00
   9.146193755499999E-01   3.554568250200000E+00   3.225483840100000E-01   1.094634510200000E+00   5.745682585000000E-01   0.000000000000000E+00   0.000000000000000E+00   0.000000000000000E+00   0.000000000000000E+00
   9.162498189000000E-01   3.554424302400000E+00   3.225479105300000E-01   1.105280592300000E+00   5.479016177200000E-01   0.000000000000000E+00   0.000000000000000E+00   0.000000000000000E+00   0.000000000000000E+00
   9.178802622500000E-01   3.554568234500000E+00   3.225483839600000E-01   1.094635684500000E+00   5.745653111100000E-01   0.000000000000000E+00   0.000000000000000E+00   0.000000000000000E+00   0.000000000000000E+00
   9.195107055900000E-01   3.554288879500000E+00   3.225474650900000E-01   1.115296124300000E+00   5.228144201000000E-01   0.000000000000000E+00   0.000000000000000E+00   0.000000000000000E+00   0.000000000000000E+00
   9.211235366200000E-01   3.554568221100000E+00   3.225483839200000E-01   1.094636687900000E+00   5.745627927300000E-01   0.000000000000000E+00   0.000000000000000E+00   0.000000000000000E+00   0.000000000000000E+00
   9.227363676500000E-01   3.554424340200000E+00   3.225479106500000E-01   1.105277759100000E+00   5.479087284200000E-01   0.000000000000000E+00   0.000000000000000E+00   0.000000000000000E+00   0.000000000000000E+00
   9.243491986800000E-01   3.554568205300000E+00   3.225483838700000E-01   1.094637874600000E+00   5.745598145500000E-01   0.000000000000000E+00   0.000000000000000E+00   0.000000000000000E+00   0.000000000000000E+00
   9.259620297200000E-01   3.554288980900000E+00   3.225474654200000E-01   1.115288530000000E+00   5.228334805000000E-01   0.000000000000000E+00   0.000000000000000E+00   0.000000000000000E+00   0.000000000000000E+00
   9.274601130500000E-01   3.554568191300000E+00   3.225483838200000E-01   1.094638921600000E+00   5.745571867300000E-01   0.000000000000000E+00   0.000000000000000E+00   0.000000000000000E+00   0.000000000000000E+00
   9.289581963800000E-01   3.554424379600000E+00   3.225479107800000E-01   1.105274802900000E+00   5.479161480300000E-01   0.000000000000000E+00   0.000000000000000E+00   0.000000000000000E+00   0.000000000000000E+00
   9.304562797100000E-01   3.554568174300000E+00   3.225483837700000E-01   1.094640198400000E+00   5.745539819800000E-01   0.000000000000000E+00   0.000000000000000E+00   0.000000000000000E+00   0.000000000000000E+00
   9.319543630400000E-01   3.554289090000000E+00   3.225474657700000E-01   1.115280358200000E+00   5.228539909000000E-01   0.000000000000000E+00   0.000000000000000E+00   0.000000000000000E+00   0.000000000000000E+00
   9.340711758700000E-01   3.554568161900000E+00   3.225483837300000E-01   1.094641124800000E+00   5.745516567100000E-01   0.000000000000000E+00   0.000000000000000E+00   0.000000000000000E+00   0.000000000000000E+00
   9.361879887000000E-01   3.554424414600000E+00   3.225479109000000E-01   1.105272187000000E+00   5.479227138700000E-01   0.000000000000000E+00   0.000000000000000E+00   0.000000000000000E+00   0.000000000000000E+00
   9.383048015300000E-01   3.554568149900000E+00   3.225483836900000E-01   1.094642028100000E+00   5.745493896600000E-01   0.000000000000000E+00   0.000000000000000E+00   0.000000000000000E+00   0.000000000000000E+00
   9.404216143600000E-01   3.554289167200000E+00   3.225474660300000E-01   1.115274577500000E+00   5.228685000100000E-01   0.000000000000000E+00   0.000000000000000E+00   0.000000000000000E+00   0.000000000000000E+00
   9.417107972900000E-01   3.554568136300000E+00   3.225483836400000E-01   1.094643042100000E+00   5.745468444600000E-01   0.000000000000000E+00   0.000000000000000E+00   0.000000000000000E+00   0.000000000000000E+00
   9.429999802300000E-01   3.554424452800000E+00   3.225479110200000E-01   1.105269324100000E+00   5.479298996999999E-01   0.000000000000000E+00   0.000000000000000E+00   0.000000000000000E+00   0.000000000000000E+00
   9.442891631600000E-01   3.554568116500000E+00   3.225483835800000E-01   1.094644524400000E+00   5.745431237600001E-01   0.000000000000000E+00   0.000000000000000E+00   0.000000000000000E+00   0.000000000000000E+00
   9.455783461000000E-01   3.554289293800000E+00   3.225474664400000E-01   1.115265090500000E+00   5.228923124800000E-01   0.000000000000000E+00   0.000000000000000E+00   0.000000000000000E+00   0.000000000000000E+00
   9.467509107300000E-01   3.554568098900000E+00   3.225483835200000E-01   1.094645846700000E+00   5.745398048300000E-01   0.000000000000000E+00   0.000000000000000E+00   0.000000000000000E+00   0.000000000000000E+00
   9.479234753600000E-01   3.554424502600000E+00   3.225479111800000E-01   1.105265590700000E+00   5.479392706000000E-01   0.000000000000000E+00   0.000000000000000E+00   0.000000000000000E+00   0.000000000000000E+00
   9.490960400000000E-01   3.554568077200000E+00   3.225483834500000E-01   1.094647475400000E+00   5.745357166000000E-01   0.000000000000000E+00   0.000000000000000E+00   0.000000000000000E+00   0.000000000000000E+00
   9.502686046300000E-01   3.554289432800000E+00   3.225474668900000E-01   1.115254666800000E+00   5.229184771700000E-01   0.000000000000000E+00   0.000000000000000E+00   0.000000000000000E+00   0.000000000000000E+00
   9.512515435000000E-01   3.554568056900000E+00   3.225483833800000E-01   1.094648992900000E+00   5.745319075400001E-01   0.000000000000000E+00   0.000000000000000E+00   0.000000000000000E+00   0.000000000000000E+00
   9.522344823700000E-01   3.554424559700000E+00   3.225479113700000E-01   1.105261306300000E+00   5.479500250900000E-01   0.000000000000000E+00   0.000000000000000E+00   0.000000000000000E+00   0.000000000000000E+00
   9.532174212400000E-01   3.554568031000000E+00   3.225483833000000E-01   1.094650934400000E+00   5.745270340500001E-01   0.000000000000000E+00   0.000000000000000E+00   0.000000000000000E+00   0.000000000000000E+00
   9.542003601100000E-01   3.554289598500000E+00   3.225474674300000E-01   1.115242241300000E+00   5.229496674900000E-01   0.000000000000000E+00   0.000000000000000E+00   0.000000000000000E+00   0.000000000000000E+00
   9.552644493000000E-01   3.554568009900000E+00   3.225483832300000E-01   1.094652521000000E+00   5.745230511200000E-01   0.000000000000000E+00   0.000000000000000E+00   0.000000000000000E+00   0.000000000000000E+00
   9.563285385000000E-01   3.554424619500000E+00   3.225479115700000E-01   1.105256826200000E+00   5.479612712700000E-01   0.000000000000000E+00   0.000000000000000E+00   0.000000000000000E+00   0.000000000000000E+00
   9.573926276900000E-01   3.554567986000000E+00   3.225483831500000E-01   1.094654313000000E+00   5.745185526100000E-01   0.000000000000000E+00   0.000000000000000E+00   0.000000000000000E+00   0.000000000000000E+00
   9.584567168900000E-01   3.554289751500000E+00   3.225474679300000E-01   1.115230772400000E+00   5.229784579200000E-01   0.000000000000000E+00   0.000000000000000E+00   0.000000000000000E+00   0.000000000000000E+00
   9.595908817200000E-01   3.554567966300000E+00   3.225483830900000E-01   1.094655788600000E+00   5.745148483500000E-01   0.000000000000000E+00   0.000000000000000E+00   0.000000000000000E+00   0.000000000000000E+00
   9.607250465400000E-01   3.554424675000000E+00   3.225479117500000E-01   1.105252659800000E+00   5.479717305300000E-01   0.000000000000000E+00   0.000000000000000E+00   0.000000000000000E+00   0.000000000000000E+00
   9.618592113700000E-01   3.554567943900000E+00   3.225483830100000E-01   1.094657468700000E+00   5.745106306900000E-01   0.000000000000000E+00   0.000000000000000E+00   0.000000000000000E+00   0.000000000000000E+00
   9.629933762000000E-01   3.554289894800000E+00   3.225474684000000E-01   1.115220019900000E+00   5.230054509800000E-01   0.000000000000000E+00   0.000000000000000E+00   0.000000000000000E+00   0.000000000000000E+00
   9.640193731800000E-01   3.554567923900000E+00   3.225483829500000E-01   1.094658971500000E+00   5.745068578900000E-01   0.000000000000000E+00   0.000000000000000E+00   0.000000000000000E+00   0.000000000000000E+00
   9.650453701600000E-01   3.554424731600000E+00   3.225479119300000E-01   1.105248416600000E+00   5.479823828400000E-01   0.000000000000000E+00   0.000000000000000E+00   0.000000000000000E+00   0.000000000000000E+00
   9.660713671500000E-01   3.554567899200000E+00   3.225483828700000E-01   1.094660827400000E+00   5.745021988300000E-01   0.000000000000000E+00   0.000000000000000E+00   0.000000000000000E+00   0.000000000000000E+00
   9.670973641300000E-01   3.554290053100000E+00   3.225474689200000E-01   1.115208142600000E+00   5.230352690000000E-01   0.000000000000000E+00   0.000000000000000E+00   0.000000000000000E+00   0.000000000000000E+00
   9.678447683200000E-01   3.554567874200000E+00   3.225483827900000E-01   1.094662698200000E+00   5.744975020100000E-01   0.000000000000000E+00   0.000000000000000E+00   0.000000000000000E+00   0.000000000000000E+00
   9.685921725100000E-01   3.554424802000000E+00   3.225479121600000E-01   1.105243134800000E+00   5.479956430800000E-01   0.000000000000000E+00   0.000000000000000E+00   0.000000000000000E+00   0.000000000000000E+00
   9.693395766900000E-01   3.554567840300000E+00   3.225483826800000E-01   1.094665243400000E+00   5.744911118600000E-01   0.000000000000000E+00   0.000000000000000E+00   0.000000000000000E+00   0.000000000000000E+00
   9.700869808800000E-01   3.554290270100000E+00   3.225474696300000E-01   1.115191853100000E+00   5.230761659900000E-01   0.000000000000000E+00   0.000000000000000E+00   0.000000000000000E+00   0.000000000000000E+00
   9.710043345800000E-01   3.554567814200000E+00   3.225483825900000E-01   1.094667205400000E+00   5.744861860300000E-01   0.000000000000000E+00   0.000000000000000E+00   0.000000000000000E+00   0.000000000000000E+00
   9.719216882700000E-01   3.554424875700000E+00   3.225479124000000E-01   1.105237594900000E+00   5.480095522900000E-01   0.000000000000000E+00   0.000000000000000E+00   0.000000000000000E+00   0.000000000000000E+00
   9.728390419700000E-01   3.554567786600000E+00   3.225483825000000E-01   1.094669277000000E+00   5.744809844700000E-01   0.000000000000000E+00   0.000000000000000E+00   0.000000000000000E+00   0.000000000000000E+00
   9.737563956600001E-01   3.554290446700000E+00   3.225474702000000E-01   1.115178594300000E+00   5.231094559600000E-01   0.000000000000000E+00   0.000000000000000E+00   0.000000000000000E+00   0.000000000000000E+00
   9.744902295700000E-01   3.554567760200000E+00   3.225483824100000E-01   1.094671257400000E+00   5.744760121300000E-01   0.000000000000000E+00   0.000000000000000E+00   0.000000000000000E+00   0.000000000000000E+00
   9.752240634800000E-01   3.554424950200000E+00   3.225479126500000E-01   1.105232003800000E+00   5.480235907600000E-01   0.000000000000000E+00   0.000000000000000E+00   0.000000000000000E+00   0.000000000000000E+00
   9.759578974000001E-01   3.554567725800000E+00   3.225483823000000E-01   1.094673844600000E+00   5.744695157400000E-01   0.000000000000000E+00   0.000000000000000E+00   0.000000000000000E+00   0.000000000000000E+00
   9.766917313100000E-01   3.554290667100000E+00   3.225474709200000E-01   1.115162036000000E+00   5.231510328500000E-01   0.000000000000000E+00   0.000000000000000E+00   0.000000000000000E+00   0.000000000000000E+00
   9.774094241500000E-01   3.554567696200000E+00   3.225483822100000E-01   1.094676067300000E+00   5.744639345500000E-01   0.000000000000000E+00   0.000000000000000E+00   0.000000000000000E+00   0.000000000000000E+00
   9.781271169900000E-01   3.554425033700000E+00   3.225479129200000E-01   1.105225728000000E+00   5.480393492800000E-01   0.000000000000000E+00   0.000000000000000E+00   0.000000000000000E+00   0.000000000000000E+00
   9.788448098300000E-01   3.554567661000000E+00   3.225483820900000E-01   1.094678709800000E+00   5.744572989300000E-01   0.000000000000000E+00   0.000000000000000E+00   0.000000000000000E+00   0.000000000000000E+00
   9.795625026700000E-01   3.554290892100000E+00   3.225474716600000E-01   1.115145123900000E+00   5.231935008100000E-01   0.000000000000000E+00   0.000000000000000E+00   0.000000000000000E+00   0.000000000000000E+00
   9.799842724600000E-01   3.554567620700000E+00   3.225483819600000E-01   1.094681742700000E+00   5.744496828500000E-01   0.000000000000000E+00   0.000000000000000E+00   0.000000000000000E+00   0.000000000000000E+00
   9.804060422500001E-01   3.554425147600000E+00   3.225479132900000E-01   1.105217167100000E+00   5.480608475700000E-01   0.000000000000000E+00   0.000000000000000E+00   0.000000000000000E+00   0.000000000000000E+00
   9.808278120400000E-01   3.554567560900000E+00   3.225483817600000E-01   1.094686232500000E+00   5.744384075100000E-01   0.000000000000000E+00   0.000000000000000E+00   0.000000000000000E+00   0.000000000000000E+00
   9.812495818200000E-01   3.554291274200000E+00   3.225474729000000E-01   1.115116389300000E+00   5.232656631200000E-01   0.000000000000000E+00   0.000000000000000E+00   0.000000000000000E+00   0.000000000000000E+00
   9.817607156000000E-01   3.554567514700000E+00   3.225483816100000E-01   1.094689711600000E+00   5.744296695800000E-01   0.000000000000000E+00   0.000000000000000E+00   0.000000000000000E+00   0.000000000000000E+00
   9.822718493700000E-01   3.554425278200000E+00   3.225479137100000E-01   1.105207342400000E+00   5.480855222200000E-01   0.000000000000000E+00   0.000000000000000E+00   0.000000000000000E+00   0.000000000000000E+00
   9.827829831500000E-01   3.554567465600000E+00   3.225483814500000E-01   1.094693410000000E+00   5.744203806500000E-01   0.000000000000000E+00   0.000000000000000E+00   0.000000000000000E+00   0.000000000000000E+00
   9.832941169200000E-01   3.554291588700000E+00   3.225474739300000E-01   1.115092719800000E+00   5.233251123400000E-01   0.000000000000000E+00   0.000000000000000E+00   0.000000000000000E+00   0.000000000000000E+00
   9.837253177400000E-01   3.554567420000000E+00   3.225483813100000E-01   1.094696842500000E+00   5.744117590900000E-01   0.000000000000000E+00   0.000000000000000E+00   0.000000000000000E+00   0.000000000000000E+00
   9.841565185700000E-01   3.554425406900000E+00   3.225479141300000E-01   1.105197651700000E+00   5.481098629500000E-01   0.000000000000000E+00   0.000000000000000E+00   0.000000000000000E+00   0.000000000000000E+00
   9.845877193900000E-01   3.554567361900000E+00   3.225483811200000E-01   1.094701218900000E+00   5.744007658800000E-01   0.000000000000000E+00   0.000000000000000E+00   0.000000000000000E+00   0.000000000000000E+00
   9.850189202100000E-01   3.554291960600000E+00   3.225474751400000E-01   1.115064710800000E+00   5.233954689800000E-01   0.000000000000000E+00   0.000000000000000E+00   0.000000000000000E+00   0.000000000000000E+00
   9.853731321800000E-01   3.554567307200000E+00   3.225483809400000E-01   1.094705339600000E+00   5.743904143500000E-01   0.000000000000000E+00   0.000000000000000E+00   0.000000000000000E+00   0.000000000000000E+00
   9.857273441400000E-01   3.554425561300000E+00   3.225479146400000E-01   1.105186018600000E+00   5.481390866300000E-01   0.000000000000000E+00   0.000000000000000E+00   0.000000000000000E+00   0.000000000000000E+00
   9.860815561100000E-01   3.554567236600000E+00   3.225483807100000E-01   1.094710656100000E+00   5.743770575000000E-01   0.000000000000000E+00   0.000000000000000E+00   0.000000000000000E+00   0.000000000000000E+00
   9.864357680700000E-01   3.554292411900000E+00   3.225474766100000E-01   1.115030684800000E+00   5.234809530100000E-01   0.000000000000000E+00   0.000000000000000E+00   0.000000000000000E+00   0.000000000000000E+00
   9.867488414000000E-01   3.554567172900000E+00   3.225483805000000E-01   1.094715466900000E+00   5.743649703100000E-01   0.000000000000000E+00   0.000000000000000E+00   0.000000000000000E+00   0.000000000000000E+00
   9.870619147300000E-01   3.554425741400000E+00   3.225479152200000E-01   1.105172436800000E+00   5.481732115600000E-01   0.000000000000000E+00   0.000000000000000E+00   0.000000000000000E+00   0.000000000000000E+00
   9.873749880600000E-01   3.554567093300000E+00   3.225483802400000E-01   1.094721467500000E+00   5.743498923200000E-01   0.000000000000000E+00   0.000000000000000E+00   0.000000000000000E+00   0.000000000000000E+00
   9.876880613900000E-01   3.554292920700000E+00   3.225474782600000E-01   1.114992281300000E+00   5.235774524400000E-01   0.000000000000000E+00   0.000000000000000E+00   0.000000000000000E+00   0.000000000000000E+00
   9.879544197400000E-01   3.554567020000000E+00   3.225483800000000E-01   1.094727008500000E+00   5.743359675400000E-01   0.000000000000000E+00   0.000000000000000E+00   0.000000000000000E+00   0.000000000000000E+00
   9.882207780900000E-01   3.554425948500000E+00   3.225479159000000E-01   1.105156794100000E+00   5.482125223400000E-01   0.000000000000000E+00   0.000000000000000E+00   0.000000000000000E+00   0.000000000000000E+00
   9.884871364400000E-01   3.554566926900000E+00   3.225483797000000E-01   1.094734041600000E+00   5.743182910500000E-01   0.000000000000000E+00   0.000000000000000E+00   0.000000000000000E+00   0.000000000000000E+00
   9.887534947900000E-01   3.554293516200000E+00   3.225474802000000E-01   1.114947269900000E+00   5.236905823900000E-01   0.000000000000000E+00   0.000000000000000E+00   0.000000000000000E+00   0.000000000000000E+00
   9.890032738000000E-01   3.554566845400000E+00   3.225483794300000E-01   1.094740208800000E+00   5.743027884500000E-01   0.000000000000000E+00   0.000000000000000E+00   0.000000000000000E+00   0.000000000000000E+00
   9.892530528200000E-01   3.554426178700000E+00   3.225479166400000E-01   1.105139382000000E+00   5.482562912600000E-01   0.000000000000000E+00   0.000000000000000E+00   0.000000000000000E+00   0.000000000000000E+00
   9.895028318300000E-01   3.554566746600000E+00   3.225483791100000E-01   1.094747685000000E+00   5.742839931000000E-01   0.000000000000000E+00   0.000000000000000E+00   0.000000000000000E+00   0.000000000000000E+00
   9.897526108400000E-01   3.554294148000000E+00   3.225474822500000E-01   1.114899422500000E+00   5.238108731300000E-01   0.000000000000000E+00   0.000000000000000E+00   0.000000000000000E+00   0.000000000000000E+00
   9.900067223800000E-01   3.554566663700000E+00   3.225483788400000E-01   1.094753975100000E+00   5.742681769000000E-01   0.000000000000000E+00   0.000000000000000E+00   0.000000000000000E+00   0.000000000000000E+00
   9.902608339100000E-01   3.554426413000000E+00   3.225479174000000E-01   1.105121621200000E+00   5.483009495400000E-01   0.000000000000000E+00   0.000000000000000E+00   0.000000000000000E+00   0.000000000000000E+00
   9.905149454500000E-01   3.554566567100000E+00   3.225483785300000E-01   1.094761299900000E+00   5.742497564600000E-01   0.000000000000000E+00   0.000000000000000E+00   0.000000000000000E+00   0.000000000000000E+00
   9.907690569800000E-01   3.554294765900000E+00   3.225474842500000E-01   1.114852544100000E+00   5.239287644100000E-01   0.000000000000000E+00   0.000000000000000E+00   0.000000000000000E+00   0.000000000000000E+00
   9.910438586000000E-01   3.554566488400000E+00   3.225483782800000E-01   1.094767281600000E+00   5.742347110900000E-01   0.000000000000000E+00   0.000000000000000E+00   0.000000000000000E+00   0.000000000000000E+00
   9.913186602200000E-01   3.554426635400000E+00   3.225479181300000E-01   1.105104730200000E+00   5.483434340100000E-01   0.000000000000000E+00   0.000000000000000E+00   0.000000000000000E+00   0.000000000000000E+00
   9.915934618400000E-01   3.554566399600000E+00   3.225483779900000E-01   1.094774033700000E+00   5.742177253200000E-01   0.000000000000000E+00   0.000000000000000E+00   0.000000000000000E+00   0.000000000000000E+00
   9.918682634600000E-01   3.554295334100000E+00   3.225474860900000E-01   1.114809330600000E+00   5.240374737400000E-01   0.000000000000000E+00   0.000000000000000E+00   0.000000000000000E+00   0.000000000000000E+00
   9.920687864500000E-01   3.554566310300000E+00   3.225483777000000E-01   1.094780827200000E+00   5.742006328800000E-01   0.000000000000000E+00   0.000000000000000E+00   0.000000000000000E+00   0.000000000000000E+00
   9.922693094500000E-01   3.554426887200000E+00   3.225479189400000E-01   1.105085556500000E+00   5.483916768500000E-01   0.000000000000000E+00   0.000000000000000E+00   0.000000000000000E+00   0.000000000000000E+00
   9.924698324500000E-01   3.554566189200000E+00   3.225483773100000E-01   1.094790047400000E+00   5.741774293900000E-01   0.000000000000000E+00   0.000000000000000E+00   0.000000000000000E+00   0.000000000000000E+00
   9.926703554400000E-01   3.554296108100000E+00   3.225474886000000E-01   1.114750321600000E+00   5.241859770500000E-01   0.000000000000000E+00   0.000000000000000E+00   0.000000000000000E+00   0.000000000000000E+00
   9.928624347600000E-01   3.554566084700000E+00   3.225483769700000E-01   1.094798040400000E+00   5.741573091700000E-01   0.000000000000000E+00   0.000000000000000E+00   0.000000000000000E+00   0.000000000000000E+00
   9.930545140800000E-01   3.554427182800000E+00   3.225479199000000E-01   1.105062989600000E+00   5.484484833200000E-01   0.000000000000000E+00   0.000000000000000E+00   0.000000000000000E+00   0.000000000000000E+00
   9.932465933900000E-01   3.554565959200000E+00   3.225483765600000E-01   1.094807624900000E+00   5.741331765100000E-01   0.000000000000000E+00   0.000000000000000E+00   0.000000000000000E+00   0.000000000000000E+00
   9.934386727100000E-01   3.554296909900000E+00   3.225474911900000E-01   1.114688981300000E+00   5.243404271400000E-01   0.000000000000000E+00   0.000000000000000E+00   0.000000000000000E+00   0.000000000000000E+00
   9.935930423700000E-01   3.554565840300000E+00   3.225483761800000E-01   1.094816748600000E+00   5.741101978099999E-01   0.000000000000000E+00   0.000000000000000E+00   0.000000000000000E+00   0.000000000000000E+00
   9.937474120300001E-01   3.554427518800000E+00   3.225479209800000E-01   1.105037238900000E+00   5.485133414500000E-01   0.000000000000000E+00   0.000000000000000E+00   0.000000000000000E+00   0.000000000000000E+00
   9.939017816900000E-01   3.554565685500000E+00   3.225483756800000E-01   1.094828615600000E+00   5.740802985500000E-01   0.000000000000000E+00   0.000000000000000E+00   0.000000000000000E+00   0.000000000000000E+00
   9.940561513500000E-01   3.554297898700000E+00   3.225474943700000E-01   1.114613033100000E+00   5.245317843300000E-01   0.000000000000000E+00   0.000000000000000E+00   0.000000000000000E+00   0.000000000000000E+00
   9.942575955600000E-01   3.554565570600000E+00   3.225483753100000E-01   1.094837497000000E+00   5.740579114600000E-01   0.000000000000000E+00   0.000000000000000E+00   0.000000000000000E+00   0.000000000000000E+00
   9.944590397800001E-01   3.554427844500000E+00   3.225479220300000E-01   1.105012149800000E+00   5.485765781600001E-01   0.000000000000000E+00   0.000000000000000E+00   0.000000000000000E+00   0.000000000000000E+00
   9.946604839900000E-01   3.554565453200000E+00   3.225483749300000E-01   1.094846546300000E+00   5.740350946000000E-01   0.000000000000000E+00   0.000000000000000E+00   0.000000000000000E+00   0.000000000000000E+00
   9.948619282000000E-01   3.554298648600000E+00   3.225474967800000E-01   1.114555117600000E+00   5.246778132400000E-01   0.000000000000000E+00   0.000000000000000E+00   0.000000000000000E+00   0.000000000000000E+00
   9.950028182400000E-01   3.554565332700000E+00   3.225483745500000E-01   1.094855874600000E+00   5.740115674400000E-01   0.000000000000000E+00   0.000000000000000E+00   0.000000000000000E+00   0.000000000000000E+00
   9.951437082800000E-01   3.554428184600000E+00   3.225479231200000E-01   1.104985829400000E+00   5.486429690700000E-01   0.000000000000000E+00   0.000000000000000E+00   0.000000000000000E+00   0.000000000000000E+00
   9.952845983200000E-01   3.554565166600000E+00   3.225483740100000E-01   1.094868745800000E+00   5.739790865200000E-01   0.000000000000000E+00   0.000000000000000E+00   0.000000000000000E+00   0.000000000000000E+00
   9.954254883600000E-01   3.554299709200000E+00   3.225475001800000E-01   1.114472743100000E+00   5.248856939900000E-01   0.000000000000000E+00   0.000000000000000E+00   0.000000000000000E+00   0.000000000000000E+00
   9.955414308200000E-01   3.554565011800000E+00   3.225483735200000E-01   1.094880828600000E+00   5.739485784400000E-01   0.000000000000000E+00   0.000000000000000E+00   0.000000000000000E+00   0.000000000000000E+00
   9.956573732800000E-01   3.554428621900000E+00   3.225479245200000E-01   1.104951730300000E+00   5.487290738100000E-01   0.000000000000000E+00   0.000000000000000E+00   0.000000000000000E+00   0.000000000000000E+00
   9.957733157400001E-01   3.554564812900000E+00   3.225483728800000E-01   1.094896361200000E+00   5.739093312100000E-01   0.000000000000000E+00   0.000000000000000E+00   0.000000000000000E+00   0.000000000000000E+00
   9.958892582000000E-01   3.554300977800000E+00   3.225475042200000E-01   1.114373338100000E+00   5.251368814900000E-01   0.000000000000000E+00   0.000000000000000E+00   0.000000000000000E+00   0.000000000000000E+00
   9.959787693600000E-01   3.554564621500000E+00   3.225483722700000E-01   1.094911460700000E+00   5.738711487000000E-01   0.000000000000000E+00   0.000000000000000E+00   0.000000000000000E+00   0.000000000000000E+00
   9.960682805200000E-01   3.554429162300000E+00   3.225479262300000E-01   1.104909132800000E+00   5.488368100300000E-01   0.000000000000000E+00   0.000000000000000E+00   0.000000000000000E+00   0.000000000000000E+00
   9.961577916900000E-01   3.554564369400000E+00   3.225483714700000E-01   1.094931399800000E+00   5.738206687100000E-01   0.000000000000000E+00   0.000000000000000E+00   0.000000000000000E+00   0.000000000000000E+00
   9.962473028500000E-01   3.554302584600000E+00   3.225475093000000E-01   1.114245734600000E+00   5.254599645000000E-01   0.000000000000000E+00   0.000000000000000E+00   0.000000000000000E+00   0.000000000000000E+00
   9.963260429300000E-01   3.554564145200000E+00   3.225483707700000E-01   1.094949417500000E+00   5.737749941300000E-01   0.000000000000000E+00   0.000000000000000E+00   0.000000000000000E+00   0.000000000000000E+00
   9.964047830100000E-01   3.554429796600000E+00   3.225479282200000E-01   1.104858287100000E+00   5.489657225600000E-01   0.000000000000000E+00   0.000000000000000E+00   0.000000000000000E+00   0.000000000000000E+00
   9.964835230900000E-01   3.554563867500000E+00   3.225483699000000E-01   1.094971830000000E+00   5.737180837700000E-01   0.000000000000000E+00   0.000000000000000E+00   0.000000000000000E+00   0.000000000000000E+00
   9.965622631800000E-01   3.554304354100000E+00   3.225475148200000E-01   1.114102305300000E+00   5.258242075300000E-01   0.000000000000000E+00   0.000000000000000E+00   0.000000000000000E+00   0.000000000000000E+00
   9.966588301200000E-01   3.554563659900000E+00   3.225483692600000E-01   1.094989005800000E+00   5.736743774000000E-01   0.000000000000000E+00   0.000000000000000E+00   0.000000000000000E+00   0.000000000000000E+00
   9.967553970700000E-01   3.554430388100000E+00   3.225479300600000E-01   1.104809748500000E+00   5.490892032000000E-01   0.000000000000000E+00   0.000000000000000E+00   0.000000000000000E+00   0.000000000000000E+00
   9.968519640200000E-01   3.554563441900000E+00   3.225483685900000E-01   1.095007072200000E+00   5.736283332900000E-01   0.000000000000000E+00   0.000000000000000E+00   0.000000000000000E+00   0.000000000000000E+00
   9.969485309700000E-01   3.554305743100000E+00   3.225475190900000E-01   1.113986688600000E+00   5.261189010300000E-01   0.000000000000000E+00   0.000000000000000E+00   0.000000000000000E+00   0.000000000000000E+00
   9.970416443000000E-01   3.554563258300000E+00   3.225483680300000E-01   1.095022630100000E+00   5.735886031800000E-01   0.000000000000000E+00   0.000000000000000E+00   0.000000000000000E+00   0.000000000000000E+00
   9.971347576400000E-01   3.554430908200000E+00   3.225479316400000E-01   1.104765827600000E+00   5.492013726100000E-01   0.000000000000000E+00   0.000000000000000E+00   0.000000000000000E+00   0.000000000000000E+00
   9.972278709700000E-01   3.554563041600000E+00   3.225483673700000E-01   1.095041159300000E+00   5.735411797900000E-01   0.000000000000000E+00   0.000000000000000E+00   0.000000000000000E+00   0.000000000000000E+00
   9.973209843100000E-01   3.554307123400000E+00   3.225475232500000E-01   1.113868112000000E+00   5.264224249700000E-01   0.000000000000000E+00   0.000000000000000E+00   0.000000000000000E+00   0.000000000000000E+00
   9.974022982500000E-01   3.554562850100000E+00   3.225483668100000E-01   1.095057957000000E+00   5.734980829500000E-01   0.000000000000000E+00   0.000000000000000E+00   0.000000000000000E+00   0.000000000000000E+00
   9.974836121800000E-01   3.554431448900000E+00   3.225479332400000E-01   1.104718431400000E+00   5.493230149300000E-01   0.000000000000000E+00   0.000000000000000E+00   0.000000000000000E+00   0.000000000000000E+00
   9.975649261100000E-01   3.554562615700000E+00   3.225483661200000E-01   1.095078901100000E+00   5.734441687100000E-01   0.000000000000000E+00   0.000000000000000E+00   0.000000000000000E+00   0.000000000000000E+00
   9.976462400500000E-01   3.554308615000000E+00   3.225475276000000E-01   1.113734088500000E+00   5.267675000099999E-01   0.000000000000000E+00   0.000000000000000E+00   0.000000000000000E+00   0.000000000000000E+00
   9.977278404200000E-01   3.554562426000000E+00   3.225483655800000E-01   1.095096540200000E+00   5.733985890800000E-01   0.000000000000000E+00   0.000000000000000E+00   0.000000000000000E+00   0.000000000000000E+00
   9.978094408000000E-01   3.554431987000000E+00   3.225479347800000E-01   1.104668628600000E+00   5.494517147000000E-01   0.000000000000000E+00   0.000000000000000E+00   0.000000000000000E+00   0.000000000000000E+00
   9.978910411700000E-01   3.554562210200000E+00   3.225483649800000E-01   1.095117097200000E+00   5.733452503399999E-01   0.000000000000000E+00   0.000000000000000E+00   0.000000000000000E+00   0.000000000000000E+00
   9.979726415400000E-01   3.554309985400000E+00   3.225475314000000E-01   1.113602547300000E+00   5.271088969600000E-01   0.000000000000000E+00   0.000000000000000E+00   0.000000000000000E+00   0.000000000000000E+00
   9.980351616299999E-01   3.554562009600000E+00   3.225483644400000E-01   1.095137093100000E+00   5.732931484600000E-01   0.000000000000000E+00   0.000000000000000E+00   0.000000000000000E+00   0.000000000000000E+00
   9.980976817200000E-01   3.554432547400000E+00   3.225479362700000E-01   1.104612284700000E+00   5.495987222399999E-01   0.000000000000000E+00   0.000000000000000E+00   0.000000000000000E+00   0.000000000000000E+00
   9.981602018100000E-01   3.554561761100000E+00   3.225483638000000E-01   1.095163407000000E+00   5.732240561600001E-01   0.000000000000000E+00   0.000000000000000E+00   0.000000000000000E+00   0.000000000000000E+00
   9.982227219000001E-01   3.554311556400000E+00   3.225475353400000E-01   1.113434205500000E+00   5.275511646500000E-01   0.000000000000000E+00   0.000000000000000E+00   0.000000000000000E+00   0.000000000000000E+00
   9.982773607200000E-01   3.554561557500000E+00   3.225483633300000E-01   1.095187108400000E+00   5.731613157300000E-01   0.000000000000000E+00   0.000000000000000E+00   0.000000000000000E+00   0.000000000000000E+00
   9.983319995300000E-01   3.554433117100000E+00   3.225479375700000E-01   1.104545473200000E+00   5.497758209000000E-01   0.000000000000000E+00   0.000000000000000E+00   0.000000000000000E+00   0.000000000000000E+00
   9.983866383500000E-01   3.554561334800000E+00   3.225483629000000E-01   1.095216391500000E+00   5.730828624700000E-01   0.000000000000000E+00   0.000000000000000E+00   0.000000000000000E+00   0.000000000000000E+00
   9.984412771700000E-01   3.554312954600000E+00   3.225475379800000E-01   1.113246931000000E+00   5.280534161500000E-01   0.000000000000000E+00   0.000000000000000E+00   0.000000000000000E+00   0.000000000000000E+00
   9.985075607600000E-01   3.554561200900000E+00   3.225483627500000E-01   1.095238668800000E+00   5.730222357500000E-01   0.000000000000000E+00   0.000000000000000E+00   0.000000000000000E+00   0.000000000000000E+00
   9.985738443600000E-01   3.554433513500000E+00   3.225479380900000E-01   1.104482439700000E+00   5.499470886900000E-01   0.000000000000000E+00   0.000000000000000E+00   0.000000000000000E+00   0.000000000000000E+00
   9.986401279500000E-01   3.554561090700000E+00   3.225483627500000E-01   1.095262004200000E+00   5.729578973300000E-01   0.000000000000000E+00   0.000000000000000E+00   0.000000000000000E+00   0.000000000000000E+00
   9.987064115500000E-01   3.554313695000000E+00   3.225475382400000E-01   1.113097668200000E+00   5.284652669000000E-01   0.000000000000000E+00   0.000000000000000E+00   0.000000000000000E+00   0.000000000000000E+00
   9.987536344900000E-01   3.554561064500000E+00   3.225483632400000E-01   1.095285468800000E+00   5.728922305500000E-01   0.000000000000000E+00   0.000000000000000E+00   0.000000000000000E+00   0.000000000000000E+00
   9.988008574200000E-01   3.554433873300000E+00   3.225479385500000E-01   1.104416472800000E+00   5.501323112299999E-01   0.000000000000000E+00   0.000000000000000E+00   0.000000000000000E+00   0.000000000000000E+00
   9.988480803599999E-01   3.554561399400000E+00   3.225483660800000E-01   1.095316581500000E+00   5.728019619400000E-01   0.000000000000000E+00   0.000000000000000E+00   0.000000000000000E+00   0.000000000000000E+00
   9.988953033000000E-01   3.554314854800000E+00   3.225475407000000E-01   1.112897495800000E+00   5.290416143000000E-01   0.000000000000000E+00   0.000000000000000E+00   0.000000000000000E+00   0.000000000000000E+00
   9.989342669300000E-01   3.554563521200000E+00   3.225483798700000E-01   1.095344169500000E+00   5.727161243500000E-01   0.000000000000000E+00   0.000000000000000E+00   0.000000000000000E+00   0.000000000000000E+00
   9.989732305600000E-01   3.554438850900000E+00   3.225479680200000E-01   1.104334380300000E+00   5.503689615200000E-01   0.000000000000000E+00   0.000000000000000E+00   0.000000000000000E+00   0.000000000000000E+00
   9.990121941900000E-01   3.554573240100000E+00   3.225484408700000E-01   1.095374818100000E+00   5.726014214000000E-01   0.000000000000000E+00   0.000000000000000E+00   0.000000000000000E+00   0.000000000000000E+00
   9.990511578200000E-01   3.554338004300000E+00   3.225476822700000E-01   1.112665098300000E+00   5.297309467500000E-01   0.000000000000000E+00   0.000000000000000E+00   0.000000000000000E+00   0.000000000000000E+00
   9.990967448500000E-01   3.554629269800000E+00   3.225487899600000E-01   1.095375941800000E+00   5.724843709200000E-01   0.000000000000000E+00   0.000000000000000E+00   0.000000000000000E+00   0.000000000000000E+00
   9.991423318700000E-01   3.554600403200000E+00   3.225489743100000E-01   1.104190847900000E+00   5.505275370900000E-01   0.000000000000000E+00   0.000000000000000E+00   0.000000000000000E+00   0.000000000000000E+00
   9.991879189000000E-01   3.554981232100000E+00   3.225509825300000E-01   1.095247899800000E+00   5.722001529300000E-01   0.000000000000000E+00   0.000000000000000E+00   0.000000000000000E+00   0.000000000000000E+00
   9.992335059200000E-01   3.555371660800000E+00   3.225541243200000E-01   1.112047124700000E+00   5.297847740200000E-01   0.000000000000000E+00   0.000000000000000E+00   0.000000000000000E+00   0.000000000000000E+00
   9.992675187400000E-01   3.556694379900000E+00   3.225616586700000E-01   1.094522898200000E+00   5.711854771500000E-01   0.000000000000000E+00   0.000000000000000E+00   0.000000000000000E+00   0.000000000000000E+00
   9.993015315700000E-01   3.558665359000000E+00   3.225743131200000E-01   1.102349640400000E+00   5.486199606700000E-01   0.000000000000000E+00   0.000000000000000E+00   0.000000000000000E+00   0.000000000000000E+00
   9.993355443900001E-01   3.562967272400000E+00   3.226007831700000E-01   1.091820255600000E+00   5.677095985300000E-01   0.000000000000000E+00   0.000000000000000E+00   0.000000000000000E+00   0.000000000000000E+00
   9.993695572200000E-01   3.570974004500000E+00   3.226515351000000E-01   1.105106201800000E+00   5.223481268700000E-01   0.000000000000000E+00   0.000000000000000E+00   0.000000000000000E+00   0.000000000000000E+00
   9.993916328100000E-01   3.580470199500000E+00   3.227102691500000E-01   1.084329895900000E+00   5.584058825800000E-01   0.000000000000000E+00   0.000000000000000E+00   0.000000000000000E+00   0.000000000000000E+00
   9.994137084000000E-01   3.594467199300000E+00   3.227985233700000E-01   1.086992301800000E+00   5.304322940500000E-01   0.000000000000000E+00   0.000000000000000E+00   0.000000000000000E+00   0.000000000000000E+00
   9.994357840000000E-01   3.616048249500000E+00   3.229341882200000E-01   1.069515007300000E+00   5.403186662400000E-01   0.000000000000000E+00   0.000000000000000E+00   0.000000000000000E+00   0.000000000000000E+00
   9.994578595900000E-01   3.647738110800000E+00   3.231360226200000E-01   1.073327284600000E+00   4.857700017400000E-01   0.000000000000000E+00   0.000000000000000E+00   0.000000000000000E+00   0.000000000000000E+00
   9.994782477000000E-01   3.690471176300000E+00   3.234087185700000E-01   1.040257438400000E+00   5.056796821800000E-01   0.000000000000000E+00   0.000000000000000E+00   0.000000000000000E+00   0.000000000000000E+00
   9.994986358000000E-01   3.748938543200000E+00   3.237877957500000E-01   1.027329360700000E+00   4.612686417900000E-01   0.000000000000000E+00   0.000000000000000E+00   0.000000000000000E+00   0.000000000000000E+00
   9.995190239100000E-01   3.827552298400000E+00   3.243047215900000E-01   9.917858548500000E-01   4.507932398000000E-01   0.000000000000000E+00   0.000000000000000E+00   0.000000000000000E+00   0.000000000000000E+00
   9.995394120100000E-01   3.928357490700000E+00   3.249833180700000E-01   9.766351647000000E-01   3.792339792300000E-01   0.000000000000000E+00   0.000000000000000E+00   0.000000000000000E+00   0.000000000000000E+00
   9.995620321699999E-01   4.069142928600000E+00   3.259561675500000E-01   9.199340054700000E-01   3.751787806900000E-01   0.000000000000000E+00   0.000000000000000E+00   0.000000000000000E+00   0.000000000000000E+00
   9.995846523400000E-01   4.238181035700000E+00   3.271705929900000E-01   8.862807094400000E-01   3.151275130800000E-01   0.000000000000000E+00   0.000000000000000E+00   0.000000000000000E+00   0.000000000000000E+00
   9.996072725000000E-01   4.432771653100000E+00   3.286309724300000E-01   8.350233513500001E-01   2.945794256100000E-01   0.000000000000000E+00   0.000000000000000E+00   0.000000000000000E+00   0.000000000000000E+00
   9.996298926700000E-01   4.646689717800000E+00   3.303229495400000E-01   8.112808990700000E-01   2.239313561300000E-01   0.000000000000000E+00   0.000000000000000E+00   0.000000000000000E+00   0.000000000000000E+00
   9.996476903100000E-01   4.825348356500000E+00   3.318073858500000E-01   7.643327081800000E-01   2.348057608900000E-01   0.000000000000000E+00   0.000000000000000E+00   0.000000000000000E+00   0.000000000000000E+00
   9.996654879500000E-01   5.008903386300000E+00   3.334109047200000E-01   7.453048020800001E-01   1.953482070100000E-01   0.000000000000000E+00   0.000000000000000E+00   0.000000000000000E+00   0.000000000000000E+00
   9.996832855900000E-01   5.195434082400000E+00   3.351248998600000E-01   7.109970362900000E-01   1.941276672000000E-01   0.000000000000000E+00   0.000000000000000E+00   0.000000000000000E+00   0.000000000000000E+00
   9.997010832300000E-01   5.381845315600000E+00   3.369355178500000E-01   7.046002229500000E-01   1.438259184100000E-01   0.000000000000000E+00   0.000000000000000E+00   0.000000000000000E+00   0.000000000000000E+00
   9.997148540300000E-01   5.525546655900000E+00   3.383990308300000E-01   6.711232382500000E-01   1.662530336500000E-01   0.000000000000000E+00   0.000000000000000E+00   0.000000000000000E+00   0.000000000000000E+00
   9.997286248400000E-01   5.667068952200000E+00   3.399090635500000E-01   6.643812002500000E-01   1.391331043000000E-01   0.000000000000000E+00   0.000000000000000E+00   0.000000000000000E+00   0.000000000000000E+00
   9.997423956400000E-01   5.806534662000000E+00   3.414642580500000E-01   6.414353129400000E-01   1.468647194300000E-01   0.000000000000000E+00   0.000000000000000E+00   0.000000000000000E+00   0.000000000000000E+00
   9.997561664400000E-01   5.942734129300000E+00   3.430584226800000E-01   6.447371107600000E-01   1.065882508100000E-01   0.000000000000000E+00   0.000000000000000E+00   0.000000000000000E+00   0.000000000000000E+00
   9.997692152200000E-01   6.069345864300000E+00   3.446052272400000E-01   6.164334815200000E-01   1.315228917300000E-01   0.000000000000000E+00   0.000000000000000E+00   0.000000000000000E+00   0.000000000000000E+00
   9.997822639900000E-01   6.192366276400000E+00   3.461813107200000E-01   6.139216196000000E-01   1.089988255100000E-01   0.000000000000000E+00   0.000000000000000E+00   0.000000000000000E+00   0.000000000000000E+00
   9.997953127700000E-01   6.312307860900000E+00   3.477868878100000E-01   5.952131229400000E-01   1.191656986200000E-01   0.000000000000000E+00   0.000000000000000E+00   0.000000000000000E+00   0.000000000000000E+00
   9.998083615500000E-01   6.428351580200000E+00   3.494174961600000E-01   6.017093489799999E-01   8.335595834300000E-02   0.000000000000000E+00   0.000000000000000E+00   0.000000000000000E+00   0.000000000000000E+00
   9.998176635100000E-01   6.509336309800000E+00   3.505965416300000E-01   5.791180538100000E-01   1.101915603800000E-01   0.000000000000000E+00   0.000000000000000E+00   0.000000000000000E+00   0.000000000000000E+00
   9.998269654700001E-01   6.588077681200000E+00   3.517860339000000E-01   5.810309138200001E-01   9.162519880500000E-02   0.000000000000000E+00   0.000000000000000E+00   0.000000000000000E+00   0.000000000000000E+00
   9.998362674400000E-01   6.665229210500000E+00   3.529877178500000E-01   5.669764218600000E-01   1.035667800100000E-01   0.000000000000000E+00   0.000000000000000E+00   0.000000000000000E+00   0.000000000000000E+00
   9.998455694000000E-01   6.740142471600000E+00   3.541988156500000E-01   5.766144597000000E-01   7.205503586299999E-02   0.000000000000000E+00   0.000000000000000E+00   0.000000000000000E+00   0.000000000000000E+00
   9.998534735200000E-01   6.802800485600000E+00   3.552375623500000E-01   5.566268601100000E-01   9.809033298100001E-02   0.000000000000000E+00   0.000000000000000E+00   0.000000000000000E+00   0.000000000000000E+00
   9.998613776500000E-01   6.863748761300000E+00   3.562820901000000E-01   5.598068678300000E-01   8.159131768500000E-02   0.000000000000000E+00   0.000000000000000E+00   0.000000000000000E+00   0.000000000000000E+00
   9.998692817700000E-01   6.923623359100000E+00   3.573343087800000E-01   5.477863401300000E-01   9.346079916500000E-02   0.000000000000000E+00   0.000000000000000E+00   0.000000000000000E+00   0.000000000000000E+00
   9.998771858900000E-01   6.981826186000000E+00   3.583918535300000E-01   5.580097804600000E-01   6.486678092100000E-02   0.000000000000000E+00   0.000000000000000E+00   0.000000000000000E+00   0.000000000000000E+00
   9.998850672200000E-01   7.039036162700000E+00   3.594542669300000E-01   5.395038984200000E-01   8.927419961200000E-02   0.000000000000000E+00   0.000000000000000E+00   0.000000000000000E+00   0.000000000000000E+00
   9.998929485500000E-01   7.094614345600000E+00   3.605215062900000E-01   5.427817600200000E-01   7.416755276500001E-02   0.000000000000000E+00   0.000000000000000E+00   0.000000000000000E+00   0.000000000000000E+00
   9.999008298800000E-01   7.149168665600000E+00   3.615954111400000E-01   5.317353457800000E-01   8.540545549400000E-02   0.000000000000000E+00   0.000000000000000E+00   0.000000000000000E+00   0.000000000000000E+00
   9.999087112200000E-01   7.202144388700000E+00   3.626738023700000E-01   5.415884015500000E-01   5.900063482400000E-02   0.000000000000000E+00   0.000000000000000E+00   0.000000000000000E+00   0.000000000000000E+00
   9.999144019000000E-01   7.240012699900000E+00   3.634571543400000E-01   5.254325940400000E-01   8.229411309699999E-02   0.000000000000000E+00   0.000000000000000E+00   0.000000000000000E+00   0.000000000000000E+00
   9.999200925800000E-01   7.276921522600000E+00   3.642421421100000E-01   5.295908724900000E-01   6.893540667000000E-02   0.000000000000000E+00   0.000000000000000E+00   0.000000000000000E+00   0.000000000000000E+00
   9.999257832600000E-01   7.313426760500000E+00   3.650305921000000E-01   5.204218024000000E-01   7.974090056400000E-02   0.000000000000000E+00   0.000000000000000E+00   0.000000000000000E+00   0.000000000000000E+00
   9.999314739400000E-01   7.349009201900000E+00   3.658206264100000E-01   5.303893550800000E-01   5.621363504000000E-02   0.000000000000000E+00   0.000000000000000E+00   0.000000000000000E+00   0.000000000000000E+00
   9.999359359500000E-01   7.376843872500000E+00   3.664431292500000E-01   5.161348782500000E-01   7.756755746500001E-02   0.000000000000000E+00   0.000000000000000E+00   0.000000000000000E+00   0.000000000000000E+00
   9.999403979700000E-01   7.404010677200000E+00   3.670661608500000E-01   5.203502053200000E-01   6.578397095700000E-02   0.000000000000000E+00   0.000000000000000E+00   0.000000000000000E+00   0.000000000000000E+00
   9.999448599800000E-01   7.431010188300000E+00   3.676914037500000E-01   5.125268036200000E-01   7.564544836700000E-02   0.000000000000000E+00   0.000000000000000E+00   0.000000000000000E+00   0.000000000000000E+00
   9.999493220000000E-01   7.457373113300000E+00   3.683172037200000E-01   5.218002881500000E-01   5.497350648300000E-02   0.000000000000000E+00   0.000000000000000E+00   0.000000000000000E+00   0.000000000000000E+00
   9.999530234600000E-01   7.479300260100000E+00   3.688385860600000E-01   5.093248875200000E-01   7.395999035500000E-02   0.000000000000000E+00   0.000000000000000E+00   0.000000000000000E+00   0.000000000000000E+00
   9.999567249100000E-01   7.500719192700000E+00   3.693600587300000E-01   5.132247654500000E-01   6.371118517400000E-02   0.000000000000000E+00   0.000000000000000E+00   0.000000000000000E+00   0.000000000000000E+00
   9.999604263700000E-01   7.522071339000000E+00   3.698831181800000E-01   5.065284962600000E-01   7.240077108800000E-02   0.000000000000000E+00   0.000000000000000E+00   0.000000000000000E+00   0.000000000000000E+00
   9.999641278300000E-01   7.542944264000000E+00   3.704063251800000E-01   5.147454804900000E-01   5.456666300100000E-02   0.000000000000000E+00   0.000000000000000E+00   0.000000000000000E+00   0.000000000000000E+00
   9.999669698800000E-01   7.559086601400000E+00   3.708096532100000E-01   5.041267592200001E-01   7.105021298399999E-02   0.000000000000000E+00   0.000000000000000E+00   0.000000000000000E+00   0.000000000000000E+00
   9.999698119200000E-01   7.574862006000000E+00   3.712127550900000E-01   5.076345548000000E-01   6.240840031800000E-02   0.000000000000000E+00   0.000000000000000E+00   0.000000000000000E+00   0.000000000000000E+00
   9.999726539700000E-01   7.590648240000000E+00   3.716169195900000E-01   5.021281448100000E-01   6.980456723800001E-02   0.000000000000000E+00   0.000000000000000E+00   0.000000000000000E+00   0.000000000000000E+00
   9.999754960200000E-01   7.606096303700000E+00   3.720209384300000E-01   5.091213261400001E-01   5.503725819500000E-02   0.000000000000000E+00   0.000000000000000E+00   0.000000000000000E+00   0.000000000000000E+00
   9.999776142700000E-01   7.617749066400000E+00   3.723231948000000E-01   5.004303727000000E-01   6.872338526200000E-02   0.000000000000000E+00   0.000000000000000E+00   0.000000000000000E+00   0.000000000000000E+00
   9.999797325100001E-01   7.629138468800000E+00   3.726251013600000E-01   5.033789802400001E-01   6.177203346100000E-02   0.000000000000000E+00   0.000000000000000E+00   0.000000000000000E+00   0.000000000000000E+00
   9.999818507600000E-01   7.640572425300000E+00   3.729277111700000E-01   4.990652570400000E-01   6.771327216500000E-02   0.000000000000000E+00   0.000000000000000E+00   0.000000000000000E+00   0.000000000000000E+00
   9.999839690100000E-01   7.651770829300000E+00   3.732300551700000E-01   5.046502205700000E-01   5.619752887300000E-02   0.000000000000000E+00   0.000000000000000E+00   0.000000000000000E+00   0.000000000000000E+00
   9.999854716500000E-01   7.659840042700000E+00   3.734452825200000E-01   4.980357660900000E-01   6.686187022400000E-02   0.000000000000000E+00   0.000000000000000E+00   0.000000000000000E+00   0.000000000000000E+00
   9.999869742800001E-01   7.667719555500000E+00   3.736601131700000E-01   5.004762857100000E-01   6.172138678900000E-02   0.000000000000000E+00   0.000000000000000E+00   0.000000000000000E+00   0.000000000000000E+00
   9.999884769200000E-01   7.675631639700000E+00   3.738752830700000E-01   4.977892451400000E-01   6.619318716399999E-02   0.000000000000000E+00   0.000000000000000E+00   0.000000000000000E+00   0.000000000000000E+00
   9.999899795500000E-01   7.683342700000000E+00   3.740899198800000E-01   5.028849359599999E-01   5.830994407300000E-02   0.000000000000000E+00   0.000000000000000E+00   0.000000000000000E+00   0.000000000000000E+00
   9.999909982000000E-01   7.688607426600000E+00   3.742355638800000E-01   4.998590172200000E-01   6.616990016200000E-02   0.000000000000000E+00   0.000000000000000E+00   0.000000000000000E+00   0.000000000000000E+00
   9.999920168400001E-01   7.693656330800000E+00   3.743803651200000E-01   5.043754425900000E-01   6.350656471000000E-02   0.000000000000000E+00   0.000000000000000E+00   0.000000000000000E+00   0.000000000000000E+00
   9.999930354900000E-01   7.698558434600000E+00   3.745243632400000E-01   5.080405853000000E-01   6.769432612200001E-02   0.000000000000000E+00   0.000000000000000E+00   0.000000000000000E+00   0.000000000000000E+00
   9.999940541300000E-01   7.703009868300000E+00   3.746661263400000E-01   5.212543637300000E-01   6.550501315200000E-02   0.000000000000000E+00   0.000000000000000E+00   0.000000000000000E+00   0.000000000000000E+00
   9.999946737299999E-01   7.705464446400000E+00   3.747508588400000E-01   5.296503891800000E-01   7.278113843500000E-02   0.000000000000000E+00   0.000000000000000E+00   0.000000000000000E+00   0.000000000000000E+00
   9.999952933300000E-01   7.707465935700000E+00   3.748332366300000E-01   5.472765154100000E-01   7.546009681200000E-02   0.000000000000000E+00   0.000000000000000E+00   0.000000000000000E+00   0.000000000000000E+00
   9.999959129300000E-01   7.708868946800000E+00   3.749123000700000E-01   5.725163279300000E-01   8.400541194199999E-02   0.000000000000000E+00   0.000000000000000E+00   0.000000000000000E+00   0.000000000000000E+00
   9.999965325300000E-01   7.709193736400000E+00   3.749856082600000E-01   6.159983902400000E-01   9.406196198500000E-02   0.000000000000000E+00   0.000000000000000E+00   0.000000000000000E+00   0.000000000000000E+00
   9.999968661999999E-01   7.708711138000000E+00   3.750215326200000E-01   6.487253532500000E-01   1.063149573600000E-01   0.000000000000000E+00   0.000000000000000E+00   0.000000000000000E+00   0.000000000000000E+00
   9.999971998800000E-01   7.707477892800000E+00   3.750535536400000E-01   6.949255493700000E-01   1.205787592900000E-01   0.000000000000000E+00   0.000000000000000E+00   0.000000000000000E+00   0.000000000000000E+00
   9.999975335600000E-01   7.705178693000000E+00   3.750800608200000E-01   7.590541926700000E-01   1.433415018000000E-01   0.000000000000000E+00   0.000000000000000E+00   0.000000000000000E+00   0.000000000000000E+00
   9.999978672299999E-01   7.701188260600000E+00   3.750980485800000E-01   8.537474625000000E-01   1.786585758800000E-01   0.000000000000000E+00   0.000000000000000E+00   0.000000000000000E+00   0.000000000000000E+00
   9.999980465400000E-01   7.698000494500000E+00   3.751025493700000E-01   9.234866711100000E-01   2.081900283400000E-01   0.000000000000000E+00   0.000000000000000E+00   0.000000000000000E+00   0.000000000000000E+00
   9.999982258400000E-01   7.693730336800000E+00   3.751018114600000E-01   1.013798533700000E+00   2.484298735800000E-01   0.000000000000000E+00   0.000000000000000E+00   0.000000000000000E+00   0.000000000000000E+00
   9.999984051500000E-01   7.687925778700000E+00   3.750937785700000E-01   1.133447789900000E+00   3.071284377300000E-01   0.000000000000000E+00   0.000000000000000E+00   0.000000000000000E+00   0.000000000000000E+00
   9.999985844600000E-01   7.679817401100000E+00   3.750750288300000E-01   1.298155581500000E+00   3.967546954700000E-01   0.000000000000000E+00   0.000000000000000E+00   0.000000000000000E+00   0.000000000000000E+00
   9.999986893100000E-01   7.673520733300000E+00   3.750569623600000E-01   1.425055492700000E+00   4.733036551300000E-01   0.000000000000000E+00   0.000000000000000E+00   0.000000000000000E+00   0.000000000000000E+00
   9.999987941700000E-01   7.665583837200000E+00   3.750315310300000E-01   1.584564046800000E+00   5.777200207099999E-01   0.000000000000000E+00   0.000000000000000E+00   0.000000000000000E+00   0.000000000000000E+00
   9.999988990300001E-01   7.655361541500000E+00   3.749959949500000E-01   1.789417741100000E+00   7.259191027000000E-01   0.000000000000000E+00   0.000000000000000E+00   0.000000000000000E+00   0.000000000000000E+00
   9.999990038900000E-01   7.641820759200000E+00   3.749460267000000E-01   2.060111096500000E+00   9.447322872500000E-01   0.000000000000000E+00   0.000000000000000E+00   0.000000000000000E+00   0.000000000000000E+00
   9.999990701500000E-01   7.630838264500000E+00   3.749040471400000E-01   2.278787503200000E+00   1.140792894300000E+00   0.000000000000000E+00   0.000000000000000E+00   0.000000000000000E+00   0.000000000000000E+00
   9.999991364100000E-01   7.617237942300000E+00   3.748509797800000E-01   2.548429009400000E+00   1.404845458500000E+00   0.000000000000000E+00   0.000000000000000E+00   0.000000000000000E+00   0.000000000000000E+00
   9.999992026700000E-01   7.600061707800000E+00   3.747829361500000E-01   2.886455652700000E+00   1.771256508400000E+00   0.000000000000000E+00   0.000000000000000E+00   0.000000000000000E+00   0.000000000000000E+00
   9.999992689300000E-01   7.577847450500000E+00   3.746940358300000E-01   3.319033788000000E+00   2.295490313000000E+00   0.000000000000000E+00   0.000000000000000E+00   0.000000000000000E+00   0.000000000000000E+00
   9.999993149600001E-01   7.558310856800000E+00   3.746154529500000E-01   3.694496761100000E+00   2.800714740600000E+00   0.000000000000000E+00   0.000000000000000E+00   0.000000000000000E+00   0.000000000000000E+00
   9.999993609900000E-01   7.534175777500000E+00   3.745181869000000E-01   4.151783054900000E+00   3.476562778300000E+00   0.000000000000000E+00   0.000000000000000E+00   0.000000000000000E+00   0.000000000000000E+00
   9.999994070200000E-01   7.503840814000000E+00   3.743959329100000E-01   4.715529206500000E+00   4.402215209600000E+00   0.000000000000000E+00   0.000000000000000E+00   0.000000000000000E+00   0.000000000000000E+00
   9.999994530500000E-01   7.464950861500000E+00   3.742394758200000E-01   5.420591525500000E+00   5.700454452400000E+00   0.000000000000000E+00   0.000000000000000E+00   0.000000000000000E+00   0.000000000000000E+00
   9.999994885500000E-01   7.426985052300000E+00   3.740871597200000E-01   6.089841383000000E+00   7.077431922000000E+00   0.000000000000000E+00   0.000000000000000E+00   0.000000000000000E+00   0.000000000000000E+00
   9.999995240500000E-01   7.379623570900000E+00   3.738977783200000E-01   6.899925094100000E+00   8.928731637500000E+00   0.000000000000000E+00   0.000000000000000E+00   0.000000000000000E+00   0.000000000000000E+00
   9.999995595500000E-01   7.319644474800000E+00   3.736589097800000E-01   7.887648987600000E+00   1.146513069200000E+01   0.000000000000000E+00   0.000000000000000E+00   0.000000000000000E+00   0.000000000000000E+00
   9.999995950500000E-01   7.242454648400000E+00   3.733529227400000E-01   9.101346295600001E+00   1.500225747500000E+01   0.000000000000000E+00   0.000000000000000E+00   0.000000000000000E+00   0.000000000000000E+00
   9.999996227100000E-01   7.166335932000000E+00   3.730525118800000E-01   1.023995132300000E+01   1.875198857400000E+01   0.000000000000000E+00   0.000000000000000E+00   0.000000000000000E+00   0.000000000000000E+00
   9.999996503600000E-01   7.071709412300000E+00   3.726805850300000E-01   1.158327075400000E+01   2.372291266900000E+01   0.000000000000000E+00   0.000000000000000E+00   0.000000000000000E+00   0.000000000000000E+00
   9.999996780200000E-01   6.953064754200000E+00   3.722162031200000E-01   1.316502998000000E+01   3.037391601900000E+01   0.000000000000000E+00   0.000000000000000E+00   0.000000000000000E+00   0.000000000000000E+00
   9.999997056700000E-01   6.803247175100000E+00   3.716322571200000E-01   1.501879396100000E+01   3.932874463500000E+01   0.000000000000000E+00   0.000000000000000E+00   0.000000000000000E+00   0.000000000000000E+00
   9.999997259700000E-01   6.668347515900000E+00   3.711082920500000E-01   1.656622066500000E+01   4.783948235900000E+01   0.000000000000000E+00   0.000000000000000E+00   0.000000000000000E+00   0.000000000000000E+00
   9.999997462600000E-01   6.507654718200000E+00   3.704859378000000E-01   1.827577351900000E+01   5.844297137800000E+01   0.000000000000000E+00   0.000000000000000E+00   0.000000000000000E+00   0.000000000000000E+00
   9.999997665600000E-01   6.316558920300000E+00   3.697478469900000E-01   2.013903381500000E+01   7.160745929700001E+01   0.000000000000000E+00   0.000000000000000E+00   0.000000000000000E+00   0.000000000000000E+00
   9.999997868500000E-01   6.090320893700000E+00   3.688762246700000E-01   2.213170817100000E+01   8.783786004500000E+01   0.000000000000000E+00   0.000000000000000E+00   0.000000000000000E+00   0.000000000000000E+00
   9.999998061199999E-01   5.839011618500000E+00   3.679101632300000E-01   2.410233979100000E+01   1.065335266500000E+02   0.000000000000000E+00   0.000000000000000E+00   0.000000000000000E+00   0.000000000000000E+00
   9.999998253900000E-01   5.549233200100000E+00   3.667983509600000E-01   2.608730587400000E+01   1.287844551000000E+02   0.000000000000000E+00   0.000000000000000E+00   0.000000000000000E+00   0.000000000000000E+00
   9.999998446500000E-01   5.219981705300000E+00   3.655371297900000E-01   2.800320541700000E+01   1.547463303400000E+02   0.000000000000000E+00   0.000000000000000E+00   0.000000000000000E+00   0.000000000000000E+00
   9.999998639200000E-01   4.852948634500000E+00   3.641329842800000E-01   2.974456227000000E+01   1.842834319700000E+02   0.000000000000000E+00   0.000000000000000E+00   0.000000000000000E+00   0.000000000000000E+00
   9.999998809500000E-01   4.501024822300000E+00   3.627878265400000E-01   3.104651360900000E+01   2.129466596500000E+02   0.000000000000000E+00   0.000000000000000E+00   0.000000000000000E+00   0.000000000000000E+00
   9.999998979800000E-01   4.129425828200000E+00   3.613681747400000E-01   3.204374659600000E+01   2.433075290600000E+02   0.000000000000000E+00   0.000000000000000E+00   0.000000000000000E+00   0.000000000000000E+00
   9.999999150100000E-01   3.746111157300000E+00   3.599040102400000E-01   3.267195925400000E+01   2.744151989000000E+02   0.000000000000000E+00   0.000000000000000E+00   0.000000000000000E+00   0.000000000000000E+00
   9.999999320400000E-01   3.360445125400000E+00   3.584305879600000E-01   3.288899991100000E+01   3.051169641500000E+02   0.000000000000000E+00   0.000000000000000E+00   0.000000000000000E+00   0.000000000000000E+00
   9.999999490300000E-01   2.983132912600000E+00   3.569882634900000E-01   3.268339186900000E+01   3.341022638700000E+02   0.000000000000000E+00   0.000000000000000E+00   0.000000000000000E+00   0.000000000000000E+00
   9.999999660200000E-01   2.622456076500000E+00   3.556081971900000E-01   3.207606401500000E+01   3.602637363700000E+02   0.000000000000000E+00   0.000000000000000E+00   0.000000000000000E+00   0.000000000000000E+00
   9.999999830100000E-01   2.285934095800000E+00   3.543187676400000E-01   3.111324256300000E+01   3.826294642800000E+02   0.000000000000000E+00   0.000000000000000E+00   0.000000000000000E+00   0.000000000000000E+00
   1.000000000000000E+00   1.978880643800000E+00   3.531400963900000E-01   2.986187341700000E+01   4.005173024800000E+02   0.000000000000000E+00   0.000000000000000E+00   0.000000000000000E+00   0.000000000000000E+00
