   0.000000000000000E+00   4.924538567900000E-01   9.999999955900000E-01   1.683751257000000E+00   1.822337378900000E+00   0.000000000000000E+00   0.000000000000000E+00   0.000000000000000E+00   0.000000000000000E+00
   2.856158887500000E-04   5.955003216200000E-01   9.042405196600000E-01   1.607397422100000E+00   1.701092792700000E+00   0.000000000000000E+00   0.000000000000000E+00   0.000000000000000E+00   0.000000000000000E+00
   5.712317775000000E-04   7.087898041900000E-01   8.216184558200000E-01   1.567865070800000E+00   1.526291216000000E+00   0.000000000000000E+00   0.000000000000000E+00   0.000000000000000E+00   0.000000000000000E+00
   8.568476662600000E-04   8.341971418300000E-01   7.500878708299999E-01   1.512927287600000E+00   1.428493065400000E+00   0.000000000000000E+00   0.000000000000000E+00   0.000000000000000E+00   0.000000000000000E+00
   1.142463555000000E-03   9.694749904700000E-01   6.880178428100000E-01   1.492528748400000E+00   1.266926332500000E+00   0.000000000000000E+00   0.000000000000000E+00   0.000000000000000E+00   0.000000000000000E+00
   1.417204140500000E-03   1.110675432300000E+00   6.360422827400000E-01   1.436659267000000E+00   1.229185476900000E+00   0.000000000000000E+00   0.000000000000000E+00   0.000000000000000E+00   0.000000000000000E+00
   1.691944726000000E-03   1.259300125700000E+00   5.906722527300000E-01   1.413881566500000E+00   1.121391548800000E+00   0.000000000000000E+00   0.000000000000000E+00   0.000000000000000E+00   0.000000000000000E+00
   1.966685311500000E-03   1.415791112600000E+00   5.511206503800000E-01   1.372538992900000E+00   1.077136954400000E+00   0.000000000000000E+00   0.000000000000000E+00   0.000000000000000E+00   0.000000000000000E+00
   2.241425897000000E-03   1.576680746800000E+00   5.167030556300000E-01   1.363868905800000E+00   9.604919505800000E-01   0.000000000000000E+00   0.000000000000000E+00   0.000000000000000E+00   0.000000000000000E+00
   2.699389813600000E-03   1.853205861500000E+00   4.692123124900000E-01   1.299394511700000E+00   9.213329323500000E-01   0.000000000000000E+00   0.000000000000000E+00   0.000000000000000E+00   0.000000000000000E+00
   3.157353730100000E-03   2.127069260400000E+00   4.321165983100000E-01   1.270570385600000E+00   8.180451232600000E-01   0.000000000000000E+00   0.000000000000000E+00   0.000000000000000E+00   0.000000000000000E+00
   3.615317646600000E-03   2.388763113700000E+00   4.035102082600000E-01   1.225708435300000E+00   7.825219094600000E-01   0.000000000000000E+00   0.000000000000000E+00   0.000000000000000E+00   0.000000000000000E+00
   4.073281563100000E-03   2.625713053100000E+00   3.817471673300000E-01   1.216857613500000E+00   6.796330183000000E-01   0.000000000000000E+00   0.000000000000000E+00   0.000000000000000E+00   0.000000000000000E+00
   4.618160666000000E-03   2.869670275900000E+00   3.628604512900000E-01   1.167997630100000E+00   6.853336561500000E-01   0.000000000000000E+00   0.000000000000000E+00   0.000000000000000E+00   0.000000000000000E+00
   5.163039768900000E-03   3.063588875800000E+00   3.497002031300000E-01   1.156861245900000E+00   6.242640219800000E-01   0.000000000000000E+00   0.000000000000000E+00   0.000000000000000E+00   0.000000000000000E+00
   5.707918871800000E-03   3.212010255200000E+00   3.406877090900000E-01   1.130219896900000E+00   6.266341310000000E-01   0.000000000000000E+00   0.000000000000000E+00   0.000000000000000E+00   0.000000000000000E+00
   6.252797974700000E-03   3.318860269600000E+00   3.345850893600000E-01   1.139477221000000E+00   5.576838136700000E-01   0.000000000000000E+00   0.000000000000000E+00   0.000000000000000E+00   0.000000000000000E+00
   7.199476738800000E-03   3.436829234400000E+00   3.283921151500000E-01   1.106627486900000E+00   5.917943856300000E-01   0.000000000000000E+00   0.000000000000000E+00   0.000000000000000E+00   0.000000000000000E+00
   8.146155502900000E-03   3.496306850600000E+00   3.253758933800000E-01   1.111177648900000E+00   5.562778446600000E-01   0.000000000000000E+00   0.000000000000000E+00   0.000000000000000E+00   0.000000000000000E+00
   9.092834266900000E-03   3.526390635400000E+00   3.239128372500000E-01   1.097476447700000E+00   5.786326131600000E-01   0.000000000000000E+00   0.000000000000000E+00   0.000000000000000E+00   0.000000000000000E+00
   1.003951303100000E-02   3.540711829100000E+00   3.231997055700000E-01   1.116690925800000E+00   5.247217329500000E-01   0.000000000000000E+00   0.000000000000000E+00   0.000000000000000E+00   0.000000000000000E+00
   1.379311589500000E-02   3.554672510200000E+00   3.225434840500000E-01   1.094618630300000E+00   5.745597126000000E-01   0.000000000000000E+00   0.000000000000000E+00   0.000000000000000E+00   0.000000000000000E+00
   1.754671876000000E-02   3.553708353800000E+00   3.225822007300000E-01   1.105360240600000E+00   5.479949113800000E-01   0.000000000000000E+00   0.000000000000000E+00   0.000000000000000E+00   0.000000000000000E+00
   2.130032162400000E-02   3.554655378900000E+00   3.225442368300000E-01   1.094620818900000E+00   5.745607553600000E-01   0.000000000000000E+00   0.000000000000000E+00   0.000000000000000E+00   0.000000000000000E+00
   2.505392448800000E-02   3.553792517600000E+00   3.225712137500000E-01   1.115368193100000E+00   5.228556996600000E-01   0.000000000000000E+00   0.000000000000000E+00   0.000000000000000E+00   0.000000000000000E+00
   4.327365730300000E-02   3.554685789400000E+00   3.225427624200000E-01   1.094618009100000E+00   5.745557248600000E-01   0.000000000000000E+00   0.000000000000000E+00   0.000000000000000E+00   0.000000000000000E+00
   6.149339011800000E-02   3.554295786300000E+00   3.225540532400000E-01   1.105300275300000E+00   5.479127047000000E-01   0.000000000000000E+00   0.000000000000000E+00   0.000000000000000E+00   0.000000000000000E+00
   7.971312293200000E-02   3.554648758300000E+00   3.225445387500000E-01   1.094621847600000E+00   5.745607617900000E-01   0.000000000000000E+00   0.000000000000000E+00   0.000000000000000E+00   0.000000000000000E+00
   9.793285574700000E-02   3.554043124700000E+00   3.225591923500000E-01   1.115342254500000E+00   5.228215146900000E-01   0.000000000000000E+00   0.000000000000000E+00   0.000000000000000E+00   0.000000000000000E+00
   1.159469562300000E-01   3.554626306300000E+00   3.225456157100000E-01   1.094624200600000E+00   5.745637497400000E-01   0.000000000000000E+00   0.000000000000000E+00   0.000000000000000E+00   0.000000000000000E+00
   1.339610567200000E-01   3.554360894600000E+00   3.225509301200000E-01   1.105293458500000E+00   5.479040226400000E-01   0.000000000000000E+00   0.000000000000000E+00   0.000000000000000E+00   0.000000000000000E+00
   1.519751572100000E-01   3.554607896400000E+00   3.225464987800000E-01   1.094626162300000E+00   5.745661173800000E-01   0.000000000000000E+00   0.000000000000000E+00   0.000000000000000E+00   0.000000000000000E+00
   1.699892576900000E-01   3.554167875300000E+00   3.225532084000000E-01   1.115329001300000E+00   5.228053698400000E-01   0.000000000000000E+00   0.000000000000000E+00   0.000000000000000E+00   0.000000000000000E+00
   1.855785747100000E-01   3.554595777300000E+00   3.225470800800000E-01   1.094627480700000E+00   5.745676068000000E-01   0.000000000000000E+00   0.000000000000000E+00   0.000000000000000E+00   0.000000000000000E+00
   2.011678917300000E-01   3.554394868000000E+00   3.225493005600000E-01   1.105289760700000E+00   5.478998523300000E-01   0.000000000000000E+00   0.000000000000000E+00   0.000000000000000E+00   0.000000000000000E+00
   2.167572087500000E-01   3.554586041500000E+00   3.225475470300000E-01   1.094628583800000E+00   5.745686907200001E-01   0.000000000000000E+00   0.000000000000000E+00   0.000000000000000E+00   0.000000000000000E+00
   2.323465257700000E-01   3.554235150300000E+00   3.225499816500000E-01   1.115321440300000E+00   5.227977217000001E-01   0.000000000000000E+00   0.000000000000000E+00   0.000000000000000E+00   0.000000000000000E+00
   2.457594558900000E-01   3.554579920300000E+00   3.225478406000000E-01   1.094629312600000E+00   5.745692822300000E-01   0.000000000000000E+00   0.000000000000000E+00   0.000000000000000E+00   0.000000000000000E+00
   2.591723860100000E-01   3.554412083600000E+00   3.225484749200000E-01   1.105287709800000E+00   5.478981919200000E-01   0.000000000000000E+00   0.000000000000000E+00   0.000000000000000E+00   0.000000000000000E+00
   2.725853161300000E-01   3.554575360500000E+00   3.225480592500000E-01   1.094629913400000E+00   5.745695747200000E-01   0.000000000000000E+00   0.000000000000000E+00   0.000000000000000E+00   0.000000000000000E+00
   2.859982462500000E-01   3.554267542700000E+00   3.225484283300000E-01   1.115317271400000E+00   5.227953901500000E-01   0.000000000000000E+00   0.000000000000000E+00   0.000000000000000E+00   0.000000000000000E+00
   2.978721037500000E-01   3.554572711200000E+00   3.225481862700000E-01   1.094630308200000E+00   5.745696278800000E-01   0.000000000000000E+00   0.000000000000000E+00   0.000000000000000E+00   0.000000000000000E+00
   3.097459612500000E-01   3.554419670200000E+00   3.225481112000000E-01   1.105286584500000E+00   5.478980266200000E-01   0.000000000000000E+00   0.000000000000000E+00   0.000000000000000E+00   0.000000000000000E+00
   3.216198187500000E-01   3.554570887500000E+00   3.225482736500000E-01   1.094630651300000E+00   5.745694819200000E-01   0.000000000000000E+00   0.000000000000000E+00   0.000000000000000E+00   0.000000000000000E+00
   3.334936762600000E-01   3.554280890100000E+00   3.225477886600000E-01   1.115314906400000E+00   5.227960843800000E-01   0.000000000000000E+00   0.000000000000000E+00   0.000000000000000E+00   0.000000000000000E+00
   3.452212838100000E-01   3.554569957100000E+00   3.225483182000000E-01   1.094630881300000E+00   5.745692669600000E-01   0.000000000000000E+00   0.000000000000000E+00   0.000000000000000E+00   0.000000000000000E+00
   3.569488913700000E-01   3.554422475300000E+00   3.225479768800000E-01   1.105285917200000E+00   5.478986080500000E-01   0.000000000000000E+00   0.000000000000000E+00   0.000000000000000E+00   0.000000000000000E+00
   3.686764989300000E-01   3.554569334600000E+00   3.225483479600000E-01   1.094631105200000E+00   5.745689439500000E-01   0.000000000000000E+00   0.000000000000000E+00   0.000000000000000E+00   0.000000000000000E+00
   3.804041064900000E-01   3.554285461000000E+00   3.225475700200000E-01   1.115313414000000E+00   5.227980676200000E-01   0.000000000000000E+00   0.000000000000000E+00   0.000000000000000E+00   0.000000000000000E+00
   3.917865360900000E-01   3.554569014700000E+00   3.225483632300000E-01   1.094631276500000E+00   5.745686341300000E-01   0.000000000000000E+00   0.000000000000000E+00   0.000000000000000E+00   0.000000000000000E+00
   4.031689656900000E-01   3.554423435200000E+00   3.225479310700000E-01   1.105285427800000E+00   5.478994747300000E-01   0.000000000000000E+00   0.000000000000000E+00   0.000000000000000E+00   0.000000000000000E+00
   4.145513952900000E-01   3.554568803300000E+00   3.225483732700000E-01   1.094631463900000E+00   5.745682397900000E-01   0.000000000000000E+00   0.000000000000000E+00   0.000000000000000E+00   0.000000000000000E+00
   4.259338248900000E-01   3.554287025700000E+00   3.225474956100000E-01   1.115312193600000E+00   5.228005611200000E-01   0.000000000000000E+00   0.000000000000000E+00   0.000000000000000E+00   0.000000000000000E+00
   4.361230042300000E-01   3.554568689500000E+00   3.225483786400000E-01   1.094631624800000E+00   5.745678740300000E-01   0.000000000000000E+00   0.000000000000000E+00   0.000000000000000E+00   0.000000000000000E+00
   4.463121835800000E-01   3.554423767500000E+00   3.225479153900000E-01   1.105284972400000E+00   5.479005058700001E-01   0.000000000000000E+00   0.000000000000000E+00   0.000000000000000E+00   0.000000000000000E+00
   4.565013629300000E-01   3.554568618100000E+00   3.225483819500000E-01   1.094631817400000E+00   5.745674099400000E-01   0.000000000000000E+00   0.000000000000000E+00   0.000000000000000E+00   0.000000000000000E+00
   4.666905422700000E-01   3.554287572600000E+00   3.225474701000000E-01   1.115310951500000E+00   5.228035184399999E-01   0.000000000000000E+00   0.000000000000000E+00   0.000000000000000E+00   0.000000000000000E+00
   4.779322395600000E-01   3.554568586100000E+00   3.225483833900000E-01   1.094631970900000E+00   5.745670302400000E-01   0.000000000000000E+00   0.000000000000000E+00   0.000000000000000E+00   0.000000000000000E+00
   4.891739368400000E-01   3.554423870100000E+00   3.225479107200000E-01   1.105284537800000E+00   5.479015762100000E-01   0.000000000000000E+00   0.000000000000000E+00   0.000000000000000E+00   0.000000000000000E+00
   5.004156341300000E-01   3.554568564700000E+00   3.225483843100000E-01   1.094632141100000E+00   5.745666034200000E-01   0.000000000000000E+00   0.000000000000000E+00   0.000000000000000E+00   0.000000000000000E+00
   5.116573314200000E-01   3.554287729400000E+00   3.225474632200000E-01   1.115309860000000E+00   5.228062472200000E-01   0.000000000000000E+00   0.000000000000000E+00   0.000000000000000E+00   0.000000000000000E+00
   5.269446724400000E-01   3.554568555400000E+00   3.225483846800000E-01   1.094632266000000E+00   5.745662877100000E-01   0.000000000000000E+00   0.000000000000000E+00   0.000000000000000E+00   0.000000000000000E+00
   5.422320134600001E-01   3.554423900800000E+00   3.225479094600000E-01   1.105284184700000E+00   5.479024669900000E-01   0.000000000000000E+00   0.000000000000000E+00   0.000000000000000E+00   0.000000000000000E+00
   5.575193544900000E-01   3.554568548400000E+00   3.225483849500000E-01   1.094632390300000E+00   5.745659726100000E-01   0.000000000000000E+00   0.000000000000000E+00   0.000000000000000E+00   0.000000000000000E+00
   5.728066955100000E-01   3.554287777300000E+00   3.225474614100000E-01   1.115309064200000E+00   5.228082634100000E-01   0.000000000000000E+00   0.000000000000000E+00   0.000000000000000E+00   0.000000000000000E+00
   5.828949052000000E-01   3.554568542600000E+00   3.225483851400000E-01   1.094632523000000E+00   5.745656355200000E-01   0.000000000000000E+00   0.000000000000000E+00   0.000000000000000E+00   0.000000000000000E+00
   5.929831148800000E-01   3.554423916000000E+00   3.225479089600000E-01   1.105283810200000E+00   5.479034189200001E-01   0.000000000000000E+00   0.000000000000000E+00   0.000000000000000E+00   0.000000000000000E+00
   6.030713245700000E-01   3.554568537700000E+00   3.225483852700000E-01   1.094632710800000E+00   5.745651572500000E-01   0.000000000000000E+00   0.000000000000000E+00   0.000000000000000E+00   0.000000000000000E+00
   6.131595342500000E-01   3.554287812600000E+00   3.225474604400000E-01   1.115307862100000E+00   5.228113238500000E-01   0.000000000000000E+00   0.000000000000000E+00   0.000000000000000E+00   0.000000000000000E+00
   6.225534342500000E-01   3.554568534400000E+00   3.225483853200000E-01   1.094632876200000E+00   5.745647355500000E-01   0.000000000000000E+00   0.000000000000000E+00   0.000000000000000E+00   0.000000000000000E+00
   6.319473342400000E-01   3.554423925500000E+00   3.225479087800000E-01   1.105283343200000E+00   5.479046095500000E-01   0.000000000000000E+00   0.000000000000000E+00   0.000000000000000E+00   0.000000000000000E+00
   6.413412342300000E-01   3.554568531200000E+00   3.225483853500000E-01   1.094633077600000E+00   5.745642216500000E-01   0.000000000000000E+00   0.000000000000000E+00   0.000000000000000E+00   0.000000000000000E+00
   6.507351342300000E-01   3.554287834000000E+00   3.225474602000000E-01   1.115306573000000E+00   5.228146126200000E-01   0.000000000000000E+00   0.000000000000000E+00   0.000000000000000E+00   0.000000000000000E+00
   6.581028408500000E-01   3.554568528500000E+00   3.225483853700000E-01   1.094633272300000E+00   5.745637247399999E-01   0.000000000000000E+00   0.000000000000000E+00   0.000000000000000E+00   0.000000000000000E+00
   6.654705474700000E-01   3.554423933200000E+00   3.225479087500000E-01   1.105282793500000E+00   5.479060125800000E-01   0.000000000000000E+00   0.000000000000000E+00   0.000000000000000E+00   0.000000000000000E+00
   6.728382540900000E-01   3.554568525300000E+00   3.225483853700000E-01   1.094633528900000E+00   5.745630694600000E-01   0.000000000000000E+00   0.000000000000000E+00   0.000000000000000E+00   0.000000000000000E+00
   6.802059607099999E-01   3.554287855200000E+00   3.225474601700000E-01   1.115304930200000E+00   5.228188063800000E-01   0.000000000000000E+00   0.000000000000000E+00   0.000000000000000E+00   0.000000000000000E+00
   6.872887015400000E-01   3.554568522600000E+00   3.225483853600000E-01   1.094633751500000E+00   5.745625012700000E-01   0.000000000000000E+00   0.000000000000000E+00   0.000000000000000E+00   0.000000000000000E+00
   6.943714423700000E-01   3.554423940900000E+00   3.225479087600000E-01   1.105282165100000E+00   5.479076168600000E-01   0.000000000000000E+00   0.000000000000000E+00   0.000000000000000E+00   0.000000000000000E+00
   7.014541832000000E-01   3.554568519400000E+00   3.225483853500000E-01   1.094634018400000E+00   5.745618196600000E-01   0.000000000000000E+00   0.000000000000000E+00   0.000000000000000E+00   0.000000000000000E+00
   7.085369240300000E-01   3.554287875800000E+00   3.225474602200000E-01   1.115303221600000E+00   5.228231686800000E-01   0.000000000000000E+00   0.000000000000000E+00   0.000000000000000E+00   0.000000000000000E+00
   7.158572726700000E-01   3.554568516700000E+00   3.225483853500000E-01   1.094634241700000E+00   5.745612497200000E-01   0.000000000000000E+00   0.000000000000000E+00   0.000000000000000E+00   0.000000000000000E+00
   7.231776213100000E-01   3.554423948400000E+00   3.225479087800000E-01   1.105281534900000E+00   5.479092261100000E-01   0.000000000000000E+00   0.000000000000000E+00   0.000000000000000E+00   0.000000000000000E+00
   7.304979699400000E-01   3.554568513700000E+00   3.225483853400000E-01   1.094634499900000E+00   5.745605902799999E-01   0.000000000000000E+00   0.000000000000000E+00   0.000000000000000E+00   0.000000000000000E+00
   7.378183185800000E-01   3.554287895400000E+00   3.225474602800000E-01   1.115301568900000E+00   5.228273890400000E-01   0.000000000000000E+00   0.000000000000000E+00   0.000000000000000E+00   0.000000000000000E+00
   7.460075370300000E-01   3.554568511200000E+00   3.225483853300000E-01   1.094634707800000E+00   5.745600595300000E-01   0.000000000000000E+00   0.000000000000000E+00   0.000000000000000E+00   0.000000000000000E+00
   7.541967554700000E-01   3.554423955400000E+00   3.225479088000000E-01   1.105280948000000E+00   5.479107247200000E-01   0.000000000000000E+00   0.000000000000000E+00   0.000000000000000E+00   0.000000000000000E+00
   7.623859739100000E-01   3.554568508500000E+00   3.225483853200000E-01   1.094634938600000E+00   5.745594701100000E-01   0.000000000000000E+00   0.000000000000000E+00   0.000000000000000E+00   0.000000000000000E+00
   7.705751923500000E-01   3.554287912900000E+00   3.225474603300000E-01   1.115300091600000E+00   5.228311613100000E-01   0.000000000000000E+00   0.000000000000000E+00   0.000000000000000E+00   0.000000000000000E+00
   7.758089802600000E-01   3.554568505500000E+00   3.225483853100000E-01   1.094635190100000E+00   5.745588276700000E-01   0.000000000000000E+00   0.000000000000000E+00   0.000000000000000E+00   0.000000000000000E+00
   7.810427681700000E-01   3.554423963800000E+00   3.225479088200000E-01   1.105280237700000E+00   5.479125386400000E-01   0.000000000000000E+00   0.000000000000000E+00   0.000000000000000E+00   0.000000000000000E+00
   7.862765560800000E-01   3.554568501200000E+00   3.225483853000000E-01   1.094635551200000E+00   5.745579055100000E-01   0.000000000000000E+00   0.000000000000000E+00   0.000000000000000E+00   0.000000000000000E+00
   7.915103439900000E-01   3.554287940300000E+00   3.225474604100000E-01   1.115297780600000E+00   5.228370631100000E-01   0.000000000000000E+00   0.000000000000000E+00   0.000000000000000E+00   0.000000000000000E+00
   7.961412858000000E-01   3.554568497300000E+00   3.225483852900000E-01   1.094635878100000E+00   5.745570707100000E-01   0.000000000000000E+00   0.000000000000000E+00   0.000000000000000E+00   0.000000000000000E+00
   8.007722276000000E-01   3.554423974700000E+00   3.225479088600000E-01   1.105279314800000E+00   5.479148957100000E-01   0.000000000000000E+00   0.000000000000000E+00   0.000000000000000E+00   0.000000000000000E+00
   8.054031694100000E-01   3.554568492500000E+00   3.225483852700000E-01   1.094636286100000E+00   5.745560286500000E-01   0.000000000000000E+00   0.000000000000000E+00   0.000000000000000E+00   0.000000000000000E+00
   8.100341112200000E-01   3.554287971200000E+00   3.225474605100000E-01   1.115295169300000E+00   5.228437323100000E-01   0.000000000000000E+00   0.000000000000000E+00   0.000000000000000E+00   0.000000000000000E+00
   8.143684722600000E-01   3.554568488300000E+00   3.225483852600000E-01   1.094636644800000E+00   5.745551126600000E-01   0.000000000000000E+00   0.000000000000000E+00   0.000000000000000E+00   0.000000000000000E+00
   8.187028332900000E-01   3.554423986700000E+00   3.225479088900000E-01   1.105278302100000E+00   5.479174820400000E-01   0.000000000000000E+00   0.000000000000000E+00   0.000000000000000E+00   0.000000000000000E+00
   8.230371943300000E-01   3.554568483100000E+00   3.225483852400000E-01   1.094637080600000E+00   5.745539994500000E-01   0.000000000000000E+00   0.000000000000000E+00   0.000000000000000E+00   0.000000000000000E+00
   8.273715553700000E-01   3.554288004200000E+00   3.225474606100000E-01   1.115292380000000E+00   5.228508568100000E-01   0.000000000000000E+00   0.000000000000000E+00   0.000000000000000E+00   0.000000000000000E+00
   8.316862006900000E-01   3.554568478700000E+00   3.225483852300000E-01   1.094637451900000E+00   5.745530511400000E-01   0.000000000000000E+00   0.000000000000000E+00   0.000000000000000E+00   0.000000000000000E+00
   8.360008460000000E-01   3.554423999100000E+00   3.225479089300000E-01   1.105277253900000E+00   5.479201596300000E-01   0.000000000000000E+00   0.000000000000000E+00   0.000000000000000E+00   0.000000000000000E+00
   8.403154913100001E-01   3.554568473500000E+00   3.225483852100000E-01   1.094637889600000E+00   5.745519330200000E-01   0.000000000000000E+00   0.000000000000000E+00   0.000000000000000E+00   0.000000000000000E+00
   8.446301366200000E-01   3.554288037300000E+00   3.225474607100000E-01   1.115289578600000E+00   5.228580127900000E-01   0.000000000000000E+00   0.000000000000000E+00   0.000000000000000E+00   0.000000000000000E+00
   8.501392139200000E-01   3.554568469600000E+00   3.225483852000000E-01   1.094638221200000E+00   5.745510857100000E-01   0.000000000000000E+00   0.000000000000000E+00   0.000000000000000E+00   0.000000000000000E+00
   8.556482912200000E-01   3.554424010200000E+00   3.225479089600000E-01   1.105276317400000E+00   5.479225520500000E-01   0.000000000000000E+00   0.000000000000000E+00   0.000000000000000E+00   0.000000000000000E+00
   8.611573685100000E-01   3.554568465600000E+00   3.225483851900000E-01   1.094638564000000E+00   5.745502101300000E-01   0.000000000000000E+00   0.000000000000000E+00   0.000000000000000E+00   0.000000000000000E+00
   8.666664458100000E-01   3.554288063300000E+00   3.225474607900000E-01   1.115287385100000E+00   5.228636165100000E-01   0.000000000000000E+00   0.000000000000000E+00   0.000000000000000E+00   0.000000000000000E+00
   8.727194659700001E-01   3.554568462300000E+00   3.225483851800000E-01   1.094638842200000E+00   5.745494993700000E-01   0.000000000000000E+00   0.000000000000000E+00   0.000000000000000E+00   0.000000000000000E+00
   8.787724861300000E-01   3.554424019500000E+00   3.225479089900000E-01   1.105275531800000E+00   5.479245589100000E-01   0.000000000000000E+00   0.000000000000000E+00   0.000000000000000E+00   0.000000000000000E+00
   8.848255062900000E-01   3.554568458600000E+00   3.225483851700000E-01   1.094639154100000E+00   5.745487025600000E-01   0.000000000000000E+00   0.000000000000000E+00   0.000000000000000E+00   0.000000000000000E+00
   8.908785264400000E-01   3.554288086800000E+00   3.225474608600000E-01   1.115285389100000E+00   5.228687160800000E-01   0.000000000000000E+00   0.000000000000000E+00   0.000000000000000E+00   0.000000000000000E+00
   8.938039478499999E-01   3.554568453800000E+00   3.225483851500000E-01   1.094639560900000E+00   5.745476632600000E-01   0.000000000000000E+00   0.000000000000000E+00   0.000000000000000E+00   0.000000000000000E+00
   8.967293692500000E-01   3.554424033000000E+00   3.225479090300000E-01   1.105274383300000E+00   5.479274932900000E-01   0.000000000000000E+00   0.000000000000000E+00   0.000000000000000E+00   0.000000000000000E+00
   8.996547906600000E-01   3.554568446200000E+00   3.225483851300000E-01   1.094640206000000E+00   5.745460148500000E-01   0.000000000000000E+00   0.000000000000000E+00   0.000000000000000E+00   0.000000000000000E+00
   9.025802120600001E-01   3.554288135600000E+00   3.225474610100000E-01   1.115281260200000E+00   5.228792659300000E-01   0.000000000000000E+00   0.000000000000000E+00   0.000000000000000E+00   0.000000000000000E+00
   9.053480423000000E-01   3.554568439500000E+00   3.225483851100000E-01   1.094640769900000E+00   5.745445739600000E-01   0.000000000000000E+00   0.000000000000000E+00   0.000000000000000E+00   0.000000000000000E+00
   9.081158725300000E-01   3.554424051800000E+00   3.225479090900000E-01   1.105272791200000E+00   5.479315616400000E-01   0.000000000000000E+00   0.000000000000000E+00   0.000000000000000E+00   0.000000000000000E+00
   9.108837027700000E-01   3.554568431500000E+00   3.225483850900000E-01   1.094641451500000E+00   5.745428320900000E-01   0.000000000000000E+00   0.000000000000000E+00   0.000000000000000E+00   0.000000000000000E+00
   9.136515330000000E-01   3.554288187000000E+00   3.225474611600000E-01   1.115276897800000E+00   5.228904138900000E-01   0.000000000000000E+00   0.000000000000000E+00   0.000000000000000E+00   0.000000000000000E+00
   9.155905031300000E-01   3.554568423200000E+00   3.225483850600000E-01   1.094642154600000E+00   5.745410352200000E-01   0.000000000000000E+00   0.000000000000000E+00   0.000000000000000E+00   0.000000000000000E+00
   9.175294732600000E-01   3.554424075200000E+00   3.225479091600000E-01   1.105270806100000E+00   5.479366349700000E-01   0.000000000000000E+00   0.000000000000000E+00   0.000000000000000E+00   0.000000000000000E+00
   9.194684433800000E-01   3.554568411800000E+00   3.225483850300000E-01   1.094643127100000E+00   5.745385494600000E-01   0.000000000000000E+00   0.000000000000000E+00   0.000000000000000E+00   0.000000000000000E+00
   9.214074135100000E-01   3.554288260200000E+00   3.225474613800000E-01   1.115270673600000E+00   5.229063227900000E-01   0.000000000000000E+00   0.000000000000000E+00   0.000000000000000E+00   0.000000000000000E+00
   9.232227763900001E-01   3.554568401700000E+00   3.225483850000000E-01   1.094643981700000E+00   5.745363649800000E-01   0.000000000000000E+00   0.000000000000000E+00   0.000000000000000E+00   0.000000000000000E+00
   9.250381392800000E-01   3.554424103600000E+00   3.225479092500000E-01   1.105268393200000E+00   5.479428028500000E-01   0.000000000000000E+00   0.000000000000000E+00   0.000000000000000E+00   0.000000000000000E+00
   9.268535021700000E-01   3.554568389500000E+00   3.225483849600000E-01   1.094645019900000E+00   5.745337108800000E-01   0.000000000000000E+00   0.000000000000000E+00   0.000000000000000E+00   0.000000000000000E+00
   9.286688650500000E-01   3.554288338300000E+00   3.225474616200000E-01   1.115264029300000E+00   5.229233090400000E-01   0.000000000000000E+00   0.000000000000000E+00   0.000000000000000E+00   0.000000000000000E+00
   9.306812371500000E-01   3.554568379700000E+00   3.225483849300000E-01   1.094645858900000E+00   5.745315657200000E-01   0.000000000000000E+00   0.000000000000000E+00   0.000000000000000E+00   0.000000000000000E+00
   9.326936092600000E-01   3.554424131400000E+00   3.225479093300000E-01   1.105266024300000E+00   5.479488598500000E-01   0.000000000000000E+00   0.000000000000000E+00   0.000000000000000E+00   0.000000000000000E+00
   9.347059813600000E-01   3.554568368700000E+00   3.225483849000000E-01   1.094646794900000E+00   5.745291722700000E-01   0.000000000000000E+00   0.000000000000000E+00   0.000000000000000E+00   0.000000000000000E+00
   9.367183534600000E-01   3.554288408600000E+00   3.225474618300000E-01   1.115258038800000E+00   5.229386271599999E-01   0.000000000000000E+00   0.000000000000000E+00   0.000000000000000E+00   0.000000000000000E+00
   9.382832803900000E-01   3.554568358000000E+00   3.225483848600000E-01   1.094647704000000E+00   5.745268473200000E-01   0.000000000000000E+00   0.000000000000000E+00   0.000000000000000E+00   0.000000000000000E+00
   9.398482073100000E-01   3.554424161500000E+00   3.225479094200000E-01   1.105263457400000E+00   5.479554241900000E-01   0.000000000000000E+00   0.000000000000000E+00   0.000000000000000E+00   0.000000000000000E+00
   9.414131342399999E-01   3.554568343900000E+00   3.225483848200000E-01   1.094648906900000E+00   5.745237706500000E-01   0.000000000000000E+00   0.000000000000000E+00   0.000000000000000E+00   0.000000000000000E+00
   9.429780611600000E-01   3.554288498800000E+00   3.225474621100000E-01   1.115250340300000E+00   5.229583178100000E-01   0.000000000000000E+00   0.000000000000000E+00   0.000000000000000E+00   0.000000000000000E+00
   9.441509121700000E-01   3.554568330000000E+00   3.225483847800000E-01   1.094650099900000E+00   5.745207189200000E-01   0.000000000000000E+00   0.000000000000000E+00   0.000000000000000E+00   0.000000000000000E+00
   9.453237631700000E-01   3.554424200900000E+00   3.225479095400000E-01   1.105260089200000E+00   5.479640404100000E-01   0.000000000000000E+00   0.000000000000000E+00   0.000000000000000E+00   0.000000000000000E+00
   9.464966141800000E-01   3.554568311200000E+00   3.225483847200000E-01   1.094651703600000E+00   5.745166157200000E-01   0.000000000000000E+00   0.000000000000000E+00   0.000000000000000E+00   0.000000000000000E+00
   9.476694651799999E-01   3.554288618700000E+00   3.225474624700000E-01   1.115240076500000E+00   5.229845782800000E-01   0.000000000000000E+00   0.000000000000000E+00   0.000000000000000E+00   0.000000000000000E+00
   9.489206257200000E-01   3.554568295800000E+00   3.225483846800000E-01   1.094653023500000E+00   5.745132381000000E-01   0.000000000000000E+00   0.000000000000000E+00   0.000000000000000E+00   0.000000000000000E+00
   9.501717862600000E-01   3.554424244400000E+00   3.225479096700000E-01   1.105256362400000E+00   5.479735773400000E-01   0.000000000000000E+00   0.000000000000000E+00   0.000000000000000E+00   0.000000000000000E+00
   9.514229467999999E-01   3.554568278300000E+00   3.225483846200000E-01   1.094654525500000E+00   5.745093937600000E-01   0.000000000000000E+00   0.000000000000000E+00   0.000000000000000E+00   0.000000000000000E+00
   9.526741073400000E-01   3.554288730700000E+00   3.225474628000000E-01   1.115230463700000E+00   5.230091820500000E-01   0.000000000000000E+00   0.000000000000000E+00   0.000000000000000E+00   0.000000000000000E+00
   9.539266067600000E-01   3.554568263500000E+00   3.225483845800000E-01   1.094655801000000E+00   5.745061286599999E-01   0.000000000000000E+00   0.000000000000000E+00   0.000000000000000E+00   0.000000000000000E+00
   9.551791061700000E-01   3.554424286300000E+00   3.225479098000000E-01   1.105252761100000E+00   5.479827964700000E-01   0.000000000000000E+00   0.000000000000000E+00   0.000000000000000E+00   0.000000000000000E+00
   9.564316055800000E-01   3.554568246100000E+00   3.225483845300000E-01   1.094657300100000E+00   5.745022903900000E-01   0.000000000000000E+00   0.000000000000000E+00   0.000000000000000E+00   0.000000000000000E+00
   9.576841050000000E-01   3.554288842200000E+00   3.225474631400000E-01   1.115220869500000E+00   5.230337469500000E-01   0.000000000000000E+00   0.000000000000000E+00   0.000000000000000E+00   0.000000000000000E+00
   9.588916942000000E-01   3.554568231000000E+00   3.225483844800000E-01   1.094658597400000E+00   5.744989680300000E-01   0.000000000000000E+00   0.000000000000000E+00   0.000000000000000E+00   0.000000000000000E+00
   9.600992833999999E-01   3.554424328800000E+00   3.225479099300000E-01   1.105249098000000E+00   5.479921771700000E-01   0.000000000000000E+00   0.000000000000000E+00   0.000000000000000E+00   0.000000000000000E+00
   9.613068726000000E-01   3.554568213000000E+00   3.225483844300000E-01   1.094660150900000E+00   5.744949890900000E-01   0.000000000000000E+00   0.000000000000000E+00   0.000000000000000E+00   0.000000000000000E+00
   9.625144618000000E-01   3.554288957400000E+00   3.225474634900000E-01   1.115210927400000E+00   5.230592121800000E-01   0.000000000000000E+00   0.000000000000000E+00   0.000000000000000E+00   0.000000000000000E+00
   9.633942677900000E-01   3.554568194900000E+00   3.225483843700000E-01   1.094661716700000E+00   5.744909778700000E-01   0.000000000000000E+00   0.000000000000000E+00   0.000000000000000E+00   0.000000000000000E+00
   9.642740737800000E-01   3.554424379900000E+00   3.225479100800000E-01   1.105244677500000E+00   5.480035021400000E-01   0.000000000000000E+00   0.000000000000000E+00   0.000000000000000E+00   0.000000000000000E+00
   9.651538797700000E-01   3.554568170300000E+00   3.225483843000000E-01   1.094663846600000E+00   5.744855199400000E-01   0.000000000000000E+00   0.000000000000000E+00   0.000000000000000E+00   0.000000000000000E+00
   9.660336857600000E-01   3.554289114700000E+00   3.225474639600000E-01   1.115197296000000E+00   5.230941429800000E-01   0.000000000000000E+00   0.000000000000000E+00   0.000000000000000E+00   0.000000000000000E+00
   9.667523519500000E-01   3.554568147100000E+00   3.225483842300000E-01   1.094665858800000E+00   5.744803622700000E-01   0.000000000000000E+00   0.000000000000000E+00   0.000000000000000E+00   0.000000000000000E+00
   9.674710181400000E-01   3.554424445400000E+00   3.225479102800000E-01   1.105238996500000E+00   5.480180640700000E-01   0.000000000000000E+00   0.000000000000000E+00   0.000000000000000E+00   0.000000000000000E+00
   9.681896843300000E-01   3.554568117200000E+00   3.225483841400000E-01   1.094668462700000E+00   5.744736859100000E-01   0.000000000000000E+00   0.000000000000000E+00   0.000000000000000E+00   0.000000000000000E+00
   9.689083505200000E-01   3.554289306300000E+00   3.225474645300000E-01   1.115180631600000E+00   5.231368717800000E-01   0.000000000000000E+00   0.000000000000000E+00   0.000000000000000E+00   0.000000000000000E+00
   9.695803257000000E-01   3.554568090900000E+00   3.225483840600000E-01   1.094670751100000E+00   5.744678163400000E-01   0.000000000000000E+00   0.000000000000000E+00   0.000000000000000E+00   0.000000000000000E+00
   9.702523008800000E-01   3.554424519400000E+00   3.225479105000000E-01   1.105232535400000E+00   5.480346365900000E-01   0.000000000000000E+00   0.000000000000000E+00   0.000000000000000E+00   0.000000000000000E+00
   9.709242760500000E-01   3.554568059100000E+00   3.225483839700000E-01   1.094673531300000E+00   5.744606825500000E-01   0.000000000000000E+00   0.000000000000000E+00   0.000000000000000E+00   0.000000000000000E+00
   9.715962512300000E-01   3.554289509700000E+00   3.225474651300000E-01   1.115162838000000E+00   5.231825281000000E-01   0.000000000000000E+00   0.000000000000000E+00   0.000000000000000E+00   0.000000000000000E+00
   9.724917704200000E-01   3.554568035600000E+00   3.225483839000000E-01   1.094675597700000E+00   5.744553783700000E-01   0.000000000000000E+00   0.000000000000000E+00   0.000000000000000E+00   0.000000000000000E+00
   9.733872896000000E-01   3.554424586000000E+00   3.225479106900000E-01   1.105226700100000E+00   5.480496144000000E-01   0.000000000000000E+00   0.000000000000000E+00   0.000000000000000E+00   0.000000000000000E+00
   9.742828087900000E-01   3.554568011900000E+00   3.225483838300000E-01   1.094677680800000E+00   5.744500297100000E-01   0.000000000000000E+00   0.000000000000000E+00   0.000000000000000E+00   0.000000000000000E+00
   9.751783279800000E-01   3.554289661300000E+00   3.225474655800000E-01   1.115149505700000E+00   5.232167595600000E-01   0.000000000000000E+00   0.000000000000000E+00   0.000000000000000E+00   0.000000000000000E+00
   9.759768725300000E-01   3.554567990600000E+00   3.225483837600000E-01   1.094679557900000E+00   5.744452088799999E-01   0.000000000000000E+00   0.000000000000000E+00   0.000000000000000E+00   0.000000000000000E+00
   9.767754170900000E-01   3.554424646100000E+00   3.225479108700000E-01   1.105221400400000E+00   5.480632257000000E-01   0.000000000000000E+00   0.000000000000000E+00   0.000000000000000E+00   0.000000000000000E+00
   9.775739616400000E-01   3.554567964200000E+00   3.225483836900000E-01   1.094681890900000E+00   5.744392151000000E-01   0.000000000000000E+00   0.000000000000000E+00   0.000000000000000E+00   0.000000000000000E+00
   9.783725061900000E-01   3.554289830300000E+00   3.225474660800000E-01   1.115134574600000E+00   5.232551197899999E-01   0.000000000000000E+00   0.000000000000000E+00   0.000000000000000E+00   0.000000000000000E+00
   9.788370462000000E-01   3.554567933700000E+00   3.225483836000000E-01   1.094684585500000E+00   5.744322907500000E-01   0.000000000000000E+00   0.000000000000000E+00   0.000000000000000E+00   0.000000000000000E+00
   9.793015862100000E-01   3.554424731900000E+00   3.225479111200000E-01   1.105213795200000E+00   5.480827727299999E-01   0.000000000000000E+00   0.000000000000000E+00   0.000000000000000E+00   0.000000000000000E+00
   9.797661262200000E-01   3.554567888700000E+00   3.225483834600000E-01   1.094688588000000E+00   5.744219982800000E-01   0.000000000000000E+00   0.000000000000000E+00   0.000000000000000E+00   0.000000000000000E+00
   9.802306662300000E-01   3.554290118200000E+00   3.225474669300000E-01   1.115108958400000E+00   5.233209917400000E-01   0.000000000000000E+00   0.000000000000000E+00   0.000000000000000E+00   0.000000000000000E+00
   9.805720153800001E-01   3.554567843800000E+00   3.225483833300000E-01   1.094692599800000E+00   5.744116768500001E-01   0.000000000000000E+00   0.000000000000000E+00   0.000000000000000E+00   0.000000000000000E+00
   9.809133645200000E-01   3.554424858600000E+00   3.225479115000000E-01   1.105202471700000E+00   5.481119104200000E-01   0.000000000000000E+00   0.000000000000000E+00   0.000000000000000E+00   0.000000000000000E+00
   9.812547136699999E-01   3.554567783400000E+00   3.225483831600000E-01   1.094698030700000E+00   5.743976916500000E-01   0.000000000000000E+00   0.000000000000000E+00   0.000000000000000E+00   0.000000000000000E+00
   9.815960628100000E-01   3.554290504600000E+00   3.225474680500000E-01   1.115074200800000E+00   5.234104973900000E-01   0.000000000000000E+00   0.000000000000000E+00   0.000000000000000E+00   0.000000000000000E+00
   9.820084096900000E-01   3.554567737000000E+00   3.225483830200000E-01   1.094702241700000E+00   5.743868378700000E-01   0.000000000000000E+00   0.000000000000000E+00   0.000000000000000E+00   0.000000000000000E+00
   9.824207565600001E-01   3.554424989900000E+00   3.225479118800000E-01   1.105190579100000E+00   5.481425599000000E-01   0.000000000000000E+00   0.000000000000000E+00   0.000000000000000E+00   0.000000000000000E+00
   9.828331034300000E-01   3.554567687800000E+00   3.225483828800000E-01   1.094706723200000E+00   5.743752793000000E-01   0.000000000000000E+00   0.000000000000000E+00   0.000000000000000E+00   0.000000000000000E+00
   9.832454503000000E-01   3.554290819400000E+00   3.225474689600000E-01   1.115045519500000E+00   5.234844725100000E-01   0.000000000000000E+00   0.000000000000000E+00   0.000000000000000E+00   0.000000000000000E+00
   9.836005277700000E-01   3.554567642900000E+00   3.225483827500000E-01   1.094710834000000E+00   5.743646693600000E-01   0.000000000000000E+00   0.000000000000000E+00   0.000000000000000E+00   0.000000000000000E+00
   9.839556052300000E-01   3.554425116500000E+00   3.225479122400000E-01   1.105178974300000E+00   5.481725147700000E-01   0.000000000000000E+00   0.000000000000000E+00   0.000000000000000E+00   0.000000000000000E+00
   9.843106827000000E-01   3.554567586700000E+00   3.225483825900000E-01   1.094716021700000E+00   5.743512674200000E-01   0.000000000000000E+00   0.000000000000000E+00   0.000000000000000E+00   0.000000000000000E+00
   9.846657601700000E-01   3.554291179000000E+00   3.225474699900000E-01   1.115012318300000E+00   5.235702453300000E-01   0.000000000000000E+00   0.000000000000000E+00   0.000000000000000E+00   0.000000000000000E+00
   9.849872850000000E-01   3.554567536900000E+00   3.225483824500000E-01   1.094720653600000E+00   5.743392908300000E-01   0.000000000000000E+00   0.000000000000000E+00   0.000000000000000E+00   0.000000000000000E+00
   9.853088098300000E-01   3.554425257000000E+00   3.225479126400000E-01   1.105165897800000E+00   5.482063288600000E-01   0.000000000000000E+00   0.000000000000000E+00   0.000000000000000E+00   0.000000000000000E+00
   9.856303346700001E-01   3.554567476000000E+00   3.225483822800000E-01   1.094726361600000E+00   5.743245159200000E-01   0.000000000000000E+00   0.000000000000000E+00   0.000000000000000E+00   0.000000000000000E+00
   9.859518595000000E-01   3.554291568300000E+00   3.225474710900000E-01   1.114975787400000E+00   5.236648053200000E-01   0.000000000000000E+00   0.000000000000000E+00   0.000000000000000E+00   0.000000000000000E+00
   9.862351809300000E-01   3.554567421400000E+00   3.225483821200000E-01   1.094731530900000E+00   5.743111218300000E-01   0.000000000000000E+00   0.000000000000000E+00   0.000000000000000E+00   0.000000000000000E+00
   9.865185023700000E-01   3.554425411100000E+00   3.225479130700000E-01   1.105151305200000E+00   5.482441441100000E-01   0.000000000000000E+00   0.000000000000000E+00   0.000000000000000E+00   0.000000000000000E+00
   9.868018238000000E-01   3.554567354000000E+00   3.225483819300000E-01   1.094737981200000E+00   5.742943864500000E-01   0.000000000000000E+00   0.000000000000000E+00   0.000000000000000E+00   0.000000000000000E+00
   9.870851452300000E-01   3.554291999600000E+00   3.225474722900000E-01   1.114934506100000E+00   5.237719125600000E-01   0.000000000000000E+00   0.000000000000000E+00   0.000000000000000E+00   0.000000000000000E+00
   9.873332760600000E-01   3.554567293400000E+00   3.225483817700000E-01   1.094743840000000E+00   5.742791668300000E-01   0.000000000000000E+00   0.000000000000000E+00   0.000000000000000E+00   0.000000000000000E+00
   9.875814068800000E-01   3.554425581900000E+00   3.225479135400000E-01   1.105134767000000E+00   5.482871127300000E-01   0.000000000000000E+00   0.000000000000000E+00   0.000000000000000E+00   0.000000000000000E+00
   9.878295377000000E-01   3.554567218600000E+00   3.225483815600000E-01   1.094751168600000E+00   5.742600982200000E-01   0.000000000000000E+00   0.000000000000000E+00   0.000000000000000E+00   0.000000000000000E+00
   9.880776685200000E-01   3.554292477800000E+00   3.225474735900000E-01   1.114887604300000E+00   5.238939529700000E-01   0.000000000000000E+00   0.000000000000000E+00   0.000000000000000E+00   0.000000000000000E+00
   9.883109765100000E-01   3.554567154200000E+00   3.225483813900000E-01   1.094757578600000E+00   5.742433927900000E-01   0.000000000000000E+00   0.000000000000000E+00   0.000000000000000E+00   0.000000000000000E+00
   9.885442845000000E-01   3.554425763700000E+00   3.225479140300000E-01   1.105116670400000E+00   5.483342786600000E-01   0.000000000000000E+00   0.000000000000000E+00   0.000000000000000E+00   0.000000000000000E+00
   9.887775924800000E-01   3.554567077500000E+00   3.225483811900000E-01   1.094765328700000E+00   5.742231581400000E-01   0.000000000000000E+00   0.000000000000000E+00   0.000000000000000E+00   0.000000000000000E+00
   9.890109004700000E-01   3.554292968200000E+00   3.225474748900000E-01   1.114838005200000E+00   5.240234563700000E-01   0.000000000000000E+00   0.000000000000000E+00   0.000000000000000E+00   0.000000000000000E+00
   9.892282819700000E-01   3.554567011300000E+00   3.225483810100000E-01   1.094772137600000E+00   5.742053479600000E-01   0.000000000000000E+00   0.000000000000000E+00   0.000000000000000E+00   0.000000000000000E+00
   9.894456634600000E-01   3.554425950500000E+00   3.225479145200000E-01   1.105097448800000E+00   5.483845633000000E-01   0.000000000000000E+00   0.000000000000000E+00   0.000000000000000E+00   0.000000000000000E+00
   9.896630449500000E-01   3.554566932400000E+00   3.225483808100000E-01   1.094780403100000E+00   5.741836808400000E-01   0.000000000000000E+00   0.000000000000000E+00   0.000000000000000E+00   0.000000000000000E+00
   9.898804264500000E-01   3.554293472200000E+00   3.225474761900000E-01   1.114785107800000E+00   5.241621281000000E-01   0.000000000000000E+00   0.000000000000000E+00   0.000000000000000E+00   0.000000000000000E+00
   9.901283305400000E-01   3.554566871300000E+00   3.225483806600000E-01   1.094786972700000E+00   5.741664183100000E-01   0.000000000000000E+00   0.000000000000000E+00   0.000000000000000E+00   0.000000000000000E+00
   9.903762346400000E-01   3.554426123800000E+00   3.225479149500000E-01   1.105078893400000E+00   5.484333098700001E-01   0.000000000000000E+00   0.000000000000000E+00   0.000000000000000E+00   0.000000000000000E+00
   9.906241387400000E-01   3.554566805400000E+00   3.225483805000000E-01   1.094794174100000E+00   5.741474594500000E-01   0.000000000000000E+00   0.000000000000000E+00   0.000000000000000E+00   0.000000000000000E+00
   9.908720428400000E-01   3.554293893600000E+00   3.225474772200000E-01   1.114739020100000E+00   5.242834663300000E-01   0.000000000000000E+00   0.000000000000000E+00   0.000000000000000E+00   0.000000000000000E+00
   9.911143017100000E-01   3.554566750200000E+00   3.225483803600000E-01   1.094800347600000E+00   5.741311721200000E-01   0.000000000000000E+00   0.000000000000000E+00   0.000000000000000E+00   0.000000000000000E+00
   9.913565605800000E-01   3.554426279700000E+00   3.225479153300000E-01   1.105061463600000E+00   5.484792970200000E-01   0.000000000000000E+00   0.000000000000000E+00   0.000000000000000E+00   0.000000000000000E+00
   9.915988194499999E-01   3.554566686100000E+00   3.225483802100000E-01   1.094807670200000E+00   5.741118087800000E-01   0.000000000000000E+00   0.000000000000000E+00   0.000000000000000E+00   0.000000000000000E+00
   9.918410783200000E-01   3.554294303300000E+00   3.225474781800000E-01   1.114692156900000E+00   5.244073935100000E-01   0.000000000000000E+00   0.000000000000000E+00   0.000000000000000E+00   0.000000000000000E+00
   9.920540903900000E-01   3.554566629500000E+00   3.225483800800000E-01   1.094814300800000E+00   5.740942354700000E-01   0.000000000000000E+00   0.000000000000000E+00   0.000000000000000E+00   0.000000000000000E+00
   9.922671024700001E-01   3.554426439100000E+00   3.225479156900000E-01   1.105042748600000E+00   5.485289113300000E-01   0.000000000000000E+00   0.000000000000000E+00   0.000000000000000E+00   0.000000000000000E+00
   9.924801145400000E-01   3.554566561000000E+00   3.225483799300000E-01   1.094822569300000E+00   5.740722567600000E-01   0.000000000000000E+00   0.000000000000000E+00   0.000000000000000E+00   0.000000000000000E+00
   9.926931266200000E-01   3.554294740700000E+00   3.225474791400000E-01   1.114639241500000E+00   5.245480599800000E-01   0.000000000000000E+00   0.000000000000000E+00   0.000000000000000E+00   0.000000000000000E+00
   9.928709678600000E-01   3.554566499300000E+00   3.225483798000000E-01   1.094830264100000E+00   5.740517461900000E-01   0.000000000000000E+00   0.000000000000000E+00   0.000000000000000E+00   0.000000000000000E+00
   9.930488091000000E-01   3.554426612400000E+00   3.225479160500000E-01   1.105021035600000E+00   5.485868156700000E-01   0.000000000000000E+00   0.000000000000000E+00   0.000000000000000E+00   0.000000000000000E+00
   9.932266503400000E-01   3.554566424000000E+00   3.225483796500000E-01   1.094840080100000E+00   5.740254769599999E-01   0.000000000000000E+00   0.000000000000000E+00   0.000000000000000E+00   0.000000000000000E+00
   9.934044915800000E-01   3.554295221200000E+00   3.225474800800000E-01   1.114576423300000E+00   5.247161881600000E-01   0.000000000000000E+00   0.000000000000000E+00   0.000000000000000E+00   0.000000000000000E+00
   9.935621065000000E-01   3.554566359600000E+00   3.225483795400000E-01   1.094848916200000E+00   5.740017394800000E-01   0.000000000000000E+00   0.000000000000000E+00   0.000000000000000E+00   0.000000000000000E+00
   9.937197214300000E-01   3.554426793600000E+00   3.225479163800000E-01   1.104996099800000E+00   5.486538332699999E-01   0.000000000000000E+00   0.000000000000000E+00   0.000000000000000E+00   0.000000000000000E+00
   9.938773363600000E-01   3.554566284300000E+00   3.225483794100000E-01   1.094859870400000E+00   5.739721649400000E-01   0.000000000000000E+00   0.000000000000000E+00   0.000000000000000E+00   0.000000000000000E+00
   9.940349512900000E-01   3.554295700300000E+00   3.225474808500000E-01   1.114506323900000E+00   5.249054731400000E-01   0.000000000000000E+00   0.000000000000000E+00   0.000000000000000E+00   0.000000000000000E+00
   9.942045361800000E-01   3.554566227900000E+00   3.225483793400000E-01   1.094868795300000E+00   5.739479396300000E-01   0.000000000000000E+00   0.000000000000000E+00   0.000000000000000E+00   0.000000000000000E+00
   9.943741210700000E-01   3.554426954200000E+00   3.225479166000000E-01   1.104970892700000E+00   5.487222388600000E-01   0.000000000000000E+00   0.000000000000000E+00   0.000000000000000E+00   0.000000000000000E+00
   9.945437059600000E-01   3.554566168500000E+00   3.225483792800000E-01   1.094878852300000E+00   5.739205060500000E-01   0.000000000000000E+00   0.000000000000000E+00   0.000000000000000E+00   0.000000000000000E+00
   9.947132908500000E-01   3.554296078600000E+00   3.225474812400000E-01   1.114441965200000E+00   5.250810551800000E-01   0.000000000000000E+00   0.000000000000000E+00   0.000000000000000E+00   0.000000000000000E+00
   9.948907765800000E-01   3.554566124100000E+00   3.225483792500000E-01   1.094887157100000E+00   5.738977250800000E-01   0.000000000000000E+00   0.000000000000000E+00   0.000000000000000E+00   0.000000000000000E+00
   9.950682623100000E-01   3.554427080300000E+00   3.225479166800000E-01   1.104947439900000E+00   5.487865642600001E-01   0.000000000000000E+00   0.000000000000000E+00   0.000000000000000E+00   0.000000000000000E+00
   9.952457480400000E-01   3.554566077900000E+00   3.225483792400000E-01   1.094896646900000E+00   5.738715521900000E-01   0.000000000000000E+00   0.000000000000000E+00   0.000000000000000E+00   0.000000000000000E+00
   9.954232337600000E-01   3.554296372600000E+00   3.225474813000000E-01   1.114381237100000E+00   5.252485686000000E-01   0.000000000000000E+00   0.000000000000000E+00   0.000000000000000E+00   0.000000000000000E+00
   9.955639341300000E-01   3.554566038500000E+00   3.225483792500000E-01   1.094905714700000E+00   5.738464107800000E-01   0.000000000000000E+00   0.000000000000000E+00   0.000000000000000E+00   0.000000000000000E+00
   9.957046345000000E-01   3.554427188600000E+00   3.225479166300000E-01   1.104921871900000E+00   5.488575456200000E-01   0.000000000000000E+00   0.000000000000000E+00   0.000000000000000E+00   0.000000000000000E+00
   9.958453348600000E-01   3.554565996400000E+00   3.225483793200000E-01   1.094917506400000E+00   5.738134370000000E-01   0.000000000000000E+00   0.000000000000000E+00   0.000000000000000E+00   0.000000000000000E+00
   9.959860352300000E-01   3.554296638100000E+00   3.225474808700000E-01   1.114305784600000E+00   5.254596160200000E-01   0.000000000000000E+00   0.000000000000000E+00   0.000000000000000E+00   0.000000000000000E+00
   9.961177773900000E-01   3.554565968600000E+00   3.225483794200000E-01   1.094927778500000E+00   5.737844697600000E-01   0.000000000000000E+00   0.000000000000000E+00   0.000000000000000E+00   0.000000000000000E+00
   9.962495195500000E-01   3.554427266200000E+00   3.225479163400000E-01   1.104892885100000E+00   5.489393367800000E-01   0.000000000000000E+00   0.000000000000000E+00   0.000000000000000E+00   0.000000000000000E+00
   9.963812617100000E-01   3.554565946600000E+00   3.225483796000000E-01   1.094940130300000E+00   5.737492832900000E-01   0.000000000000000E+00   0.000000000000000E+00   0.000000000000000E+00   0.000000000000000E+00
   9.965130038700000E-01   3.554296773400000E+00   3.225474797000000E-01   1.114226753400000E+00   5.256848308400000E-01   0.000000000000000E+00   0.000000000000000E+00   0.000000000000000E+00   0.000000000000000E+00
   9.965940506600000E-01   3.554565933400000E+00   3.225483798500000E-01   1.094953802400000E+00   5.737100270700000E-01   0.000000000000000E+00   0.000000000000000E+00   0.000000000000000E+00   0.000000000000000E+00
   9.966750974400000E-01   3.554427282300000E+00   3.225479155200000E-01   1.104854496900000E+00   5.490501871800000E-01   0.000000000000000E+00   0.000000000000000E+00   0.000000000000000E+00   0.000000000000000E+00
   9.967561442300000E-01   3.554565956400000E+00   3.225483804200000E-01   1.094973286000000E+00   5.736528319899999E-01   0.000000000000000E+00   0.000000000000000E+00   0.000000000000000E+00   0.000000000000000E+00
   9.968371910100000E-01   3.554296608100000E+00   3.225474759600000E-01   1.114102161400000E+00   5.260509857900000E-01   0.000000000000000E+00   0.000000000000000E+00   0.000000000000000E+00   0.000000000000000E+00
   9.969386553700000E-01   3.554566011600000E+00   3.225483810300000E-01   1.094987831700000E+00   5.736090614300000E-01   0.000000000000000E+00   0.000000000000000E+00   0.000000000000000E+00   0.000000000000000E+00
   9.970401197300000E-01   3.554427141700000E+00   3.225479138500000E-01   1.104813300100000E+00   5.491737678800001E-01   0.000000000000000E+00   0.000000000000000E+00   0.000000000000000E+00   0.000000000000000E+00
   9.971415840900000E-01   3.554566095600000E+00   3.225483818000000E-01   1.095002769100000E+00   5.735632765300001E-01   0.000000000000000E+00   0.000000000000000E+00   0.000000000000000E+00   0.000000000000000E+00
   9.972430484400000E-01   3.554296058800000E+00   3.225474709700000E-01   1.114006628300000E+00   5.263440764700000E-01   0.000000000000000E+00   0.000000000000000E+00   0.000000000000000E+00   0.000000000000000E+00
   9.973350229000000E-01   3.554566200400000E+00   3.225483826400000E-01   1.095015852900000E+00   5.735222832800000E-01   0.000000000000000E+00   0.000000000000000E+00   0.000000000000000E+00   0.000000000000000E+00
   9.974269973500000E-01   3.554426837800000E+00   3.225479114700000E-01   1.104776437300000E+00   5.492895477900001E-01   0.000000000000000E+00   0.000000000000000E+00   0.000000000000000E+00   0.000000000000000E+00
   9.975189718100000E-01   3.554566375200000E+00   3.225483838800000E-01   1.095031577100000E+00   5.734715601700000E-01   0.000000000000000E+00   0.000000000000000E+00   0.000000000000000E+00   0.000000000000000E+00
   9.976109462700000E-01   3.554294921500000E+00   3.225474629100000E-01   1.113906101800000E+00   5.266688146100000E-01   0.000000000000000E+00   0.000000000000000E+00   0.000000000000000E+00   0.000000000000000E+00
   9.976678571199999E-01   3.554566610800000E+00   3.225483854600000E-01   1.095048697800000E+00   5.734150380000000E-01   0.000000000000000E+00   0.000000000000000E+00   0.000000000000000E+00   0.000000000000000E+00
   9.977247679600000E-01   3.554426087900000E+00   3.225479065900000E-01   1.104728843000000E+00   5.494494762000000E-01   0.000000000000000E+00   0.000000000000000E+00   0.000000000000000E+00   0.000000000000000E+00
   9.977816788100000E-01   3.554567121100000E+00   3.225483885700000E-01   1.095072100400000E+00   5.733322476000000E-01   0.000000000000000E+00   0.000000000000000E+00   0.000000000000000E+00   0.000000000000000E+00
   9.978385896600001E-01   3.554291574600000E+00   3.225474426300000E-01   1.113756924300000E+00   5.271992751900000E-01   0.000000000000000E+00   0.000000000000000E+00   0.000000000000000E+00   0.000000000000000E+00
   9.979161107700000E-01   3.554567650300000E+00   3.225483916000000E-01   1.095088073200000E+00   5.732705550100000E-01   0.000000000000000E+00   0.000000000000000E+00   0.000000000000000E+00   0.000000000000000E+00
   9.979936318800000E-01   3.554424682800000E+00   3.225478984800000E-01   1.104683143800000E+00   5.496233716300000E-01   0.000000000000000E+00   0.000000000000000E+00   0.000000000000000E+00   0.000000000000000E+00
   9.980711529900000E-01   3.554568309500000E+00   3.225483953100000E-01   1.095103153000000E+00   5.732086071100000E-01   0.000000000000000E+00   0.000000000000000E+00   0.000000000000000E+00   0.000000000000000E+00
   9.981486741000000E-01   3.554287770100000E+00   3.225474215500000E-01   1.113660534600000E+00   5.275958162300000E-01   0.000000000000000E+00   0.000000000000000E+00   0.000000000000000E+00   0.000000000000000E+00
   9.982040736100000E-01   3.554569674400000E+00   3.225484032600000E-01   1.095117392400000E+00   5.731445815200000E-01   0.000000000000000E+00   0.000000000000000E+00   0.000000000000000E+00   0.000000000000000E+00
   9.982594731100000E-01   3.554424435600000E+00   3.225478987100000E-01   1.104642405100000E+00   5.498028997000000E-01   0.000000000000000E+00   0.000000000000000E+00   0.000000000000000E+00   0.000000000000000E+00
   9.983148726200000E-01   3.554576210500000E+00   3.225484427700000E-01   1.095132452200000E+00   5.730526722200000E-01   0.000000000000000E+00   0.000000000000000E+00   0.000000000000000E+00   0.000000000000000E+00
   9.983702721300000E-01   3.554297313600000E+00   3.225474889400000E-01   1.113542782300000E+00   5.281575140500000E-01   0.000000000000000E+00   0.000000000000000E+00   0.000000000000000E+00   0.000000000000000E+00
   9.984160830400000E-01   3.554619266900000E+00   3.225487094600000E-01   1.095128186800000E+00   5.729449807000000E-01   0.000000000000000E+00   0.000000000000000E+00   0.000000000000000E+00   0.000000000000000E+00
   9.984618939500000E-01   3.554536563500000E+00   3.225486019000000E-01   1.104553698500000E+00   5.499825404300001E-01   0.000000000000000E+00   0.000000000000000E+00   0.000000000000000E+00   0.000000000000000E+00
   9.985077048700000E-01   3.554871124300000E+00   3.225502757100000E-01   1.095031903200000E+00   5.726971879300000E-01   0.000000000000000E+00   0.000000000000000E+00   0.000000000000000E+00   0.000000000000000E+00
   9.985535157800000E-01   3.555019697200000E+00   3.225520085200000E-01   1.113139994700000E+00   5.284914389900000E-01   0.000000000000000E+00   0.000000000000000E+00   0.000000000000000E+00   0.000000000000000E+00
   9.985874953400000E-01   3.556094366000000E+00   3.225578945900000E-01   1.094506162900000E+00   5.719246746700000E-01   0.000000000000000E+00   0.000000000000000E+00   0.000000000000000E+00   0.000000000000000E+00
   9.986214749000000E-01   3.557422266400000E+00   3.225665974200000E-01   1.103271885400000E+00   5.487662744400000E-01   0.000000000000000E+00   0.000000000000000E+00   0.000000000000000E+00   0.000000000000000E+00
   9.986554544600000E-01   3.560564396900000E+00   3.225857587900000E-01   1.092556498400000E+00   5.693683990000000E-01   0.000000000000000E+00   0.000000000000000E+00   0.000000000000000E+00   0.000000000000000E+00
   9.986894340200000E-01   3.566112393900000E+00   3.226212649400000E-01   1.108330791800000E+00   5.236619069000000E-01   0.000000000000000E+00   0.000000000000000E+00   0.000000000000000E+00   0.000000000000000E+00
   9.987201830900000E-01   3.576607101800000E+00   3.226860570100000E-01   1.085630032800000E+00   5.607734604300000E-01   0.000000000000000E+00   0.000000000000000E+00   0.000000000000000E+00   0.000000000000000E+00
   9.987509321600000E-01   3.594822072400000E+00   3.228008042400000E-01   1.087327983100000E+00   5.297707451000000E-01   0.000000000000000E+00   0.000000000000000E+00   0.000000000000000E+00   0.000000000000000E+00
   9.987816812300000E-01   3.627840094600000E+00   3.230087429200000E-01   1.064325047400000E+00   5.349845814200000E-01   0.000000000000000E+00   0.000000000000000E+00   0.000000000000000E+00   0.000000000000000E+00
   9.988124303000000E-01   3.683956918500000E+00   3.233678130300000E-01   1.060726264200000E+00   4.679856908700000E-01   0.000000000000000E+00   0.000000000000000E+00   0.000000000000000E+00   0.000000000000000E+00
   9.988410822200000E-01   3.768921886600000E+00   3.239178635300000E-01   1.011275751000000E+00   4.735208642900000E-01   0.000000000000000E+00   0.000000000000000E+00   0.000000000000000E+00   0.000000000000000E+00
   9.988697341400000E-01   3.894062843300000E+00   3.247505910600000E-01   9.796912544000000E-01   4.077038675700000E-01   0.000000000000000E+00   0.000000000000000E+00   0.000000000000000E+00   0.000000000000000E+00
   9.988983860600000E-01   4.066525348300000E+00   3.259378565400000E-01   9.200915811500000E-01   3.763982262800000E-01   0.000000000000000E+00   0.000000000000000E+00   0.000000000000000E+00   0.000000000000000E+00
   9.989270379800000E-01   4.284275201400000E+00   3.275112033400000E-01   8.858696806100000E-01   2.858204054500000E-01   0.000000000000000E+00   0.000000000000000E+00   0.000000000000000E+00   0.000000000000000E+00
   9.989584744700000E-01   4.567961666500000E+00   3.296883312300000E-01   8.080534788700000E-01   2.720896903900000E-01   0.000000000000000E+00   0.000000000000000E+00   0.000000000000000E+00   0.000000000000000E+00
   9.989899109600000E-01   4.881295671400000E+00   3.322883765100000E-01   7.651511012300000E-01   2.090684250600000E-01   0.000000000000000E+00   0.000000000000000E+00   0.000000000000000E+00   0.000000000000000E+00
   9.990213474500000E-01   5.209322005600000E+00   3.352562411500000E-01   7.085118620200000E-01   1.935649622100000E-01   0.000000000000000E+00   0.000000000000000E+00   0.000000000000000E+00   0.000000000000000E+00
   9.990527839400000E-01   5.537495771800000E+00   3.385263608400000E-01   6.890573399800000E-01   1.290075765200000E-01   0.000000000000000E+00   0.000000000000000E+00   0.000000000000000E+00   0.000000000000000E+00
   9.990810700900000E-01   5.825932827100000E+00   3.416863059300000E-01   6.387327330700000E-01   1.466746165300000E-01   0.000000000000000E+00   0.000000000000000E+00   0.000000000000000E+00   0.000000000000000E+00
   9.991093562500000E-01   6.101593425100000E+00   3.450127542200000E-01   6.230951420000000E-01   1.120796757500000E-01   0.000000000000000E+00   0.000000000000000E+00   0.000000000000000E+00   0.000000000000000E+00
   9.991376424000000E-01   6.362605348500000E+00   3.484829328200000E-01   5.900942789800000E-01   1.180779754700000E-01   0.000000000000000E+00   0.000000000000000E+00   0.000000000000000E+00   0.000000000000000E+00
   9.991659285600000E-01   6.606440955800000E+00   3.520714020600000E-01   5.907725058500000E-01   7.143076407300000E-02   0.000000000000000E+00   0.000000000000000E+00   0.000000000000000E+00   0.000000000000000E+00
   9.991945782500000E-01   6.836733877500000E+00   3.558140740600000E-01   5.529115776300000E-01   9.860114632700000E-02   0.000000000000000E+00   0.000000000000000E+00   0.000000000000000E+00   0.000000000000000E+00
   9.992232279500000E-01   7.049015701600000E+00   3.596458600600000E-01   5.479205088000000E-01   7.274379349700000E-02   0.000000000000000E+00   0.000000000000000E+00   0.000000000000000E+00   0.000000000000000E+00
   9.992518776500000E-01   7.244876603400000E+00   3.635588536300000E-01   5.234785193100000E-01   8.468717464300000E-02   0.000000000000000E+00   0.000000000000000E+00   0.000000000000000E+00   0.000000000000000E+00
   9.992805273399999E-01   7.424253148100000E+00   3.675400016800000E-01   5.314032484600000E-01   4.395845249800000E-02   0.000000000000000E+00   0.000000000000000E+00   0.000000000000000E+00   0.000000000000000E+00
   9.993156936199999E-01   7.625062919200000E+00   3.725146058200000E-01   4.970146571200000E-01   7.339026881000001E-02   0.000000000000000E+00   0.000000000000000E+00   0.000000000000000E+00   0.000000000000000E+00
   9.993508599000001E-01   7.805013257200000E+00   3.775698694100000E-01   4.950183929800000E-01   5.044995284900000E-02   0.000000000000000E+00   0.000000000000000E+00   0.000000000000000E+00   0.000000000000000E+00
   9.993860261800001E-01   7.967152388300000E+00   3.827001315700000E-01   4.729844707600000E-01   6.413051690400000E-02   0.000000000000000E+00   0.000000000000000E+00   0.000000000000000E+00   0.000000000000000E+00
   9.994211924600001E-01   8.112588796200001E+00   3.878947317000000E-01   4.828460851600000E-01   2.571824497800000E-02   0.000000000000000E+00   0.000000000000000E+00   0.000000000000000E+00   0.000000000000000E+00
   9.994406061200000E-01   8.187190792599999E+00   3.907905510200000E-01   4.569007614500000E-01   5.843493880500000E-02   0.000000000000000E+00   0.000000000000000E+00   0.000000000000000E+00   0.000000000000000E+00
   9.994600197700000E-01   8.257202321299999E+00   3.937019424700000E-01   4.620639252900000E-01   3.901117386800000E-02   0.000000000000000E+00   0.000000000000000E+00   0.000000000000000E+00   0.000000000000000E+00
   9.994794334200000E-01   8.323799865100000E+00   3.966313559400000E-01   4.464706347900000E-01   5.490298571900000E-02   0.000000000000000E+00   0.000000000000000E+00   0.000000000000000E+00   0.000000000000000E+00
   9.994988470800000E-01   8.386361460900000E+00   3.995749460600000E-01   4.616848956800000E-01   1.955282548200000E-02   0.000000000000000E+00   0.000000000000000E+00   0.000000000000000E+00   0.000000000000000E+00
   9.995192648800000E-01   8.449352264700000E+00   4.026899407800000E-01   4.364528580600000E-01   5.169516237300000E-02   0.000000000000000E+00   0.000000000000000E+00   0.000000000000000E+00   0.000000000000000E+00
   9.995396826800000E-01   8.508474979700001E+00   4.058194455400000E-01   4.418773545100000E-01   3.300667971000000E-02   0.000000000000000E+00   0.000000000000000E+00   0.000000000000000E+00   0.000000000000000E+00
   9.995601004900000E-01   8.564861048399999E+00   4.089660091800000E-01   4.267802057300000E-01   4.873462621300000E-02   0.000000000000000E+00   0.000000000000000E+00   0.000000000000000E+00   0.000000000000000E+00
   9.995805182900001E-01   8.617875084700000E+00   4.121260316200000E-01   4.420248186000000E-01   1.442530697600000E-02   0.000000000000000E+00   0.000000000000000E+00   0.000000000000000E+00   0.000000000000000E+00
   9.995960032000000E-01   8.656902898800000E+00   4.145345750300000E-01   4.187025462500000E-01   4.635933334600000E-02   0.000000000000000E+00   0.000000000000000E+00   0.000000000000000E+00   0.000000000000000E+00
   9.996114881100000E-01   8.693985335100001E+00   4.169496072500000E-01   4.254723065200000E-01   2.865822190700000E-02   0.000000000000000E+00   0.000000000000000E+00   0.000000000000000E+00   0.000000000000000E+00
   9.996269730200000E-01   8.730064352099999E+00   4.193739802200000E-01   4.120169642200000E-01   4.442023906400000E-02   0.000000000000000E+00   0.000000000000000E+00   0.000000000000000E+00   0.000000000000000E+00
   9.996424579300000E-01   8.764368650600000E+00   4.218045413200000E-01   4.282212635900000E-01   1.153452269700000E-02   0.000000000000000E+00   0.000000000000000E+00   0.000000000000000E+00   0.000000000000000E+00
   9.996574806600000E-01   8.797155968600000E+00   4.241722999700000E-01   4.056394624400000E-01   4.264663011400000E-02   0.000000000000000E+00   0.000000000000000E+00   0.000000000000000E+00   0.000000000000000E+00
   9.996725033800000E-01   8.828375721100000E+00   4.265454860000000E-01   4.124932831600000E-01   2.558174003800000E-02   0.000000000000000E+00   0.000000000000000E+00   0.000000000000000E+00   0.000000000000000E+00
   9.996875261000000E-01   8.858927916100001E+00   4.289269339100000E-01   3.995472478300000E-01   4.098442293900000E-02   0.000000000000000E+00   0.000000000000000E+00   0.000000000000000E+00   0.000000000000000E+00
   9.997025488300000E-01   8.888037248100000E+00   4.313136112800000E-01   4.155946430100000E-01   9.170165750400000E-03   0.000000000000000E+00   0.000000000000000E+00   0.000000000000000E+00   0.000000000000000E+00
   9.997174351400000E-01   8.916641417199999E+00   4.336876268300000E-01   3.936383838700000E-01   3.943940565700000E-02   0.000000000000000E+00   0.000000000000000E+00   0.000000000000000E+00   0.000000000000000E+00
   9.997323214600000E-01   8.943920307899999E+00   4.360665278400000E-01   4.004520933300000E-01   2.294670220500000E-02   0.000000000000000E+00   0.000000000000000E+00   0.000000000000000E+00   0.000000000000000E+00
   9.997472077700000E-01   8.970740493199999E+00   4.384531022500000E-01   3.879059935400000E-01   3.796716734900000E-02   0.000000000000000E+00   0.000000000000000E+00   0.000000000000000E+00   0.000000000000000E+00
   9.997620940900001E-01   8.996333310000001E+00   4.408444273300000E-01   4.036772943500000E-01   7.139766036900000E-03   0.000000000000000E+00   0.000000000000000E+00   0.000000000000000E+00   0.000000000000000E+00
   9.997737283300000E-01   9.016403120000000E+00   4.427197184100000E-01   3.829177941700000E-01   3.671232825800000E-02   0.000000000000000E+00   0.000000000000000E+00   0.000000000000000E+00   0.000000000000000E+00
   9.997853625699999E-01   9.035581404500000E+00   4.445971714600000E-01   3.901995919600000E-01   2.092237209300000E-02   0.000000000000000E+00   0.000000000000000E+00   0.000000000000000E+00   0.000000000000000E+00
   9.997969968100000E-01   9.054683450700001E+00   4.464795365600000E-01   3.786389683400000E-01   3.561344061500000E-02   0.000000000000000E+00   0.000000000000000E+00   0.000000000000000E+00   0.000000000000000E+00
   9.998086310500000E-01   9.072938886599999E+00   4.483640405900000E-01   3.945292582700000E-01   6.045849750000000E-03   0.000000000000000E+00   0.000000000000000E+00   0.000000000000000E+00   0.000000000000000E+00
   9.998187921900000E-01   9.089156192300001E+00   4.500149715200000E-01   3.746935389400000E-01   3.462590071100000E-02   0.000000000000000E+00   0.000000000000000E+00   0.000000000000000E+00   0.000000000000000E+00
   9.998289533400000E-01   9.104642859400000E+00   4.516671099800000E-01   3.819910441600000E-01   1.950541286300000E-02   0.000000000000000E+00   0.000000000000000E+00   0.000000000000000E+00   0.000000000000000E+00
   9.998391144800000E-01   9.120179824599999E+00   4.533231214200000E-01   3.710812630200000E-01   3.369975133100000E-02   0.000000000000000E+00   0.000000000000000E+00   0.000000000000000E+00   0.000000000000000E+00
   9.998492756300000E-01   9.135017384499999E+00   4.549803520700000E-01   3.866350902900000E-01   5.386021928500000E-03   0.000000000000000E+00   0.000000000000000E+00   0.000000000000000E+00   0.000000000000000E+00
   9.998567257500000E-01   9.146251900799999E+00   4.561989467800000E-01   3.680028837400000E-01   3.290293758400000E-02   0.000000000000000E+00   0.000000000000000E+00   0.000000000000000E+00   0.000000000000000E+00
   9.998641758600000E-01   9.156916669399999E+00   4.574174762500000E-01   3.754362666900000E-01   1.857513181200000E-02   0.000000000000000E+00   0.000000000000000E+00   0.000000000000000E+00   0.000000000000000E+00
   9.998716259800000E-01   9.167753870100000E+00   4.586384983700000E-01   3.654583033900000E-01   3.217858285000000E-02   0.000000000000000E+00   0.000000000000000E+00   0.000000000000000E+00   0.000000000000000E+00
   9.998790761000000E-01   9.178043263099999E+00   4.598594995600000E-01   3.806531235100000E-01   5.463549619600000E-03   0.000000000000000E+00   0.000000000000000E+00   0.000000000000000E+00   0.000000000000000E+00
   9.998858738700001E-01   9.187863692100001E+00   4.609767046300000E-01   3.630403972900000E-01   3.151542799800000E-02   0.000000000000000E+00   0.000000000000000E+00   0.000000000000000E+00   0.000000000000000E+00
   9.998926716400000E-01   9.197168069000000E+00   4.620936539700000E-01   3.701484984200000E-01   1.800227638200000E-02   0.000000000000000E+00   0.000000000000000E+00   0.000000000000000E+00   0.000000000000000E+00
   9.998994694000000E-01   9.206659378900000E+00   4.632127734400000E-01   3.607699556600000E-01   3.085625452800000E-02   0.000000000000000E+00   0.000000000000000E+00   0.000000000000000E+00   0.000000000000000E+00
   9.999062671700000E-01   9.215654998600000E+00   4.643316868600000E-01   3.751856071000000E-01   5.707221792100000E-03   0.000000000000000E+00   0.000000000000000E+00   0.000000000000000E+00   0.000000000000000E+00
   9.999124450400000E-01   9.224256979100000E+00   4.653513403600000E-01   3.586133079600000E-01   3.025388493200000E-02   0.000000000000000E+00   0.000000000000000E+00   0.000000000000000E+00   0.000000000000000E+00
   9.999186229000000E-01   9.232389667600000E+00   4.663705952700000E-01   3.653668759600000E-01   1.756907871400000E-02   0.000000000000000E+00   0.000000000000000E+00   0.000000000000000E+00   0.000000000000000E+00
   9.999248007700000E-01   9.240715645700000E+00   4.673917395800000E-01   3.565932540200000E-01   2.965045255400000E-02   0.000000000000000E+00   0.000000000000000E+00   0.000000000000000E+00   0.000000000000000E+00
   9.999309786300000E-01   9.248591970000000E+00   4.684125402700000E-01   3.701828600200000E-01   6.098847149100000E-03   0.000000000000000E+00   0.000000000000000E+00   0.000000000000000E+00   0.000000000000000E+00
   9.999351412200000E-01   9.254275084300000E+00   4.691023246900000E-01   3.549402224700000E-01   2.911657062100000E-02   0.000000000000000E+00   0.000000000000000E+00   0.000000000000000E+00   0.000000000000000E+00
   9.999393038000000E-01   9.259557141000000E+00   4.697912651100000E-01   3.614819321700000E-01   1.743152334700000E-02   0.000000000000000E+00   0.000000000000000E+00   0.000000000000000E+00   0.000000000000000E+00
   9.999434663900000E-01   9.265053160800001E+00   4.704814871400000E-01   3.536751322100000E-01   2.858858625900000E-02   0.000000000000000E+00   0.000000000000000E+00   0.000000000000000E+00   0.000000000000000E+00
   9.999476289700000E-01   9.270171697800000E+00   4.711709434800000E-01   3.663181488900000E-01   7.213003095000000E-03   0.000000000000000E+00   0.000000000000000E+00   0.000000000000000E+00   0.000000000000000E+00
   9.999511717500000E-01   9.274922713600001E+00   4.717595255900000E-01   3.525067990200000E-01   2.811481752400000E-02   0.000000000000000E+00   0.000000000000000E+00   0.000000000000000E+00   0.000000000000000E+00
   9.999547145200000E-01   9.279316363700000E+00   4.723472590300000E-01   3.584632611700000E-01   1.757662628700000E-02   0.000000000000000E+00   0.000000000000000E+00   0.000000000000000E+00   0.000000000000000E+00
   9.999582572900000E-01   9.283909556899999E+00   4.729360685000000E-01   3.514721088800000E-01   2.761868107400000E-02   0.000000000000000E+00   0.000000000000000E+00   0.000000000000000E+00   0.000000000000000E+00
   9.999618000700000E-01   9.288169944900000E+00   4.735241124900000E-01   3.628339550800000E-01   8.505485677000000E-03   0.000000000000000E+00   0.000000000000000E+00   0.000000000000000E+00   0.000000000000000E+00
   9.999646456300000E-01   9.291941363499999E+00   4.739979157300000E-01   3.505473491600000E-01   2.717300014700000E-02   0.000000000000000E+00   0.000000000000000E+00   0.000000000000000E+00   0.000000000000000E+00
   9.999674911999999E-01   9.295400011600000E+00   4.744708842300000E-01   3.558746157700000E-01   1.786339272400000E-02   0.000000000000000E+00   0.000000000000000E+00   0.000000000000000E+00   0.000000000000000E+00
   9.999703367600000E-01   9.299040322900000E+00   4.749447265700000E-01   3.497718440200000E-01   2.669932595600000E-02   0.000000000000000E+00   0.000000000000000E+00   0.000000000000000E+00   0.000000000000000E+00
   9.999731823300000E-01   9.302394547300000E+00   4.754178255700000E-01   3.597269615600000E-01   1.005527989600000E-02   0.000000000000000E+00   0.000000000000000E+00   0.000000000000000E+00   0.000000000000000E+00
   9.999752975300000E-01   9.305186104900001E+00   4.757706848100000E-01   3.491144215700000E-01   2.626886660900000E-02   0.000000000000000E+00   0.000000000000000E+00   0.000000000000000E+00   0.000000000000000E+00
   9.999774127400000E-01   9.307711522300000E+00   4.761227588700000E-01   3.537252575300000E-01   1.832979968300000E-02   0.000000000000000E+00   0.000000000000000E+00   0.000000000000000E+00   0.000000000000000E+00
   9.999795279400000E-01   9.310395205300001E+00   4.764755135600000E-01   3.486230643200000E-01   2.580258984000000E-02   0.000000000000000E+00   0.000000000000000E+00   0.000000000000000E+00   0.000000000000000E+00
   9.999816431500000E-01   9.312842391300000E+00   4.768275825900000E-01   3.569735942900000E-01   1.196910633700000E-02   0.000000000000000E+00   0.000000000000000E+00   0.000000000000000E+00   0.000000000000000E+00
   9.999832382100000E-01   9.314937796300001E+00   4.770940225600000E-01   3.482527842300000E-01   2.538974255200000E-02   0.000000000000000E+00   0.000000000000000E+00   0.000000000000000E+00   0.000000000000000E+00
   9.999848332800000E-01   9.316813156700000E+00   4.773597675700000E-01   3.520967899900000E-01   1.897300147300000E-02   0.000000000000000E+00   0.000000000000000E+00   0.000000000000000E+00   0.000000000000000E+00
   9.999864283400000E-01   9.318810625599999E+00   4.776259851000000E-01   3.482313718200000E-01   2.497013755300000E-02   0.000000000000000E+00   0.000000000000000E+00   0.000000000000000E+00   0.000000000000000E+00
   9.999880234100000E-01   9.320606091700000E+00   4.778915194300000E-01   3.552514960000000E-01   1.418922030100000E-02   0.000000000000000E+00   0.000000000000000E+00   0.000000000000000E+00   0.000000000000000E+00
   9.999891821100000E-01   9.322081351000000E+00   4.780849688100000E-01   3.491657510200000E-01   2.471044671100000E-02   0.000000000000000E+00   0.000000000000000E+00   0.000000000000000E+00   0.000000000000000E+00
   9.999903408200000E-01   9.323352294199999E+00   4.782776186500000E-01   3.533180364200000E-01   2.003970475600000E-02   0.000000000000000E+00   0.000000000000000E+00   0.000000000000000E+00   0.000000000000000E+00
   9.999914995200000E-01   9.324648565000000E+00   4.784701456200000E-01   3.527801945400000E-01   2.474965795700000E-02   0.000000000000000E+00   0.000000000000000E+00   0.000000000000000E+00   0.000000000000000E+00
   9.999926582300001E-01   9.325674582600000E+00   4.786613025200000E-01   3.621093727800000E-01   1.758045500300000E-02   0.000000000000000E+00   0.000000000000000E+00   0.000000000000000E+00   0.000000000000000E+00
   9.999934245100000E-01   9.326353138000000E+00   4.787872859700000E-01   3.625426004700000E-01   2.561653816700000E-02   0.000000000000000E+00   0.000000000000000E+00   0.000000000000000E+00   0.000000000000000E+00
   9.999941907900000E-01   9.326742217400000E+00   4.789116935100000E-01   3.724961458200000E-01   2.346546279100000E-02   0.000000000000000E+00   0.000000000000000E+00   0.000000000000000E+00   0.000000000000000E+00
   9.999949570700000E-01   9.326913233899999E+00   4.790344325100000E-01   3.833471339500000E-01   2.798783580700000E-02   0.000000000000000E+00   0.000000000000000E+00   0.000000000000000E+00   0.000000000000000E+00
   9.999957233500000E-01   9.326531812400001E+00   4.791537677800000E-01   4.069891011700000E-01   2.619086070100000E-02   0.000000000000000E+00   0.000000000000000E+00   0.000000000000000E+00   0.000000000000000E+00
   9.999961929600000E-01   9.326000890000000E+00   4.792247317100000E-01   4.235480659100000E-01   3.338360757800000E-02   0.000000000000000E+00   0.000000000000000E+00   0.000000000000000E+00   0.000000000000000E+00
   9.999966625600000E-01   9.324966133800000E+00   4.792926603000000E-01   4.518964454200000E-01   3.590797370000000E-02   0.000000000000000E+00   0.000000000000000E+00   0.000000000000000E+00   0.000000000000000E+00
   9.999971321700000E-01   9.323286023900000E+00   4.793564769900000E-01   4.911774186700000E-01   4.394140453300000E-02   0.000000000000000E+00   0.000000000000000E+00   0.000000000000000E+00   0.000000000000000E+00
   9.999976017700000E-01   9.320444553200000E+00   4.794133879500000E-01   5.549913059800000E-01   5.313910529500000E-02   0.000000000000000E+00   0.000000000000000E+00   0.000000000000000E+00   0.000000000000000E+00
   9.999978373900000E-01   9.318376697100000E+00   4.794381232900000E-01   5.990842665200000E-01   6.404013377200000E-02   0.000000000000000E+00   0.000000000000000E+00   0.000000000000000E+00   0.000000000000000E+00
   9.999980730200000E-01   9.315595271399999E+00   4.794588714900000E-01   6.593685144700000E-01   7.640325677100000E-02   0.000000000000000E+00   0.000000000000000E+00   0.000000000000000E+00   0.000000000000000E+00
   9.999983086400001E-01   9.311801322099999E+00   4.794740428100000E-01   7.415725396100000E-01   9.639541104799999E-02   0.000000000000000E+00   0.000000000000000E+00   0.000000000000000E+00   0.000000000000000E+00
   9.999985442600000E-01   9.306376142300000E+00   4.794805882000000E-01   8.611542817300000E-01   1.278032739100000E-01   0.000000000000000E+00   0.000000000000000E+00   0.000000000000000E+00   0.000000000000000E+00
   9.999986682200001E-01   9.302531801200001E+00   4.794789344000000E-01   9.467500557400000E-01   1.539325919500000E-01   0.000000000000000E+00   0.000000000000000E+00   0.000000000000000E+00   0.000000000000000E+00
   9.999987921900000E-01   9.297660448100000E+00   4.794721526600000E-01   1.056752668700000E+00   1.897947924700000E-01   0.000000000000000E+00   0.000000000000000E+00   0.000000000000000E+00   0.000000000000000E+00
   9.999989161600000E-01   9.291318706900000E+00   4.794582007600000E-01   1.201758741200000E+00   2.426797207900000E-01   0.000000000000000E+00   0.000000000000000E+00   0.000000000000000E+00   0.000000000000000E+00
   9.999990401200000E-01   9.282740848600000E+00   4.794336408600000E-01   1.400709492200000E+00   3.244740826500000E-01   0.000000000000000E+00   0.000000000000000E+00   0.000000000000000E+00   0.000000000000000E+00
   9.999991117800000E-01   9.276281575200001E+00   4.794124820500000E-01   1.551917663000000E+00   3.942157442000000E-01   0.000000000000000E+00   0.000000000000000E+00   0.000000000000000E+00   0.000000000000000E+00
   9.999991834400001E-01   9.268236643500000E+00   4.793841149000000E-01   1.741536224800000E+00   4.899155136800000E-01   0.000000000000000E+00   0.000000000000000E+00   0.000000000000000E+00   0.000000000000000E+00
   9.999992551000000E-01   9.257967094700000E+00   4.793458133100000E-01   1.984723543600000E+00   6.266767430700000E-01   0.000000000000000E+00   0.000000000000000E+00   0.000000000000000E+00   0.000000000000000E+00
   9.999993267600000E-01   9.244441836000000E+00   4.792932423900000E-01   2.305929354700000E+00   8.301354451200000E-01   0.000000000000000E+00   0.000000000000000E+00   0.000000000000000E+00   0.000000000000000E+00
   9.999993714900000E-01   9.233643302000001E+00   4.792502610700000E-01   2.562169420900000E+00   1.011131506100000E+00   0.000000000000000E+00   0.000000000000000E+00   0.000000000000000E+00   0.000000000000000E+00
   9.999994162300000E-01   9.220311828900000E+00   4.791964972500000E-01   2.877706244200000E+00   1.255401015200000E+00   0.000000000000000E+00   0.000000000000000E+00   0.000000000000000E+00   0.000000000000000E+00
   9.999994609700000E-01   9.203510559400000E+00   4.791281404800000E-01   3.273027301300000E+00   1.595157861700000E+00   0.000000000000000E+00   0.000000000000000E+00   0.000000000000000E+00   0.000000000000000E+00
   9.999995057100000E-01   9.181803882300001E+00   4.790394061400000E-01   3.779025888500000E+00   2.082641200500000E+00   0.000000000000000E+00   0.000000000000000E+00   0.000000000000000E+00   0.000000000000000E+00
   9.999995358400000E-01   9.163361101900000E+00   4.789639249600000E-01   4.203947291900000E+00   2.537200616400000E+00   0.000000000000000E+00   0.000000000000000E+00   0.000000000000000E+00   0.000000000000000E+00
   9.999995659599999E-01   9.140719196099999E+00   4.788713373300000E-01   4.719124397700000E+00   3.141344882000000E+00   0.000000000000000E+00   0.000000000000000E+00   0.000000000000000E+00   0.000000000000000E+00
   9.999995960900000E-01   9.112447045000000E+00   4.787559992600000E-01   5.351711454900000E+00   3.962963580100000E+00   0.000000000000000E+00   0.000000000000000E+00   0.000000000000000E+00   0.000000000000000E+00
   9.999996262100000E-01   9.076448444100000E+00   4.786096941600000E-01   6.140208502100000E+00   5.107057871700000E+00   0.000000000000000E+00   0.000000000000000E+00   0.000000000000000E+00   0.000000000000000E+00
   9.999996490600001E-01   9.042157523900000E+00   4.784709203300000E-01   6.873826288400000E+00   6.290143445800000E+00   0.000000000000000E+00   0.000000000000000E+00   0.000000000000000E+00   0.000000000000000E+00
   9.999996719100001E-01   8.999761386199999E+00   4.783000947800000E-01   7.758655235000000E+00   7.865025381600000E+00   0.000000000000000E+00   0.000000000000000E+00   0.000000000000000E+00   0.000000000000000E+00
   9.999996947499999E-01   8.946550111800001E+00   4.780867489100000E-01   8.835669222100000E+00   1.000227849700000E+01   0.000000000000000E+00   0.000000000000000E+00   0.000000000000000E+00   0.000000000000000E+00
   9.999997175999999E-01   8.878650424600000E+00   4.778159838100000E-01   1.016006867700000E+01   1.295866761100000E+01   0.000000000000000E+00   0.000000000000000E+00   0.000000000000000E+00   0.000000000000000E+00
   9.999997349600001E-01   8.813930381600001E+00   4.775591797600000E-01   1.137429754400000E+01   1.598916389500000E+01   0.000000000000000E+00   0.000000000000000E+00   0.000000000000000E+00   0.000000000000000E+00
   9.999997523300000E-01   8.734258993599999E+00   4.772444657700000E-01   1.281079624500000E+01   1.996905874600000E+01   0.000000000000000E+00   0.000000000000000E+00   0.000000000000000E+00   0.000000000000000E+00
   9.999997696900000E-01   8.635157131900000E+00   4.768547830500000E-01   1.451532336400000E+01   2.526128907100000E+01   0.000000000000000E+00   0.000000000000000E+00   0.000000000000000E+00   0.000000000000000E+00
   9.999997870500000E-01   8.510614766800000E+00   4.763673073800000E-01   1.654210367000000E+01   3.237733645000000E+01   0.000000000000000E+00   0.000000000000000E+00   0.000000000000000E+00   0.000000000000000E+00
   9.999998003800000E-01   8.392814773200000E+00   4.759080434700000E-01   1.835338178200000E+01   3.952331559200000E+01   0.000000000000000E+00   0.000000000000000E+00   0.000000000000000E+00   0.000000000000000E+00
   9.999998137200000E-01   8.250807994000001E+00   4.753562775900000E-01   2.041521463500000E+01   4.860308488200000E+01   0.000000000000000E+00   0.000000000000000E+00   0.000000000000000E+00   0.000000000000000E+00
   9.999998270500000E-01   8.079050554100000E+00   4.746910940500000E-01   2.274936524400000E+01   6.017911445700000E+01   0.000000000000000E+00   0.000000000000000E+00   0.000000000000000E+00   0.000000000000000E+00
   9.999998403900000E-01   7.870977597000000E+00   4.738877721100000E-01   2.536907207300000E+01   7.495292436800000E+01   0.000000000000000E+00   0.000000000000000E+00   0.000000000000000E+00   0.000000000000000E+00
   9.999998513900000E-01   7.666625703500000E+00   4.731009070000000E-01   2.774399057500000E+01   9.015312215000000E+01   0.000000000000000E+00   0.000000000000000E+00   0.000000000000000E+00   0.000000000000000E+00
   9.999998624000001E-01   7.427968074600000E+00   4.721840059800000E-01   3.029465541000000E+01   1.086544405000000E+02   0.000000000000000E+00   0.000000000000000E+00   0.000000000000000E+00   0.000000000000000E+00
   9.999998734000000E-01   7.150621043000000E+00   4.711206496300000E-01   3.298615830200000E+01   1.310315210100000E+02   0.000000000000000E+00   0.000000000000000E+00   0.000000000000000E+00   0.000000000000000E+00
   9.999998844100000E-01   6.830800507300000E+00   4.698966998300000E-01   3.575956802400000E+01   1.578400818400000E+02   0.000000000000000E+00   0.000000000000000E+00   0.000000000000000E+00   0.000000000000000E+00
   9.999998946899999E-01   6.491330358200000E+00   4.685995641200000E-01   3.834947596100000E+01   1.873013192200000E+02   0.000000000000000E+00   0.000000000000000E+00   0.000000000000000E+00   0.000000000000000E+00
   9.999999049700000E-01   6.112186014000000E+00   4.671526614200000E-01   4.084229146400000E+01   2.212466640000000E+02   0.000000000000000E+00   0.000000000000000E+00   0.000000000000000E+00   0.000000000000000E+00
   9.999999152600000E-01   5.695365865500000E+00   4.655635853800000E-01   4.312675293800000E+01   2.596219715900000E+02   0.000000000000000E+00   0.000000000000000E+00   0.000000000000000E+00   0.000000000000000E+00
   9.999999255399999E-01   5.245758098900000E+00   4.638507663000000E-01   4.507876658100000E+01   3.020280506800000E+02   0.000000000000000E+00   0.000000000000000E+00   0.000000000000000E+00   0.000000000000000E+00
   9.999999348700001E-01   4.816000681500000E+00   4.622142652300000E-01   4.646030289300000E+01   3.433252928200000E+02   0.000000000000000E+00   0.000000000000000E+00   0.000000000000000E+00   0.000000000000000E+00
   9.999999442000000E-01   4.373766362100000E+00   4.605304705400000E-01   4.738884357400000E+01   3.863702453600000E+02   0.000000000000000E+00   0.000000000000000E+00   0.000000000000000E+00   0.000000000000000E+00
   9.999999535300000E-01   3.928395777400000E+00   4.588344754200000E-01   4.780865493300000E+01   4.300228057600000E+02   0.000000000000000E+00   0.000000000000000E+00   0.000000000000000E+00   0.000000000000000E+00
   9.999999628600000E-01   3.489811183100000E+00   4.571635610400000E-01   4.769396209500000E+01   4.729971500700000E+02   0.000000000000000E+00   0.000000000000000E+00   0.000000000000000E+00   0.000000000000000E+00
   9.999999721400000E-01   3.069636932600000E+00   4.555615367000000E-01   4.705728999400000E+01   5.137802415500000E+02   0.000000000000000E+00   0.000000000000000E+00   0.000000000000000E+00   0.000000000000000E+00
   9.999999814300000E-01   2.673931400000000E+00   4.540511089000000E-01   4.594053948200000E+01   5.513875698200000E+02   0.000000000000000E+00   0.000000000000000E+00   0.000000000000000E+00   0.000000000000000E+00
   9.999999907100000E-01   2.308992560200000E+00   4.526560343300000E-01   4.440940744000000E+01   5.848408781300000E+02   0.000000000000000E+00   0.000000000000000E+00   0.000000000000000E+00   0.000000000000000E+00
   1.000000000000000E+00   1.978880643800000E+00   4.513917020800000E-01   4.254746374900000E+01   6.134409491100000E+02   0.000000000000000E+00   0.000000000000000E+00   0.000000000000000E+00   0.000000000000000E+00
