   0.000000000000000E+00   4.927360163200000E-01   9.999999955900000E-01   1.684441745000000E+00   1.823155159000000E+00   0.000000000000000E+00   0.000000000000000E+00   0.000000000000000E+00   0.000000000000000E+00
   3.093341571500000E-04   6.044276978400001E-01   8.969072731500000E-01   1.602838241700000E+00   1.687687367100000E+00   0.000000000000000E+00   0.000000000000000E+00   0.000000000000000E+00   0.000000000000000E+00
   6.186683143000000E-04   7.288856197300000E-01   8.090172753500000E-01   1.560356491200000E+00   1.504343551800000E+00   0.000000000000000E+00   0.000000000000000E+00   0.000000000000000E+00   0.000000000000000E+00
   9.280024714500000E-04   8.669870368400000E-01   7.337945993200000E-01   1.502323067900000E+00   1.399910684300000E+00   0.000000000000000E+00   0.000000000000000E+00   0.000000000000000E+00   0.000000000000000E+00
   1.237336628600000E-03   1.017278704000000E+00   6.692670580700000E-01   1.480388630100000E+00   1.234664373600000E+00   0.000000000000000E+00   0.000000000000000E+00   0.000000000000000E+00   0.000000000000000E+00
   1.517807060700000E-03   1.164216925100000E+00   6.187057149000000E-01   1.424091763000000E+00   1.198478064900000E+00   0.000000000000000E+00   0.000000000000000E+00   0.000000000000000E+00   0.000000000000000E+00
   1.798277492900000E-03   1.319096838300000E+00   5.747132825400000E-01   1.401825152500000E+00   1.092840506500000E+00   0.000000000000000E+00   0.000000000000000E+00   0.000000000000000E+00   0.000000000000000E+00
   2.078747925000000E-03   1.481048093700000E+00   5.364966453400000E-01   1.360391701000000E+00   1.050154016700000E+00   0.000000000000000E+00   0.000000000000000E+00   0.000000000000000E+00   0.000000000000000E+00
   2.359218357100000E-03   1.647542100000000E+00   5.033769891400000E-01   1.352357788600000E+00   9.353359524000000E-01   0.000000000000000E+00   0.000000000000000E+00   0.000000000000000E+00   0.000000000000000E+00
   2.930096622400000E-03   1.992217729200000E+00   4.493499355800000E-01   1.278897302200000E+00   8.811086439100000E-01   0.000000000000000E+00   0.000000000000000E+00   0.000000000000000E+00   0.000000000000000E+00
   3.500974887600000E-03   2.325023818500000E+00   4.099490569800000E-01   1.244419091800000E+00   7.699217946800000E-01   0.000000000000000E+00   0.000000000000000E+00   0.000000000000000E+00   0.000000000000000E+00
   4.071853152800000E-03   2.625960879400000E+00   3.818125360000000E-01   1.196397701600000E+00   7.321041261200000E-01   0.000000000000000E+00   0.000000000000000E+00   0.000000000000000E+00   0.000000000000000E+00
   4.642731418000000E-03   2.878691890000000E+00   3.621532591200000E-01   1.187612139900000E+00   6.312249217800000E-01   0.000000000000000E+00   0.000000000000000E+00   0.000000000000000E+00   0.000000000000000E+00
   5.193560391600000E-03   3.073519759000000E+00   3.491000038500000E-01   1.145160348400000E+00   6.495314483400000E-01   0.000000000000000E+00   0.000000000000000E+00   0.000000000000000E+00   0.000000000000000E+00
   5.744389365200000E-03   3.219994335600000E+00   3.401979835300000E-01   1.140015883500000E+00   5.984376967700000E-01   0.000000000000000E+00   0.000000000000000E+00   0.000000000000000E+00   0.000000000000000E+00
   6.295218338800000E-03   3.326713106400000E+00   3.342100422200000E-01   1.118025174300000E+00   6.085720162100000E-01   0.000000000000000E+00   0.000000000000000E+00   0.000000000000000E+00   0.000000000000000E+00
   6.846047312400000E-03   3.401068796900000E+00   3.302171091000000E-01   1.131062504000000E+00   5.449712446200000E-01   0.000000000000000E+00   0.000000000000000E+00   0.000000000000000E+00   0.000000000000000E+00
   7.446275049100000E-03   3.456385953300000E+00   3.273900145800000E-01   1.104586195000000E+00   5.889498676000000E-01   0.000000000000000E+00   0.000000000000000E+00   0.000000000000000E+00   0.000000000000000E+00
   8.046502785700000E-03   3.491913197300000E+00   3.255983164300000E-01   1.111659598900000E+00   5.568328130200000E-01   0.000000000000000E+00   0.000000000000000E+00   0.000000000000000E+00   0.000000000000000E+00
   8.646730522400000E-03   3.515008705500000E+00   3.244675548200000E-01   1.098606759900000E+00   5.803503079100000E-01   0.000000000000000E+00   0.000000000000000E+00   0.000000000000000E+00   0.000000000000000E+00
   9.246958259100000E-03   3.529312536500000E+00   3.237526817100000E-01   1.117928138700000E+00   5.261262336800000E-01   0.000000000000000E+00   0.000000000000000E+00   0.000000000000000E+00   0.000000000000000E+00
   1.065670918900000E-02   3.546287900300000E+00   3.229467065800000E-01   1.095440913800000E+00   5.758299487600000E-01   0.000000000000000E+00   0.000000000000000E+00   0.000000000000000E+00   0.000000000000000E+00
   1.206646011900000E-02   3.551545222200000E+00   3.226859855600000E-01   1.105609073800000E+00   5.482181634800000E-01   0.000000000000000E+00   0.000000000000000E+00   0.000000000000000E+00   0.000000000000000E+00
   1.347621104900000E-02   3.553578092200000E+00   3.225959524900000E-01   1.094706279200000E+00   5.747806770600000E-01   0.000000000000000E+00   0.000000000000000E+00   0.000000000000000E+00   0.000000000000000E+00
   1.488596197900000E-02   3.553959903800000E+00   3.225631770700000E-01   1.115430255700000E+00   5.226078064800000E-01   0.000000000000000E+00   0.000000000000000E+00   0.000000000000000E+00   0.000000000000000E+00
   2.007695079500000E-02   3.554596799500000E+00   3.225470333700000E-01   1.094604277700000E+00   5.746329122700000E-01   0.000000000000000E+00   0.000000000000000E+00   0.000000000000000E+00   0.000000000000000E+00
   2.526793961100000E-02   3.554394282400000E+00   3.225493258000000E-01   1.105319625400000E+00   5.478154291500000E-01   0.000000000000000E+00   0.000000000000000E+00   0.000000000000000E+00   0.000000000000000E+00
   3.045892842700000E-02   3.554577346600000E+00   3.225479662500000E-01   1.094606610200000E+00   5.746347656000000E-01   0.000000000000000E+00   0.000000000000000E+00   0.000000000000000E+00   0.000000000000000E+00
   3.564991724300000E-02   3.554258839200000E+00   3.225488382600000E-01   1.115397735100000E+00   5.225709676200000E-01   0.000000000000000E+00   0.000000000000000E+00   0.000000000000000E+00   0.000000000000000E+00
   5.013221337000000E-02   3.554574982300000E+00   3.225480795100000E-01   1.094607062600000E+00   5.746345661100000E-01   0.000000000000000E+00   0.000000000000000E+00   0.000000000000000E+00   0.000000000000000E+00
   6.461450949600001E-02   3.554417115000000E+00   3.225482309300000E-01   1.105316718600000E+00   5.478136790200000E-01   0.000000000000000E+00   0.000000000000000E+00   0.000000000000000E+00   0.000000000000000E+00
   7.909680562200000E-02   3.554572567500000E+00   3.225481952600000E-01   1.094607439000000E+00   5.746345778600001E-01   0.000000000000000E+00   0.000000000000000E+00   0.000000000000000E+00   0.000000000000000E+00
   9.357910174799999E-02   3.554275734600000E+00   3.225480283600000E-01   1.115395181000000E+00   5.225706861700000E-01   0.000000000000000E+00   0.000000000000000E+00   0.000000000000000E+00   0.000000000000000E+00
   1.181305674700000E-01   3.554571577900000E+00   3.225482426700000E-01   1.094607628500000E+00   5.746344938700000E-01   0.000000000000000E+00   0.000000000000000E+00   0.000000000000000E+00   0.000000000000000E+00
   1.426820331800000E-01   3.554420450400000E+00   3.225480711100000E-01   1.105316128800000E+00   5.478138386900000E-01   0.000000000000000E+00   0.000000000000000E+00   0.000000000000000E+00   0.000000000000000E+00
   1.672334989000000E-01   3.554570845700000E+00   3.225482777400000E-01   1.094607780700000E+00   5.746344016900000E-01   0.000000000000000E+00   0.000000000000000E+00   0.000000000000000E+00   0.000000000000000E+00
   1.917849646200000E-01   3.554280565600000E+00   3.225477969600000E-01   1.115394192400000E+00   5.225712553800000E-01   0.000000000000000E+00   0.000000000000000E+00   0.000000000000000E+00   0.000000000000000E+00
   2.131798582500000E-01   3.554570322200000E+00   3.225483028000000E-01   1.094607905000000E+00   5.746342968300000E-01   0.000000000000000E+00   0.000000000000000E+00   0.000000000000000E+00   0.000000000000000E+00
   2.345747518900000E-01   3.554421913100000E+00   3.225480010800000E-01   1.105315779400000E+00   5.478141369800000E-01   0.000000000000000E+00   0.000000000000000E+00   0.000000000000000E+00   0.000000000000000E+00
   2.559696455200000E-01   3.554569846000000E+00   3.225483255900000E-01   1.094608043000000E+00   5.746341389400000E-01   0.000000000000000E+00   0.000000000000000E+00   0.000000000000000E+00   0.000000000000000E+00
   2.773645391500000E-01   3.554283738700000E+00   3.225476451500000E-01   1.115393297000000E+00   5.225722479700000E-01   0.000000000000000E+00   0.000000000000000E+00   0.000000000000000E+00   0.000000000000000E+00
   2.969995910300000E-01   3.554569527900000E+00   3.225483407900000E-01   1.094608154900000E+00   5.746339837000000E-01   0.000000000000000E+00   0.000000000000000E+00   0.000000000000000E+00   0.000000000000000E+00
   3.166346429100000E-01   3.554422813700000E+00   3.225479580300000E-01   1.105315463100000E+00   5.478145749200000E-01   0.000000000000000E+00   0.000000000000000E+00   0.000000000000000E+00   0.000000000000000E+00
   3.362696947900000E-01   3.554569251700000E+00   3.225483539700000E-01   1.094608280700000E+00   5.746337769099999E-01   0.000000000000000E+00   0.000000000000000E+00   0.000000000000000E+00   0.000000000000000E+00
   3.559047466700000E-01   3.554285592800000E+00   3.225475566300000E-01   1.115392483000000E+00   5.225735590300000E-01   0.000000000000000E+00   0.000000000000000E+00   0.000000000000000E+00   0.000000000000000E+00
   3.692846113700000E-01   3.554569031000000E+00   3.225483644900000E-01   1.094608405700000E+00   5.746335501900000E-01   0.000000000000000E+00   0.000000000000000E+00   0.000000000000000E+00   0.000000000000000E+00
   3.826644760600000E-01   3.554423391900000E+00   3.225479304900000E-01   1.105315114700000E+00   5.478152215200000E-01   0.000000000000000E+00   0.000000000000000E+00   0.000000000000000E+00   0.000000000000000E+00
   3.960443407600000E-01   3.554568855800000E+00   3.225483727900000E-01   1.094608567100000E+00   5.746332137900000E-01   0.000000000000000E+00   0.000000000000000E+00   0.000000000000000E+00   0.000000000000000E+00
   4.094242054600000E-01   3.554286836600000E+00   3.225474975900000E-01   1.115391437600000E+00   5.225756944200000E-01   0.000000000000000E+00   0.000000000000000E+00   0.000000000000000E+00   0.000000000000000E+00
   4.208161986300000E-01   3.554568750700000E+00   3.225483777400000E-01   1.094608710600000E+00   5.746328947800000E-01   0.000000000000000E+00   0.000000000000000E+00   0.000000000000000E+00   0.000000000000000E+00
   4.322081918000000E-01   3.554423688800000E+00   3.225479165100000E-01   1.105314709700000E+00   5.478161222300000E-01   0.000000000000000E+00   0.000000000000000E+00   0.000000000000000E+00   0.000000000000000E+00
   4.436001849700000E-01   3.554568678700000E+00   3.225483810800000E-01   1.094608886600000E+00   5.746324805500000E-01   0.000000000000000E+00   0.000000000000000E+00   0.000000000000000E+00   0.000000000000000E+00
   4.549921781500000E-01   3.554287367900000E+00   3.225474728500000E-01   1.115390303500000E+00   5.225783353800000E-01   0.000000000000000E+00   0.000000000000000E+00   0.000000000000000E+00   0.000000000000000E+00
   4.679362505200000E-01   3.554568645200000E+00   3.225483826000000E-01   1.094609024900000E+00   5.746321461500000E-01   0.000000000000000E+00   0.000000000000000E+00   0.000000000000000E+00   0.000000000000000E+00
   4.808803229000000E-01   3.554423795100000E+00   3.225479116700000E-01   1.105314318100000E+00   5.478170647700000E-01   0.000000000000000E+00   0.000000000000000E+00   0.000000000000000E+00   0.000000000000000E+00
   4.938243952800000E-01   3.554568621400000E+00   3.225483836400000E-01   1.094609175900000E+00   5.746317759500000E-01   0.000000000000000E+00   0.000000000000000E+00   0.000000000000000E+00   0.000000000000000E+00
   5.067684676600001E-01   3.554287536700000E+00   3.225474654100000E-01   1.115389335600000E+00   5.225807022800000E-01   0.000000000000000E+00   0.000000000000000E+00   0.000000000000000E+00   0.000000000000000E+00
   5.184984312000001E-01   3.554568607300000E+00   3.225483842200000E-01   1.094609310100000E+00   5.746314439700000E-01   0.000000000000000E+00   0.000000000000000E+00   0.000000000000000E+00   0.000000000000000E+00
   5.302283947500001E-01   3.554423835600000E+00   3.225479099800000E-01   1.105313939000000E+00   5.478180020000000E-01   0.000000000000000E+00   0.000000000000000E+00   0.000000000000000E+00   0.000000000000000E+00
   5.419583582900001E-01   3.554568596800000E+00   3.225483846100000E-01   1.094609475100000E+00   5.746310332300000E-01   0.000000000000000E+00   0.000000000000000E+00   0.000000000000000E+00   0.000000000000000E+00
   5.536883218400001E-01   3.554287612000000E+00   3.225474625100000E-01   1.115388278800000E+00   5.225833299100000E-01   0.000000000000000E+00   0.000000000000000E+00   0.000000000000000E+00   0.000000000000000E+00
   5.635937550100000E-01   3.554568590100000E+00   3.225483848300000E-01   1.094609628000000E+00   5.746306515200000E-01   0.000000000000000E+00   0.000000000000000E+00   0.000000000000000E+00   0.000000000000000E+00
   5.734991881800000E-01   3.554423854800000E+00   3.225479093600000E-01   1.105313507400000E+00   5.478190797400000E-01   0.000000000000000E+00   0.000000000000000E+00   0.000000000000000E+00   0.000000000000000E+00
   5.834046213400000E-01   3.554568584600000E+00   3.225483849600000E-01   1.094609822700000E+00   5.746301641500000E-01   0.000000000000000E+00   0.000000000000000E+00   0.000000000000000E+00   0.000000000000000E+00
   5.933100545100000E-01   3.554287651000000E+00   3.225474615000000E-01   1.115387032500000E+00   5.225864484900000E-01   0.000000000000000E+00   0.000000000000000E+00   0.000000000000000E+00   0.000000000000000E+00
   6.014050186500000E-01   3.554568580600000E+00   3.225483850300000E-01   1.094610006500000E+00   5.746297034100000E-01   0.000000000000000E+00   0.000000000000000E+00   0.000000000000000E+00   0.000000000000000E+00
   6.094999827900000E-01   3.554423866100000E+00   3.225479091700000E-01   1.105312988300000E+00   5.478203806400000E-01   0.000000000000000E+00   0.000000000000000E+00   0.000000000000000E+00   0.000000000000000E+00
   6.175949469300001E-01   3.554568576600000E+00   3.225483850500000E-01   1.094610244400000E+00   5.746291067000000E-01   0.000000000000000E+00   0.000000000000000E+00   0.000000000000000E+00   0.000000000000000E+00
   6.256899110700000E-01   3.554287678100000E+00   3.225474612400000E-01   1.115385509700000E+00   5.225902671900000E-01   0.000000000000000E+00   0.000000000000000E+00   0.000000000000000E+00   0.000000000000000E+00
   6.347917830499999E-01   3.554568573800000E+00   3.225483850600000E-01   1.094610435400000E+00   5.746286275300000E-01   0.000000000000000E+00   0.000000000000000E+00   0.000000000000000E+00   0.000000000000000E+00
   6.438936550300000E-01   3.554423874400000E+00   3.225479091400000E-01   1.105312448900000E+00   5.478217335800000E-01   0.000000000000000E+00   0.000000000000000E+00   0.000000000000000E+00   0.000000000000000E+00
   6.529955270100000E-01   3.554568570800000E+00   3.225483850600000E-01   1.094610646900000E+00   5.746280968000000E-01   0.000000000000000E+00   0.000000000000000E+00   0.000000000000000E+00   0.000000000000000E+00
   6.620973990000000E-01   3.554287697500000E+00   3.225474612400000E-01   1.115384155900000E+00   5.225936638000001E-01   0.000000000000000E+00   0.000000000000000E+00   0.000000000000000E+00   0.000000000000000E+00
   6.698121295000000E-01   3.554568568100000E+00   3.225483850500000E-01   1.094610842900000E+00   5.746276051300000E-01   0.000000000000000E+00   0.000000000000000E+00   0.000000000000000E+00   0.000000000000000E+00
   6.775268600000000E-01   3.554423882000000E+00   3.225479091600000E-01   1.105311895700000E+00   5.478231218000000E-01   0.000000000000000E+00   0.000000000000000E+00   0.000000000000000E+00   0.000000000000000E+00
   6.852415905000000E-01   3.554568564700000E+00   3.225483850400000E-01   1.094611092400000E+00   5.746269790100000E-01   0.000000000000000E+00   0.000000000000000E+00   0.000000000000000E+00   0.000000000000000E+00
   6.929563210000000E-01   3.554287719200000E+00   3.225474612900000E-01   1.115382559000000E+00   5.225976709600000E-01   0.000000000000000E+00   0.000000000000000E+00   0.000000000000000E+00   0.000000000000000E+00
   6.976640809000000E-01   3.554568561000000E+00   3.225483850300000E-01   1.094611372200000E+00   5.746262768700000E-01   0.000000000000000E+00   0.000000000000000E+00   0.000000000000000E+00   0.000000000000000E+00
   7.023718408100000E-01   3.554423892600000E+00   3.225479091900000E-01   1.105311105700000E+00   5.478251042800000E-01   0.000000000000000E+00   0.000000000000000E+00   0.000000000000000E+00   0.000000000000000E+00
   7.070796007100000E-01   3.554568555500000E+00   3.225483850200000E-01   1.094611781000000E+00   5.746252509500001E-01   0.000000000000000E+00   0.000000000000000E+00   0.000000000000000E+00   0.000000000000000E+00
   7.117873606200000E-01   3.554287754200000E+00   3.225474614000000E-01   1.115379942500000E+00   5.226042368100000E-01   0.000000000000000E+00   0.000000000000000E+00   0.000000000000000E+00   0.000000000000000E+00
   7.166246397200000E-01   3.554568550900000E+00   3.225483850000000E-01   1.094612123900000E+00   5.746243906700000E-01   0.000000000000000E+00   0.000000000000000E+00   0.000000000000000E+00   0.000000000000000E+00
   7.214619188200000E-01   3.554423905500000E+00   3.225479092300000E-01   1.105310137700000E+00   5.478275333300000E-01   0.000000000000000E+00   0.000000000000000E+00   0.000000000000000E+00   0.000000000000000E+00
   7.262991979300000E-01   3.554568545600000E+00   3.225483849800000E-01   1.094612521700000E+00   5.746233923800000E-01   0.000000000000000E+00   0.000000000000000E+00   0.000000000000000E+00   0.000000000000000E+00
   7.311364770300000E-01   3.554287788200000E+00   3.225474615100000E-01   1.115377396400000E+00   5.226106258600000E-01   0.000000000000000E+00   0.000000000000000E+00   0.000000000000000E+00   0.000000000000000E+00
   7.367936218300000E-01   3.554568541400000E+00   3.225483849700000E-01   1.094612835300000E+00   5.746226053900000E-01   0.000000000000000E+00   0.000000000000000E+00   0.000000000000000E+00   0.000000000000000E+00
   7.424507666300000E-01   3.554423917400000E+00   3.225479092700000E-01   1.105309252200000E+00   5.478297554400000E-01   0.000000000000000E+00   0.000000000000000E+00   0.000000000000000E+00   0.000000000000000E+00
   7.481079114300000E-01   3.554568536900000E+00   3.225483849500000E-01   1.094613175400000E+00   5.746217519000000E-01   0.000000000000000E+00   0.000000000000000E+00   0.000000000000000E+00   0.000000000000000E+00
   7.537650562300000E-01   3.554287817300000E+00   3.225474616000000E-01   1.115375219700000E+00   5.226160881800000E-01   0.000000000000000E+00   0.000000000000000E+00   0.000000000000000E+00   0.000000000000000E+00
   7.588853685300000E-01   3.554568532800000E+00   3.225483849400000E-01   1.094613479600000E+00   5.746209884500000E-01   0.000000000000000E+00   0.000000000000000E+00   0.000000000000000E+00   0.000000000000000E+00
   7.640056808200000E-01   3.554423928900000E+00   3.225479093100000E-01   1.105308393200000E+00   5.478319110400000E-01   0.000000000000000E+00   0.000000000000000E+00   0.000000000000000E+00   0.000000000000000E+00
   7.691259931100000E-01   3.554568527800000E+00   3.225483849200000E-01   1.094613855300000E+00   5.746200456100000E-01   0.000000000000000E+00   0.000000000000000E+00   0.000000000000000E+00   0.000000000000000E+00
   7.742463054099999E-01   3.554287849400000E+00   3.225474617100000E-01   1.115372815200000E+00   5.226221223400001E-01   0.000000000000000E+00   0.000000000000000E+00   0.000000000000000E+00   0.000000000000000E+00
   7.780242675100000E-01   3.554568522800000E+00   3.225483849100000E-01   1.094614231400000E+00   5.746191018900000E-01   0.000000000000000E+00   0.000000000000000E+00   0.000000000000000E+00   0.000000000000000E+00
   7.818022296200000E-01   3.554423943000000E+00   3.225479093500000E-01   1.105307331400000E+00   5.478345756300000E-01   0.000000000000000E+00   0.000000000000000E+00   0.000000000000000E+00   0.000000000000000E+00
   7.855801917300000E-01   3.554568515900000E+00   3.225483848900000E-01   1.094614740500000E+00   5.746178242700000E-01   0.000000000000000E+00   0.000000000000000E+00   0.000000000000000E+00   0.000000000000000E+00
   7.893581538300000E-01   3.554287893000000E+00   3.225474618500000E-01   1.115369556800000E+00   5.226302990800000E-01   0.000000000000000E+00   0.000000000000000E+00   0.000000000000000E+00   0.000000000000000E+00
   7.931646451600000E-01   3.554568510200000E+00   3.225483848700000E-01   1.094615171600000E+00   5.746167424700001E-01   0.000000000000000E+00   0.000000000000000E+00   0.000000000000000E+00   0.000000000000000E+00
   7.969711364900000E-01   3.554423959300000E+00   3.225479094100000E-01   1.105306114200000E+00   5.478376301200000E-01   0.000000000000000E+00   0.000000000000000E+00   0.000000000000000E+00   0.000000000000000E+00
   8.007776278199999E-01   3.554568503400000E+00   3.225483848500000E-01   1.094615676800000E+00   5.746154746900000E-01   0.000000000000000E+00   0.000000000000000E+00   0.000000000000000E+00   0.000000000000000E+00
   8.045841191500001E-01   3.554287936200000E+00   3.225474619900000E-01   1.115366323600000E+00   5.226384129300000E-01   0.000000000000000E+00   0.000000000000000E+00   0.000000000000000E+00   0.000000000000000E+00
   8.082322785000000E-01   3.554568497600000E+00   3.225483848300000E-01   1.094616115500000E+00   5.746143737900000E-01   0.000000000000000E+00   0.000000000000000E+00   0.000000000000000E+00   0.000000000000000E+00
   8.118804378400000E-01   3.554423975900000E+00   3.225479094600000E-01   1.105304875600000E+00   5.478407385200000E-01   0.000000000000000E+00   0.000000000000000E+00   0.000000000000000E+00   0.000000000000000E+00
   8.155285971900000E-01   3.554568490500000E+00   3.225483848000000E-01   1.094616642500000E+00   5.746130512500000E-01   0.000000000000000E+00   0.000000000000000E+00   0.000000000000000E+00   0.000000000000000E+00
   8.191767565300000E-01   3.554287981200000E+00   3.225474621400000E-01   1.115362950700000E+00   5.226468772000000E-01   0.000000000000000E+00   0.000000000000000E+00   0.000000000000000E+00   0.000000000000000E+00
   8.236315230600000E-01   3.554568485100000E+00   3.225483847900000E-01   1.094617049900000E+00   5.746120289700000E-01   0.000000000000000E+00   0.000000000000000E+00   0.000000000000000E+00   0.000000000000000E+00
   8.280862895800000E-01   3.554423991200000E+00   3.225479095100000E-01   1.105303725400000E+00   5.478436249800001E-01   0.000000000000000E+00   0.000000000000000E+00   0.000000000000000E+00   0.000000000000000E+00
   8.325410561100000E-01   3.554568479300000E+00   3.225483847700000E-01   1.094617481400000E+00   5.746109461000000E-01   0.000000000000000E+00   0.000000000000000E+00   0.000000000000000E+00   0.000000000000000E+00
   8.369958226300001E-01   3.554288018100000E+00   3.225474622600000E-01   1.115360189100000E+00   5.226538075800000E-01   0.000000000000000E+00   0.000000000000000E+00   0.000000000000000E+00   0.000000000000000E+00
   8.421115845300000E-01   3.554568474700000E+00   3.225483847500000E-01   1.094617824400000E+00   5.746100852000000E-01   0.000000000000000E+00   0.000000000000000E+00   0.000000000000000E+00   0.000000000000000E+00
   8.472273464300000E-01   3.554424004200000E+00   3.225479095500000E-01   1.105302756800000E+00   5.478460557800000E-01   0.000000000000000E+00   0.000000000000000E+00   0.000000000000000E+00   0.000000000000000E+00
   8.523431083300000E-01   3.554568469700000E+00   3.225483847400000E-01   1.094618200100000E+00   5.746091423900000E-01   0.000000000000000E+00   0.000000000000000E+00   0.000000000000000E+00   0.000000000000000E+00
   8.574588702300000E-01   3.554288050300000E+00   3.225474623700000E-01   1.115357784800000E+00   5.226598415400000E-01   0.000000000000000E+00   0.000000000000000E+00   0.000000000000000E+00   0.000000000000000E+00
   8.616444442000000E-01   3.554568465000000E+00   3.225483847200000E-01   1.094618554900000E+00   5.746082520200000E-01   0.000000000000000E+00   0.000000000000000E+00   0.000000000000000E+00   0.000000000000000E+00
   8.658300181800000E-01   3.554424017500000E+00   3.225479096000000E-01   1.105301755000000E+00   5.478485697500000E-01   0.000000000000000E+00   0.000000000000000E+00   0.000000000000000E+00   0.000000000000000E+00
   8.700155921500000E-01   3.554568458900000E+00   3.225483847000000E-01   1.094619014000000E+00   5.746070998800000E-01   0.000000000000000E+00   0.000000000000000E+00   0.000000000000000E+00   0.000000000000000E+00
   8.742011661200000E-01   3.554288089500000E+00   3.225474624900000E-01   1.115354846600000E+00   5.226672152600000E-01   0.000000000000000E+00   0.000000000000000E+00   0.000000000000000E+00   0.000000000000000E+00
   8.771990048200000E-01   3.554568452600000E+00   3.225483846800000E-01   1.094619481500000E+00   5.746059266400000E-01   0.000000000000000E+00   0.000000000000000E+00   0.000000000000000E+00   0.000000000000000E+00
   8.801968435200000E-01   3.554424035200000E+00   3.225479096500000E-01   1.105300435100000E+00   5.478518823200000E-01   0.000000000000000E+00   0.000000000000000E+00   0.000000000000000E+00   0.000000000000000E+00
   8.831946822200000E-01   3.554568444100000E+00   3.225483846500000E-01   1.094620122300000E+00   5.746043183700000E-01   0.000000000000000E+00   0.000000000000000E+00   0.000000000000000E+00   0.000000000000000E+00
   8.861925209100000E-01   3.554288144300000E+00   3.225474626700000E-01   1.115350745200000E+00   5.226775082100000E-01   0.000000000000000E+00   0.000000000000000E+00   0.000000000000000E+00   0.000000000000000E+00
   8.888140592200000E-01   3.554568436300000E+00   3.225483846300000E-01   1.094620706000000E+00   5.746028533999999E-01   0.000000000000000E+00   0.000000000000000E+00   0.000000000000000E+00   0.000000000000000E+00
   8.914355975200000E-01   3.554424057200000E+00   3.225479097300000E-01   1.105298786900000E+00   5.478560186600000E-01   0.000000000000000E+00   0.000000000000000E+00   0.000000000000000E+00   0.000000000000000E+00
   8.940571358200000E-01   3.554568426500000E+00   3.225483845900000E-01   1.094621438700000E+00   5.746010147700000E-01   0.000000000000000E+00   0.000000000000000E+00   0.000000000000000E+00   0.000000000000000E+00
   8.966786741200000E-01   3.554288206900000E+00   3.225474628800000E-01   1.115346056400000E+00   5.226892754400000E-01   0.000000000000000E+00   0.000000000000000E+00   0.000000000000000E+00   0.000000000000000E+00
   8.988143968600000E-01   3.554568417200000E+00   3.225483845600000E-01   1.094622132100000E+00   5.745992744100000E-01   0.000000000000000E+00   0.000000000000000E+00   0.000000000000000E+00   0.000000000000000E+00
   9.009501196000000E-01   3.554424083300000E+00   3.225479098100000E-01   1.105296828900000E+00   5.478609324900000E-01   0.000000000000000E+00   0.000000000000000E+00   0.000000000000000E+00   0.000000000000000E+00
   9.030858423300000E-01   3.554568405200000E+00   3.225483845200000E-01   1.094623031100000E+00   5.745970182600000E-01   0.000000000000000E+00   0.000000000000000E+00   0.000000000000000E+00   0.000000000000000E+00
   9.052215650700000E-01   3.554288283700000E+00   3.225474631300000E-01   1.115340303000000E+00   5.227037147600000E-01   0.000000000000000E+00   0.000000000000000E+00   0.000000000000000E+00   0.000000000000000E+00
   9.071183186800000E-01   3.554568394400000E+00   3.225483844900000E-01   1.094623843200000E+00   5.745949800800000E-01   0.000000000000000E+00   0.000000000000000E+00   0.000000000000000E+00   0.000000000000000E+00
   9.090150722900000E-01   3.554424114000000E+00   3.225479099100000E-01   1.105294535900000E+00   5.478666872700000E-01   0.000000000000000E+00   0.000000000000000E+00   0.000000000000000E+00   0.000000000000000E+00
   9.109118259000000E-01   3.554568380800000E+00   3.225483844400000E-01   1.094624855000000E+00   5.745924406400000E-01   0.000000000000000E+00   0.000000000000000E+00   0.000000000000000E+00   0.000000000000000E+00
   9.128085795100001E-01   3.554288370200000E+00   3.225474634100000E-01   1.115333827300000E+00   5.227199671500000E-01   0.000000000000000E+00   0.000000000000000E+00   0.000000000000000E+00   0.000000000000000E+00
   9.141651150200000E-01   3.554568367100000E+00   3.225483844000000E-01   1.094625886200000E+00   5.745898527600000E-01   0.000000000000000E+00   0.000000000000000E+00   0.000000000000000E+00   0.000000000000000E+00
   9.155216505400000E-01   3.554424152800000E+00   3.225479100400000E-01   1.105291624700000E+00   5.478739938100000E-01   0.000000000000000E+00   0.000000000000000E+00   0.000000000000000E+00   0.000000000000000E+00
   9.168781860500000E-01   3.554568348200000E+00   3.225483843400000E-01   1.094627300200000E+00   5.745863037200000E-01   0.000000000000000E+00   0.000000000000000E+00   0.000000000000000E+00   0.000000000000000E+00
   9.182347215600000E-01   3.554288491000000E+00   3.225474638100000E-01   1.115324777200000E+00   5.227426809600000E-01   0.000000000000000E+00   0.000000000000000E+00   0.000000000000000E+00   0.000000000000000E+00
   9.196050163400000E-01   3.554568332200000E+00   3.225483842900000E-01   1.094628495800000E+00   5.745833030300000E-01   0.000000000000000E+00   0.000000000000000E+00   0.000000000000000E+00   0.000000000000000E+00
   9.209753111100000E-01   3.554424197900000E+00   3.225479101900000E-01   1.105288249000000E+00   5.478824663700000E-01   0.000000000000000E+00   0.000000000000000E+00   0.000000000000000E+00   0.000000000000000E+00
   9.223456058900000E-01   3.554568313600000E+00   3.225483842200000E-01   1.094629894900000E+00   5.745797915800001E-01   0.000000000000000E+00   0.000000000000000E+00   0.000000000000000E+00   0.000000000000000E+00
   9.237159006700000E-01   3.554288610600000E+00   3.225474642000000E-01   1.115315823300000E+00   5.227651542700000E-01   0.000000000000000E+00   0.000000000000000E+00   0.000000000000000E+00   0.000000000000000E+00
   9.251921168400000E-01   3.554568298300000E+00   3.225483841700000E-01   1.094631041000000E+00   5.745769147300001E-01   0.000000000000000E+00   0.000000000000000E+00   0.000000000000000E+00   0.000000000000000E+00
   9.266683330000000E-01   3.554424241100000E+00   3.225479103300000E-01   1.105285012600000E+00   5.478905893400000E-01   0.000000000000000E+00   0.000000000000000E+00   0.000000000000000E+00   0.000000000000000E+00
   9.281445491700000E-01   3.554568280900000E+00   3.225483841200000E-01   1.094632339000000E+00   5.745736569600000E-01   0.000000000000000E+00   0.000000000000000E+00   0.000000000000000E+00   0.000000000000000E+00
   9.296207653400000E-01   3.554288721400000E+00   3.225474645600000E-01   1.115307516500000E+00   5.227860040000000E-01   0.000000000000000E+00   0.000000000000000E+00   0.000000000000000E+00   0.000000000000000E+00
   9.316275893600000E-01   3.554568268200000E+00   3.225483840800000E-01   1.094633296100000E+00   5.745712546200000E-01   0.000000000000000E+00   0.000000000000000E+00   0.000000000000000E+00   0.000000000000000E+00
   9.336344133700000E-01   3.554424277200000E+00   3.225479104400000E-01   1.105282310000000E+00   5.478973727799999E-01   0.000000000000000E+00   0.000000000000000E+00   0.000000000000000E+00   0.000000000000000E+00
   9.356412373900000E-01   3.554568255400000E+00   3.225483840300000E-01   1.094634250400000E+00   5.745688592700000E-01   0.000000000000000E+00   0.000000000000000E+00   0.000000000000000E+00   0.000000000000000E+00
   9.376480614100000E-01   3.554288802900000E+00   3.225474648300000E-01   1.115301408900000E+00   5.228013342300000E-01   0.000000000000000E+00   0.000000000000000E+00   0.000000000000000E+00   0.000000000000000E+00
   9.392109689900000E-01   3.554568243100000E+00   3.225483839900000E-01   1.094635176600000E+00   5.745665344599999E-01   0.000000000000000E+00   0.000000000000000E+00   0.000000000000000E+00   0.000000000000000E+00
   9.407738765600000E-01   3.554424312000000E+00   3.225479105600000E-01   1.105279695000000E+00   5.479039366900000E-01   0.000000000000000E+00   0.000000000000000E+00   0.000000000000000E+00   0.000000000000000E+00
   9.423367841400000E-01   3.554568226700000E+00   3.225483839400000E-01   1.094636401400000E+00   5.745634600700000E-01   0.000000000000000E+00   0.000000000000000E+00   0.000000000000000E+00   0.000000000000000E+00
   9.438996917200000E-01   3.554288907500000E+00   3.225474651700000E-01   1.115293570000000E+00   5.228210103000001E-01   0.000000000000000E+00   0.000000000000000E+00   0.000000000000000E+00   0.000000000000000E+00
   9.448653764500000E-01   3.554568208600000E+00   3.225483838800000E-01   1.094637764200000E+00   5.745600393900000E-01   0.000000000000000E+00   0.000000000000000E+00   0.000000000000000E+00   0.000000000000000E+00
   9.458310611700000E-01   3.554424363400000E+00   3.225479107300000E-01   1.105275847600000E+00   5.479135939899999E-01   0.000000000000000E+00   0.000000000000000E+00   0.000000000000000E+00   0.000000000000000E+00
   9.467967459000000E-01   3.554568182100000E+00   3.225483838000000E-01   1.094639745200000E+00   5.745550668100000E-01   0.000000000000000E+00   0.000000000000000E+00   0.000000000000000E+00   0.000000000000000E+00
   9.477624306200000E-01   3.554289076600000E+00   3.225474657200000E-01   1.115280891700000E+00   5.228528348400000E-01   0.000000000000000E+00   0.000000000000000E+00   0.000000000000000E+00   0.000000000000000E+00
   9.494330945100000E-01   3.554568164400000E+00   3.225483837400000E-01   1.094641073100000E+00   5.745517334200000E-01   0.000000000000000E+00   0.000000000000000E+00   0.000000000000000E+00   0.000000000000000E+00
   9.511037583900001E-01   3.554424413400000E+00   3.225479108900000E-01   1.105272097700000E+00   5.479230070900000E-01   0.000000000000000E+00   0.000000000000000E+00   0.000000000000000E+00   0.000000000000000E+00
   9.527744222700000E-01   3.554568149200000E+00   3.225483836900000E-01   1.094642217400000E+00   5.745488609100000E-01   0.000000000000000E+00   0.000000000000000E+00   0.000000000000000E+00   0.000000000000000E+00
   9.544450861600000E-01   3.554289174300000E+00   3.225474660400000E-01   1.115273568200000E+00   5.228712188900000E-01   0.000000000000000E+00   0.000000000000000E+00   0.000000000000000E+00   0.000000000000000E+00
   9.555523316800000E-01   3.554568132900000E+00   3.225483836300000E-01   1.094643437300000E+00   5.745457986200000E-01   0.000000000000000E+00   0.000000000000000E+00   0.000000000000000E+00   0.000000000000000E+00
   9.566595772099999E-01   3.554424459300000E+00   3.225479110400000E-01   1.105268653600000E+00   5.479316528100000E-01   0.000000000000000E+00   0.000000000000000E+00   0.000000000000000E+00   0.000000000000000E+00
   9.577668227400000E-01   3.554568109900000E+00   3.225483835600000E-01   1.094645162900000E+00   5.745414669000000E-01   0.000000000000000E+00   0.000000000000000E+00   0.000000000000000E+00   0.000000000000000E+00
   9.588740682700000E-01   3.554289321500000E+00   3.225474665200000E-01   1.115262524600000E+00   5.228989419100000E-01   0.000000000000000E+00   0.000000000000000E+00   0.000000000000000E+00   0.000000000000000E+00
   9.598822532700000E-01   3.554568089400000E+00   3.225483834900000E-01   1.094646701100000E+00   5.745376053100000E-01   0.000000000000000E+00   0.000000000000000E+00   0.000000000000000E+00   0.000000000000000E+00
   9.608904382800000E-01   3.554424517200000E+00   3.225479112300000E-01   1.105264310400000E+00   5.479425558500000E-01   0.000000000000000E+00   0.000000000000000E+00   0.000000000000000E+00   0.000000000000000E+00
   9.618986232900000E-01   3.554568064100000E+00   3.225483834100000E-01   1.094648594800000E+00   5.745328513600000E-01   0.000000000000000E+00   0.000000000000000E+00   0.000000000000000E+00   0.000000000000000E+00
   9.629068082900000E-01   3.554289483100000E+00   3.225474670500000E-01   1.115250405100000E+00   5.229293671800000E-01   0.000000000000000E+00   0.000000000000000E+00   0.000000000000000E+00   0.000000000000000E+00
   9.635161238700000E-01   3.554568035700000E+00   3.225483833200000E-01   1.094650730700000E+00   5.745274893700000E-01   0.000000000000000E+00   0.000000000000000E+00   0.000000000000000E+00   0.000000000000000E+00
   9.641254394500000E-01   3.554424597600000E+00   3.225479114900000E-01   1.105258281000000E+00   5.479576928000000E-01   0.000000000000000E+00   0.000000000000000E+00   0.000000000000000E+00   0.000000000000000E+00
   9.647347550299999E-01   3.554567994000000E+00   3.225483831800000E-01   1.094653860700000E+00   5.745196312000000E-01   0.000000000000000E+00   0.000000000000000E+00   0.000000000000000E+00   0.000000000000000E+00
   9.653440706000000E-01   3.554289750000000E+00   3.225474679200000E-01   1.115230372900000E+00   5.229796595200000E-01   0.000000000000000E+00   0.000000000000000E+00   0.000000000000000E+00   0.000000000000000E+00
   9.660694972100000E-01   3.554567961400000E+00   3.225483830700000E-01   1.094656306600000E+00   5.745134903300000E-01   0.000000000000000E+00   0.000000000000000E+00   0.000000000000000E+00   0.000000000000000E+00
   9.667949238100000E-01   3.554424689600000E+00   3.225479117900000E-01   1.105251374400000E+00   5.479750329999999E-01   0.000000000000000E+00   0.000000000000000E+00   0.000000000000000E+00   0.000000000000000E+00
   9.675203504200000E-01   3.554567926400000E+00   3.225483829600000E-01   1.094658932400000E+00   5.745068974200001E-01   0.000000000000000E+00   0.000000000000000E+00   0.000000000000000E+00   0.000000000000000E+00
   9.682457770200000E-01   3.554289973800000E+00   3.225474686500000E-01   1.115213567400000E+00   5.230218541700000E-01   0.000000000000000E+00   0.000000000000000E+00   0.000000000000000E+00   0.000000000000000E+00
   9.689586108800000E-01   3.554567896400000E+00   3.225483828600000E-01   1.094661182900000E+00   5.745012468600000E-01   0.000000000000000E+00   0.000000000000000E+00   0.000000000000000E+00   0.000000000000000E+00
   9.696714447400000E-01   3.554424774200000E+00   3.225479120700000E-01   1.105245020200000E+00   5.479909874300000E-01   0.000000000000000E+00   0.000000000000000E+00   0.000000000000000E+00   0.000000000000000E+00
   9.703842786000000E-01   3.554567860900000E+00   3.225483827500000E-01   1.094663852200000E+00   5.744945444900000E-01   0.000000000000000E+00   0.000000000000000E+00   0.000000000000000E+00   0.000000000000000E+00
   9.710971124600000E-01   3.554290201200000E+00   3.225474693900000E-01   1.115196484100000E+00   5.230647493400000E-01   0.000000000000000E+00   0.000000000000000E+00   0.000000000000000E+00   0.000000000000000E+00
   9.719740967700000E-01   3.554567833600000E+00   3.225483826600000E-01   1.094665907500000E+00   5.744893835700000E-01   0.000000000000000E+00   0.000000000000000E+00   0.000000000000000E+00   0.000000000000000E+00
   9.728510810700000E-01   3.554424851400000E+00   3.225479123200000E-01   1.105239216500000E+00   5.480055605000000E-01   0.000000000000000E+00   0.000000000000000E+00   0.000000000000000E+00   0.000000000000000E+00
   9.737280653800000E-01   3.554567804700000E+00   3.225483825600000E-01   1.094668074900000E+00   5.744839409300000E-01   0.000000000000000E+00   0.000000000000000E+00   0.000000000000000E+00   0.000000000000000E+00
   9.746050496899999E-01   3.554290385800000E+00   3.225474699900000E-01   1.115182612400000E+00   5.230995822500000E-01   0.000000000000000E+00   0.000000000000000E+00   0.000000000000000E+00   0.000000000000000E+00
   9.752886238400000E-01   3.554567776700000E+00   3.225483824700000E-01   1.094670177000000E+00   5.744786622100000E-01   0.000000000000000E+00   0.000000000000000E+00   0.000000000000000E+00   0.000000000000000E+00
   9.759721980000000E-01   3.554424930400000E+00   3.225479125800000E-01   1.105233281700000E+00   5.480204637600000E-01   0.000000000000000E+00   0.000000000000000E+00   0.000000000000000E+00   0.000000000000000E+00
   9.766557721500000E-01   3.554567739800000E+00   3.225483823500000E-01   1.094672954800000E+00   5.744716864600000E-01   0.000000000000000E+00   0.000000000000000E+00   0.000000000000000E+00   0.000000000000000E+00
   9.773393463100000E-01   3.554290622200000E+00   3.225474707600000E-01   1.115164834500000E+00   5.231442271100000E-01   0.000000000000000E+00   0.000000000000000E+00   0.000000000000000E+00   0.000000000000000E+00
   9.778553858800000E-01   3.554567703300000E+00   3.225483822300000E-01   1.094675697800000E+00   5.744647978500000E-01   0.000000000000000E+00   0.000000000000000E+00   0.000000000000000E+00   0.000000000000000E+00
   9.783714254600000E-01   3.554425033400000E+00   3.225479129100000E-01   1.105225537900000E+00   5.480399113300000E-01   0.000000000000000E+00   0.000000000000000E+00   0.000000000000000E+00   0.000000000000000E+00
   9.788874650300000E-01   3.554567654500000E+00   3.225483820700000E-01   1.094679372400000E+00   5.744555691800000E-01   0.000000000000000E+00   0.000000000000000E+00   0.000000000000000E+00   0.000000000000000E+00
   9.794035046100000E-01   3.554290934800000E+00   3.225474717800000E-01   1.115141317100000E+00   5.232032906700000E-01   0.000000000000000E+00   0.000000000000000E+00   0.000000000000000E+00   0.000000000000000E+00
   9.798053020100000E-01   3.554567607100000E+00   3.225483819200000E-01   1.094682937400000E+00   5.744466153800000E-01   0.000000000000000E+00   0.000000000000000E+00   0.000000000000000E+00   0.000000000000000E+00
   9.802070994199999E-01   3.554425167100000E+00   3.225479133500000E-01   1.105215473700000E+00   5.480651887000000E-01   0.000000000000000E+00   0.000000000000000E+00   0.000000000000000E+00   0.000000000000000E+00
   9.806088968200000E-01   3.554567544500000E+00   3.225483817200000E-01   1.094687648400000E+00   5.744347824100000E-01   0.000000000000000E+00   0.000000000000000E+00   0.000000000000000E+00   0.000000000000000E+00
   9.810106942300000E-01   3.554291335300000E+00   3.225474730900000E-01   1.115111166700000E+00   5.232790217800000E-01   0.000000000000000E+00   0.000000000000000E+00   0.000000000000000E+00   0.000000000000000E+00
   9.813537924200000E-01   3.554567486800000E+00   3.225483815300000E-01   1.094691991200000E+00   5.744238734600000E-01   0.000000000000000E+00   0.000000000000000E+00   0.000000000000000E+00   0.000000000000000E+00
   9.816968906100000E-01   3.554425329900000E+00   3.225479138800000E-01   1.105203213200000E+00   5.480959867400000E-01   0.000000000000000E+00   0.000000000000000E+00   0.000000000000000E+00   0.000000000000000E+00
   9.820399888100000E-01   3.554567413700000E+00   3.225483812900000E-01   1.094697496200000E+00   5.744100440800000E-01   0.000000000000000E+00   0.000000000000000E+00   0.000000000000000E+00   0.000000000000000E+00
   9.823830870000000E-01   3.554291802900000E+00   3.225474746100000E-01   1.115075934900000E+00   5.233675300100000E-01   0.000000000000000E+00   0.000000000000000E+00   0.000000000000000E+00   0.000000000000000E+00
   9.828918534300000E-01   3.554567361900000E+00   3.225483811200000E-01   1.094701408400000E+00   5.744002150700001E-01   0.000000000000000E+00   0.000000000000000E+00   0.000000000000000E+00   0.000000000000000E+00
   9.834006198500000E-01   3.554425476400000E+00   3.225479143500000E-01   1.105192163900000E+00   5.481237465900000E-01   0.000000000000000E+00   0.000000000000000E+00   0.000000000000000E+00   0.000000000000000E+00
   9.839093862800000E-01   3.554567312800000E+00   3.225483809600000E-01   1.094705113500000E+00   5.743909059200000E-01   0.000000000000000E+00   0.000000000000000E+00   0.000000000000000E+00   0.000000000000000E+00
   9.844181527100000E-01   3.554292117200000E+00   3.225474756300000E-01   1.115052222300000E+00   5.234271086500000E-01   0.000000000000000E+00   0.000000000000000E+00   0.000000000000000E+00   0.000000000000000E+00
   9.847906873100000E-01   3.554567263400000E+00   3.225483808000000E-01   1.094708836100000E+00   5.743815521900000E-01   0.000000000000000E+00   0.000000000000000E+00   0.000000000000000E+00   0.000000000000000E+00
   9.851632219200001E-01   3.554425615700000E+00   3.225479148100000E-01   1.105181655200000E+00   5.481501517800000E-01   0.000000000000000E+00   0.000000000000000E+00   0.000000000000000E+00   0.000000000000000E+00
   9.855357565200000E-01   3.554567196500000E+00   3.225483805800000E-01   1.094713886600000E+00   5.743688608800001E-01   0.000000000000000E+00   0.000000000000000E+00   0.000000000000000E+00   0.000000000000000E+00
   9.859082911200000E-01   3.554292545400000E+00   3.225474770200000E-01   1.115019899400000E+00   5.235083332100000E-01   0.000000000000000E+00   0.000000000000000E+00   0.000000000000000E+00   0.000000000000000E+00
   9.864002832200000E-01   3.554567146700000E+00   3.225483804200000E-01   1.094717653800000E+00   5.743593932900000E-01   0.000000000000000E+00   0.000000000000000E+00   0.000000000000000E+00   0.000000000000000E+00
   9.868922753100000E-01   3.554425756500000E+00   3.225479152700000E-01   1.105171016300000E+00   5.481768886500000E-01   0.000000000000000E+00   0.000000000000000E+00   0.000000000000000E+00   0.000000000000000E+00
   9.873842674000000E-01   3.554567096200000E+00   3.225483802600000E-01   1.094721470600000E+00   5.743498003700001E-01   0.000000000000000E+00   0.000000000000000E+00   0.000000000000000E+00   0.000000000000000E+00
   9.878762594900000E-01   3.554292868500000E+00   3.225474780700000E-01   1.114995471600000E+00   5.235697279600000E-01   0.000000000000000E+00   0.000000000000000E+00   0.000000000000000E+00   0.000000000000000E+00
   9.881711151400000E-01   3.554567039000000E+00   3.225483800700000E-01   1.094725796900000E+00   5.743389265900000E-01   0.000000000000000E+00   0.000000000000000E+00   0.000000000000000E+00   0.000000000000000E+00
   9.884659708000000E-01   3.554425918000000E+00   3.225479157900000E-01   1.105158806000000E+00   5.482075793700000E-01   0.000000000000000E+00   0.000000000000000E+00   0.000000000000000E+00   0.000000000000000E+00
   9.887608264500000E-01   3.554566954900000E+00   3.225483798000000E-01   1.094732151600000E+00   5.743229523500000E-01   0.000000000000000E+00   0.000000000000000E+00   0.000000000000000E+00   0.000000000000000E+00
   9.890556821000001E-01   3.554293405900000E+00   3.225474798200000E-01   1.114954801600000E+00   5.236719633900000E-01   0.000000000000000E+00   0.000000000000000E+00   0.000000000000000E+00   0.000000000000000E+00
   9.893236098400000E-01   3.554566880200000E+00   3.225483795500000E-01   1.094737816900000E+00   5.743087091400000E-01   0.000000000000000E+00   0.000000000000000E+00   0.000000000000000E+00   0.000000000000000E+00
   9.895915375700000E-01   3.554426129200000E+00   3.225479164800000E-01   1.105142811400000E+00   5.482477916100000E-01   0.000000000000000E+00   0.000000000000000E+00   0.000000000000000E+00   0.000000000000000E+00
   9.898594653000000E-01   3.554566788100000E+00   3.225483792500000E-01   1.094744789900000E+00   5.742911759900000E-01   0.000000000000000E+00   0.000000000000000E+00   0.000000000000000E+00   0.000000000000000E+00
   9.901273930300000E-01   3.554293994600000E+00   3.225474817300000E-01   1.114910174600000E+00   5.237841759900000E-01   0.000000000000000E+00   0.000000000000000E+00   0.000000000000000E+00   0.000000000000000E+00
   9.903834179000000E-01   3.554566708400000E+00   3.225483790000000E-01   1.094750845600000E+00   5.742759470500000E-01   0.000000000000000E+00   0.000000000000000E+00   0.000000000000000E+00   0.000000000000000E+00
   9.906394427600000E-01   3.554426354500000E+00   3.225479172100000E-01   1.105125713900000E+00   5.482907888300000E-01   0.000000000000000E+00   0.000000000000000E+00   0.000000000000000E+00   0.000000000000000E+00
   9.908954676300000E-01   3.554566612500000E+00   3.225483786800000E-01   1.094758119800000E+00   5.742576507300000E-01   0.000000000000000E+00   0.000000000000000E+00   0.000000000000000E+00   0.000000000000000E+00
   9.911514925000000E-01   3.554294607500000E+00   3.225474837200000E-01   1.114863619500000E+00   5.239012728300000E-01   0.000000000000000E+00   0.000000000000000E+00   0.000000000000000E+00   0.000000000000000E+00
   9.914056540200000E-01   3.554566531100000E+00   3.225483784200000E-01   1.094764315600000E+00   5.742420643000000E-01   0.000000000000000E+00   0.000000000000000E+00   0.000000000000000E+00   0.000000000000000E+00
   9.916598155400000E-01   3.554426584600000E+00   3.225479179500000E-01   1.105108220100000E+00   5.483347971500000E-01   0.000000000000000E+00   0.000000000000000E+00   0.000000000000000E+00   0.000000000000000E+00
   9.919139770600000E-01   3.554566435100000E+00   3.225483781100000E-01   1.094771619400000E+00   5.742236873100000E-01   0.000000000000000E+00   0.000000000000000E+00   0.000000000000000E+00   0.000000000000000E+00
   9.921681385800000E-01   3.554295221400000E+00   3.225474857100000E-01   1.114816875200000E+00   5.240188861200000E-01   0.000000000000000E+00   0.000000000000000E+00   0.000000000000000E+00   0.000000000000000E+00
   9.923575122800000E-01   3.554566339900000E+00   3.225483778000000E-01   1.094778879300000E+00   5.742054177000000E-01   0.000000000000000E+00   0.000000000000000E+00   0.000000000000000E+00   0.000000000000000E+00
   9.925468859800000E-01   3.554426853400000E+00   3.225479188200000E-01   1.105087730200000E+00   5.483863625600000E-01   0.000000000000000E+00   0.000000000000000E+00   0.000000000000000E+00   0.000000000000000E+00
   9.927362596800000E-01   3.554566211800000E+00   3.225483773900000E-01   1.094788644300000E+00   5.741808374900000E-01   0.000000000000000E+00   0.000000000000000E+00   0.000000000000000E+00   0.000000000000000E+00
   9.929256333800000E-01   3.554296039800000E+00   3.225474883500000E-01   1.114754379700000E+00   5.241762005900000E-01   0.000000000000000E+00   0.000000000000000E+00   0.000000000000000E+00   0.000000000000000E+00
   9.930789227000000E-01   3.554566090900000E+00   3.225483770000000E-01   1.094797902800000E+00   5.741575260800000E-01   0.000000000000000E+00   0.000000000000000E+00   0.000000000000000E+00   0.000000000000000E+00
   9.932322120100000E-01   3.554427195000000E+00   3.225479199200000E-01   1.105061598700000E+00   5.484521602500000E-01   0.000000000000000E+00   0.000000000000000E+00   0.000000000000000E+00   0.000000000000000E+00
   9.933855013300000E-01   3.554565934000000E+00   3.225483764900000E-01   1.094809906700000E+00   5.741272913100000E-01   0.000000000000000E+00   0.000000000000000E+00   0.000000000000000E+00   0.000000000000000E+00
   9.935387906399999E-01   3.554297041900000E+00   3.225474915800000E-01   1.114677555400000E+00   5.243697050800000E-01   0.000000000000000E+00   0.000000000000000E+00   0.000000000000000E+00   0.000000000000000E+00
   9.937011667600000E-01   3.554565805700000E+00   3.225483760800000E-01   1.094819796300000E+00   5.741023715400000E-01   0.000000000000000E+00   0.000000000000000E+00   0.000000000000000E+00   0.000000000000000E+00
   9.938635428700000E-01   3.554427558400000E+00   3.225479210900000E-01   1.105033671700000E+00   5.485225288400000E-01   0.000000000000000E+00   0.000000000000000E+00   0.000000000000000E+00   0.000000000000000E+00
   9.940259189900000E-01   3.554565659100000E+00   3.225483756000000E-01   1.094831067400000E+00   5.740739608300000E-01   0.000000000000000E+00   0.000000000000000E+00   0.000000000000000E+00   0.000000000000000E+00
   9.941882951100000E-01   3.554297978100000E+00   3.225474946000000E-01   1.114605421400000E+00   5.245515352900000E-01   0.000000000000000E+00   0.000000000000000E+00   0.000000000000000E+00   0.000000000000000E+00
   9.943877100000000E-01   3.554565547300000E+00   3.225483752500000E-01   1.094839733200000E+00   5.740521069300000E-01   0.000000000000000E+00   0.000000000000000E+00   0.000000000000000E+00   0.000000000000000E+00
   9.945871248900000E-01   3.554427875200000E+00   3.225479221100000E-01   1.105009194200000E+00   5.485842531400000E-01   0.000000000000000E+00   0.000000000000000E+00   0.000000000000000E+00   0.000000000000000E+00
   9.947865397800000E-01   3.554565429200000E+00   3.225483748700000E-01   1.094848866600000E+00   5.740290668700000E-01   0.000000000000000E+00   0.000000000000000E+00   0.000000000000000E+00   0.000000000000000E+00
   9.949859546800000E-01   3.554298732700000E+00   3.225474970200000E-01   1.114546968200000E+00   5.246989926900000E-01   0.000000000000000E+00   0.000000000000000E+00   0.000000000000000E+00   0.000000000000000E+00
   9.951617908400000E-01   3.554565322900000E+00   3.225483745300000E-01   1.094857133300000E+00   5.740082054700000E-01   0.000000000000000E+00   0.000000000000000E+00   0.000000000000000E+00   0.000000000000000E+00
   9.953376270099999E-01   3.554428175700000E+00   3.225479230800000E-01   1.104985858100000E+00   5.486431451000000E-01   0.000000000000000E+00   0.000000000000000E+00   0.000000000000000E+00   0.000000000000000E+00
   9.955134631700000E-01   3.554565190300000E+00   3.225483741000000E-01   1.094867443000000E+00   5.739821767100000E-01   0.000000000000000E+00   0.000000000000000E+00   0.000000000000000E+00   0.000000000000000E+00
   9.956892993399999E-01   3.554299579400000E+00   3.225474997200000E-01   1.114480986900000E+00   5.248655784000000E-01   0.000000000000000E+00   0.000000000000000E+00   0.000000000000000E+00   0.000000000000000E+00
   9.957960513300000E-01   3.554565042100000E+00   3.225483736300000E-01   1.094879020000000E+00   5.739529374300000E-01   0.000000000000000E+00   0.000000000000000E+00   0.000000000000000E+00   0.000000000000000E+00
   9.959028033200000E-01   3.554428593200000E+00   3.225479244100000E-01   1.104953210100000E+00   5.487256211800000E-01   0.000000000000000E+00   0.000000000000000E+00   0.000000000000000E+00   0.000000000000000E+00
   9.960095553000000E-01   3.554564826800000E+00   3.225483729400000E-01   1.094895888300000E+00   5.739102952900000E-01   0.000000000000000E+00   0.000000000000000E+00   0.000000000000000E+00   0.000000000000000E+00
   9.961163072900000E-01   3.554300953400000E+00   3.225475040900000E-01   1.114373033300000E+00   5.251384942000000E-01   0.000000000000000E+00   0.000000000000000E+00   0.000000000000000E+00   0.000000000000000E+00
   9.962365484400000E-01   3.554564657100000E+00   3.225483724000000E-01   1.094909361600000E+00   5.738762006400000E-01   0.000000000000000E+00   0.000000000000000E+00   0.000000000000000E+00   0.000000000000000E+00
   9.963567895800000E-01   3.554429074600000E+00   3.225479259300000E-01   1.104915153800000E+00   5.488219152800000E-01   0.000000000000000E+00   0.000000000000000E+00   0.000000000000000E+00   0.000000000000000E+00
   9.964770307200000E-01   3.554564469900000E+00   3.225483718100000E-01   1.094924216900000E+00   5.738385782600000E-01   0.000000000000000E+00   0.000000000000000E+00   0.000000000000000E+00   0.000000000000000E+00
   9.965972718600000E-01   3.554302147800000E+00   3.225475078600000E-01   1.114277963000000E+00   5.253792824600000E-01   0.000000000000000E+00   0.000000000000000E+00   0.000000000000000E+00   0.000000000000000E+00
   9.966986563600000E-01   3.554564298600000E+00   3.225483712700000E-01   1.094937968000000E+00   5.738037187100000E-01   0.000000000000000E+00   0.000000000000000E+00   0.000000000000000E+00   0.000000000000000E+00
   9.968000408500000E-01   3.554429558700000E+00   3.225479274500000E-01   1.104876348200000E+00   5.489203025200000E-01   0.000000000000000E+00   0.000000000000000E+00   0.000000000000000E+00   0.000000000000000E+00
   9.969014253500000E-01   3.554564081700000E+00   3.225483705900000E-01   1.094955435600000E+00   5.737593804600000E-01   0.000000000000000E+00   0.000000000000000E+00   0.000000000000000E+00   0.000000000000000E+00
   9.970028098500000E-01   3.554303529800000E+00   3.225475121800000E-01   1.114166176300000E+00   5.256630562700000E-01   0.000000000000000E+00   0.000000000000000E+00   0.000000000000000E+00   0.000000000000000E+00
   9.970789372300000E-01   3.554563870900000E+00   3.225483699400000E-01   1.094972673500000E+00   5.737155688400000E-01   0.000000000000000E+00   0.000000000000000E+00   0.000000000000000E+00   0.000000000000000E+00
   9.971550646100000E-01   3.554430153000000E+00   3.225479293000000E-01   1.104827735600000E+00   5.490439033400000E-01   0.000000000000000E+00   0.000000000000000E+00   0.000000000000000E+00   0.000000000000000E+00
   9.972311920000000E-01   3.554563592100000E+00   3.225483690700000E-01   1.094995674100000E+00   5.736569806400000E-01   0.000000000000000E+00   0.000000000000000E+00   0.000000000000000E+00   0.000000000000000E+00
   9.973073193799999E-01   3.554305304200000E+00   3.225475176400000E-01   1.114018988000000E+00   5.260380422900000E-01   0.000000000000000E+00   0.000000000000000E+00   0.000000000000000E+00   0.000000000000000E+00
   9.973784782500000E-01   3.554563355000000E+00   3.225483683500000E-01   1.095015772800000E+00   5.736056580600000E-01   0.000000000000000E+00   0.000000000000000E+00   0.000000000000000E+00   0.000000000000000E+00
   9.974496371300000E-01   3.554430824500000E+00   3.225479313400000E-01   1.104771008200000E+00   5.491887838900000E-01   0.000000000000000E+00   0.000000000000000E+00   0.000000000000000E+00   0.000000000000000E+00
   9.975207960000000E-01   3.554563072400000E+00   3.225483675000000E-01   1.095040029200000E+00   5.735435343000000E-01   0.000000000000000E+00   0.000000000000000E+00   0.000000000000000E+00   0.000000000000000E+00
   9.975919548800000E-01   3.554307100600000E+00   3.225475230300000E-01   1.113863770500000E+00   5.264356652200000E-01   0.000000000000000E+00   0.000000000000000E+00   0.000000000000000E+00   0.000000000000000E+00
   9.976567482299999E-01   3.554562831300000E+00   3.225483667900000E-01   1.095061495300000E+00   5.734883681200000E-01   0.000000000000000E+00   0.000000000000000E+00   0.000000000000000E+00   0.000000000000000E+00
   9.977215415900000E-01   3.554431506500000E+00   3.225479333400000E-01   1.104710438100000E+00   5.493445020800000E-01   0.000000000000000E+00   0.000000000000000E+00   0.000000000000000E+00   0.000000000000000E+00
   9.977863349500000E-01   3.554562544500000E+00   3.225483659600000E-01   1.095087685400000E+00   5.734207592200000E-01   0.000000000000000E+00   0.000000000000000E+00   0.000000000000000E+00   0.000000000000000E+00
   9.978511283100000E-01   3.554308922200000E+00   3.225475282500000E-01   1.113696193200000E+00   5.268684109200000E-01   0.000000000000000E+00   0.000000000000000E+00   0.000000000000000E+00   0.000000000000000E+00
   9.979240898400000E-01   3.554562329700000E+00   3.225483653700000E-01   1.095108486700000E+00   5.733667584300000E-01   0.000000000000000E+00   0.000000000000000E+00   0.000000000000000E+00   0.000000000000000E+00
   9.979970513800001E-01   3.554432119800000E+00   3.225479350500000E-01   1.104651660900000E+00   5.494970371900000E-01   0.000000000000000E+00   0.000000000000000E+00   0.000000000000000E+00   0.000000000000000E+00
   9.980700129200000E-01   3.554562101400000E+00   3.225483647600000E-01   1.095131308900000E+00   5.733072094000000E-01   0.000000000000000E+00   0.000000000000000E+00   0.000000000000000E+00   0.000000000000000E+00
   9.981429744600000E-01   3.554310369600000E+00   3.225475321000000E-01   1.113550168600000E+00   5.272495688800000E-01   0.000000000000000E+00   0.000000000000000E+00   0.000000000000000E+00   0.000000000000000E+00
   9.982061900100000E-01   3.554561907600000E+00   3.225483642700000E-01   1.095152011100000E+00   5.732528703999999E-01   0.000000000000000E+00   0.000000000000000E+00   0.000000000000000E+00   0.000000000000000E+00
   9.982694055700000E-01   3.554432664100000E+00   3.225479364100000E-01   1.104593284800000E+00   5.496504140000000E-01   0.000000000000000E+00   0.000000000000000E+00   0.000000000000000E+00   0.000000000000000E+00
   9.983326211300000E-01   3.554561683600000E+00   3.225483637500000E-01   1.095177780400000E+00   5.731846424800000E-01   0.000000000000000E+00   0.000000000000000E+00   0.000000000000000E+00   0.000000000000000E+00
   9.983958366900000E-01   3.554311782500000E+00   3.225475353300000E-01   1.113385321500000E+00   5.276863129600000E-01   0.000000000000000E+00   0.000000000000000E+00   0.000000000000000E+00   0.000000000000000E+00
   9.984421123300000E-01   3.554561484000000E+00   3.225483633500000E-01   1.095203402500000E+00   5.731162326900000E-01   0.000000000000000E+00   0.000000000000000E+00   0.000000000000000E+00   0.000000000000000E+00
   9.984883879599999E-01   3.554433210000000E+00   3.225479374700000E-01   1.104521243800000E+00   5.498434323100000E-01   0.000000000000000E+00   0.000000000000000E+00   0.000000000000000E+00   0.000000000000000E+00
   9.985346636000000E-01   3.554561275400000E+00   3.225483631000000E-01   1.095237445000000E+00   5.730237072700000E-01   0.000000000000000E+00   0.000000000000000E+00   0.000000000000000E+00   0.000000000000000E+00
   9.985809392400000E-01   3.554313122400000E+00   3.225475369900000E-01   1.113167698000000E+00   5.282787398600000E-01   0.000000000000000E+00   0.000000000000000E+00   0.000000000000000E+00   0.000000000000000E+00
   9.986255127800000E-01   3.554561192200000E+00   3.225483634000000E-01   1.095266235900000E+00   5.729437541400000E-01   0.000000000000000E+00   0.000000000000000E+00   0.000000000000000E+00   0.000000000000000E+00
   9.986700863100000E-01   3.554433651400000E+00   3.225479379100000E-01   1.104439985600000E+00   5.500691241500000E-01   0.000000000000000E+00   0.000000000000000E+00   0.000000000000000E+00   0.000000000000000E+00
   9.987146598500000E-01   3.554561359000000E+00   3.225483652900000E-01   1.095299676800000E+00   5.728479898700000E-01   0.000000000000000E+00   0.000000000000000E+00   0.000000000000000E+00   0.000000000000000E+00
   9.987592333899999E-01   3.554314065600000E+00   3.225475375100000E-01   1.112953235600000E+00   5.288910017900000E-01   0.000000000000000E+00   0.000000000000000E+00   0.000000000000000E+00   0.000000000000000E+00
   9.988020102400000E-01   3.554562760000000E+00   3.225483746100000E-01   1.095327206100000E+00   5.727642277400000E-01   0.000000000000000E+00   0.000000000000000E+00   0.000000000000000E+00   0.000000000000000E+00
   9.988447870800000E-01   3.554437193100000E+00   3.225479583300000E-01   1.104359183100000E+00   5.503017220300001E-01   0.000000000000000E+00   0.000000000000000E+00   0.000000000000000E+00   0.000000000000000E+00
   9.988875639300000E-01   3.554570382400000E+00   3.225484225900000E-01   1.095356247700000E+00   5.726602966300000E-01   0.000000000000000E+00   0.000000000000000E+00   0.000000000000000E+00   0.000000000000000E+00
   9.989303407700000E-01   3.554333549000000E+00   3.225476558900000E-01   1.112738263700000E+00   5.295202434900000E-01   0.000000000000000E+00   0.000000000000000E+00   0.000000000000000E+00   0.000000000000000E+00
   9.989649024600000E-01   3.554605628100000E+00   3.225486424000000E-01   1.095370185500000E+00   5.725460314300000E-01   0.000000000000000E+00   0.000000000000000E+00   0.000000000000000E+00   0.000000000000000E+00
   9.989994641500000E-01   3.554520536900000E+00   3.225484771000000E-01   1.104240946500000E+00   5.505266275200000E-01   0.000000000000000E+00   0.000000000000000E+00   0.000000000000000E+00   0.000000000000000E+00
   9.990340258500000E-01   3.554740374900000E+00   3.225494816300000E-01   1.095346103800000E+00   5.723482526900000E-01   0.000000000000000E+00   0.000000000000000E+00   0.000000000000000E+00   0.000000000000000E+00
   9.990685875400001E-01   3.554665610200000E+00   3.225497267500000E-01   1.112371909800000E+00   5.301463240500000E-01   0.000000000000000E+00   0.000000000000000E+00   0.000000000000000E+00   0.000000000000000E+00
   9.990934813400000E-01   3.555160841400000E+00   3.225521004700000E-01   1.095194275400000E+00   5.719934507700000E-01   0.000000000000000E+00   0.000000000000000E+00   0.000000000000000E+00   0.000000000000000E+00
   9.991183751400000E-01   3.555417238800000E+00   3.225540673500000E-01   1.103762753000000E+00   5.504122041600000E-01   0.000000000000000E+00   0.000000000000000E+00   0.000000000000000E+00   0.000000000000000E+00
   9.991432689400001E-01   3.556206144700000E+00   3.225586112900000E-01   1.094770284400000E+00   5.712493193200000E-01   0.000000000000000E+00   0.000000000000000E+00   0.000000000000000E+00   0.000000000000000E+00
   9.991681627400000E-01   3.557001985600000E+00   3.225643092300000E-01   1.111151329900000E+00   5.300769983500000E-01   0.000000000000000E+00   0.000000000000000E+00   0.000000000000000E+00   0.000000000000000E+00
   9.991937553300000E-01   3.559140012100000E+00   3.225768976600000E-01   1.093505169400000E+00   5.695164971500000E-01   0.000000000000000E+00   0.000000000000000E+00   0.000000000000000E+00   0.000000000000000E+00
   9.992193479200000E-01   3.562076711900000E+00   3.225956112100000E-01   1.100821336300000E+00   5.473185984000000E-01   0.000000000000000E+00   0.000000000000000E+00   0.000000000000000E+00   0.000000000000000E+00
   9.992449405000000E-01   3.567399738900000E+00   3.226284502800000E-01   1.089922681300000E+00   5.649318870700000E-01   0.000000000000000E+00   0.000000000000000E+00   0.000000000000000E+00   0.000000000000000E+00
   9.992705330900000E-01   3.575647412200000E+00   3.226808574300000E-01   1.103126023000000E+00   5.215618277600000E-01   0.000000000000000E+00   0.000000000000000E+00   0.000000000000000E+00   0.000000000000000E+00
   9.993051173900001E-01   3.596960922000000E+00   3.228139513200000E-01   1.077357091400000E+00   5.495509855600000E-01   0.000000000000000E+00   0.000000000000000E+00   0.000000000000000E+00   0.000000000000000E+00
   9.993397017000000E-01   3.636915656300000E+00   3.230668166700000E-01   1.069674481900000E+00   5.102002247800000E-01   0.000000000000000E+00   0.000000000000000E+00   0.000000000000000E+00   0.000000000000000E+00
   9.993742860100000E-01   3.710243200600000E+00   3.235359822400000E-01   1.032802614800000E+00   4.969714132600000E-01   0.000000000000000E+00   0.000000000000000E+00   0.000000000000000E+00   0.000000000000000E+00
   9.994088703100000E-01   3.833316959800000E+00   3.243439694600000E-01   1.006598391500000E+00   4.108642538400000E-01   0.000000000000000E+00   0.000000000000000E+00   0.000000000000000E+00   0.000000000000000E+00
   9.994335347300000E-01   3.961024441500000E+00   3.252053121200000E-01   9.502002215000001E-01   4.063020228500000E-01   0.000000000000000E+00   0.000000000000000E+00   0.000000000000000E+00   0.000000000000000E+00
   9.994581991600000E-01   4.123444462500000E+00   3.263413317000000E-01   9.144147678500000E-01   3.420870450400000E-01   0.000000000000000E+00   0.000000000000000E+00   0.000000000000000E+00   0.000000000000000E+00
   9.994828635800000E-01   4.319272853700000E+00   3.277703710000000E-01   8.590914246800000E-01   3.165716257900000E-01   0.000000000000000E+00   0.000000000000000E+00   0.000000000000000E+00   0.000000000000000E+00
   9.995075280000000E-01   4.542042321600000E+00   3.294842462800000E-01   8.305383955400000E-01   2.396980860100000E-01   0.000000000000000E+00   0.000000000000000E+00   0.000000000000000E+00   0.000000000000000E+00
   9.995231445600000E-01   4.694252857100000E+00   3.307103259700000E-01   7.860256696100000E-01   2.525295011800000E-01   0.000000000000000E+00   0.000000000000000E+00   0.000000000000000E+00   0.000000000000000E+00
   9.995387611200000E-01   4.851786010100000E+00   3.320341140600000E-01   7.689281994000000E-01   2.134533292300000E-01   0.000000000000000E+00   0.000000000000000E+00   0.000000000000000E+00   0.000000000000000E+00
   9.995543776900000E-01   5.013455161700000E+00   3.334508754200000E-01   7.358775315000000E-01   2.126344762600000E-01   0.000000000000000E+00   0.000000000000000E+00   0.000000000000000E+00   0.000000000000000E+00
   9.995699942500000E-01   5.176668412700000E+00   3.349499360500000E-01   7.304802759800000E-01   1.617928245300000E-01   0.000000000000000E+00   0.000000000000000E+00   0.000000000000000E+00   0.000000000000000E+00
   9.995873440300000E-01   5.359046945200000E+00   3.367070141900000E-01   6.904310782800001E-01   1.795004438900000E-01   0.000000000000000E+00   0.000000000000000E+00   0.000000000000000E+00   0.000000000000000E+00
   9.996046938199999E-01   5.539595787800000E+00   3.385468861800000E-01   6.782989081400000E-01   1.480543236500000E-01   0.000000000000000E+00   0.000000000000000E+00   0.000000000000000E+00   0.000000000000000E+00
   9.996220436000000E-01   5.717607884600000E+00   3.404636878400000E-01   6.503906445800000E-01   1.526746175100000E-01   0.000000000000000E+00   0.000000000000000E+00   0.000000000000000E+00   0.000000000000000E+00
   9.996393933900000E-01   5.891144930200000E+00   3.424467556500000E-01   6.500398017000000E-01   1.091830070800000E-01   0.000000000000000E+00   0.000000000000000E+00   0.000000000000000E+00   0.000000000000000E+00
   9.996575339600000E-01   6.067928085300000E+00   3.445874512400000E-01   6.164437342100000E-01   1.317376263900000E-01   0.000000000000000E+00   0.000000000000000E+00   0.000000000000000E+00   0.000000000000000E+00
   9.996756745299999E-01   6.238147689100000E+00   3.467860776100000E-01   6.101199784600000E-01   1.065297525600000E-01   0.000000000000000E+00   0.000000000000000E+00   0.000000000000000E+00   0.000000000000000E+00
   9.996938151000000E-01   6.402068736500000E+00   3.490393267300000E-01   5.875909380900000E-01   1.152362047800000E-01   0.000000000000000E+00   0.000000000000000E+00   0.000000000000000E+00   0.000000000000000E+00
   9.997119556800000E-01   6.558667181300000E+00   3.513393440400000E-01   5.917964797200000E-01   7.706917563400000E-02   0.000000000000000E+00   0.000000000000000E+00   0.000000000000000E+00   0.000000000000000E+00
   9.997235746599999E-01   6.655732001000000E+00   3.528373250200000E-01   5.674493782800000E-01   1.044017531700000E-01   0.000000000000000E+00   0.000000000000000E+00   0.000000000000000E+00   0.000000000000000E+00
   9.997351936400000E-01   6.749471194500000E+00   3.543506302600000E-01   5.688459943600001E-01   8.494226489499999E-02   0.000000000000000E+00   0.000000000000000E+00   0.000000000000000E+00   0.000000000000000E+00
   9.997468126200000E-01   6.840604093100000E+00   3.558808017200000E-01   5.535128131500000E-01   9.716107619000000E-02   0.000000000000000E+00   0.000000000000000E+00   0.000000000000000E+00   0.000000000000000E+00
   9.997584316100000E-01   6.928456547900000E+00   3.574244947200000E-01   5.633393361600000E-01   6.418900629300001E-02   0.000000000000000E+00   0.000000000000000E+00   0.000000000000000E+00   0.000000000000000E+00
   9.997708891700000E-01   7.020063429600000E+00   3.590972649000000E-01   5.404328015500000E-01   9.067829682900000E-02   0.000000000000000E+00   0.000000000000000E+00   0.000000000000000E+00   0.000000000000000E+00
   9.997833467300000E-01   7.108054188600000E+00   3.607839015600000E-01   5.424199785600000E-01   7.269950540800001E-02   0.000000000000000E+00   0.000000000000000E+00   0.000000000000000E+00   0.000000000000000E+00
   9.997958043000000E-01   7.193184481600000E+00   3.624859951100000E-01   5.281386761200000E-01   8.480959292500000E-02   0.000000000000000E+00   0.000000000000000E+00   0.000000000000000E+00   0.000000000000000E+00
   9.998082618600000E-01   7.274856439200000E+00   3.642004222400000E-01   5.381962221900000E-01   5.380227117400000E-02   0.000000000000000E+00   0.000000000000000E+00   0.000000000000000E+00   0.000000000000000E+00
   9.998184656900000E-01   7.340002636600000E+00   3.656160597100000E-01   5.179020554500000E-01   8.009483473700001E-02   0.000000000000000E+00   0.000000000000000E+00   0.000000000000000E+00   0.000000000000000E+00
   9.998286695200000E-01   7.402801507600000E+00   3.670386790500000E-01   5.215299252300000E-01   6.390170000100000E-02   0.000000000000000E+00   0.000000000000000E+00   0.000000000000000E+00   0.000000000000000E+00
   9.998388733400000E-01   7.463961430800000E+00   3.684702535200000E-01   5.093542711200000E-01   7.622122591100000E-02   0.000000000000000E+00   0.000000000000000E+00   0.000000000000000E+00   0.000000000000000E+00
   9.998490771700000E-01   7.522888942800000E+00   3.699082344200000E-01   5.204180976700000E-01   4.757249929500000E-02   0.000000000000000E+00   0.000000000000000E+00   0.000000000000000E+00   0.000000000000000E+00
   9.998578871600000E-01   7.572779727700000E+00   3.711573844300000E-01   5.018847803299999E-01   7.293330622999999E-02   0.000000000000000E+00   0.000000000000000E+00   0.000000000000000E+00   0.000000000000000E+00
   9.998666971400000E-01   7.620984521600000E+00   3.724105868000000E-01   5.061798489000000E-01   5.806133830900000E-02   0.000000000000000E+00   0.000000000000000E+00   0.000000000000000E+00   0.000000000000000E+00
   9.998755071200000E-01   7.668164147300000E+00   3.736698593500000E-01   4.953524606600000E-01   7.007261859400001E-02   0.000000000000000E+00   0.000000000000000E+00   0.000000000000000E+00   0.000000000000000E+00
   9.998843171100000E-01   7.713741002000000E+00   3.749329317300000E-01   5.065663864300000E-01   4.345829028000000E-02   0.000000000000000E+00   0.000000000000000E+00   0.000000000000000E+00   0.000000000000000E+00
   9.998903515000001E-01   7.744655120700000E+00   3.758022718900000E-01   4.901277887000000E-01   6.778766840200000E-02   0.000000000000000E+00   0.000000000000000E+00   0.000000000000000E+00   0.000000000000000E+00
   9.998963858800000E-01   7.774659132100000E+00   3.766726394800000E-01   4.951987545100000E-01   5.438192967500000E-02   0.000000000000000E+00   0.000000000000000E+00   0.000000000000000E+00   0.000000000000000E+00
   9.999024202700000E-01   7.804351182900000E+00   3.775460239600000E-01   4.860787869900000E-01   6.592475620700000E-02   0.000000000000000E+00   0.000000000000000E+00   0.000000000000000E+00   0.000000000000000E+00
   9.999084546600000E-01   7.833173070200000E+00   3.784204188100000E-01   4.973597781600000E-01   4.186222502000000E-02   0.000000000000000E+00   0.000000000000000E+00   0.000000000000000E+00   0.000000000000000E+00
   9.999153065100000E-01   7.865729686800000E+00   3.794174504000000E-01   4.818605100300000E-01   6.409998330400000E-02   0.000000000000000E+00   0.000000000000000E+00   0.000000000000000E+00   0.000000000000000E+00
   9.999221583600000E-01   7.897296151400000E+00   3.804160259900000E-01   4.862790003300000E-01   5.166442438000000E-02   0.000000000000000E+00   0.000000000000000E+00   0.000000000000000E+00   0.000000000000000E+00
   9.999290102100000E-01   7.928434005200000E+00   3.814179844400000E-01   4.775174421700000E-01   6.224850588200000E-02   0.000000000000000E+00   0.000000000000000E+00   0.000000000000000E+00   0.000000000000000E+00
   9.999358620600000E-01   7.958628022200000E+00   3.824214439100000E-01   4.877757763400000E-01   3.986100443700000E-02   0.000000000000000E+00   0.000000000000000E+00   0.000000000000000E+00   0.000000000000000E+00
   9.999401158100000E-01   7.977390347500000E+00   3.830468146000000E-01   4.741408295500000E-01   6.075980462100000E-02   0.000000000000000E+00   0.000000000000000E+00   0.000000000000000E+00   0.000000000000000E+00
   9.999443695500000E-01   7.995615269800000E+00   3.836721015900000E-01   4.789267043800000E-01   4.970231323600000E-02   0.000000000000000E+00   0.000000000000000E+00   0.000000000000000E+00   0.000000000000000E+00
   9.999486233000000E-01   8.013807619700000E+00   3.842990234000000E-01   4.716777298500000E-01   5.952739205700000E-02   0.000000000000000E+00   0.000000000000000E+00   0.000000000000000E+00   0.000000000000000E+00
   9.999528770400000E-01   8.031492091500001E+00   3.849259195900000E-01   4.814931882400000E-01   3.984221245500000E-02   0.000000000000000E+00   0.000000000000000E+00   0.000000000000000E+00   0.000000000000000E+00
   9.999563062200000E-01   8.045912420600001E+00   3.854330983600000E-01   4.695023174600000E-01   5.844211384500000E-02   0.000000000000000E+00   0.000000000000000E+00   0.000000000000000E+00   0.000000000000000E+00
   9.999597354000000E-01   8.059919808200000E+00   3.859399478900000E-01   4.738595112000000E-01   4.877865324300000E-02   0.000000000000000E+00   0.000000000000000E+00   0.000000000000000E+00   0.000000000000000E+00
   9.999631645800000E-01   8.073959458999999E+00   3.864479913700000E-01   4.676325001100000E-01   5.741097236100000E-02   0.000000000000000E+00   0.000000000000000E+00   0.000000000000000E+00   0.000000000000000E+00
   9.999665937600000E-01   8.087614203499999E+00   3.869557808100000E-01   4.762691497400000E-01   4.041293876600000E-02   0.000000000000000E+00   0.000000000000000E+00   0.000000000000000E+00   0.000000000000000E+00
   9.999692758199999E-01   8.098477271800000E+00   3.873543080300000E-01   4.660000928600000E-01   5.650379891800000E-02   0.000000000000000E+00   0.000000000000000E+00   0.000000000000000E+00   0.000000000000000E+00
   9.999719578900000E-01   8.109024447600000E+00   3.877523903900000E-01   4.698139205000000E-01   4.831367085800000E-02   0.000000000000000E+00   0.000000000000000E+00   0.000000000000000E+00   0.000000000000000E+00
   9.999746399500000E-01   8.119636630700001E+00   3.881513347800000E-01   4.646318550000000E-01   5.562916188200000E-02   0.000000000000000E+00   0.000000000000000E+00   0.000000000000000E+00   0.000000000000000E+00
   9.999773220200000E-01   8.129961117600001E+00   3.885499215700000E-01   4.719164690000000E-01   4.149690150900000E-02   0.000000000000000E+00   0.000000000000000E+00   0.000000000000000E+00   0.000000000000000E+00
   9.999793098300001E-01   8.137788130700001E+00   3.888463405300000E-01   4.634721931100000E-01   5.486106674000000E-02   0.000000000000000E+00   0.000000000000000E+00   0.000000000000000E+00   0.000000000000000E+00
   9.999812976400000E-01   8.145379055699999E+00   3.891422886400000E-01   4.666446223800000E-01   4.824766350000000E-02   0.000000000000000E+00   0.000000000000000E+00   0.000000000000000E+00   0.000000000000000E+00
   9.999832854400000E-01   8.153044312400000E+00   3.894388308900000E-01   4.625758217000000E-01   5.411811350900000E-02   0.000000000000000E+00   0.000000000000000E+00   0.000000000000000E+00   0.000000000000000E+00
   9.999852732500000E-01   8.160499653400000E+00   3.897349800500000E-01   4.684095568300000E-01   4.308505503300000E-02   0.000000000000000E+00   0.000000000000000E+00   0.000000000000000E+00   0.000000000000000E+00
   9.999866782800000E-01   8.165910923000000E+00   3.899449804400000E-01   4.620358014500000E-01   5.350654270900000E-02   0.000000000000000E+00   0.000000000000000E+00   0.000000000000000E+00   0.000000000000000E+00
   9.999880833200000E-01   8.171140541600000E+00   3.901544915300000E-01   4.647745227800000E-01   4.863437005400000E-02   0.000000000000000E+00   0.000000000000000E+00   0.000000000000000E+00   0.000000000000000E+00
   9.999894883500000E-01   8.176407269700000E+00   3.903642239400000E-01   4.625648301300000E-01   5.309760245400000E-02   0.000000000000000E+00   0.000000000000000E+00   0.000000000000000E+00   0.000000000000000E+00
   9.999908933800000E-01   8.181464103600000E+00   3.905732245100000E-01   4.684627426000000E-01   4.565531346700000E-02   0.000000000000000E+00   0.000000000000000E+00   0.000000000000000E+00   0.000000000000000E+00
   9.999918316500001E-01   8.184865843400001E+00   3.907127688500000E-01   4.663329202600000E-01   5.343627252800000E-02   0.000000000000000E+00   0.000000000000000E+00   0.000000000000000E+00   0.000000000000000E+00
   9.999927699200000E-01   8.188031311800000E+00   3.908512680300000E-01   4.721563652400000E-01   5.110742688500000E-02   0.000000000000000E+00   0.000000000000000E+00   0.000000000000000E+00   0.000000000000000E+00
   9.999937081900000E-01   8.191017382500000E+00   3.909886774500000E-01   4.778494710200000E-01   5.547303812700000E-02   0.000000000000000E+00   0.000000000000000E+00   0.000000000000000E+00   0.000000000000000E+00
   9.999946464500000E-01   8.193501320299999E+00   3.911234323800000E-01   4.941473296000000E-01   5.385404356600000E-02   0.000000000000000E+00   0.000000000000000E+00   0.000000000000000E+00   0.000000000000000E+00
   9.999952044300000E-01   8.194699843400000E+00   3.912018532400000E-01   5.049492654000000E-01   6.115636338200000E-02   0.000000000000000E+00   0.000000000000000E+00   0.000000000000000E+00   0.000000000000000E+00
   9.999957624100000E-01   8.195429289600000E+00   3.912777541900000E-01   5.255255934600001E-01   6.413338016300001E-02   0.000000000000000E+00   0.000000000000000E+00   0.000000000000000E+00   0.000000000000000E+00
   9.999963203900000E-01   8.195545325900000E+00   3.913501693100000E-01   5.545909562800000E-01   7.276645164300000E-02   0.000000000000000E+00   0.000000000000000E+00   0.000000000000000E+00   0.000000000000000E+00
   9.999968783700000E-01   8.194575976699999E+00   3.914166768800000E-01   6.030135365200000E-01   8.306271795700000E-02   0.000000000000000E+00   0.000000000000000E+00   0.000000000000000E+00   0.000000000000000E+00
   9.999971769000000E-01   8.193405820000001E+00   3.914486849600000E-01   6.389250479700000E-01   9.509799366900000E-02   0.000000000000000E+00   0.000000000000000E+00   0.000000000000000E+00   0.000000000000000E+00
   9.999974754299999E-01   8.191500819000000E+00   3.914768284300000E-01   6.887864027000000E-01   1.092147362300000E-01   0.000000000000000E+00   0.000000000000000E+00   0.000000000000000E+00   0.000000000000000E+00
   9.999977739500000E-01   8.188555823800000E+00   3.914995471800000E-01   7.573592312500000E-01   1.315255120300000E-01   0.000000000000000E+00   0.000000000000000E+00   0.000000000000000E+00   0.000000000000000E+00
   9.999980724800001E-01   8.183968318400000E+00   3.915139424500000E-01   8.574856197700000E-01   1.661063725500000E-01   0.000000000000000E+00   0.000000000000000E+00   0.000000000000000E+00   0.000000000000000E+00
   9.999982333500000E-01   8.180480736500000E+00   3.915166535600000E-01   9.309953829500000E-01   1.949487121900000E-01   0.000000000000000E+00   0.000000000000000E+00   0.000000000000000E+00   0.000000000000000E+00
   9.999983942300000E-01   8.175940311300000E+00   3.915142548900000E-01   1.025707941100000E+00   2.342776316900000E-01   0.000000000000000E+00   0.000000000000000E+00   0.000000000000000E+00   0.000000000000000E+00
   9.999985551000000E-01   8.169908468199999E+00   3.915047536600000E-01   1.150638069600000E+00   2.915444343000000E-01   0.000000000000000E+00   0.000000000000000E+00   0.000000000000000E+00   0.000000000000000E+00
   9.999987159700000E-01   8.161641125999999E+00   3.914848440900000E-01   1.321773068100000E+00   3.788396471200000E-01   0.000000000000000E+00   0.000000000000000E+00   0.000000000000000E+00   0.000000000000000E+00
   9.999988103900000E-01   8.155274969400001E+00   3.914662414100000E-01   1.453645372700000E+00   4.535346471600000E-01   0.000000000000000E+00   0.000000000000000E+00   0.000000000000000E+00   0.000000000000000E+00
   9.999989048000000E-01   8.147309831299999E+00   3.914404593800000E-01   1.619010478000000E+00   5.553562630700000E-01   0.000000000000000E+00   0.000000000000000E+00   0.000000000000000E+00   0.000000000000000E+00
   9.999989992100000E-01   8.137118687999999E+00   3.914048381000000E-01   1.830874220900000E+00   6.996940074200000E-01   0.000000000000000E+00   0.000000000000000E+00   0.000000000000000E+00   0.000000000000000E+00
   9.999990936199999E-01   8.123699701800000E+00   3.913551852400000E-01   2.110080197900000E+00   9.124529707400000E-01   0.000000000000000E+00   0.000000000000000E+00   0.000000000000000E+00   0.000000000000000E+00
   9.999991534500000E-01   8.112830144300000E+00   3.913135788400000E-01   2.335838695900000E+00   1.103356322000000E+00   0.000000000000000E+00   0.000000000000000E+00   0.000000000000000E+00   0.000000000000000E+00
   9.999992132800000E-01   8.099405531500000E+00   3.912611569100000E-01   2.613863539300000E+00   1.360258093000000E+00   0.000000000000000E+00   0.000000000000000E+00   0.000000000000000E+00   0.000000000000000E+00
   9.999992731100000E-01   8.082493240200000E+00   3.911941370300000E-01   2.961987575800000E+00   1.716376240000000E+00   0.000000000000000E+00   0.000000000000000E+00   0.000000000000000E+00   0.000000000000000E+00
   9.999993329300000E-01   8.060671386699999E+00   3.911068041200000E-01   3.406969939100000E+00   2.225284502800000E+00   0.000000000000000E+00   0.000000000000000E+00   0.000000000000000E+00   0.000000000000000E+00
   9.999993743100000E-01   8.041608515300000E+00   3.910301367700000E-01   3.791022058600000E+00   2.712708191800000E+00   0.000000000000000E+00   0.000000000000000E+00   0.000000000000000E+00   0.000000000000000E+00
   9.999994156899999E-01   8.018115942200000E+00   3.909354805000000E-01   4.258086560200000E+00   3.363258701300000E+00   0.000000000000000E+00   0.000000000000000E+00   0.000000000000000E+00   0.000000000000000E+00
   9.999994570700000E-01   7.988662476100000E+00   3.908168088500000E-01   4.833145951400000E+00   4.252048137500000E+00   0.000000000000000E+00   0.000000000000000E+00   0.000000000000000E+00   0.000000000000000E+00
   9.999994984400000E-01   7.950999380600000E+00   3.906653247500000E-01   5.551569392700000E+00   5.495434616300000E+00   0.000000000000000E+00   0.000000000000000E+00   0.000000000000000E+00   0.000000000000000E+00
   9.999995307700000E-01   7.913785433300000E+00   3.905160610900000E-01   6.242792989900000E+00   6.831010937200000E+00   0.000000000000000E+00   0.000000000000000E+00   0.000000000000000E+00   0.000000000000000E+00
   9.999995630900000E-01   7.867309146300000E+00   3.903302669200000E-01   7.081574881500000E+00   8.630676016900001E+00   0.000000000000000E+00   0.000000000000000E+00   0.000000000000000E+00   0.000000000000000E+00
   9.999995954100001E-01   7.808347174700000E+00   3.900955159200000E-01   8.107771063800000E+00   1.110421584300000E+01   0.000000000000000E+00   0.000000000000000E+00   0.000000000000000E+00   0.000000000000000E+00
   9.999996277400000E-01   7.732265659200000E+00   3.897940215800000E-01   9.374537455000000E+00   1.456876700000000E+01   0.000000000000000E+00   0.000000000000000E+00   0.000000000000000E+00   0.000000000000000E+00
   9.999996536800000E-01   7.654456343600000E+00   3.894870762900000E-01   1.060855671700000E+01   1.838911967600000E+01   0.000000000000000E+00   0.000000000000000E+00   0.000000000000000E+00   0.000000000000000E+00
   9.999996796200000E-01   7.556683154700000E+00   3.891030252900000E-01   1.208070341400000E+01   2.352832763100000E+01   0.000000000000000E+00   0.000000000000000E+00   0.000000000000000E+00   0.000000000000000E+00
   9.999997055600000E-01   7.432560178500000E+00   3.886176072500000E-01   1.383557084000000E+01   3.052172529100000E+01   0.000000000000000E+00   0.000000000000000E+00   0.000000000000000E+00   0.000000000000000E+00
   9.999997315100000E-01   7.273576773200000E+00   3.879985850600000E-01   1.592045844200000E+01   4.011828600700000E+01   0.000000000000000E+00   0.000000000000000E+00   0.000000000000000E+00   0.000000000000000E+00
   9.999997493100000E-01   7.138720369600000E+00   3.874753728500000E-01   1.756217835100000E+01   4.873337878600000E+01   0.000000000000000E+00   0.000000000000000E+00   0.000000000000000E+00   0.000000000000000E+00
   9.999997671200000E-01   6.978037646100000E+00   3.868537259400000E-01   1.938383712700000E+01   5.947912404600000E+01   0.000000000000000E+00   0.000000000000000E+00   0.000000000000000E+00   0.000000000000000E+00
   9.999997849200000E-01   6.786729942400000E+00   3.861155888600000E-01   2.138167018100000E+01   7.285394815700000E+01   0.000000000000000E+00   0.000000000000000E+00   0.000000000000000E+00   0.000000000000000E+00
   9.999998027300000E-01   6.559705613600000E+00   3.852418417400000E-01   2.353703761100000E+01   8.941390317900000E+01   0.000000000000000E+00   0.000000000000000E+00   0.000000000000000E+00   0.000000000000000E+00
   9.999998227200000E-01   6.256102119000000E+00   3.840761970800000E-01   2.609505832300000E+01   1.125147235100000E+02   0.000000000000000E+00   0.000000000000000E+00   0.000000000000000E+00   0.000000000000000E+00
   9.999998427200000E-01   5.895519863200000E+00   3.826948922800000E-01   2.870231078200000E+01   1.410845608300000E+02   0.000000000000000E+00   0.000000000000000E+00   0.000000000000000E+00   0.000000000000000E+00
   9.999998627100000E-01   5.475664751300000E+00   3.810894984400000E-01   3.121359732800000E+01   1.755070542700000E+02   0.000000000000000E+00   0.000000000000000E+00   0.000000000000000E+00   0.000000000000000E+00
   9.999998827000000E-01   4.999805833000000E+00   3.792725024700000E-01   3.343449795900000E+01   2.155713670300000E+02   0.000000000000000E+00   0.000000000000000E+00   0.000000000000000E+00   0.000000000000000E+00
   9.999998973999999E-01   4.619910473000000E+00   3.778231254100000E-01   3.475999943500000E+01   2.480345410000000E+02   0.000000000000000E+00   0.000000000000000E+00   0.000000000000000E+00   0.000000000000000E+00
   9.999999121000001E-01   4.222063369900000E+00   3.763058202000000E-01   3.573384351800000E+01   2.821949414300000E+02   0.000000000000000E+00   0.000000000000000E+00   0.000000000000000E+00   0.000000000000000E+00
   9.999999268000000E-01   3.815008592000000E+00   3.747534847500000E-01   3.629389262100000E+01   3.169982210200000E+02   0.000000000000000E+00   0.000000000000000E+00   0.000000000000000E+00   0.000000000000000E+00
   9.999999415000000E-01   3.408650801200000E+00   3.732033724700000E-01   3.640359083200000E+01   3.512044519400000E+02   0.000000000000000E+00   0.000000000000000E+00   0.000000000000000E+00   0.000000000000000E+00
   9.999999561200000E-01   3.015039194400000E+00   3.717009228300000E-01   3.606127732800000E+01   3.833491730200000E+02   0.000000000000000E+00   0.000000000000000E+00   0.000000000000000E+00   0.000000000000000E+00
   9.999999707500000E-01   2.641137283800000E+00   3.702722584700000E-01   3.529722861100000E+01   4.124070134900000E+02   0.000000000000000E+00   0.000000000000000E+00   0.000000000000000E+00   0.000000000000000E+00
   9.999999853700000E-01   2.294126686100000E+00   3.689444698000000E-01   3.416555422000000E+01   4.374042817900000E+02   0.000000000000000E+00   0.000000000000000E+00   0.000000000000000E+00   0.000000000000000E+00
   1.000000000000000E+00   1.978880643800000E+00   3.677360098000000E-01   3.273966918100000E+01   4.576683034100000E+02   0.000000000000000E+00   0.000000000000000E+00   0.000000000000000E+00   0.000000000000000E+00
