   0.000000000000000E+00   4.922647856400000E-01   9.999999955900000E-01   1.683909151000000E+00   1.822597575500000E+00   0.000000000000000E+00   0.000000000000000E+00   0.000000000000000E+00   0.000000000000000E+00
   3.711691070300000E-04   6.284107948700000E-01   8.782124926200000E-01   1.591799752400000E+00   1.654308668800000E+00   0.000000000000000E+00   0.000000000000000E+00   0.000000000000000E+00   0.000000000000000E+00
   7.423382140699999E-04   7.822825446000000E-01   7.775447667600000E-01   1.540650624700000E+00   1.449014775100000E+00   0.000000000000000E+00   0.000000000000000E+00   0.000000000000000E+00   0.000000000000000E+00
   1.113507321100000E-03   9.559484287700000E-01   6.939291958200000E-01   1.476333700300000E+00   1.330475350200000E+00   0.000000000000000E+00   0.000000000000000E+00   0.000000000000000E+00   0.000000000000000E+00
   1.484676428100000E-03   1.145689328100000E+00   6.243180129500000E-01   1.448584790000000E+00   1.155599847800000E+00   0.000000000000000E+00   0.000000000000000E+00   0.000000000000000E+00   0.000000000000000E+00
   1.813799578500000E-03   1.328156343700000E+00   5.724554563299999E-01   1.389457627500000E+00   1.115887919600000E+00   0.000000000000000E+00   0.000000000000000E+00   0.000000000000000E+00   0.000000000000000E+00
   2.142922728900000E-03   1.518533014300000E+00   5.284907237899999E-01   1.364244617100000E+00   1.008208240100000E+00   0.000000000000000E+00   0.000000000000000E+00   0.000000000000000E+00   0.000000000000000E+00
   2.472045879300000E-03   1.715781905500000E+00   4.913597696400000E-01   1.320667522000000E+00   9.647667961700001E-01   0.000000000000000E+00   0.000000000000000E+00   0.000000000000000E+00   0.000000000000000E+00
   2.801169029700000E-03   1.913798154900000E+00   4.601394981800000E-01   1.310766782600000E+00   8.507983421000000E-01   0.000000000000000E+00   0.000000000000000E+00   0.000000000000000E+00   0.000000000000000E+00
   3.569965843200000E-03   2.363881001500000E+00   4.060093798900000E-01   1.228832086100000E+00   7.880848057199999E-01   0.000000000000000E+00   0.000000000000000E+00   0.000000000000000E+00   0.000000000000000E+00
   4.338762656700000E-03   2.750418513000000E+00   3.717132165400000E-01   1.192299861100000E+00   6.806697680100000E-01   0.000000000000000E+00   0.000000000000000E+00   0.000000000000000E+00   0.000000000000000E+00
   5.107559470200000E-03   3.046526145400000E+00   3.508309502200000E-01   1.148153300500000E+00   6.540604748500000E-01   0.000000000000000E+00   0.000000000000000E+00   0.000000000000000E+00   0.000000000000000E+00
   5.876356283800000E-03   3.248531214900000E+00   3.385354778900000E-01   1.146935709000000E+00   5.686965496000000E-01   0.000000000000000E+00   0.000000000000000E+00   0.000000000000000E+00   0.000000000000000E+00
   6.534156239000000E-03   3.362584239900000E+00   3.322742409600000E-01   1.114307273900000E+00   6.030051337600000E-01   0.000000000000000E+00   0.000000000000000E+00   0.000000000000000E+00   0.000000000000000E+00
   7.191956194300000E-03   3.435643087000000E+00   3.284347023900000E-01   1.117390074400000E+00   5.652019841400000E-01   0.000000000000000E+00   0.000000000000000E+00   0.000000000000000E+00   0.000000000000000E+00
   7.849756149500000E-03   3.482048114500000E+00   3.261002674800000E-01   1.101983920700000E+00   5.851053450700000E-01   0.000000000000000E+00   0.000000000000000E+00   0.000000000000000E+00   0.000000000000000E+00
   8.507556104800000E-03   3.510221116500000E+00   3.246834274000000E-01   1.119790882700000E+00   5.290778350100001E-01   0.000000000000000E+00   0.000000000000000E+00   0.000000000000000E+00   0.000000000000000E+00
   9.977849363500000E-03   3.540608397200000E+00   3.232212531100000E-01   1.096035254700000E+00   5.765908592500000E-01   0.000000000000000E+00   0.000000000000000E+00   0.000000000000000E+00   0.000000000000000E+00
   1.144814262200000E-02   3.549741829000000E+00   3.227724081200000E-01   1.105764985800000E+00   5.485492130700000E-01   0.000000000000000E+00   0.000000000000000E+00   0.000000000000000E+00   0.000000000000000E+00
   1.291843588100000E-02   3.553023888100000E+00   3.226226381000000E-01   1.094782162500000E+00   5.748040096700000E-01   0.000000000000000E+00   0.000000000000000E+00   0.000000000000000E+00   0.000000000000000E+00
   1.438872914000000E-02   3.553796264600000E+00   3.225710374700000E-01   1.115377692500000E+00   5.228251334800000E-01   0.000000000000000E+00   0.000000000000000E+00   0.000000000000000E+00   0.000000000000000E+00
   1.987587048400000E-02   3.554616430900000E+00   3.225460887600000E-01   1.094622251900000E+00   5.745740751300000E-01   0.000000000000000E+00   0.000000000000000E+00   0.000000000000000E+00   0.000000000000000E+00
   2.536301182800000E-02   3.554375806200000E+00   3.225502158500000E-01   1.105295618700000E+00   5.478907242100000E-01   0.000000000000000E+00   0.000000000000000E+00   0.000000000000000E+00   0.000000000000000E+00
   3.085015317300000E-02   3.554583927500000E+00   3.225476476900000E-01   1.094625875600000E+00   5.745778482000000E-01   0.000000000000000E+00   0.000000000000000E+00   0.000000000000000E+00   0.000000000000000E+00
   3.633729451700000E-02   3.554238863700000E+00   3.225498064000000E-01   1.115330842700000E+00   5.227673963700000E-01   0.000000000000000E+00   0.000000000000000E+00   0.000000000000000E+00   0.000000000000000E+00
   4.955652087000000E-02   3.554579057200000E+00   3.225478811700000E-01   1.094626574600000E+00   5.745780158200000E-01   0.000000000000000E+00   0.000000000000000E+00   0.000000000000000E+00   0.000000000000000E+00
   6.277574722300000E-02   3.554413012400000E+00   3.225484314500000E-01   1.105291279500000E+00   5.478868925500000E-01   0.000000000000000E+00   0.000000000000000E+00   0.000000000000000E+00   0.000000000000000E+00
   7.599497357500000E-02   3.554574791900000E+00   3.225480856900000E-01   1.094627148200000E+00   5.745782609600000E-01   0.000000000000000E+00   0.000000000000000E+00   0.000000000000000E+00   0.000000000000000E+00
   8.921419992800000E-02   3.554269260300000E+00   3.225483488400000E-01   1.115326858900000E+00   5.227653838100000E-01   0.000000000000000E+00   0.000000000000000E+00   0.000000000000000E+00   0.000000000000000E+00
   1.067171321200000E-01   3.554572885900000E+00   3.225481770500000E-01   1.094627447500000E+00   5.745782611500000E-01   0.000000000000000E+00   0.000000000000000E+00   0.000000000000000E+00   0.000000000000000E+00
   1.242200643200000E-01   3.554419196000000E+00   3.225481350100000E-01   1.105290353700000E+00   5.478867771700000E-01   0.000000000000000E+00   0.000000000000000E+00   0.000000000000000E+00   0.000000000000000E+00
   1.417229965100000E-01   3.554571467800000E+00   3.225482450200000E-01   1.094627698800000E+00   5.745781881100001E-01   0.000000000000000E+00   0.000000000000000E+00   0.000000000000000E+00   0.000000000000000E+00
   1.592259287000000E-01   3.554278902700000E+00   3.225478867200000E-01   1.115325193100000E+00   5.227657702000000E-01   0.000000000000000E+00   0.000000000000000E+00   0.000000000000000E+00   0.000000000000000E+00
   1.869065708800000E-01   3.554570814500000E+00   3.225482763100000E-01   1.094627839900000E+00   5.745780901100001E-01   0.000000000000000E+00   0.000000000000000E+00   0.000000000000000E+00   0.000000000000000E+00
   2.145872130600000E-01   3.554421293300000E+00   3.225480345300000E-01   1.105289929900000E+00   5.478870176900000E-01   0.000000000000000E+00   0.000000000000000E+00   0.000000000000000E+00   0.000000000000000E+00
   2.422678552400000E-01   3.554570309700000E+00   3.225483004800000E-01   1.094627959300000E+00   5.745779878200000E-01   0.000000000000000E+00   0.000000000000000E+00   0.000000000000000E+00   0.000000000000000E+00
   2.699484974200000E-01   3.554282211900000E+00   3.225477282500000E-01   1.115324420900000E+00   5.227664136700000E-01   0.000000000000000E+00   0.000000000000000E+00   0.000000000000000E+00   0.000000000000000E+00
   2.965317172400000E-01   3.554569960100000E+00   3.225483172200000E-01   1.094628054000000E+00   5.745778864200000E-01   0.000000000000000E+00   0.000000000000000E+00   0.000000000000000E+00   0.000000000000000E+00
   3.231149370600000E-01   3.554422286300000E+00   3.225479870000000E-01   1.105289662000000E+00   5.478873031300000E-01   0.000000000000000E+00   0.000000000000000E+00   0.000000000000000E+00   0.000000000000000E+00
   3.496981568800000E-01   3.554569633000000E+00   3.225483328600000E-01   1.094628158300000E+00   5.745777514700000E-01   0.000000000000000E+00   0.000000000000000E+00   0.000000000000000E+00   0.000000000000000E+00
   3.762813767000000E-01   3.554284360000000E+00   3.225476254900000E-01   1.115323747800000E+00   5.227672694900000E-01   0.000000000000000E+00   0.000000000000000E+00   0.000000000000000E+00   0.000000000000000E+00
   3.957126975900000E-01   3.554569365700000E+00   3.225483456400000E-01   1.094628257000000E+00   5.745776068000000E-01   0.000000000000000E+00   0.000000000000000E+00   0.000000000000000E+00   0.000000000000000E+00
   4.151440184800000E-01   3.554423006500000E+00   3.225479525800000E-01   1.105289386700000E+00   5.478877165600000E-01   0.000000000000000E+00   0.000000000000000E+00   0.000000000000000E+00   0.000000000000000E+00
   4.345753393700000E-01   3.554569116600000E+00   3.225483575300000E-01   1.094628379700000E+00   5.745773937899999E-01   0.000000000000000E+00   0.000000000000000E+00   0.000000000000000E+00   0.000000000000000E+00
   4.540066602600000E-01   3.554286033900000E+00   3.225475455800000E-01   1.115322954500000E+00   5.227686213700000E-01   0.000000000000000E+00   0.000000000000000E+00   0.000000000000000E+00   0.000000000000000E+00
   4.690398866700000E-01   3.554568935200000E+00   3.225483661700000E-01   1.094628493100000E+00   5.745771774600000E-01   0.000000000000000E+00   0.000000000000000E+00   0.000000000000000E+00   0.000000000000000E+00
   4.840731130900000E-01   3.554423499200000E+00   3.225479291100000E-01   1.105289068500000E+00   5.478883301300000E-01   0.000000000000000E+00   0.000000000000000E+00   0.000000000000000E+00   0.000000000000000E+00
   4.991063395000000E-01   3.554568786900000E+00   3.225483732100000E-01   1.094628634200000E+00   5.745768772900000E-01   0.000000000000000E+00   0.000000000000000E+00   0.000000000000000E+00   0.000000000000000E+00
   5.141395659100000E-01   3.554287064400000E+00   3.225474966500000E-01   1.115322043400000E+00   5.227705309000000E-01   0.000000000000000E+00   0.000000000000000E+00   0.000000000000000E+00   0.000000000000000E+00
   5.264928483500000E-01   3.554568691400000E+00   3.225483777100000E-01   1.094628762600000E+00   5.745765881200000E-01   0.000000000000000E+00   0.000000000000000E+00   0.000000000000000E+00   0.000000000000000E+00
   5.388461307900000E-01   3.554423764300000E+00   3.225479166100000E-01   1.105288706300000E+00   5.478891472400000E-01   0.000000000000000E+00   0.000000000000000E+00   0.000000000000000E+00   0.000000000000000E+00
   5.511994132300000E-01   3.554568622100000E+00   3.225483809400000E-01   1.094628923100000E+00   5.745762069200000E-01   0.000000000000000E+00   0.000000000000000E+00   0.000000000000000E+00   0.000000000000000E+00
   5.635526956600000E-01   3.554287564900000E+00   3.225474732500000E-01   1.115321010800000E+00   5.227729624600000E-01   0.000000000000000E+00   0.000000000000000E+00   0.000000000000000E+00   0.000000000000000E+00
   5.715448389100000E-01   3.554568572300000E+00   3.225483832200000E-01   1.094629094100000E+00   5.745757908900000E-01   0.000000000000000E+00   0.000000000000000E+00   0.000000000000000E+00   0.000000000000000E+00
   5.795369821600000E-01   3.554423891000000E+00   3.225479108200000E-01   1.105288224800000E+00   5.478903238900000E-01   0.000000000000000E+00   0.000000000000000E+00   0.000000000000000E+00   0.000000000000000E+00
   5.875291254100000E-01   3.554568545000000E+00   3.225483843900000E-01   1.094629334000000E+00   5.745751902800000E-01   0.000000000000000E+00   0.000000000000000E+00   0.000000000000000E+00   0.000000000000000E+00
   5.955212686600000E-01   3.554287796900000E+00   3.225474630700000E-01   1.115319469400000E+00   5.227767981400000E-01   0.000000000000000E+00   0.000000000000000E+00   0.000000000000000E+00   0.000000000000000E+00
   6.020787970800000E-01   3.554568530700000E+00   3.225483849300000E-01   1.094629559100000E+00   5.745746223000000E-01   0.000000000000000E+00   0.000000000000000E+00   0.000000000000000E+00   0.000000000000000E+00
   6.086363255000000E-01   3.554423933000000E+00   3.225479092000000E-01   1.105287589100000E+00   5.478919273300000E-01   0.000000000000000E+00   0.000000000000000E+00   0.000000000000000E+00   0.000000000000000E+00
   6.151938539300000E-01   3.554568522800000E+00   3.225483851400000E-01   1.094629849000000E+00   5.745738867400000E-01   0.000000000000000E+00   0.000000000000000E+00   0.000000000000000E+00   0.000000000000000E+00
   6.217513823500000E-01   3.554287865900000E+00   3.225474609100000E-01   1.115317612700000E+00   5.227815031500000E-01   0.000000000000000E+00   0.000000000000000E+00   0.000000000000000E+00   0.000000000000000E+00
   6.295763397400000E-01   3.554568518600000E+00   3.225483851900000E-01   1.094630075100000E+00   5.745733118900000E-01   0.000000000000000E+00   0.000000000000000E+00   0.000000000000000E+00   0.000000000000000E+00
   6.374012971400000E-01   3.554423946300000E+00   3.225479089500000E-01   1.105286950300000E+00   5.478935502400000E-01   0.000000000000000E+00   0.000000000000000E+00   0.000000000000000E+00   0.000000000000000E+00
   6.452262545300000E-01   3.554568515000000E+00   3.225483852200000E-01   1.094630317700000E+00   5.745726950900000E-01   0.000000000000000E+00   0.000000000000000E+00   0.000000000000000E+00   0.000000000000000E+00
   6.530512119200000E-01   3.554287891000000E+00   3.225474606700000E-01   1.115316060200000E+00   5.227854503700000E-01   0.000000000000000E+00   0.000000000000000E+00   0.000000000000000E+00   0.000000000000000E+00
   6.598030048100000E-01   3.554568511900000E+00   3.225483852200000E-01   1.094630540200000E+00   5.745721291300000E-01   0.000000000000000E+00   0.000000000000000E+00   0.000000000000000E+00   0.000000000000000E+00
   6.665547977000000E-01   3.554423954900000E+00   3.225479089300000E-01   1.105286322000000E+00   5.478951482300000E-01   0.000000000000000E+00   0.000000000000000E+00   0.000000000000000E+00   0.000000000000000E+00
   6.733065905800000E-01   3.554568508400000E+00   3.225483852200000E-01   1.094630821200000E+00   5.745714142700000E-01   0.000000000000000E+00   0.000000000000000E+00   0.000000000000000E+00   0.000000000000000E+00
   6.800583834700000E-01   3.554287914200000E+00   3.225474606800000E-01   1.115314261800000E+00   5.227900254000000E-01   0.000000000000000E+00   0.000000000000000E+00   0.000000000000000E+00   0.000000000000000E+00
   6.865659688900000E-01   3.554568505400000E+00   3.225483852100000E-01   1.094631064500000E+00   5.745707952600000E-01   0.000000000000000E+00   0.000000000000000E+00   0.000000000000000E+00   0.000000000000000E+00
   6.930735543200000E-01   3.554423963500000E+00   3.225479089500000E-01   1.105285635000000E+00   5.478968960200000E-01   0.000000000000000E+00   0.000000000000000E+00   0.000000000000000E+00   0.000000000000000E+00
   6.995811397400000E-01   3.554568501800000E+00   3.225483852000000E-01   1.094631356000000E+00   5.745700536300000E-01   0.000000000000000E+00   0.000000000000000E+00   0.000000000000000E+00   0.000000000000000E+00
   7.060887251700000E-01   3.554287937100000E+00   3.225474607400000E-01   1.115312396200000E+00   5.227947718100000E-01   0.000000000000000E+00   0.000000000000000E+00   0.000000000000000E+00   0.000000000000000E+00
   7.132390607500000E-01   3.554568498900000E+00   3.225483851900000E-01   1.094631592600000E+00   5.745694516099999E-01   0.000000000000000E+00   0.000000000000000E+00   0.000000000000000E+00   0.000000000000000E+00
   7.203893963400000E-01   3.554423971600000E+00   3.225479089700000E-01   1.105284967000000E+00   5.478985958400000E-01   0.000000000000000E+00   0.000000000000000E+00   0.000000000000000E+00   0.000000000000000E+00
   7.275397319200000E-01   3.554568495700000E+00   3.225483851800000E-01   1.094631857800000E+00   5.745687767200000E-01   0.000000000000000E+00   0.000000000000000E+00   0.000000000000000E+00   0.000000000000000E+00
   7.346900675100000E-01   3.554287957800000E+00   3.225474608000000E-01   1.115310698700000E+00   5.227990911400000E-01   0.000000000000000E+00   0.000000000000000E+00   0.000000000000000E+00   0.000000000000000E+00
   7.394281631100000E-01   3.554568492300000E+00   3.225483851700000E-01   1.094632140700000E+00   5.745680570500000E-01   0.000000000000000E+00   0.000000000000000E+00   0.000000000000000E+00   0.000000000000000E+00
   7.441662587200000E-01   3.554423981300000E+00   3.225479090000000E-01   1.105284168400000E+00   5.479006278000000E-01   0.000000000000000E+00   0.000000000000000E+00   0.000000000000000E+00   0.000000000000000E+00
   7.489043543200000E-01   3.554568487400000E+00   3.225483851600000E-01   1.094632540900000E+00   5.745670386700000E-01   0.000000000000000E+00   0.000000000000000E+00   0.000000000000000E+00   0.000000000000000E+00
   7.536424499300000E-01   3.554287988900000E+00   3.225474609000000E-01   1.115308137300000E+00   5.228056087600000E-01   0.000000000000000E+00   0.000000000000000E+00   0.000000000000000E+00   0.000000000000000E+00
   7.598383964400000E-01   3.554568483700000E+00   3.225483851500000E-01   1.094632841000000E+00   5.745662749500000E-01   0.000000000000000E+00   0.000000000000000E+00   0.000000000000000E+00   0.000000000000000E+00
   7.660343429499999E-01   3.554423991600000E+00   3.225479090400000E-01   1.105283321000000E+00   5.479027842300001E-01   0.000000000000000E+00   0.000000000000000E+00   0.000000000000000E+00   0.000000000000000E+00
   7.722302894600001E-01   3.554568480000000E+00   3.225483851400000E-01   1.094633147000000E+00   5.745654962800000E-01   0.000000000000000E+00   0.000000000000000E+00   0.000000000000000E+00   0.000000000000000E+00
   7.784262359700000E-01   3.554288012700000E+00   3.225474609700000E-01   1.115306179000000E+00   5.228105922100000E-01   0.000000000000000E+00   0.000000000000000E+00   0.000000000000000E+00   0.000000000000000E+00
   7.829918330800000E-01   3.554568476300000E+00   3.225483851200000E-01   1.094633453500000E+00   5.745647162800001E-01   0.000000000000000E+00   0.000000000000000E+00   0.000000000000000E+00   0.000000000000000E+00
   7.875574302000000E-01   3.554424002200000E+00   3.225479090700000E-01   1.105282455600000E+00   5.479049865600000E-01   0.000000000000000E+00   0.000000000000000E+00   0.000000000000000E+00   0.000000000000000E+00
   7.921230273200000E-01   3.554568471300000E+00   3.225483851100000E-01   1.094633868700000E+00   5.745636597000000E-01   0.000000000000000E+00   0.000000000000000E+00   0.000000000000000E+00   0.000000000000000E+00
   7.966886244300000E-01   3.554288045000000E+00   3.225474610700000E-01   1.115303521900000E+00   5.228173543600000E-01   0.000000000000000E+00   0.000000000000000E+00   0.000000000000000E+00   0.000000000000000E+00
   8.024435743600000E-01   3.554568467400000E+00   3.225483851000000E-01   1.094634185100000E+00   5.745628544700000E-01   0.000000000000000E+00   0.000000000000000E+00   0.000000000000000E+00   0.000000000000000E+00
   8.081985242900001E-01   3.554424013000000E+00   3.225479091000000E-01   1.105281562200000E+00   5.479072601800000E-01   0.000000000000000E+00   0.000000000000000E+00   0.000000000000000E+00   0.000000000000000E+00
   8.139534742200000E-01   3.554568463400000E+00   3.225483850800000E-01   1.094634514400000E+00   5.745620163500000E-01   0.000000000000000E+00   0.000000000000000E+00   0.000000000000000E+00   0.000000000000000E+00
   8.197084241500000E-01   3.554288070600000E+00   3.225474611500000E-01   1.115301414300000E+00   5.228227182900000E-01   0.000000000000000E+00   0.000000000000000E+00   0.000000000000000E+00   0.000000000000000E+00
   8.237464390500000E-01   3.554568459300000E+00   3.225483850700000E-01   1.094634853800000E+00   5.745611525400000E-01   0.000000000000000E+00   0.000000000000000E+00   0.000000000000000E+00   0.000000000000000E+00
   8.277844539600000E-01   3.554424024600000E+00   3.225479091400000E-01   1.105280603900000E+00   5.479096991200000E-01   0.000000000000000E+00   0.000000000000000E+00   0.000000000000000E+00   0.000000000000000E+00
   8.318224688600000E-01   3.554568453600000E+00   3.225483850500000E-01   1.094635323000000E+00   5.745599582399999E-01   0.000000000000000E+00   0.000000000000000E+00   0.000000000000000E+00   0.000000000000000E+00
   8.358604837700000E-01   3.554288107100000E+00   3.225474612600000E-01   1.115298411300000E+00   5.228303618400000E-01   0.000000000000000E+00   0.000000000000000E+00   0.000000000000000E+00   0.000000000000000E+00
   8.401625536000000E-01   3.554568448900000E+00   3.225483850400000E-01   1.094635709600000E+00   5.745589743200000E-01   0.000000000000000E+00   0.000000000000000E+00   0.000000000000000E+00   0.000000000000000E+00
   8.444646234199999E-01   3.554424037900000E+00   3.225479091800000E-01   1.105279512500000E+00   5.479124772600000E-01   0.000000000000000E+00   0.000000000000000E+00   0.000000000000000E+00   0.000000000000000E+00
   8.487666932500000E-01   3.554568443600000E+00   3.225483850200000E-01   1.094636149900000E+00   5.745578535000000E-01   0.000000000000000E+00   0.000000000000000E+00   0.000000000000000E+00   0.000000000000000E+00
   8.530687630800000E-01   3.554288141200000E+00   3.225474613700000E-01   1.115295593200000E+00   5.228375350800000E-01   0.000000000000000E+00   0.000000000000000E+00   0.000000000000000E+00   0.000000000000000E+00
   8.564508847500000E-01   3.554568438400000E+00   3.225483850100000E-01   1.094636575000000E+00   5.745567713100000E-01   0.000000000000000E+00   0.000000000000000E+00   0.000000000000000E+00   0.000000000000000E+00
   8.598330064300000E-01   3.554424052400000E+00   3.225479092200000E-01   1.105278312100000E+00   5.479155328000000E-01   0.000000000000000E+00   0.000000000000000E+00   0.000000000000000E+00   0.000000000000000E+00
   8.632151281100000E-01   3.554568431600000E+00   3.225483849900000E-01   1.094637134900000E+00   5.745553458800000E-01   0.000000000000000E+00   0.000000000000000E+00   0.000000000000000E+00   0.000000000000000E+00
   8.665972497900000E-01   3.554288184700000E+00   3.225474615000000E-01   1.115292009600000E+00   5.228466578500000E-01   0.000000000000000E+00   0.000000000000000E+00   0.000000000000000E+00   0.000000000000000E+00
   8.702699359000000E-01   3.554568426100000E+00   3.225483849700000E-01   1.094637592000000E+00   5.745541823100000E-01   0.000000000000000E+00   0.000000000000000E+00   0.000000000000000E+00   0.000000000000000E+00
   8.739426220099999E-01   3.554424068100000E+00   3.225479092700000E-01   1.105277021600000E+00   5.479188181900000E-01   0.000000000000000E+00   0.000000000000000E+00   0.000000000000000E+00   0.000000000000000E+00
   8.776153081200000E-01   3.554568419800000E+00   3.225483849500000E-01   1.094638107500000E+00   5.745528699000000E-01   0.000000000000000E+00   0.000000000000000E+00   0.000000000000000E+00   0.000000000000000E+00
   8.812879942300000E-01   3.554288224600000E+00   3.225474616300000E-01   1.115288710400000E+00   5.228550572600000E-01   0.000000000000000E+00   0.000000000000000E+00   0.000000000000000E+00   0.000000000000000E+00
   8.847991552600000E-01   3.554568414400000E+00   3.225483849300000E-01   1.094638555700000E+00   5.745517288000000E-01   0.000000000000000E+00   0.000000000000000E+00   0.000000000000000E+00   0.000000000000000E+00
   8.883103162800000E-01   3.554424083400000E+00   3.225479093200000E-01   1.105275756200000E+00   5.479220401200000E-01   0.000000000000000E+00   0.000000000000000E+00   0.000000000000000E+00   0.000000000000000E+00
   8.918214773100001E-01   3.554568407900000E+00   3.225483849100000E-01   1.094639094700000E+00   5.745503562700000E-01   0.000000000000000E+00   0.000000000000000E+00   0.000000000000000E+00   0.000000000000000E+00
   8.953326383400000E-01   3.554288266400000E+00   3.225474617600000E-01   1.115285260500000E+00   5.228638414300000E-01   0.000000000000000E+00   0.000000000000000E+00   0.000000000000000E+00   0.000000000000000E+00
   8.976126541000000E-01   3.554568400800000E+00   3.225483848900000E-01   1.094639676600000E+00   5.745488747500000E-01   0.000000000000000E+00   0.000000000000000E+00   0.000000000000000E+00   0.000000000000000E+00
   8.998926698600000E-01   3.554424103300000E+00   3.225479093800000E-01   1.105274113400000E+00   5.479262230600001E-01   0.000000000000000E+00   0.000000000000000E+00   0.000000000000000E+00   0.000000000000000E+00
   9.021726856200000E-01   3.554568390800000E+00   3.225483848600000E-01   1.094640506400000E+00   5.745467616100000E-01   0.000000000000000E+00   0.000000000000000E+00   0.000000000000000E+00   0.000000000000000E+00
   9.044527013800000E-01   3.554288330700000E+00   3.225474619500000E-01   1.115279949600000E+00   5.228773655300000E-01   0.000000000000000E+00   0.000000000000000E+00   0.000000000000000E+00   0.000000000000000E+00
   9.065829051400000E-01   3.554568382000000E+00   3.225483848300000E-01   1.094641236400000E+00   5.745449025500000E-01   0.000000000000000E+00   0.000000000000000E+00   0.000000000000000E+00   0.000000000000000E+00
   9.087131089000000E-01   3.554424128200000E+00   3.225479094600000E-01   1.105272052300000E+00   5.479314721400000E-01   0.000000000000000E+00   0.000000000000000E+00   0.000000000000000E+00   0.000000000000000E+00
   9.108433126600000E-01   3.554568371300000E+00   3.225483848000000E-01   1.094642124200000E+00   5.745426414900000E-01   0.000000000000000E+00   0.000000000000000E+00   0.000000000000000E+00   0.000000000000000E+00
   9.129735164200000E-01   3.554288399300000E+00   3.225474621700000E-01   1.115274267700000E+00   5.228918363400000E-01   0.000000000000000E+00   0.000000000000000E+00   0.000000000000000E+00   0.000000000000000E+00
   9.149746824800000E-01   3.554568361800000E+00   3.225483847700000E-01   1.094642903000000E+00   5.745406579200000E-01   0.000000000000000E+00   0.000000000000000E+00   0.000000000000000E+00   0.000000000000000E+00
   9.169758485500000E-01   3.554424154800000E+00   3.225479095400000E-01   1.105269853400000E+00   5.479370727500000E-01   0.000000000000000E+00   0.000000000000000E+00   0.000000000000000E+00   0.000000000000000E+00
   9.189770146100000E-01   3.554568350400000E+00   3.225483847400000E-01   1.094643847500000E+00   5.745382518400000E-01   0.000000000000000E+00   0.000000000000000E+00   0.000000000000000E+00   0.000000000000000E+00
   9.209781806800000E-01   3.554288472300000E+00   3.225474623900000E-01   1.115268222500000E+00   5.229072352500000E-01   0.000000000000000E+00   0.000000000000000E+00   0.000000000000000E+00   0.000000000000000E+00
   9.227128584800000E-01   3.554568340000000E+00   3.225483847000000E-01   1.094644711900000E+00   5.745360499300000E-01   0.000000000000000E+00   0.000000000000000E+00   0.000000000000000E+00   0.000000000000000E+00
   9.244475362800000E-01   3.554424184200000E+00   3.225479096300000E-01   1.105267413000000E+00   5.479432898000000E-01   0.000000000000000E+00   0.000000000000000E+00   0.000000000000000E+00   0.000000000000000E+00
   9.261822140800000E-01   3.554568326900000E+00   3.225483846600000E-01   1.094645800900000E+00   5.745332752200000E-01   0.000000000000000E+00   0.000000000000000E+00   0.000000000000000E+00   0.000000000000000E+00
   9.279168918800000E-01   3.554288556300000E+00   3.225474626500000E-01   1.115261252500000E+00   5.229249934100000E-01   0.000000000000000E+00   0.000000000000000E+00   0.000000000000000E+00   0.000000000000000E+00
   9.294447025300000E-01   3.554568315000000E+00   3.225483846300000E-01   1.094646789000000E+00   5.745307575000000E-01   0.000000000000000E+00   0.000000000000000E+00   0.000000000000000E+00   0.000000000000000E+00
   9.309725131800000E-01   3.554424217800000E+00   3.225479097300000E-01   1.105264623100000E+00   5.479503985200000E-01   0.000000000000000E+00   0.000000000000000E+00   0.000000000000000E+00   0.000000000000000E+00
   9.325003238300000E-01   3.554568300100000E+00   3.225483845800000E-01   1.094648024800000E+00   5.745276083800001E-01   0.000000000000000E+00   0.000000000000000E+00   0.000000000000000E+00   0.000000000000000E+00
   9.340281344700000E-01   3.554288651400000E+00   3.225474629400000E-01   1.115253343600000E+00   5.229451477600000E-01   0.000000000000000E+00   0.000000000000000E+00   0.000000000000000E+00   0.000000000000000E+00
   9.352496884200000E-01   3.554568285900000E+00   3.225483845400000E-01   1.094649206500000E+00   5.745245966700000E-01   0.000000000000000E+00   0.000000000000000E+00   0.000000000000000E+00   0.000000000000000E+00
   9.364712423700000E-01   3.554424257900000E+00   3.225479098600000E-01   1.105261286700000E+00   5.479589018100000E-01   0.000000000000000E+00   0.000000000000000E+00   0.000000000000000E+00   0.000000000000000E+00
   9.376927963200000E-01   3.554568267400000E+00   3.225483844800000E-01   1.094650750900000E+00   5.745206599700000E-01   0.000000000000000E+00   0.000000000000000E+00   0.000000000000000E+00   0.000000000000000E+00
   9.389143502600000E-01   3.554288770100000E+00   3.225474633100000E-01   1.115243459400000E+00   5.229703426700000E-01   0.000000000000000E+00   0.000000000000000E+00   0.000000000000000E+00   0.000000000000000E+00
   9.407060935300000E-01   3.554568254100000E+00   3.225483844400000E-01   1.094651854300000E+00   5.745178470700000E-01   0.000000000000000E+00   0.000000000000000E+00   0.000000000000000E+00   0.000000000000000E+00
   9.424978367900000E-01   3.554424295300000E+00   3.225479099700000E-01   1.105258171100000E+00   5.479668446400000E-01   0.000000000000000E+00   0.000000000000000E+00   0.000000000000000E+00   0.000000000000000E+00
   9.442895800500000E-01   3.554568241500000E+00   3.225483844000000E-01   1.094652906500000E+00   5.745151643800001E-01   0.000000000000000E+00   0.000000000000000E+00   0.000000000000000E+00   0.000000000000000E+00
   9.460813233100001E-01   3.554288850900000E+00   3.225474635500000E-01   1.115236725400000E+00   5.229875119100000E-01   0.000000000000000E+00   0.000000000000000E+00   0.000000000000000E+00   0.000000000000000E+00
   9.478161310300000E-01   3.554568230600000E+00   3.225483843700000E-01   1.094653815200000E+00   5.745128470899999E-01   0.000000000000000E+00   0.000000000000000E+00   0.000000000000000E+00   0.000000000000000E+00
   9.495509387400000E-01   3.554424326000000E+00   3.225479100700000E-01   1.105255605100000E+00   5.479733875300000E-01   0.000000000000000E+00   0.000000000000000E+00   0.000000000000000E+00   0.000000000000000E+00
   9.512857464600000E-01   3.554568217600000E+00   3.225483843300000E-01   1.094654901300000E+00   5.745100773900000E-01   0.000000000000000E+00   0.000000000000000E+00   0.000000000000000E+00   0.000000000000000E+00
   9.530205541700000E-01   3.554288934100000E+00   3.225474638100000E-01   1.115229774400000E+00   5.230052379700000E-01   0.000000000000000E+00   0.000000000000000E+00   0.000000000000000E+00   0.000000000000000E+00
   9.539965824400000E-01   3.554568202300000E+00   3.225483842800000E-01   1.094656183100000E+00   5.745068084700000E-01   0.000000000000000E+00   0.000000000000000E+00   0.000000000000000E+00   0.000000000000000E+00
   9.549726107099999E-01   3.554424369300000E+00   3.225479102000000E-01   1.105251986700000E+00   5.479826164000000E-01   0.000000000000000E+00   0.000000000000000E+00   0.000000000000000E+00   0.000000000000000E+00
   9.559486389800000E-01   3.554568179300000E+00   3.225483842100000E-01   1.094658111900000E+00   5.745018881800000E-01   0.000000000000000E+00   0.000000000000000E+00   0.000000000000000E+00   0.000000000000000E+00
   9.569246672500000E-01   3.554289081500000E+00   3.225474642600000E-01   1.115217430000000E+00   5.230367278500000E-01   0.000000000000000E+00   0.000000000000000E+00   0.000000000000000E+00   0.000000000000000E+00
   9.577658178900000E-01   3.554568158100000E+00   3.225483841500000E-01   1.094659882000000E+00   5.744973720500000E-01   0.000000000000000E+00   0.000000000000000E+00   0.000000000000000E+00   0.000000000000000E+00
   9.586069685200000E-01   3.554424428900000E+00   3.225479103800000E-01   1.105246989200000E+00   5.479953673100000E-01   0.000000000000000E+00   0.000000000000000E+00   0.000000000000000E+00   0.000000000000000E+00
   9.594481191499999E-01   3.554568131500000E+00   3.225483840600000E-01   1.094662117500000E+00   5.744916669600000E-01   0.000000000000000E+00   0.000000000000000E+00   0.000000000000000E+00   0.000000000000000E+00
   9.602892697900000E-01   3.554289251800000E+00   3.225474647800000E-01   1.115203122500000E+00   5.230732404300000E-01   0.000000000000000E+00   0.000000000000000E+00   0.000000000000000E+00   0.000000000000000E+00
   9.612034713099999E-01   3.554568109900000E+00   3.225483840000000E-01   1.094663940600000E+00   5.744870132600000E-01   0.000000000000000E+00   0.000000000000000E+00   0.000000000000000E+00   0.000000000000000E+00
   9.621176728300000E-01   3.554424490100000E+00   3.225479105700000E-01   1.105241841400000E+00   5.480085074800000E-01   0.000000000000000E+00   0.000000000000000E+00   0.000000000000000E+00   0.000000000000000E+00
   9.630318743600000E-01   3.554568085500000E+00   3.225483839200000E-01   1.094665995100000E+00   5.744817679799999E-01   0.000000000000000E+00   0.000000000000000E+00   0.000000000000000E+00   0.000000000000000E+00
   9.639460758800000E-01   3.554289407900000E+00   3.225474652600000E-01   1.115189974100000E+00   5.231068102300001E-01   0.000000000000000E+00   0.000000000000000E+00   0.000000000000000E+00   0.000000000000000E+00
   9.648915695300000E-01   3.554568065100000E+00   3.225483838600000E-01   1.094667711400000E+00   5.744773848700000E-01   0.000000000000000E+00   0.000000000000000E+00   0.000000000000000E+00   0.000000000000000E+00
   9.658370631800000E-01   3.554424547500000E+00   3.225479107400000E-01   1.105236995100000E+00   5.480208834500000E-01   0.000000000000000E+00   0.000000000000000E+00   0.000000000000000E+00   0.000000000000000E+00
   9.667825568300000E-01   3.554568041700000E+00   3.225483837900000E-01   1.094669695600000E+00   5.744723167600000E-01   0.000000000000000E+00   0.000000000000000E+00   0.000000000000000E+00   0.000000000000000E+00
   9.677280504700000E-01   3.554289558100000E+00   3.225474657100000E-01   1.115177275200000E+00   5.231392461500000E-01   0.000000000000000E+00   0.000000000000000E+00   0.000000000000000E+00   0.000000000000000E+00
   9.683511551800000E-01   3.554568016600000E+00   3.225483837100000E-01   1.094671817600000E+00   5.744668959100000E-01   0.000000000000000E+00   0.000000000000000E+00   0.000000000000000E+00   0.000000000000000E+00
   9.689742598800000E-01   3.554424618200000E+00   3.225479109600000E-01   1.105231005000000E+00   5.480361873100000E-01   0.000000000000000E+00   0.000000000000000E+00   0.000000000000000E+00   0.000000000000000E+00
   9.695973645800000E-01   3.554567981200000E+00   3.225483836100000E-01   1.094674824100000E+00   5.744592122800000E-01   0.000000000000000E+00   0.000000000000000E+00   0.000000000000000E+00   0.000000000000000E+00
   9.702204692800001E-01   3.554289784800000E+00   3.225474664000000E-01   1.115158033300000E+00   5.231884214300000E-01   0.000000000000000E+00   0.000000000000000E+00   0.000000000000000E+00   0.000000000000000E+00
   9.708236545900000E-01   3.554567950700000E+00   3.225483835100000E-01   1.094677419700000E+00   5.744525767699999E-01   0.000000000000000E+00   0.000000000000000E+00   0.000000000000000E+00   0.000000000000000E+00
   9.714268399000000E-01   3.554424704400000E+00   3.225479112200000E-01   1.105223676500000E+00   5.480549226500000E-01   0.000000000000000E+00   0.000000000000000E+00   0.000000000000000E+00   0.000000000000000E+00
   9.720300252100000E-01   3.554567914300000E+00   3.225483834000000E-01   1.094680520200000E+00   5.744446477900000E-01   0.000000000000000E+00   0.000000000000000E+00   0.000000000000000E+00   0.000000000000000E+00
   9.726332105200000E-01   3.554290017400000E+00   3.225474671000000E-01   1.115138190500000E+00   5.232391669599999E-01   0.000000000000000E+00   0.000000000000000E+00   0.000000000000000E+00   0.000000000000000E+00
   9.732951538500000E-01   3.554567884900000E+00   3.225483833200000E-01   1.094683036200000E+00   5.744382108400000E-01   0.000000000000000E+00   0.000000000000000E+00   0.000000000000000E+00   0.000000000000000E+00
   9.739570971800000E-01   3.554424787400000E+00   3.225479114700000E-01   1.105216571900000E+00   5.480730982000001E-01   0.000000000000000E+00   0.000000000000000E+00   0.000000000000000E+00   0.000000000000000E+00
   9.746190405100000E-01   3.554567852000000E+00   3.225483832200000E-01   1.094685856600000E+00   5.744309930600000E-01   0.000000000000000E+00   0.000000000000000E+00   0.000000000000000E+00   0.000000000000000E+00
   9.752809838399999E-01   3.554290227900000E+00   3.225474677400000E-01   1.115120140100000E+00   5.232853608300000E-01   0.000000000000000E+00   0.000000000000000E+00   0.000000000000000E+00   0.000000000000000E+00
   9.758712738699999E-01   3.554567822400000E+00   3.225483831300000E-01   1.094688397500000E+00   5.744244885699999E-01   0.000000000000000E+00   0.000000000000000E+00   0.000000000000000E+00   0.000000000000000E+00
   9.764615639000001E-01   3.554424870900000E+00   3.225479117200000E-01   1.105209398300000E+00   5.480914629900000E-01   0.000000000000000E+00   0.000000000000000E+00   0.000000000000000E+00   0.000000000000000E+00
   9.770518539300000E-01   3.554567785800000E+00   3.225483830200000E-01   1.094691554700000E+00   5.744164029500000E-01   0.000000000000000E+00   0.000000000000000E+00   0.000000000000000E+00   0.000000000000000E+00
   9.776421439600000E-01   3.554290462300000E+00   3.225474684400000E-01   1.115099933900000E+00   5.233371088800000E-01   0.000000000000000E+00   0.000000000000000E+00   0.000000000000000E+00   0.000000000000000E+00
   9.781119577300000E-01   3.554567750800000E+00   3.225483829100000E-01   1.094694579900000E+00   5.744086527100000E-01   0.000000000000000E+00   0.000000000000000E+00   0.000000000000000E+00   0.000000000000000E+00
   9.785817715100000E-01   3.554424969600000E+00   3.225479120200000E-01   1.105200858100000E+00   5.481133437400000E-01   0.000000000000000E+00   0.000000000000000E+00   0.000000000000000E+00   0.000000000000000E+00
   9.790515852800000E-01   3.554567705200000E+00   3.225483827800000E-01   1.094698538400000E+00   5.743985060100000E-01   0.000000000000000E+00   0.000000000000000E+00   0.000000000000000E+00   0.000000000000000E+00
   9.795213990600000E-01   3.554290754200000E+00   3.225474693200000E-01   1.115074599700000E+00   5.234020479300000E-01   0.000000000000000E+00   0.000000000000000E+00   0.000000000000000E+00   0.000000000000000E+00
   9.803408289500000E-01   3.554567674900000E+00   3.225483826900000E-01   1.094701181600000E+00   5.743917265300000E-01   0.000000000000000E+00   0.000000000000000E+00   0.000000000000000E+00   0.000000000000000E+00
   9.811602588400000E-01   3.554425055300000E+00   3.225479122700000E-01   1.105193392000000E+00   5.481324899100000E-01   0.000000000000000E+00   0.000000000000000E+00   0.000000000000000E+00   0.000000000000000E+00
   9.819796887300000E-01   3.554567649000000E+00   3.225483826100000E-01   1.094703446900000E+00   5.743859151300000E-01   0.000000000000000E+00   0.000000000000000E+00   0.000000000000000E+00   0.000000000000000E+00
   9.827991186200000E-01   3.554290920100000E+00   3.225474698100000E-01   1.115060101700000E+00   5.234392409200000E-01   0.000000000000000E+00   0.000000000000000E+00   0.000000000000000E+00   0.000000000000000E+00
   9.831964945500000E-01   3.554567615300000E+00   3.225483825100000E-01   1.094706393800000E+00   5.743783538800000E-01   0.000000000000000E+00   0.000000000000000E+00   0.000000000000000E+00   0.000000000000000E+00
   9.835938704700000E-01   3.554425150300000E+00   3.225479125500000E-01   1.105185075800000E+00   5.481538328200000E-01   0.000000000000000E+00   0.000000000000000E+00   0.000000000000000E+00   0.000000000000000E+00
   9.839912464000000E-01   3.554567562300000E+00   3.225483823500000E-01   1.094711055300000E+00   5.743663842200000E-01   0.000000000000000E+00   0.000000000000000E+00   0.000000000000000E+00   0.000000000000000E+00
   9.843886223200000E-01   3.554291259200000E+00   3.225474708100000E-01   1.115030268300000E+00   5.235158470200000E-01   0.000000000000000E+00   0.000000000000000E+00   0.000000000000000E+00   0.000000000000000E+00
   9.848605742700000E-01   3.554567521100000E+00   3.225483822300000E-01   1.094714699000000E+00   5.743570216100000E-01   0.000000000000000E+00   0.000000000000000E+00   0.000000000000000E+00   0.000000000000000E+00
   9.853325262300000E-01   3.554425266700000E+00   3.225479129000000E-01   1.105174786200000E+00   5.481802708600000E-01   0.000000000000000E+00   0.000000000000000E+00   0.000000000000000E+00   0.000000000000000E+00
   9.858044781800001E-01   3.554567477000000E+00   3.225483821000000E-01   1.094718613400000E+00   5.743469578100000E-01   0.000000000000000E+00   0.000000000000000E+00   0.000000000000000E+00   0.000000000000000E+00
   9.862764301300000E-01   3.554291541300000E+00   3.225474716400000E-01   1.115005215700000E+00   5.235802555200000E-01   0.000000000000000E+00   0.000000000000000E+00   0.000000000000000E+00   0.000000000000000E+00
   9.866854689200000E-01   3.554567436900000E+00   3.225483819800000E-01   1.094722192500000E+00   5.743377513400000E-01   0.000000000000000E+00   0.000000000000000E+00   0.000000000000000E+00   0.000000000000000E+00
   9.870945077000000E-01   3.554425379900000E+00   3.225479132300000E-01   1.105164682100000E+00   5.482062636500000E-01   0.000000000000000E+00   0.000000000000000E+00   0.000000000000000E+00   0.000000000000000E+00
   9.875035464900001E-01   3.554567386600000E+00   3.225483818400000E-01   1.094726697100000E+00   5.743261558800000E-01   0.000000000000000E+00   0.000000000000000E+00   0.000000000000000E+00   0.000000000000000E+00
   9.879125852800000E-01   3.554291862700000E+00   3.225474725800000E-01   1.114976386500000E+00   5.236544666700000E-01   0.000000000000000E+00   0.000000000000000E+00   0.000000000000000E+00   0.000000000000000E+00
   9.882834162600000E-01   3.554567342100000E+00   3.225483817100000E-01   1.094730717700000E+00   5.743157993500000E-01   0.000000000000000E+00   0.000000000000000E+00   0.000000000000000E+00   0.000000000000000E+00
   9.886542472500000E-01   3.554425505700000E+00   3.225479135900000E-01   1.105153331200000E+00   5.482355039700000E-01   0.000000000000000E+00   0.000000000000000E+00   0.000000000000000E+00   0.000000000000000E+00
   9.890250782300000E-01   3.554567287500000E+00   3.225483815500000E-01   1.094735671200000E+00   5.743030290600000E-01   0.000000000000000E+00   0.000000000000000E+00   0.000000000000000E+00   0.000000000000000E+00
   9.893959092200000E-01   3.554292211900000E+00   3.225474735900000E-01   1.114944683900000E+00   5.237361968000001E-01   0.000000000000000E+00   0.000000000000000E+00   0.000000000000000E+00   0.000000000000000E+00
   9.897333497800000E-01   3.554567239200000E+00   3.225483814100000E-01   1.094740083200000E+00   5.742916460700001E-01   0.000000000000000E+00   0.000000000000000E+00   0.000000000000000E+00   0.000000000000000E+00
   9.900707903500000E-01   3.554425642000000E+00   3.225479139900000E-01   1.105140875400000E+00   5.482676422800000E-01   0.000000000000000E+00   0.000000000000000E+00   0.000000000000000E+00   0.000000000000000E+00
   9.904082309100000E-01   3.554567180200000E+00   3.225483812400000E-01   1.094745508300000E+00   5.742776358100000E-01   0.000000000000000E+00   0.000000000000000E+00   0.000000000000000E+00   0.000000000000000E+00
   9.907456714800000E-01   3.554292589000000E+00   3.225474746700000E-01   1.114909963400000E+00   5.238258629700000E-01   0.000000000000000E+00   0.000000000000000E+00   0.000000000000000E+00   0.000000000000000E+00
   9.910182192100000E-01   3.554567124700000E+00   3.225483810800000E-01   1.094750660100000E+00   5.742643198400000E-01   0.000000000000000E+00   0.000000000000000E+00   0.000000000000000E+00   0.000000000000000E+00
   9.912907669400000E-01   3.554425798600000E+00   3.225479144300000E-01   1.105126333900000E+00   5.483052345200000E-01   0.000000000000000E+00   0.000000000000000E+00   0.000000000000000E+00   0.000000000000000E+00
   9.915633146700000E-01   3.554567053200000E+00   3.225483808800000E-01   1.094757349400000E+00   5.742470074200000E-01   0.000000000000000E+00   0.000000000000000E+00   0.000000000000000E+00   0.000000000000000E+00
   9.918358624000000E-01   3.554293045700000E+00   3.225474759600000E-01   1.114867152600000E+00   5.239366633400000E-01   0.000000000000000E+00   0.000000000000000E+00   0.000000000000000E+00   0.000000000000000E+00
   9.920497139400000E-01   3.554566985000000E+00   3.225483806900000E-01   1.094763802300000E+00   5.742302880200000E-01   0.000000000000000E+00   0.000000000000000E+00   0.000000000000000E+00   0.000000000000000E+00
   9.922635654800001E-01   3.554425990700000E+00   3.225479149700000E-01   1.105108123100000E+00   5.483524321200000E-01   0.000000000000000E+00   0.000000000000000E+00   0.000000000000000E+00   0.000000000000000E+00
   9.924774170100000E-01   3.554566896700000E+00   3.225483804400000E-01   1.094772282300000E+00   5.742082763900000E-01   0.000000000000000E+00   0.000000000000000E+00   0.000000000000000E+00   0.000000000000000E+00
   9.926912685500000E-01   3.554293610500000E+00   3.225474775300000E-01   1.114812882100000E+00   5.240775396600000E-01   0.000000000000000E+00   0.000000000000000E+00   0.000000000000000E+00   0.000000000000000E+00
   9.928890497100000E-01   3.554566820100000E+00   3.225483802300000E-01   1.094779760700000E+00   5.741888307900000E-01   0.000000000000000E+00   0.000000000000000E+00   0.000000000000000E+00   0.000000000000000E+00
   9.930868308700000E-01   3.554426207100000E+00   3.225479155600000E-01   1.105087011600000E+00   5.484073332000000E-01   0.000000000000000E+00   0.000000000000000E+00   0.000000000000000E+00   0.000000000000000E+00
   9.932846120300000E-01   3.554566728100000E+00   3.225483799800000E-01   1.094788870600000E+00   5.741650945100000E-01   0.000000000000000E+00   0.000000000000000E+00   0.000000000000000E+00   0.000000000000000E+00
   9.934823931900000E-01   3.554294197500000E+00   3.225474791100000E-01   1.114754581000000E+00   5.242294544100000E-01   0.000000000000000E+00   0.000000000000000E+00   0.000000000000000E+00   0.000000000000000E+00
   9.936711607299999E-01   3.554566650200000E+00   3.225483797800000E-01   1.094796771700000E+00   5.741444642100000E-01   0.000000000000000E+00   0.000000000000000E+00   0.000000000000000E+00   0.000000000000000E+00
   9.938599282700000E-01   3.554426427400000E+00   3.225479161500000E-01   1.105064705600000E+00   5.484655809200000E-01   0.000000000000000E+00   0.000000000000000E+00   0.000000000000000E+00   0.000000000000000E+00
   9.940486958100000E-01   3.554566558400000E+00   3.225483795400000E-01   1.094806247900000E+00   5.741196625400000E-01   0.000000000000000E+00   0.000000000000000E+00   0.000000000000000E+00   0.000000000000000E+00
   9.942374633400000E-01   3.554294783700000E+00   3.225474806400000E-01   1.114693935900000E+00   5.243881883200000E-01   0.000000000000000E+00   0.000000000000000E+00   0.000000000000000E+00   0.000000000000000E+00
   9.943802853700000E-01   3.554566470100000E+00   3.225483793100000E-01   1.094815567100000E+00   5.740952188300000E-01   0.000000000000000E+00   0.000000000000000E+00   0.000000000000000E+00   0.000000000000000E+00
   9.945231073900000E-01   3.554426675000000E+00   3.225479167700000E-01   1.105038418100000E+00   5.485345768800000E-01   0.000000000000000E+00   0.000000000000000E+00   0.000000000000000E+00   0.000000000000000E+00
   9.946659294100000E-01   3.554566356400000E+00   3.225483790300000E-01   1.094827979000000E+00   5.740625394700000E-01   0.000000000000000E+00   0.000000000000000E+00   0.000000000000000E+00   0.000000000000000E+00
   9.948087514300000E-01   3.554295508400000E+00   3.225474824100000E-01   1.114614506500000E+00   5.245973441400000E-01   0.000000000000000E+00   0.000000000000000E+00   0.000000000000000E+00   0.000000000000000E+00
   9.949227395200000E-01   3.554566252300000E+00   3.225483787800000E-01   1.094839805400000E+00   5.740312950499999E-01   0.000000000000000E+00   0.000000000000000E+00   0.000000000000000E+00   0.000000000000000E+00
   9.950367275999999E-01   3.554426967100000E+00   3.225479174600000E-01   1.105005062200000E+00   5.486227708700000E-01   0.000000000000000E+00   0.000000000000000E+00   0.000000000000000E+00   0.000000000000000E+00
   9.951507156900000E-01   3.554566123700000E+00   3.225483785000000E-01   1.094855163700000E+00   5.739904978800000E-01   0.000000000000000E+00   0.000000000000000E+00   0.000000000000000E+00   0.000000000000000E+00
   9.952647037700000E-01   3.554296325600000E+00   3.225474842200000E-01   1.114516228600000E+00   5.248584631400000E-01   0.000000000000000E+00   0.000000000000000E+00   0.000000000000000E+00   0.000000000000000E+00
   9.953676038200000E-01   3.554566017100000E+00   3.225483782800000E-01   1.094868823100000E+00   5.739540155600000E-01   0.000000000000000E+00   0.000000000000000E+00   0.000000000000000E+00   0.000000000000000E+00
   9.954705038700000E-01   3.554427267100000E+00   3.225479180600000E-01   1.104966521500000E+00   5.487257681700000E-01   0.000000000000000E+00   0.000000000000000E+00   0.000000000000000E+00   0.000000000000000E+00
   9.955734039200000E-01   3.554565896200000E+00   3.225483780700000E-01   1.094885562700000E+00   5.739089900100000E-01   0.000000000000000E+00   0.000000000000000E+00   0.000000000000000E+00   0.000000000000000E+00
   9.956763039700000E-01   3.554297092900000E+00   3.225474855600000E-01   1.114409119600000E+00   5.251466533100000E-01   0.000000000000000E+00   0.000000000000000E+00   0.000000000000000E+00   0.000000000000000E+00
   9.957844256900000E-01   3.554565807900000E+00   3.225483779400000E-01   1.094899315400000E+00   5.738717051900000E-01   0.000000000000000E+00   0.000000000000000E+00   0.000000000000000E+00   0.000000000000000E+00
   9.958925474200000E-01   3.554427518700000E+00   3.225479184200000E-01   1.104927680800000E+00   5.488310531100000E-01   0.000000000000000E+00   0.000000000000000E+00   0.000000000000000E+00   0.000000000000000E+00
   9.960006691500000E-01   3.554565717700000E+00   3.225483778600000E-01   1.094914949900000E+00   5.738289857800000E-01   0.000000000000000E+00   0.000000000000000E+00   0.000000000000000E+00   0.000000000000000E+00
   9.961087908800000E-01   3.554297663200000E+00   3.225474860900000E-01   1.114309084000000E+00   5.254200847500000E-01   0.000000000000000E+00   0.000000000000000E+00   0.000000000000000E+00   0.000000000000000E+00
   9.962086103600000E-01   3.554565650800000E+00   3.225483778400000E-01   1.094928656900000E+00   5.737912071700000E-01   0.000000000000000E+00   0.000000000000000E+00   0.000000000000000E+00   0.000000000000000E+00
   9.963084298400000E-01   3.554427706200000E+00   3.225479184500000E-01   1.104889009000000E+00   5.489377204200000E-01   0.000000000000000E+00   0.000000000000000E+00   0.000000000000000E+00   0.000000000000000E+00
   9.964082493200001E-01   3.554565585700000E+00   3.225483779000000E-01   1.094945226900000E+00   5.737450383900000E-01   0.000000000000000E+00   0.000000000000000E+00   0.000000000000000E+00   0.000000000000000E+00
   9.965080687900000E-01   3.554298069700000E+00   3.225474856500000E-01   1.114203075000000E+00   5.257156062300000E-01   0.000000000000000E+00   0.000000000000000E+00   0.000000000000000E+00   0.000000000000000E+00
   9.965763971700000E-01   3.554565535100000E+00   3.225483780500000E-01   1.094962381600000E+00   5.736967830800001E-01   0.000000000000000E+00   0.000000000000000E+00   0.000000000000000E+00   0.000000000000000E+00
   9.966447255500001E-01   3.554427827000000E+00   3.225479179300000E-01   1.104840808800000E+00   5.490739600100000E-01   0.000000000000000E+00   0.000000000000000E+00   0.000000000000000E+00   0.000000000000000E+00
   9.967130539300000E-01   3.554565514200000E+00   3.225483784900000E-01   1.094985808700000E+00   5.736294272800000E-01   0.000000000000000E+00   0.000000000000000E+00   0.000000000000000E+00   0.000000000000000E+00
   9.967813823100000E-01   3.554298177300000E+00   3.225474826900000E-01   1.114053291200000E+00   5.261468393299999E-01   0.000000000000000E+00   0.000000000000000E+00   0.000000000000000E+00   0.000000000000000E+00
   9.968590434100000E-01   3.554565545200000E+00   3.225483790700000E-01   1.095004072300000E+00   5.735755921200000E-01   0.000000000000000E+00   0.000000000000000E+00   0.000000000000000E+00   0.000000000000000E+00
   9.969367045200000E-01   3.554427751100000E+00   3.225479163400000E-01   1.104789153100000E+00   5.492259822900000E-01   0.000000000000000E+00   0.000000000000000E+00   0.000000000000000E+00   0.000000000000000E+00
   9.970143656200000E-01   3.554565622000000E+00   3.225483799200000E-01   1.095023753900000E+00   5.735162491500000E-01   0.000000000000000E+00   0.000000000000000E+00   0.000000000000000E+00   0.000000000000000E+00
   9.970920267200000E-01   3.554297662800000E+00   3.225474771600000E-01   1.113927463600000E+00   5.265267721600000E-01   0.000000000000000E+00   0.000000000000000E+00   0.000000000000000E+00   0.000000000000000E+00
   9.971725440900000E-01   3.554565733600000E+00   3.225483808500000E-01   1.095039756100000E+00   5.734666066400000E-01   0.000000000000000E+00   0.000000000000000E+00   0.000000000000000E+00   0.000000000000000E+00
   9.972530614700000E-01   3.554427438300000E+00   3.225479137200000E-01   1.104743964500000E+00   5.493661685800000E-01   0.000000000000000E+00   0.000000000000000E+00   0.000000000000000E+00   0.000000000000000E+00
   9.973335788400000E-01   3.554565916100000E+00   3.225483821900000E-01   1.095057735300000E+00   5.734091132200000E-01   0.000000000000000E+00   0.000000000000000E+00   0.000000000000000E+00   0.000000000000000E+00
   9.974140962100000E-01   3.554296468800000E+00   3.225474684900000E-01   1.113812551900000E+00   5.268948878700001E-01   0.000000000000000E+00   0.000000000000000E+00   0.000000000000000E+00   0.000000000000000E+00
   9.974701030200001E-01   3.554566159500000E+00   3.225483838300000E-01   1.095075885000000E+00   5.733493864600000E-01   0.000000000000000E+00   0.000000000000000E+00   0.000000000000000E+00   0.000000000000000E+00
   9.975261098300000E-01   3.554426678200000E+00   3.225479087200000E-01   1.104693366500000E+00   5.495351053300001E-01   0.000000000000000E+00   0.000000000000000E+00   0.000000000000000E+00   0.000000000000000E+00
   9.975821166400000E-01   3.554566662000000E+00   3.225483869100000E-01   1.095099606500000E+00   5.732658881000000E-01   0.000000000000000E+00   0.000000000000000E+00   0.000000000000000E+00   0.000000000000000E+00
   9.976381234500000E-01   3.554293165700000E+00   3.225474483800000E-01   1.113661352300000E+00   5.274298988600000E-01   0.000000000000000E+00   0.000000000000000E+00   0.000000000000000E+00   0.000000000000000E+00
   9.976997386000001E-01   3.554567226500000E+00   3.225483901600000E-01   1.095117529000000E+00   5.731974555600000E-01   0.000000000000000E+00   0.000000000000000E+00   0.000000000000000E+00   0.000000000000000E+00
   9.977613537500000E-01   3.554425103600000E+00   3.225478996300000E-01   1.104642623400000E+00   5.497283063000000E-01   0.000000000000000E+00   0.000000000000000E+00   0.000000000000000E+00   0.000000000000000E+00
   9.978229689000000E-01   3.554568029500000E+00   3.225483946300000E-01   1.095136187000000E+00   5.731199610100000E-01   0.000000000000000E+00   0.000000000000000E+00   0.000000000000000E+00   0.000000000000000E+00
   9.978845840500000E-01   3.554287971000000E+00   3.225474195500000E-01   1.113542577900000E+00   5.279264963800000E-01   0.000000000000000E+00   0.000000000000000E+00   0.000000000000000E+00   0.000000000000000E+00
   9.979436432300000E-01   3.554568941300000E+00   3.225483996000000E-01   1.095150903600000E+00   5.730517073900000E-01   0.000000000000000E+00   0.000000000000000E+00   0.000000000000000E+00   0.000000000000000E+00
   9.980027024100000E-01   3.554422731800000E+00   3.225478869300000E-01   1.104601274900000E+00   5.499211519300000E-01   0.000000000000000E+00   0.000000000000000E+00   0.000000000000000E+00   0.000000000000000E+00
   9.980617616000000E-01   3.554570631900000E+00   3.225484089000000E-01   1.095166264500000E+00   5.729680465100000E-01   0.000000000000000E+00   0.000000000000000E+00   0.000000000000000E+00   0.000000000000000E+00
   9.981208207800000E-01   3.554280820900000E+00   3.225473830800000E-01   1.113443628500000E+00   5.284609002300000E-01   0.000000000000000E+00   0.000000000000000E+00   0.000000000000000E+00   0.000000000000000E+00
   9.981816868400000E-01   3.554576321500000E+00   3.225484429300000E-01   1.095175210100000E+00   5.728942504100000E-01   0.000000000000000E+00   0.000000000000000E+00   0.000000000000000E+00   0.000000000000000E+00
   9.982425529100000E-01   3.554434206400000E+00   3.225479624100000E-01   1.104564038700000E+00   5.501148226800000E-01   0.000000000000000E+00   0.000000000000000E+00   0.000000000000000E+00   0.000000000000000E+00
   9.983034189700000E-01   3.554623249500000E+00   3.225487331900000E-01   1.095165344000000E+00   5.727851520800000E-01   0.000000000000000E+00   0.000000000000000E+00   0.000000000000000E+00   0.000000000000000E+00
   9.983642850300000E-01   3.554442636000000E+00   3.225484048900000E-01   1.113305626000000E+00   5.289118184300000E-01   0.000000000000000E+00   0.000000000000000E+00   0.000000000000000E+00   0.000000000000000E+00
   9.984012383700001E-01   3.554950568100000E+00   3.225507696400000E-01   1.095031729400000E+00   5.725130857400000E-01   0.000000000000000E+00   0.000000000000000E+00   0.000000000000000E+00   0.000000000000000E+00
   9.984381917100000E-01   3.555201169700000E+00   3.225527499300000E-01   1.104206965500000E+00   5.499789046900000E-01   0.000000000000000E+00   0.000000000000000E+00   0.000000000000000E+00   0.000000000000000E+00
   9.984751450500000E-01   3.556246867500000E+00   3.225588412100000E-01   1.094467809500000E+00   5.716675534900000E-01   0.000000000000000E+00   0.000000000000000E+00   0.000000000000000E+00   0.000000000000000E+00
   9.985120983900000E-01   3.557767979200000E+00   3.225691708700000E-01   1.111840905600000E+00   5.280938784700000E-01   0.000000000000000E+00   0.000000000000000E+00   0.000000000000000E+00   0.000000000000000E+00
   9.985428300400000E-01   3.561181410500000E+00   3.225896087700000E-01   1.092309573000000E+00   5.688829573400001E-01   0.000000000000000E+00   0.000000000000000E+00   0.000000000000000E+00   0.000000000000000E+00
   9.985735616800000E-01   3.566631844900000E+00   3.226240926600000E-01   1.099268641000000E+00   5.443218992800000E-01   0.000000000000000E+00   0.000000000000000E+00   0.000000000000000E+00   0.000000000000000E+00
   9.986042933300000E-01   3.577210453800000E+00   3.226897892300000E-01   1.085373304500000E+00   5.602506428500000E-01   0.000000000000000E+00   0.000000000000000E+00   0.000000000000000E+00   0.000000000000000E+00
   9.986350249700000E-01   3.595703095600000E+00   3.228068423700000E-01   1.095865178200000E+00   5.097455044600000E-01   0.000000000000000E+00   0.000000000000000E+00   0.000000000000000E+00   0.000000000000000E+00
   9.986640570200001E-01   3.627358502100000E+00   3.230057970500000E-01   1.064498060900000E+00   5.350035622000000E-01   0.000000000000000E+00   0.000000000000000E+00   0.000000000000000E+00   0.000000000000000E+00
   9.986930890800000E-01   3.679387575900000E+00   3.233380144900000E-01   1.053609976800000E+00   4.902644834700000E-01   0.000000000000000E+00   0.000000000000000E+00   0.000000000000000E+00   0.000000000000000E+00
   9.987221211300000E-01   3.763051939100000E+00   3.238793702700000E-01   1.013272045500000E+00   4.755667682600000E-01   0.000000000000000E+00   0.000000000000000E+00   0.000000000000000E+00   0.000000000000000E+00
   9.987511531900000E-01   3.887181229900000E+00   3.247048405800000E-01   9.911801382300000E-01   3.915085821300000E-01   0.000000000000000E+00   0.000000000000000E+00   0.000000000000000E+00   0.000000000000000E+00
   9.987859968400000E-01   4.100890264500000E+00   3.261797914600000E-01   9.109580566500000E-01   3.671488885000000E-01   0.000000000000000E+00   0.000000000000000E+00   0.000000000000000E+00   0.000000000000000E+00
   9.988208404900000E-01   4.379910291700000E+00   3.282278503600000E-01   8.555413278700000E-01   2.854415646100000E-01   0.000000000000000E+00   0.000000000000000E+00   0.000000000000000E+00   0.000000000000000E+00
   9.988556841500000E-01   4.709621282100000E+00   3.308375181200000E-01   7.827434538700000E-01   2.507655066400000E-01   0.000000000000000E+00   0.000000000000000E+00   0.000000000000000E+00   0.000000000000000E+00
   9.988905278000000E-01   5.067028510100000E+00   3.339368745700000E-01   7.476229477200000E-01   1.702868007500000E-01   0.000000000000000E+00   0.000000000000000E+00   0.000000000000000E+00   0.000000000000000E+00
   9.989251865400000E-01   5.430783969400000E+00   3.374254542400000E-01   6.812184626900000E-01   1.743666253000000E-01   0.000000000000000E+00   0.000000000000000E+00   0.000000000000000E+00   0.000000000000000E+00
   9.989598452700000E-01   5.786295730300000E+00   3.412353012400000E-01   6.531119098000000E-01   1.302155975900000E-01   0.000000000000000E+00   0.000000000000000E+00   0.000000000000000E+00   0.000000000000000E+00
   9.989945040100000E-01   6.124915249600000E+00   3.453073133700000E-01   6.105457781500000E-01   1.296629907300000E-01   0.000000000000000E+00   0.000000000000000E+00   0.000000000000000E+00   0.000000000000000E+00
   9.990291627400000E-01   6.440097757500000E+00   3.495875651200000E-01   6.040980319200000E-01   7.836686867900000E-02   0.000000000000000E+00   0.000000000000000E+00   0.000000000000000E+00   0.000000000000000E+00
   9.990614331300000E-01   6.711679071100000E+00   3.537315470300000E-01   5.623021587500000E-01   1.033377537300000E-01   0.000000000000000E+00   0.000000000000000E+00   0.000000000000000E+00   0.000000000000000E+00
   9.990937035200000E-01   6.960377975500000E+00   3.579988576600000E-01   5.543684065400000E-01   7.573829879100000E-02   0.000000000000000E+00   0.000000000000000E+00   0.000000000000000E+00   0.000000000000000E+00
   9.991259739100000E-01   7.187771323700000E+00   3.623748600600000E-01   5.274708922900000E-01   8.652918195800000E-02   0.000000000000000E+00   0.000000000000000E+00   0.000000000000000E+00   0.000000000000000E+00
   9.991582443000000E-01   7.394023141100000E+00   3.668412304600000E-01   5.336200116599999E-01   4.472391266500000E-02   0.000000000000000E+00   0.000000000000000E+00   0.000000000000000E+00   0.000000000000000E+00
   9.991920592500000E-01   7.590467132700000E+00   3.716110026300000E-01   4.993805707300000E-01   7.439718763399999E-02   0.000000000000000E+00   0.000000000000000E+00   0.000000000000000E+00   0.000000000000000E+00
   9.992258741900000E-01   7.767216579800000E+00   3.764568634400000E-01   4.977155223900000E-01   5.142247703100000E-02   0.000000000000000E+00   0.000000000000000E+00   0.000000000000000E+00   0.000000000000000E+00
   9.992596891400000E-01   7.927113575300000E+00   3.813739079100000E-01   4.758030876600000E-01   6.520448999099999E-02   0.000000000000000E+00   0.000000000000000E+00   0.000000000000000E+00   0.000000000000000E+00
   9.992935040800000E-01   8.071041775599999E+00   3.863518144300000E-01   4.860483654400000E-01   2.667695844400000E-02   0.000000000000000E+00   0.000000000000000E+00   0.000000000000000E+00   0.000000000000000E+00
   9.993185894700000E-01   8.169501641400000E+00   3.900842157900000E-01   4.581724675600000E-01   5.891930965100000E-02   0.000000000000000E+00   0.000000000000000E+00   0.000000000000000E+00   0.000000000000000E+00
   9.993436748600000E-01   8.260518218600000E+00   3.938441485100000E-01   4.618898168600000E-01   3.886430789500000E-02   0.000000000000000E+00   0.000000000000000E+00   0.000000000000000E+00   0.000000000000000E+00
   9.993687602400000E-01   8.345625105300000E+00   3.976333171100000E-01   4.446869414700000E-01   5.441956421000000E-02   0.000000000000000E+00   0.000000000000000E+00   0.000000000000000E+00   0.000000000000000E+00
   9.993938456300000E-01   8.424470579899999E+00   4.014469582200000E-01   4.588792053200000E-01   1.836563482100000E-02   0.000000000000000E+00   0.000000000000000E+00   0.000000000000000E+00   0.000000000000000E+00
   9.994178993800000E-01   8.495880648700000E+00   4.051299085000000E-01   4.325201896800000E-01   5.061656893800000E-02   0.000000000000000E+00   0.000000000000000E+00   0.000000000000000E+00   0.000000000000000E+00
   9.994419531299999E-01   8.562381210800000E+00   4.088329918500000E-01   4.374061757500000E-01   3.156418378700000E-02   0.000000000000000E+00   0.000000000000000E+00   0.000000000000000E+00   0.000000000000000E+00
   9.994660068900000E-01   8.625267640400001E+00   4.125586116700000E-01   4.213994571300000E-01   4.732388793400000E-02   0.000000000000000E+00   0.000000000000000E+00   0.000000000000000E+00   0.000000000000000E+00
   9.994900606400000E-01   8.683991214500001E+00   4.163027548200000E-01   4.364258996100000E-01   1.245995410200000E-02   0.000000000000000E+00   0.000000000000000E+00   0.000000000000000E+00   0.000000000000000E+00
   9.995141956800000E-01   8.740292268299999E+00   4.200818870200000E-01   4.108900293000000E-01   4.439448733900000E-02   0.000000000000000E+00   0.000000000000000E+00   0.000000000000000E+00   0.000000000000000E+00
   9.995383307100000E-01   8.793020530800000E+00   4.238783037700000E-01   4.162606511500000E-01   2.601691101000000E-02   0.000000000000000E+00   0.000000000000000E+00   0.000000000000000E+00   0.000000000000000E+00
   9.995624657500000E-01   8.843338741900000E+00   4.276946278500000E-01   4.008850851500000E-01   4.174111379500000E-02   0.000000000000000E+00   0.000000000000000E+00   0.000000000000000E+00   0.000000000000000E+00
   9.995866007899999E-01   8.890606805099999E+00   4.315272163400000E-01   4.161682825200000E-01   7.785093784700000E-03   0.000000000000000E+00   0.000000000000000E+00   0.000000000000000E+00   0.000000000000000E+00
   9.996033635400000E-01   8.922649184400001E+00   4.342015584100000E-01   3.927602044000000E-01   3.967268426700000E-02   0.000000000000000E+00   0.000000000000000E+00   0.000000000000000E+00   0.000000000000000E+00
   9.996201262800000E-01   8.953124187100000E+00   4.368824114500000E-01   3.997888057700000E-01   2.221197747200000E-02   0.000000000000000E+00   0.000000000000000E+00   0.000000000000000E+00   0.000000000000000E+00
   9.996368890200000E-01   8.982968984999999E+00   4.395727251300000E-01   3.863167281800000E-01   3.804939756800000E-02   0.000000000000000E+00   0.000000000000000E+00   0.000000000000000E+00   0.000000000000000E+00
   9.996536517600000E-01   9.011377837900000E+00   4.422693353600000E-01   4.028939478300000E-01   5.399743930800000E-03   0.000000000000000E+00   0.000000000000000E+00   0.000000000000000E+00   0.000000000000000E+00
   9.996685143800000E-01   9.036474860000000E+00   4.446691801600000E-01   3.803868956000000E-01   3.660818074100000E-02   0.000000000000000E+00   0.000000000000000E+00   0.000000000000000E+00   0.000000000000000E+00
   9.996833770000000E-01   9.060413333500000E+00   4.470734110300000E-01   3.877117245100000E-01   1.975802501900000E-02   0.000000000000000E+00   0.000000000000000E+00   0.000000000000000E+00   0.000000000000000E+00
   9.996982396200000E-01   9.084082935000000E+00   4.494849657200000E-01   3.749405530800000E-01   3.529513804700000E-02   0.000000000000000E+00   0.000000000000000E+00   0.000000000000000E+00   0.000000000000000E+00
   9.997131022300000E-01   9.106668022799999E+00   4.519008030100000E-01   3.915656351800000E-01   3.693937878000000E-03   0.000000000000000E+00   0.000000000000000E+00   0.000000000000000E+00   0.000000000000000E+00
   9.997294455000000E-01   9.131560623400000E+00   4.545666418700000E-01   3.693233210300000E-01   3.400900706000000E-02   0.000000000000000E+00   0.000000000000000E+00   0.000000000000000E+00   0.000000000000000E+00
   9.997457887700000E-01   9.155320534499999E+00   4.572378548500000E-01   3.762779720800000E-01   1.760522607800000E-02   0.000000000000000E+00   0.000000000000000E+00   0.000000000000000E+00   0.000000000000000E+00
   9.997621320400000E-01   9.178820734800000E+00   4.599173073700000E-01   3.635538224100000E-01   3.272197945300000E-02   0.000000000000000E+00   0.000000000000000E+00   0.000000000000000E+00   0.000000000000000E+00
   9.997784753100000E-01   9.201264886300001E+00   4.626020336900000E-01   3.796242043300000E-01   1.912227883900000E-03   0.000000000000000E+00   0.000000000000000E+00   0.000000000000000E+00   0.000000000000000E+00
   9.997892714300000E-01   9.216331251500000E+00   4.643811810400000E-01   3.588609684300000E-01   3.168008277900000E-02   0.000000000000000E+00   0.000000000000000E+00   0.000000000000000E+00   0.000000000000000E+00
   9.998000675499999E-01   9.230684785599999E+00   4.661616229500000E-01   3.666138060600000E-01   1.598423120700000E-02   0.000000000000000E+00   0.000000000000000E+00   0.000000000000000E+00   0.000000000000000E+00
   9.998108636700000E-01   9.245148065400000E+00   4.679461808000000E-01   3.552052321500000E-01   3.082175133900000E-02   0.000000000000000E+00   0.000000000000000E+00   0.000000000000000E+00   0.000000000000000E+00
   9.998216597800000E-01   9.258925762400001E+00   4.697320468100000E-01   3.716782770000000E-01   1.329410290300000E-03   0.000000000000000E+00   0.000000000000000E+00   0.000000000000000E+00   0.000000000000000E+00
   9.998306557500000E-01   9.270822297700001E+00   4.712243674400000E-01   3.518943970900000E-01   3.005676372700000E-02   0.000000000000000E+00   0.000000000000000E+00   0.000000000000000E+00   0.000000000000000E+00
   9.998396517200000E-01   9.282111252300000E+00   4.727170820500000E-01   3.596444496100000E-01   1.504365355900000E-02   0.000000000000000E+00   0.000000000000000E+00   0.000000000000000E+00   0.000000000000000E+00
   9.998486476900000E-01   9.293582185800000E+00   4.742129134200000E-01   3.489341803900000E-01   2.933595233100000E-02   0.000000000000000E+00   0.000000000000000E+00   0.000000000000000E+00   0.000000000000000E+00
   9.998576436600000E-01   9.304466519000000E+00   4.757091734000000E-01   3.650114215500000E-01   1.173262113700000E-03   0.000000000000000E+00   0.000000000000000E+00   0.000000000000000E+00   0.000000000000000E+00
   9.998651985500000E-01   9.314060267100000E+00   4.769692009800000E-01   3.462373333600000E-01   2.868865785600000E-02   0.000000000000000E+00   0.000000000000000E+00   0.000000000000000E+00   0.000000000000000E+00
   9.998727534400000E-01   9.323116185200000E+00   4.782290698500000E-01   3.538493378700000E-01   1.441441130200000E-02   0.000000000000000E+00   0.000000000000000E+00   0.000000000000000E+00   0.000000000000000E+00
   9.998803083300000E-01   9.332388450300000E+00   4.794913861500000E-01   3.438173751200000E-01   2.806301459900000E-02   0.000000000000000E+00   0.000000000000000E+00   0.000000000000000E+00   0.000000000000000E+00
   9.998878632200000E-01   9.341141894200000E+00   4.807535911100000E-01   3.593134925000000E-01   1.361997917600000E-03   0.000000000000000E+00   0.000000000000000E+00   0.000000000000000E+00   0.000000000000000E+00
   9.998942121200000E-01   9.348959433799999E+00   4.818172019400000E-01   3.416085180200000E-01   2.749931955800000E-02   0.000000000000000E+00   0.000000000000000E+00   0.000000000000000E+00   0.000000000000000E+00
   9.999005610200000E-01   9.356292144499999E+00   4.828803069800000E-01   3.489750868700000E-01   1.403075468200000E-02   0.000000000000000E+00   0.000000000000000E+00   0.000000000000000E+00   0.000000000000000E+00
   9.999069099200000E-01   9.363855023099999E+00   4.839453787400000E-01   3.396300962800000E-01   2.694183582800000E-02   0.000000000000000E+00   0.000000000000000E+00   0.000000000000000E+00   0.000000000000000E+00
   9.999132588300000E-01   9.370952057100000E+00   4.850100015300000E-01   3.543837800500000E-01   1.849194129200000E-03   0.000000000000000E+00   0.000000000000000E+00   0.000000000000000E+00   0.000000000000000E+00
   9.999184722500000E-01   9.377229051500001E+00   4.858866393800000E-01   3.378433739800000E-01   2.644007131700000E-02   0.000000000000000E+00   0.000000000000000E+00   0.000000000000000E+00   0.000000000000000E+00
   9.999236856700000E-01   9.383067584200001E+00   4.867625350600000E-01   3.448816917200000E-01   1.386246722700000E-02   0.000000000000000E+00   0.000000000000000E+00   0.000000000000000E+00   0.000000000000000E+00
   9.999288991000000E-01   9.389138575800001E+00   4.876400089900000E-01   3.362724892600000E-01   2.593341414300000E-02   0.000000000000000E+00   0.000000000000000E+00   0.000000000000000E+00   0.000000000000000E+00
   9.999341125200000E-01   9.394791352300000E+00   4.885168069300000E-01   3.501278870300000E-01   2.643643167000000E-03   0.000000000000000E+00   0.000000000000000E+00   0.000000000000000E+00   0.000000000000000E+00
   9.999382747200000E-01   9.399729340100000E+00   4.892188290800000E-01   3.348740024200000E-01   2.547691872100000E-02   0.000000000000000E+00   0.000000000000000E+00   0.000000000000000E+00   0.000000000000000E+00
   9.999424369200000E-01   9.404272167300000E+00   4.899199710100000E-01   3.414858480800000E-01   1.390163876900000E-02   0.000000000000000E+00   0.000000000000000E+00   0.000000000000000E+00   0.000000000000000E+00
   9.999465991199999E-01   9.409040341000001E+00   4.906223784400000E-01   3.336774348000000E-01   2.500396505100000E-02   0.000000000000000E+00   0.000000000000000E+00   0.000000000000000E+00   0.000000000000000E+00
   9.999507613200000E-01   9.413435952000000E+00   4.913239822900000E-01   3.464448456200000E-01   3.767186973700000E-03   0.000000000000000E+00   0.000000000000000E+00   0.000000000000000E+00   0.000000000000000E+00
   9.999541011100000E-01   9.417359500600000E+00   4.918886767500000E-01   3.326090815900000E-01   2.457748932900000E-02   0.000000000000000E+00   0.000000000000000E+00   0.000000000000000E+00   0.000000000000000E+00
   9.999574409100001E-01   9.420929734900000E+00   4.924524592900000E-01   3.386667406700000E-01   1.412690199600000E-02   0.000000000000000E+00   0.000000000000000E+00   0.000000000000000E+00   0.000000000000000E+00
   9.999607807100001E-01   9.424709505699999E+00   4.930172758400000E-01   3.317047908400000E-01   2.412412603000000E-02   0.000000000000000E+00   0.000000000000000E+00   0.000000000000000E+00   0.000000000000000E+00
   9.999641205100001E-01   9.428161046700000E+00   4.935812665800000E-01   3.431829813900000E-01   5.174081643800000E-03   0.000000000000000E+00   0.000000000000000E+00   0.000000000000000E+00   0.000000000000000E+00
   9.999667661800000E-01   9.431251402299999E+00   4.940294890800000E-01   3.309033667400000E-01   2.371544696700000E-02   0.000000000000000E+00   0.000000000000000E+00   0.000000000000000E+00   0.000000000000000E+00
   9.999694118500000E-01   9.434031470300001E+00   4.944768316500000E-01   3.363004602300000E-01   1.451090834400000E-02   0.000000000000000E+00   0.000000000000000E+00   0.000000000000000E+00   0.000000000000000E+00
   9.999720575100000E-01   9.436999430000000E+00   4.949250162600000E-01   3.302460508800000E-01   2.327277398900000E-02   0.000000000000000E+00   0.000000000000000E+00   0.000000000000000E+00   0.000000000000000E+00
   9.999747031800000E-01   9.439684765999999E+00   4.953724162000000E-01   3.402540339100000E-01   6.845219980400000E-03   0.000000000000000E+00   0.000000000000000E+00   0.000000000000000E+00   0.000000000000000E+00
   9.999767239900000E-01   9.442042002699999E+00   4.957153336900000E-01   3.296807223500000E-01   2.287233770400000E-02   0.000000000000000E+00   0.000000000000000E+00   0.000000000000000E+00   0.000000000000000E+00
   9.999787447900000E-01   9.444134322100000E+00   4.960574465300000E-01   3.343216978900000E-01   1.504557649000000E-02   0.000000000000000E+00   0.000000000000000E+00   0.000000000000000E+00   0.000000000000000E+00
   9.999807655900000E-01   9.446387560200000E+00   4.964002249900000E-01   3.292663525200000E-01   2.243424660100000E-02   0.000000000000000E+00   0.000000000000000E+00   0.000000000000000E+00   0.000000000000000E+00
   9.999827864000000E-01   9.448405052600000E+00   4.967422937900000E-01   3.376558528200000E-01   8.798848780200000E-03   0.000000000000000E+00   0.000000000000000E+00   0.000000000000000E+00   0.000000000000000E+00
   9.999842877000000E-01   9.450153281600000E+00   4.969973487300000E-01   3.290183209700000E-01   2.204891356300000E-02   0.000000000000000E+00   0.000000000000000E+00   0.000000000000000E+00   0.000000000000000E+00
   9.999857890100000E-01   9.451680165699999E+00   4.972516798600000E-01   3.329476148900000E-01   1.574843885000000E-02   0.000000000000000E+00   0.000000000000000E+00   0.000000000000000E+00   0.000000000000000E+00
   9.999872903200000E-01   9.453326125900000E+00   4.975064396100000E-01   3.292760373200000E-01   2.166855660300000E-02   0.000000000000000E+00   0.000000000000000E+00   0.000000000000000E+00   0.000000000000000E+00
   9.999887916300000E-01   9.454763358899999E+00   4.977604412600000E-01   3.365586300100000E-01   1.112311927800000E-02   0.000000000000000E+00   0.000000000000000E+00   0.000000000000000E+00   0.000000000000000E+00
   9.999898682100000E-01   9.455955793599999E+00   4.979430620900000E-01   3.308864355600000E-01   2.147902068300000E-02   0.000000000000000E+00   0.000000000000000E+00   0.000000000000000E+00   0.000000000000000E+00
   9.999909447999999E-01   9.456934896400000E+00   4.981247931600000E-01   3.355391570500000E-01   1.697232535700000E-02   0.000000000000000E+00   0.000000000000000E+00   0.000000000000000E+00   0.000000000000000E+00
   9.999920213800000E-01   9.457924479400001E+00   4.983062670300000E-01   3.358369328000000E-01   2.163407614500000E-02   0.000000000000000E+00   0.000000000000000E+00   0.000000000000000E+00   0.000000000000000E+00
   9.999930979600000E-01   9.458627421999999E+00   4.984861998200000E-01   3.462145959900000E-01   1.478080873900000E-02   0.000000000000000E+00   0.000000000000000E+00   0.000000000000000E+00   0.000000000000000E+00
   9.999938086700000E-01   9.459078301000000E+00   4.986044243000000E-01   3.477262604300000E-01   2.264802515400000E-02   0.000000000000000E+00   0.000000000000000E+00   0.000000000000000E+00   0.000000000000000E+00
   9.999945193699999E-01   9.459233743600000E+00   4.987209780000000E-01   3.588177227600000E-01   2.068018335300000E-02   0.000000000000000E+00   0.000000000000000E+00   0.000000000000000E+00   0.000000000000000E+00
   9.999952300800000E-01   9.459165038700000E+00   4.988357623300000E-01   3.711297754600000E-01   2.513048315900000E-02   0.000000000000000E+00   0.000000000000000E+00   0.000000000000000E+00   0.000000000000000E+00
   9.999959407900000E-01   9.458552179600000E+00   4.989470978500000E-01   3.962160918600000E-01   2.355284342200000E-02   0.000000000000000E+00   0.000000000000000E+00   0.000000000000000E+00   0.000000000000000E+00
   9.999963637400000E-01   9.457915015999999E+00   4.990112974100000E-01   4.131400837200000E-01   3.036350916000000E-02   0.000000000000000E+00   0.000000000000000E+00   0.000000000000000E+00   0.000000000000000E+00
   9.999967866900000E-01   9.456826629600000E+00   4.990727306700000E-01   4.410027435600000E-01   3.267258093900000E-02   0.000000000000000E+00   0.000000000000000E+00   0.000000000000000E+00   0.000000000000000E+00
   9.999972096400001E-01   9.455185979800000E+00   4.991305546900000E-01   4.784632567900000E-01   3.985081219100000E-02   0.000000000000000E+00   0.000000000000000E+00   0.000000000000000E+00   0.000000000000000E+00
   9.999976325900000E-01   9.452583510800000E+00   4.991825408600000E-01   5.368600753000000E-01   4.757725385900000E-02   0.000000000000000E+00   0.000000000000000E+00   0.000000000000000E+00   0.000000000000000E+00
   9.999978632800000E-01   9.450588836100000E+00   4.992073943700000E-01   5.797886608700000E-01   5.739044817300000E-02   0.000000000000000E+00   0.000000000000000E+00   0.000000000000000E+00   0.000000000000000E+00
   9.999980939799999E-01   9.447931142600000E+00   4.992284640100000E-01   6.380514296699999E-01   6.847303026600000E-02   0.000000000000000E+00   0.000000000000000E+00   0.000000000000000E+00   0.000000000000000E+00
   9.999983246800001E-01   9.444337465200000E+00   4.992442732500000E-01   7.170377568000000E-01   8.629450697400000E-02   0.000000000000000E+00   0.000000000000000E+00   0.000000000000000E+00   0.000000000000000E+00
   9.999985553800000E-01   9.439247547400001E+00   4.992520214800000E-01   8.310192908200000E-01   1.140324467000000E-01   0.000000000000000E+00   0.000000000000000E+00   0.000000000000000E+00   0.000000000000000E+00
   9.999986780700000E-01   9.435624892200000E+00   4.992513441700000E-01   9.130602742300000E-01   1.372352861800000E-01   0.000000000000000E+00   0.000000000000000E+00   0.000000000000000E+00   0.000000000000000E+00
   9.999988007700000E-01   9.431050514000001E+00   4.992458366700000E-01   1.018175248600000E+00   1.689656845300000E-01   0.000000000000000E+00   0.000000000000000E+00   0.000000000000000E+00   0.000000000000000E+00
   9.999989234600000E-01   9.425118491899999E+00   4.992336065700000E-01   1.156277863300000E+00   2.155790397900000E-01   0.000000000000000E+00   0.000000000000000E+00   0.000000000000000E+00   0.000000000000000E+00
   9.999990461600000E-01   9.417131225900000E+00   4.992114875200000E-01   1.344991267900000E+00   2.873093756700000E-01   0.000000000000000E+00   0.000000000000000E+00   0.000000000000000E+00   0.000000000000000E+00
   9.999991174600000E-01   9.411105251100000E+00   4.991921269200000E-01   1.488771343300000E+00   3.485758297900000E-01   0.000000000000000E+00   0.000000000000000E+00   0.000000000000000E+00   0.000000000000000E+00
   9.999991887600000E-01   9.403616243800000E+00   4.991660338200000E-01   1.668771270500000E+00   4.324633181200000E-01   0.000000000000000E+00   0.000000000000000E+00   0.000000000000000E+00   0.000000000000000E+00
   9.999992600600000E-01   9.394079114700000E+00   4.991306903200000E-01   1.899227828200000E+00   5.520598712200000E-01   0.000000000000000E+00   0.000000000000000E+00   0.000000000000000E+00   0.000000000000000E+00
   9.999993313600000E-01   9.381551834000000E+00   4.990821045400000E-01   2.203067843600000E+00   7.295121224200000E-01   0.000000000000000E+00   0.000000000000000E+00   0.000000000000000E+00   0.000000000000000E+00
   9.999993759300000E-01   9.371560631500000E+00   4.990423204100000E-01   2.445421303800000E+00   8.872397944100000E-01   0.000000000000000E+00   0.000000000000000E+00   0.000000000000000E+00   0.000000000000000E+00
   9.999994204900000E-01   9.359246062600000E+00   4.989925579800000E-01   2.743630330500000E+00   1.099813404800000E+00   0.000000000000000E+00   0.000000000000000E+00   0.000000000000000E+00   0.000000000000000E+00
   9.999994650600000E-01   9.343752181799999E+00   4.989293143700000E-01   3.117042062400000E+00   1.395120416600000E+00   0.000000000000000E+00   0.000000000000000E+00   0.000000000000000E+00   0.000000000000000E+00
   9.999995096199999E-01   9.323767282800000E+00   4.988472743800000E-01   3.594881682700000E+00   1.818388100100000E+00   0.000000000000000E+00   0.000000000000000E+00   0.000000000000000E+00   0.000000000000000E+00
   9.999995395300000E-01   9.306868024900000E+00   4.987777808200000E-01   3.994825748100000E+00   2.211429176600000E+00   0.000000000000000E+00   0.000000000000000E+00   0.000000000000000E+00   0.000000000000000E+00
   9.999995694400000E-01   9.286153751800001E+00   4.986926463000000E-01   4.479642572700000E+00   2.733236464200000E+00   0.000000000000000E+00   0.000000000000000E+00   0.000000000000000E+00   0.000000000000000E+00
   9.999995993600000E-01   9.260326575600001E+00   4.985867297000000E-01   5.075099957600000E+00   3.442335477100000E+00   0.000000000000000E+00   0.000000000000000E+00   0.000000000000000E+00   0.000000000000000E+00
   9.999996292700000E-01   9.227482275000000E+00   4.984525367000000E-01   5.817906892500000E+00   4.429438444800000E+00   0.000000000000000E+00   0.000000000000000E+00   0.000000000000000E+00   0.000000000000000E+00
   9.999996512300000E-01   9.197321141500000E+00   4.983298261800000E-01   6.485824671400000E+00   5.413250952300000E+00   0.000000000000000E+00   0.000000000000000E+00   0.000000000000000E+00   0.000000000000000E+00
   9.999996732000000E-01   9.160310930100000E+00   4.981799020800000E-01   7.287743402900000E+00   6.711384930900000E+00   0.000000000000000E+00   0.000000000000000E+00   0.000000000000000E+00   0.000000000000000E+00
   9.999996951600000E-01   9.114233193800001E+00   4.979941655000000E-01   8.259638498899999E+00   8.456646035700000E+00   0.000000000000000E+00   0.000000000000000E+00   0.000000000000000E+00   0.000000000000000E+00
   9.999997171200000E-01   9.055937107100000E+00   4.977604574000000E-01   9.450045897800001E+00   1.084767387200000E+01   0.000000000000000E+00   0.000000000000000E+00   0.000000000000000E+00   0.000000000000000E+00
   9.999997342500000E-01   8.999202456900001E+00   4.975341707200000E-01   1.056934149600000E+01   1.335061845500000E+01   0.000000000000000E+00   0.000000000000000E+00   0.000000000000000E+00   0.000000000000000E+00
   9.999997513700000E-01   8.929438782800000E+00   4.972572267800000E-01   1.189744918300000E+01   1.663815668800000E+01   0.000000000000000E+00   0.000000000000000E+00   0.000000000000000E+00   0.000000000000000E+00
   9.999997685000001E-01   8.842681841599999E+00   4.969144875000000E-01   1.348041849000000E+01   2.101604320200000E+01   0.000000000000000E+00   0.000000000000000E+00   0.000000000000000E+00   0.000000000000000E+00
   9.999997856200000E-01   8.733542791500000E+00   4.964854376200000E-01   1.537487079000000E+01   2.692101016000000E+01   0.000000000000000E+00   0.000000000000000E+00   0.000000000000000E+00   0.000000000000000E+00
   9.999997996300000E-01   8.622657001400000E+00   4.960514335800000E-01   1.720033525600000E+01   3.331724626900000E+01   0.000000000000000E+00   0.000000000000000E+00   0.000000000000000E+00   0.000000000000000E+00
   9.999998136400000E-01   8.486821948599999E+00   4.955218578900000E-01   1.931553069200000E+01   4.162449932300000E+01   0.000000000000000E+00   0.000000000000000E+00   0.000000000000000E+00   0.000000000000000E+00
   9.999998276399999E-01   8.319502397300001E+00   4.948720118200000E-01   2.175695955600000E+01   5.248017330500000E+01   0.000000000000000E+00   0.000000000000000E+00   0.000000000000000E+00   0.000000000000000E+00
   9.999998416500000E-01   8.112607572000000E+00   4.940713833600000E-01   2.455539467600000E+01   6.671676228299999E+01   0.000000000000000E+00   0.000000000000000E+00   0.000000000000000E+00   0.000000000000000E+00
   9.999998529900000E-01   7.909527732200000E+00   4.932879393300000E-01   2.709236816100000E+01   8.144173673000000E+01   0.000000000000000E+00   0.000000000000000E+00   0.000000000000000E+00   0.000000000000000E+00
   9.999998643400000E-01   7.668433181600000E+00   4.923602531000000E-01   2.986424330100000E+01   9.975362040900001E+01   0.000000000000000E+00   0.000000000000000E+00   0.000000000000000E+00   0.000000000000000E+00
   9.999998756800000E-01   7.383374014600000E+00   4.912660104700000E-01   3.284057193200000E+01   1.224055085300000E+02   0.000000000000000E+00   0.000000000000000E+00   0.000000000000000E+00   0.000000000000000E+00
   9.999998870200000E-01   7.048804968100000E+00   4.899844604100000E-01   3.596017660800000E+01   1.501737985800000E+02   0.000000000000000E+00   0.000000000000000E+00   0.000000000000000E+00   0.000000000000000E+00
   9.999998975900000E-01   6.688522561300000E+00   4.886069061800000E-01   3.891139385800000E+01   1.812909311900000E+02   0.000000000000000E+00   0.000000000000000E+00   0.000000000000000E+00   0.000000000000000E+00
   9.999999081700000E-01   6.280042074200000E+00   4.870473633300000E-01   4.178681901400000E+01   2.178654113700000E+02   0.000000000000000E+00   0.000000000000000E+00   0.000000000000000E+00   0.000000000000000E+00
   9.999999187400000E-01   5.825021437700000E+00   4.853121752600000E-01   4.444346566700000E+01   2.599582221300000E+02   0.000000000000000E+00   0.000000000000000E+00   0.000000000000000E+00   0.000000000000000E+00
   9.999999293200000E-01   5.329127788800000E+00   4.834227231300000E-01   4.671531374000000E+01   3.071651194200000E+02   0.000000000000000E+00   0.000000000000000E+00   0.000000000000000E+00   0.000000000000000E+00
   9.999999381500000E-01   4.890350539000000E+00   4.817516872400000E-01   4.819867017000000E+01   3.498564186600000E+02   0.000000000000000E+00   0.000000000000000E+00   0.000000000000000E+00   0.000000000000000E+00
   9.999999469900001E-01   4.438150323500000E+00   4.800297792900000E-01   4.921104388000000E+01   3.945289281100000E+02   0.000000000000000E+00   0.000000000000000E+00   0.000000000000000E+00   0.000000000000000E+00
   9.999999558300000E-01   3.982160415800000E+00   4.782931918800000E-01   4.969064429500000E+01   4.400179071700000E+02   0.000000000000000E+00   0.000000000000000E+00   0.000000000000000E+00   0.000000000000000E+00
   9.999999646700000E-01   3.532692156600000E+00   4.765806674900000E-01   4.960699329900000E+01   4.849929674800000E+02   0.000000000000000E+00   0.000000000000000E+00   0.000000000000000E+00   0.000000000000000E+00
   9.999999735000000E-01   3.100169974300000E+00   4.749314129300000E-01   4.896659841800000E+01   5.280369484700000E+02   0.000000000000000E+00   0.000000000000000E+00   0.000000000000000E+00   0.000000000000000E+00
   9.999999823400000E-01   2.692945890900000E+00   4.733768460500000E-01   4.781157975500000E+01   5.679086969400000E+02   0.000000000000000E+00   0.000000000000000E+00   0.000000000000000E+00   0.000000000000000E+00
   9.999999911700000E-01   2.317737804500000E+00   4.719423068900000E-01   4.621118819800000E+01   6.035514328100001E+02   0.000000000000000E+00   0.000000000000000E+00   0.000000000000000E+00   0.000000000000000E+00
   1.000000000000000E+00   1.978880643800000E+00   4.706442257000000E-01   4.425476482000000E+01   6.342005763500000E+02   0.000000000000000E+00   0.000000000000000E+00   0.000000000000000E+00   0.000000000000000E+00
