   0.000000000000000E+00   4.927820358700000E-01   9.999999955900000E-01   1.684513649100000E+00   1.823235516800000E+00   0.000000000000000E+00   0.000000000000000E+00   0.000000000000000E+00   0.000000000000000E+00
   3.338831021200000E-04   6.138198480700000E-01   8.894126138600000E-01   1.598344087100000E+00   1.674212550100000E+00   0.000000000000000E+00   0.000000000000000E+00   0.000000000000000E+00   0.000000000000000E+00
   6.677662042300000E-04   7.499202284800000E-01   7.962880085700000E-01   1.552514372800000E+00   1.482004193200000E+00   0.000000000000000E+00   0.000000000000000E+00   0.000000000000000E+00   0.000000000000000E+00
   1.001649306400000E-03   9.017035558399999E-01   7.175269079500000E-01   1.491758824900000E+00   1.371537947100000E+00   0.000000000000000E+00   0.000000000000000E+00   0.000000000000000E+00   0.000000000000000E+00
   1.335532408500000E-03   1.067650284100000E+00   6.507622942600000E-01   1.467685179600000E+00   1.202303956800000E+00   0.000000000000000E+00   0.000000000000000E+00   0.000000000000000E+00   0.000000000000000E+00
   1.634530882600000E-03   1.227775764300000E+00   5.996473189400000E-01   1.410073204900000E+00   1.164634870000000E+00   0.000000000000000E+00   0.000000000000000E+00   0.000000000000000E+00   0.000000000000000E+00
   1.933529356800000E-03   1.396425518800000E+00   5.556068056700000E-01   1.386749323900000E+00   1.058181019400000E+00   0.000000000000000E+00   0.000000000000000E+00   0.000000000000000E+00   0.000000000000000E+00
   2.232527831000000E-03   1.571955093100000E+00   5.177456328000000E-01   1.344386547900000E+00   1.015162528500000E+00   0.000000000000000E+00   0.000000000000000E+00   0.000000000000000E+00   0.000000000000000E+00
   2.531526305200000E-03   1.751452252400000E+00   4.853022752700000E-01   1.335647319200000E+00   9.004302936500000E-01   0.000000000000000E+00   0.000000000000000E+00   0.000000000000000E+00   0.000000000000000E+00
   3.183098155600000E-03   2.142550907500000E+00   4.302968790500000E-01   1.257935738600000E+00   8.412588665000000E-01   0.000000000000000E+00   0.000000000000000E+00   0.000000000000000E+00   0.000000000000000E+00
   3.834670006000000E-03   2.505845186600000E+00   3.923228755400000E-01   1.221638894400000E+00   7.298491377200000E-01   0.000000000000000E+00   0.000000000000000E+00   0.000000000000000E+00   0.000000000000000E+00
   4.486241856400000E-03   2.815127695400000E+00   3.668410292400000E-01   1.174180144600000E+00   6.954451091700000E-01   0.000000000000000E+00   0.000000000000000E+00   0.000000000000000E+00   0.000000000000000E+00
   5.137813706800000E-03   3.055405131700000E+00   3.502057631300000E-01   1.167878624100000E+00   6.001034264200000E-01   0.000000000000000E+00   0.000000000000000E+00   0.000000000000000E+00   0.000000000000000E+00
   5.709278891700000E-03   3.212264968900000E+00   3.406672473200000E-01   1.130142613600000E+00   6.266613830000000E-01   0.000000000000000E+00   0.000000000000000E+00   0.000000000000000E+00   0.000000000000000E+00
   6.280744076500000E-03   3.324084994800000E+00   3.343369352500000E-01   1.129009562600000E+00   5.820208108600000E-01   0.000000000000000E+00   0.000000000000000E+00   0.000000000000000E+00   0.000000000000000E+00
   6.852209261400000E-03   3.402134720200000E+00   3.301836746300000E-01   1.110168603000000E+00   5.970741756700000E-01   0.000000000000000E+00   0.000000000000000E+00   0.000000000000000E+00   0.000000000000000E+00
   7.423674446300000E-03   3.454283750200000E+00   3.274741294700000E-01   1.125598028400000E+00   5.369805795900000E-01   0.000000000000000E+00   0.000000000000000E+00   0.000000000000000E+00   0.000000000000000E+00
   8.370561419599999E-03   3.505846131200000E+00   3.249186893400000E-01   1.099530389400000E+00   5.817047797800000E-01   0.000000000000000E+00   0.000000000000000E+00   0.000000000000000E+00   0.000000000000000E+00
   9.317448392900000E-03   3.530728869900000E+00   3.236910726800000E-01   1.107725460700000E+00   5.511777629700000E-01   0.000000000000000E+00   0.000000000000000E+00   0.000000000000000E+00   0.000000000000000E+00
   1.026433536600000E-02   3.543135096000000E+00   3.230989744200000E-01   1.095750984700000E+00   5.763036511900000E-01   0.000000000000000E+00   0.000000000000000E+00   0.000000000000000E+00   0.000000000000000E+00
   1.121122234000000E-02   3.548814613600000E+00   3.228102161700000E-01   1.115981272300000E+00   5.232630261300000E-01   0.000000000000000E+00   0.000000000000000E+00   0.000000000000000E+00   0.000000000000000E+00
   1.379988606100000E-02   3.553987787000000E+00   3.225762733700000E-01   1.094656616100000E+00   5.747434072599999E-01   0.000000000000000E+00   0.000000000000000E+00   0.000000000000000E+00   0.000000000000000E+00
   1.638854978200000E-02   3.554216934600000E+00   3.225578194900000E-01   1.105349066600000E+00   5.478112521200000E-01   0.000000000000000E+00   0.000000000000000E+00   0.000000000000000E+00   0.000000000000000E+00
   1.897721350400000E-02   3.554541359300000E+00   3.225497000400000E-01   1.094601518400000E+00   5.746622376200000E-01   0.000000000000000E+00   0.000000000000000E+00   0.000000000000000E+00   0.000000000000000E+00
   2.156587722500000E-02   3.554232415500000E+00   3.225500879800000E-01   1.115430019800000E+00   5.224989273300000E-01   0.000000000000000E+00   0.000000000000000E+00   0.000000000000000E+00   0.000000000000000E+00
   2.972049416200000E-02   3.554577669000000E+00   3.225479557600000E-01   1.094598273700000E+00   5.746559886700000E-01   0.000000000000000E+00   0.000000000000000E+00   0.000000000000000E+00   0.000000000000000E+00
   3.787511109900000E-02   3.554415127900000E+00   3.225483196500000E-01   1.105327902000000E+00   5.477858417900000E-01   0.000000000000000E+00   0.000000000000000E+00   0.000000000000000E+00   0.000000000000000E+00
   4.602972803600000E-02   3.554572638000000E+00   3.225481969300000E-01   1.094599017600000E+00   5.746561148900000E-01   0.000000000000000E+00   0.000000000000000E+00   0.000000000000000E+00   0.000000000000000E+00
   5.418434497300000E-02   3.554275789600000E+00   3.225480083400000E-01   1.115424131800000E+00   5.224965193200000E-01   0.000000000000000E+00   0.000000000000000E+00   0.000000000000000E+00   0.000000000000000E+00
   6.868896126200000E-02   3.554571244300000E+00   3.225482636800000E-01   1.094599315200000E+00   5.746559200000000E-01   0.000000000000000E+00   0.000000000000000E+00   0.000000000000000E+00   0.000000000000000E+00
   8.319357755200001E-02   3.554421028100000E+00   3.225480369200000E-01   1.105326863600000E+00   5.477861107300001E-01   0.000000000000000E+00   0.000000000000000E+00   0.000000000000000E+00   0.000000000000000E+00
   9.769819384200000E-02   3.554570282100000E+00   3.225483097400000E-01   1.094599545200000E+00   5.746557237500000E-01   0.000000000000000E+00   0.000000000000000E+00   0.000000000000000E+00   0.000000000000000E+00
   1.122028101300000E-01   3.554282518700000E+00   3.225476861300000E-01   1.115422602300000E+00   5.224976934700000E-01   0.000000000000000E+00   0.000000000000000E+00   0.000000000000000E+00   0.000000000000000E+00
   1.313262003000000E-01   3.554569831600000E+00   3.225483312900000E-01   1.094599690000000E+00   5.746555386500000E-01   0.000000000000000E+00   0.000000000000000E+00   0.000000000000000E+00   0.000000000000000E+00
   1.504495904700000E-01   3.554422463700000E+00   3.225479682400000E-01   1.105326438300000E+00   5.477866099699999E-01   0.000000000000000E+00   0.000000000000000E+00   0.000000000000000E+00   0.000000000000000E+00
   1.695729806300000E-01   3.554569487300000E+00   3.225483477400000E-01   1.094599825500000E+00   5.746553346300000E-01   0.000000000000000E+00   0.000000000000000E+00   0.000000000000000E+00   0.000000000000000E+00
   1.886963708000000E-01   3.554284836500000E+00   3.225475753900000E-01   1.115421723200000E+00   5.224989828700000E-01   0.000000000000000E+00   0.000000000000000E+00   0.000000000000000E+00   0.000000000000000E+00
   2.030412327400000E-01   3.554569232300000E+00   3.225483599000000E-01   1.094599951200000E+00   5.746551199400000E-01   0.000000000000000E+00   0.000000000000000E+00   0.000000000000000E+00   0.000000000000000E+00
   2.173860946800000E-01   3.554423150200000E+00   3.225479355100000E-01   1.105326086700000E+00   5.477872209000000E-01   0.000000000000000E+00   0.000000000000000E+00   0.000000000000000E+00   0.000000000000000E+00
   2.317309566200000E-01   3.554569027200000E+00   3.225483696400000E-01   1.094600106300000E+00   5.746548116200000E-01   0.000000000000000E+00   0.000000000000000E+00   0.000000000000000E+00   0.000000000000000E+00
   2.460758185600000E-01   3.554286273000000E+00   3.225475070800000E-01   1.115420718000000E+00   5.225009384300000E-01   0.000000000000000E+00   0.000000000000000E+00   0.000000000000000E+00   0.000000000000000E+00
   2.615188260200000E-01   3.554568919000000E+00   3.225483747600000E-01   1.094600227400000E+00   5.746545502900000E-01   0.000000000000000E+00   0.000000000000000E+00   0.000000000000000E+00   0.000000000000000E+00
   2.769618334900000E-01   3.554423477500000E+00   3.225479200200000E-01   1.105325742600000E+00   5.477879556700000E-01   0.000000000000000E+00   0.000000000000000E+00   0.000000000000000E+00   0.000000000000000E+00
   2.924048409500000E-01   3.554568837000000E+00   3.225483786100000E-01   1.094600360600000E+00   5.746542483600000E-01   0.000000000000000E+00   0.000000000000000E+00   0.000000000000000E+00   0.000000000000000E+00
   3.078478484100000E-01   3.554286839600000E+00   3.225474804500000E-01   1.115419861800000E+00   5.225028647600000E-01   0.000000000000000E+00   0.000000000000000E+00   0.000000000000000E+00   0.000000000000000E+00
   3.227075122500000E-01   3.554568788800000E+00   3.225483808400000E-01   1.094600473600000E+00   5.746539834200000E-01   0.000000000000000E+00   0.000000000000000E+00   0.000000000000000E+00   0.000000000000000E+00
   3.375671760800000E-01   3.554423617500000E+00   3.225479135200000E-01   1.105325423000000E+00   5.477887031799999E-01   0.000000000000000E+00   0.000000000000000E+00   0.000000000000000E+00   0.000000000000000E+00
   3.524268399200000E-01   3.554568751500000E+00   3.225483825400000E-01   1.094600607200000E+00   5.746536628000000E-01   0.000000000000000E+00   0.000000000000000E+00   0.000000000000000E+00   0.000000000000000E+00
   3.672865037500000E-01   3.554287098700000E+00   3.225474685900000E-01   1.115419005300000E+00   5.225049138300000E-01   0.000000000000000E+00   0.000000000000000E+00   0.000000000000000E+00   0.000000000000000E+00
   3.803216425100000E-01   3.554568728200000E+00   3.225483835800000E-01   1.094600727500000E+00   5.746533696800000E-01   0.000000000000000E+00   0.000000000000000E+00   0.000000000000000E+00   0.000000000000000E+00
   3.933567812700000E-01   3.554423683500000E+00   3.225479105800000E-01   1.105325083100000E+00   5.477895307700000E-01   0.000000000000000E+00   0.000000000000000E+00   0.000000000000000E+00   0.000000000000000E+00
   4.063919200200000E-01   3.554568710400000E+00   3.225483843300000E-01   1.094600877200000E+00   5.746530006600000E-01   0.000000000000000E+00   0.000000000000000E+00   0.000000000000000E+00   0.000000000000000E+00
   4.194270587800000E-01   3.554287224600000E+00   3.225474632100000E-01   1.115418046000000E+00   5.225072738400000E-01   0.000000000000000E+00   0.000000000000000E+00   0.000000000000000E+00   0.000000000000000E+00
   4.308951632900000E-01   3.554568699500000E+00   3.225483847600000E-01   1.094601012600000E+00   5.746526648300000E-01   0.000000000000000E+00   0.000000000000000E+00   0.000000000000000E+00   0.000000000000000E+00
   4.423632678100000E-01   3.554423714800000E+00   3.225479093400000E-01   1.105324700800000E+00   5.477904789600000E-01   0.000000000000000E+00   0.000000000000000E+00   0.000000000000000E+00   0.000000000000000E+00
   4.538313723200000E-01   3.554568691100000E+00   3.225483850500000E-01   1.094601181600000E+00   5.746522437200000E-01   0.000000000000000E+00   0.000000000000000E+00   0.000000000000000E+00   0.000000000000000E+00
   4.652994768300000E-01   3.554287284500000E+00   3.225474610800000E-01   1.115416964100000E+00   5.225099680700001E-01   0.000000000000000E+00   0.000000000000000E+00   0.000000000000000E+00   0.000000000000000E+00
   4.776240732100000E-01   3.554568686300000E+00   3.225483851800000E-01   1.094601319900000E+00   5.746518979200000E-01   0.000000000000000E+00   0.000000000000000E+00   0.000000000000000E+00   0.000000000000000E+00
   4.899486695800000E-01   3.554423729100000E+00   3.225479089300000E-01   1.105324309900000E+00   5.477914552099999E-01   0.000000000000000E+00   0.000000000000000E+00   0.000000000000000E+00   0.000000000000000E+00
   5.022732659600000E-01   3.554568682200000E+00   3.225483852700000E-01   1.094601476800000E+00   5.746515055600000E-01   0.000000000000000E+00   0.000000000000000E+00   0.000000000000000E+00   0.000000000000000E+00
   5.145978623300000E-01   3.554287312200000E+00   3.225474604400000E-01   1.115415960300000E+00   5.225124789100000E-01   0.000000000000000E+00   0.000000000000000E+00   0.000000000000000E+00   0.000000000000000E+00
   5.329759629300000E-01   3.554568679900000E+00   3.225483853000000E-01   1.094601588000000E+00   5.746512269100000E-01   0.000000000000000E+00   0.000000000000000E+00   0.000000000000000E+00   0.000000000000000E+00
   5.513540635200000E-01   3.554423736000000E+00   3.225479088100000E-01   1.105323995700000E+00   5.477922419400000E-01   0.000000000000000E+00   0.000000000000000E+00   0.000000000000000E+00   0.000000000000000E+00
   5.697321641100000E-01   3.554568677900000E+00   3.225483853300000E-01   1.094601693100000E+00   5.746509636900000E-01   0.000000000000000E+00   0.000000000000000E+00   0.000000000000000E+00   0.000000000000000E+00
   5.881102647000001E-01   3.554287325200000E+00   3.225474602800000E-01   1.115415287700000E+00   5.225141634400000E-01   0.000000000000000E+00   0.000000000000000E+00   0.000000000000000E+00   0.000000000000000E+00
   5.984236398900000E-01   3.554568675800000E+00   3.225483853500000E-01   1.094601817400000E+00   5.746506524700000E-01   0.000000000000000E+00   0.000000000000000E+00   0.000000000000000E+00   0.000000000000000E+00
   6.087370150800000E-01   3.554423742000000E+00   3.225479087600000E-01   1.105323644900000E+00   5.477931207000000E-01   0.000000000000000E+00   0.000000000000000E+00   0.000000000000000E+00   0.000000000000000E+00
   6.190503902700000E-01   3.554568672900000E+00   3.225483853600000E-01   1.094602004500000E+00   5.746501833700000E-01   0.000000000000000E+00   0.000000000000000E+00   0.000000000000000E+00   0.000000000000000E+00
   6.293637654599999E-01   3.554287344000000E+00   3.225474602000000E-01   1.115414089700000E+00   5.225171656399999E-01   0.000000000000000E+00   0.000000000000000E+00   0.000000000000000E+00   0.000000000000000E+00
   6.347326554100000E-01   3.554568669500000E+00   3.225483853600000E-01   1.094602236900000E+00   5.746496010100000E-01   0.000000000000000E+00   0.000000000000000E+00   0.000000000000000E+00   0.000000000000000E+00
   6.401015453500000E-01   3.554423751500000E+00   3.225479087600000E-01   1.105322988900000E+00   5.477947649900000E-01   0.000000000000000E+00   0.000000000000000E+00   0.000000000000000E+00   0.000000000000000E+00
   6.454704353000000E-01   3.554568664600000E+00   3.225483853500000E-01   1.094602596300000E+00   5.746486998900000E-01   0.000000000000000E+00   0.000000000000000E+00   0.000000000000000E+00   0.000000000000000E+00
   6.508393252400000E-01   3.554287376000000E+00   3.225474602500000E-01   1.115411789100000E+00   5.225229327200001E-01   0.000000000000000E+00   0.000000000000000E+00   0.000000000000000E+00   0.000000000000000E+00
   6.562082151900001E-01   3.554568660400000E+00   3.225483853300000E-01   1.094602901900000E+00   5.746479339900000E-01   0.000000000000000E+00   0.000000000000000E+00   0.000000000000000E+00   0.000000000000000E+00
   6.615771051300000E-01   3.554423763200000E+00   3.225479088000000E-01   1.105322126300000E+00   5.477969275300000E-01   0.000000000000000E+00   0.000000000000000E+00   0.000000000000000E+00   0.000000000000000E+00
   6.669459950800000E-01   3.554568655600000E+00   3.225483853200000E-01   1.094603261300000E+00   5.746470329900000E-01   0.000000000000000E+00   0.000000000000000E+00   0.000000000000000E+00   0.000000000000000E+00
   6.723148850200000E-01   3.554287407000000E+00   3.225474603500000E-01   1.115409489000000E+00   5.225286991100000E-01   0.000000000000000E+00   0.000000000000000E+00   0.000000000000000E+00   0.000000000000000E+00
   6.838640913700000E-01   3.554568652600000E+00   3.225483853100000E-01   1.094603485000000E+00   5.746464721000000E-01   0.000000000000000E+00   0.000000000000000E+00   0.000000000000000E+00   0.000000000000000E+00
   6.954132977100000E-01   3.554423771700000E+00   3.225479088200000E-01   1.105321494600000E+00   5.477985112600000E-01   0.000000000000000E+00   0.000000000000000E+00   0.000000000000000E+00   0.000000000000000E+00
   7.069625040600001E-01   3.554568650300000E+00   3.225483853000000E-01   1.094603652000000E+00   5.746460533000000E-01   0.000000000000000E+00   0.000000000000000E+00   0.000000000000000E+00   0.000000000000000E+00
   7.185117103999999E-01   3.554287421400000E+00   3.225474603900000E-01   1.115408419800000E+00   5.225313794599999E-01   0.000000000000000E+00   0.000000000000000E+00   0.000000000000000E+00   0.000000000000000E+00
   7.244090224000000E-01   3.554568647500000E+00   3.225483852900000E-01   1.094603862100000E+00   5.746455267400000E-01   0.000000000000000E+00   0.000000000000000E+00   0.000000000000000E+00   0.000000000000000E+00
   7.303063343900000E-01   3.554423779600000E+00   3.225479088500000E-01   1.105320901500000E+00   5.477999979800000E-01   0.000000000000000E+00   0.000000000000000E+00   0.000000000000000E+00   0.000000000000000E+00
   7.362036463900000E-01   3.554568643100000E+00   3.225483852800000E-01   1.094604189200000E+00   5.746447066300000E-01   0.000000000000000E+00   0.000000000000000E+00   0.000000000000000E+00   0.000000000000000E+00
   7.421009583900000E-01   3.554287449500000E+00   3.225474604900000E-01   1.115406326200000E+00   5.225366281200000E-01   0.000000000000000E+00   0.000000000000000E+00   0.000000000000000E+00   0.000000000000000E+00
   7.468971701100000E-01   3.554568638900000E+00   3.225483852600000E-01   1.094604499200000E+00   5.746439295800000E-01   0.000000000000000E+00   0.000000000000000E+00   0.000000000000000E+00   0.000000000000000E+00
   7.516933818400000E-01   3.554423791400000E+00   3.225479088900000E-01   1.105320026400000E+00   5.478021920000000E-01   0.000000000000000E+00   0.000000000000000E+00   0.000000000000000E+00   0.000000000000000E+00
   7.564895935600000E-01   3.554568633500000E+00   3.225483852500000E-01   1.094604901300000E+00   5.746429213399999E-01   0.000000000000000E+00   0.000000000000000E+00   0.000000000000000E+00   0.000000000000000E+00
   7.612858052900000E-01   3.554287484200000E+00   3.225474606000000E-01   1.115403752300000E+00   5.225430808200000E-01   0.000000000000000E+00   0.000000000000000E+00   0.000000000000000E+00   0.000000000000000E+00
   7.658133261600000E-01   3.554568628800000E+00   3.225483852300000E-01   1.094605253300000E+00   5.746420389800000E-01   0.000000000000000E+00   0.000000000000000E+00   0.000000000000000E+00   0.000000000000000E+00
   7.703408470400001E-01   3.554423804800000E+00   3.225479089300000E-01   1.105319032600000E+00   5.478046833600000E-01   0.000000000000000E+00   0.000000000000000E+00   0.000000000000000E+00   0.000000000000000E+00
   7.748683679200000E-01   3.554568623100000E+00   3.225483852100000E-01   1.094605679300000E+00   5.746409710900000E-01   0.000000000000000E+00   0.000000000000000E+00   0.000000000000000E+00   0.000000000000000E+00
   7.793958888000000E-01   3.554287520800000E+00   3.225474607200000E-01   1.115401026100000E+00   5.225499153399999E-01   0.000000000000000E+00   0.000000000000000E+00   0.000000000000000E+00   0.000000000000000E+00
   7.841006967500000E-01   3.554568618300000E+00   3.225483852000000E-01   1.094606034500000E+00   5.746400805600000E-01   0.000000000000000E+00   0.000000000000000E+00   0.000000000000000E+00   0.000000000000000E+00
   7.888055047000000E-01   3.554423818300000E+00   3.225479089800000E-01   1.105318029600000E+00   5.478071978100000E-01   0.000000000000000E+00   0.000000000000000E+00   0.000000000000000E+00   0.000000000000000E+00
   7.935103126500000E-01   3.554568612800000E+00   3.225483851800000E-01   1.094606444300000E+00   5.746390530700000E-01   0.000000000000000E+00   0.000000000000000E+00   0.000000000000000E+00   0.000000000000000E+00
   7.982151206000000E-01   3.554287556100000E+00   3.225474608400000E-01   1.115398403000000E+00   5.225564912400000E-01   0.000000000000000E+00   0.000000000000000E+00   0.000000000000000E+00   0.000000000000000E+00
   8.005678690200000E-01   3.554568605800000E+00   3.225483851600000E-01   1.094606966800000E+00   5.746377432200001E-01   0.000000000000000E+00   0.000000000000000E+00   0.000000000000000E+00   0.000000000000000E+00
   8.029206174400000E-01   3.554423838100000E+00   3.225479090400000E-01   1.105316554500000E+00   5.478108959900000E-01   0.000000000000000E+00   0.000000000000000E+00   0.000000000000000E+00   0.000000000000000E+00
   8.052733658600000E-01   3.554568594700000E+00   3.225483851200000E-01   1.094607786200000E+00   5.746356890500000E-01   0.000000000000000E+00   0.000000000000000E+00   0.000000000000000E+00   0.000000000000000E+00
   8.076261142800000E-01   3.554287626600000E+00   3.225474610700000E-01   1.115393159000000E+00   5.225696379200000E-01   0.000000000000000E+00   0.000000000000000E+00   0.000000000000000E+00   0.000000000000000E+00
   8.100430407400000E-01   3.554568585500000E+00   3.225483850900000E-01   1.094608473300000E+00   5.746339664700000E-01   0.000000000000000E+00   0.000000000000000E+00   0.000000000000000E+00   0.000000000000000E+00
   8.124599672000000E-01   3.554423864200000E+00   3.225479091300000E-01   1.105314614400000E+00   5.478157597600000E-01   0.000000000000000E+00   0.000000000000000E+00   0.000000000000000E+00   0.000000000000000E+00
   8.148768936600000E-01   3.554568574800000E+00   3.225483850500000E-01   1.094609270700000E+00   5.746319674800000E-01   0.000000000000000E+00   0.000000000000000E+00   0.000000000000000E+00   0.000000000000000E+00
   8.172938201200000E-01   3.554287695200000E+00   3.225474612900000E-01   1.115388056000000E+00   5.225824314300000E-01   0.000000000000000E+00   0.000000000000000E+00   0.000000000000000E+00   0.000000000000000E+00
   8.200294277100000E-01   3.554568566200000E+00   3.225483850300000E-01   1.094609908800000E+00   5.746303675800000E-01   0.000000000000000E+00   0.000000000000000E+00   0.000000000000000E+00   0.000000000000000E+00
   8.227650353000000E-01   3.554423888400000E+00   3.225479092100000E-01   1.105312812500000E+00   5.478202772100000E-01   0.000000000000000E+00   0.000000000000000E+00   0.000000000000000E+00   0.000000000000000E+00
   8.255006428900000E-01   3.554568556700000E+00   3.225483849900000E-01   1.094610613100000E+00   5.746286019900000E-01   0.000000000000000E+00   0.000000000000000E+00   0.000000000000000E+00   0.000000000000000E+00
   8.282362504800000E-01   3.554287755800000E+00   3.225474614900000E-01   1.115383548700000E+00   5.225937312300000E-01   0.000000000000000E+00   0.000000000000000E+00   0.000000000000000E+00   0.000000000000000E+00
   8.310466776000000E-01   3.554568548800000E+00   3.225483849700000E-01   1.094611203700000E+00   5.746271214200001E-01   0.000000000000000E+00   0.000000000000000E+00   0.000000000000000E+00   0.000000000000000E+00
   8.338571047200000E-01   3.554423910800000E+00   3.225479092800000E-01   1.105311145000000E+00   5.478244576500000E-01   0.000000000000000E+00   0.000000000000000E+00   0.000000000000000E+00   0.000000000000000E+00
   8.366675318300000E-01   3.554568539600000E+00   3.225483849400000E-01   1.094611889000000E+00   5.746254033000000E-01   0.000000000000000E+00   0.000000000000000E+00   0.000000000000000E+00   0.000000000000000E+00
   8.394779589500000E-01   3.554287814800000E+00   3.225474616800000E-01   1.115379162700000E+00   5.226047271800000E-01   0.000000000000000E+00   0.000000000000000E+00   0.000000000000000E+00   0.000000000000000E+00
   8.421229790000000E-01   3.554568531500000E+00   3.225483849100000E-01   1.094612489600000E+00   5.746238974300000E-01   0.000000000000000E+00   0.000000000000000E+00   0.000000000000000E+00   0.000000000000000E+00
   8.447679990400000E-01   3.554423933600000E+00   3.225479093500000E-01   1.105309449100000E+00   5.478287094700000E-01   0.000000000000000E+00   0.000000000000000E+00   0.000000000000000E+00   0.000000000000000E+00
   8.474130190900000E-01   3.554568521700000E+00   3.225483848800000E-01   1.094613217600000E+00   5.746220723800000E-01   0.000000000000000E+00   0.000000000000000E+00   0.000000000000000E+00   0.000000000000000E+00
   8.500580391400000E-01   3.554287877400000E+00   3.225474618900000E-01   1.115374503700000E+00   5.226164075100000E-01   0.000000000000000E+00   0.000000000000000E+00   0.000000000000000E+00   0.000000000000000E+00
   8.526833303100000E-01   3.554568513400000E+00   3.225483848500000E-01   1.094613838600000E+00   5.746205154800000E-01   0.000000000000000E+00   0.000000000000000E+00   0.000000000000000E+00   0.000000000000000E+00
   8.553086214800000E-01   3.554423957200000E+00   3.225479094300000E-01   1.105307695600000E+00   5.478331054200000E-01   0.000000000000000E+00   0.000000000000000E+00   0.000000000000000E+00   0.000000000000000E+00
   8.579339126600000E-01   3.554568503500000E+00   3.225483848200000E-01   1.094614571800000E+00   5.746186772500000E-01   0.000000000000000E+00   0.000000000000000E+00   0.000000000000000E+00   0.000000000000000E+00
   8.605592038300000E-01   3.554287940500000E+00   3.225474621000000E-01   1.115369811200000E+00   5.226281722200000E-01   0.000000000000000E+00   0.000000000000000E+00   0.000000000000000E+00   0.000000000000000E+00
   8.633288496800000E-01   3.554568495300000E+00   3.225483847900000E-01   1.094615178700000E+00   5.746171556900000E-01   0.000000000000000E+00   0.000000000000000E+00   0.000000000000000E+00   0.000000000000000E+00
   8.660984955300000E-01   3.554423980200000E+00   3.225479095100000E-01   1.105305982000000E+00   5.478374016000001E-01   0.000000000000000E+00   0.000000000000000E+00   0.000000000000000E+00   0.000000000000000E+00
   8.688681413800000E-01   3.554568486000000E+00   3.225483847600000E-01   1.094615873500000E+00   5.746154137600000E-01   0.000000000000000E+00   0.000000000000000E+00   0.000000000000000E+00   0.000000000000000E+00
   8.716377872300000E-01   3.554288000300000E+00   3.225474622900000E-01   1.115365364400000E+00   5.226393206000000E-01   0.000000000000000E+00   0.000000000000000E+00   0.000000000000000E+00   0.000000000000000E+00
   8.746641437300000E-01   3.554568478400000E+00   3.225483847400000E-01   1.094616439000000E+00   5.746139961100000E-01   0.000000000000000E+00   0.000000000000000E+00   0.000000000000000E+00   0.000000000000000E+00
   8.776905002299999E-01   3.554424001700000E+00   3.225479095800000E-01   1.105304385400000E+00   5.478414044000000E-01   0.000000000000000E+00   0.000000000000000E+00   0.000000000000000E+00   0.000000000000000E+00
   8.807168567400000E-01   3.554568469900000E+00   3.225483847100000E-01   1.094617074700000E+00   5.746124023600000E-01   0.000000000000000E+00   0.000000000000000E+00   0.000000000000000E+00   0.000000000000000E+00
   8.837432132400000E-01   3.554288055000000E+00   3.225474624700000E-01   1.115361296000000E+00   5.226495206300000E-01   0.000000000000000E+00   0.000000000000000E+00   0.000000000000000E+00   0.000000000000000E+00
   8.866972984400000E-01   3.554568462500000E+00   3.225483846900000E-01   1.094617621500000E+00   5.746110312600000E-01   0.000000000000000E+00   0.000000000000000E+00   0.000000000000000E+00   0.000000000000000E+00
   8.896513836500000E-01   3.554424022500000E+00   3.225479096500000E-01   1.105302841300000E+00   5.478452757100000E-01   0.000000000000000E+00   0.000000000000000E+00   0.000000000000000E+00   0.000000000000000E+00
   8.926054688500000E-01   3.554568453800000E+00   3.225483846600000E-01   1.094618272600000E+00   5.746093989300000E-01   0.000000000000000E+00   0.000000000000000E+00   0.000000000000000E+00   0.000000000000000E+00
   8.955595540500000E-01   3.554288111000000E+00   3.225474626600000E-01   1.115357129100000E+00   5.226599675600000E-01   0.000000000000000E+00   0.000000000000000E+00   0.000000000000000E+00   0.000000000000000E+00
   8.978085084300000E-01   3.554568445100000E+00   3.225483846300000E-01   1.094618912700000E+00   5.746077941200000E-01   0.000000000000000E+00   0.000000000000000E+00   0.000000000000000E+00   0.000000000000000E+00
   9.000574628100000E-01   3.554424046800000E+00   3.225479097300000E-01   1.105301034000000E+00   5.478498068200000E-01   0.000000000000000E+00   0.000000000000000E+00   0.000000000000000E+00   0.000000000000000E+00
   9.023064171800000E-01   3.554568433700000E+00   3.225483845900000E-01   1.094619767700000E+00   5.746056506300000E-01   0.000000000000000E+00   0.000000000000000E+00   0.000000000000000E+00   0.000000000000000E+00
   9.045553715600000E-01   3.554288184600000E+00   3.225474629000000E-01   1.115351657400000E+00   5.226736858900000E-01   0.000000000000000E+00   0.000000000000000E+00   0.000000000000000E+00   0.000000000000000E+00
   9.060683869600000E-01   3.554568421500000E+00   3.225483845500000E-01   1.094620671000000E+00   5.746033858600000E-01   0.000000000000000E+00   0.000000000000000E+00   0.000000000000000E+00   0.000000000000000E+00
   9.075814023600000E-01   3.554424081000000E+00   3.225479098400000E-01   1.105298483600000E+00   5.478562010500000E-01   0.000000000000000E+00   0.000000000000000E+00   0.000000000000000E+00   0.000000000000000E+00
   9.090944177500000E-01   3.554568404400000E+00   3.225483844900000E-01   1.094621941200000E+00   5.746002011100000E-01   0.000000000000000E+00   0.000000000000000E+00   0.000000000000000E+00   0.000000000000000E+00
   9.106074331500000E-01   3.554288293800000E+00   3.225474632600000E-01   1.115343527700000E+00   5.226940683200000E-01   0.000000000000000E+00   0.000000000000000E+00   0.000000000000000E+00   0.000000000000000E+00
   9.121340415500000E-01   3.554568390000000E+00   3.225483844500000E-01   1.094623015900000E+00   5.745975068000000E-01   0.000000000000000E+00   0.000000000000000E+00   0.000000000000000E+00   0.000000000000000E+00
   9.136606499500000E-01   3.554424121800000E+00   3.225479099700000E-01   1.105295449400000E+00   5.478638085300001E-01   0.000000000000000E+00   0.000000000000000E+00   0.000000000000000E+00   0.000000000000000E+00
   9.151872583500000E-01   3.554568373100000E+00   3.225483843900000E-01   1.094624274200000E+00   5.745943519800000E-01   0.000000000000000E+00   0.000000000000000E+00   0.000000000000000E+00   0.000000000000000E+00
   9.167138667400000E-01   3.554288402100000E+00   3.225474636100000E-01   1.115335474600000E+00   5.227142591700000E-01   0.000000000000000E+00   0.000000000000000E+00   0.000000000000000E+00   0.000000000000000E+00
   9.186473993900000E-01   3.554568360200000E+00   3.225483843500000E-01   1.094625230900000E+00   5.745919532100000E-01   0.000000000000000E+00   0.000000000000000E+00   0.000000000000000E+00   0.000000000000000E+00
   9.205809320400000E-01   3.554424158100000E+00   3.225479100900000E-01   1.105292747800000E+00   5.478705817900000E-01   0.000000000000000E+00   0.000000000000000E+00   0.000000000000000E+00   0.000000000000000E+00
   9.225144646900000E-01   3.554568346900000E+00   3.225483843100000E-01   1.094626224000000E+00   5.745894634499999E-01   0.000000000000000E+00   0.000000000000000E+00   0.000000000000000E+00   0.000000000000000E+00
   9.244479973400000E-01   3.554288487500000E+00   3.225474638900000E-01   1.115329119200000E+00   5.227301936199999E-01   0.000000000000000E+00   0.000000000000000E+00   0.000000000000000E+00   0.000000000000000E+00
   9.265904260700000E-01   3.554568336100000E+00   3.225483842700000E-01   1.094627026700000E+00   5.745874507399999E-01   0.000000000000000E+00   0.000000000000000E+00   0.000000000000000E+00   0.000000000000000E+00
   9.287328547900000E-01   3.554424188600000E+00   3.225479101900000E-01   1.105290481200000E+00   5.478762648200000E-01   0.000000000000000E+00   0.000000000000000E+00   0.000000000000000E+00   0.000000000000000E+00
   9.308752835200000E-01   3.554568324100000E+00   3.225483842300000E-01   1.094627922600000E+00   5.745852045900000E-01   0.000000000000000E+00   0.000000000000000E+00   0.000000000000000E+00   0.000000000000000E+00
   9.330177122500000E-01   3.554288564500000E+00   3.225474641400000E-01   1.115323385600000E+00   5.227445690100000E-01   0.000000000000000E+00   0.000000000000000E+00   0.000000000000000E+00   0.000000000000000E+00
   9.353083471100000E-01   3.554568314200000E+00   3.225483842000000E-01   1.094628659300000E+00   5.745833574600000E-01   0.000000000000000E+00   0.000000000000000E+00   0.000000000000000E+00   0.000000000000000E+00
   9.375989819800000E-01   3.554424216500000E+00   3.225479102800000E-01   1.105288401000000E+00   5.478814802899999E-01   0.000000000000000E+00   0.000000000000000E+00   0.000000000000000E+00   0.000000000000000E+00
   9.398896168400001E-01   3.554568302900000E+00   3.225483841600000E-01   1.094629496900000E+00   5.745812573500000E-01   0.000000000000000E+00   0.000000000000000E+00   0.000000000000000E+00   0.000000000000000E+00
   9.421802517100000E-01   3.554288636600000E+00   3.225474643800000E-01   1.115318024900000E+00   5.227580096800000E-01   0.000000000000000E+00   0.000000000000000E+00   0.000000000000000E+00   0.000000000000000E+00
   9.434283571199999E-01   3.554568289300000E+00   3.225483841200000E-01   1.094630506100000E+00   5.745787270100000E-01   0.000000000000000E+00   0.000000000000000E+00   0.000000000000000E+00   0.000000000000000E+00
   9.446764625300000E-01   3.554424254800000E+00   3.225479104100000E-01   1.105285551800000E+00   5.478886240500001E-01   0.000000000000000E+00   0.000000000000000E+00   0.000000000000000E+00   0.000000000000000E+00
   9.459245679400000E-01   3.554568268700000E+00   3.225483840500000E-01   1.094632042600000E+00   5.745748745200000E-01   0.000000000000000E+00   0.000000000000000E+00   0.000000000000000E+00   0.000000000000000E+00
   9.471726733500000E-01   3.554288768700000E+00   3.225474648100000E-01   1.115308191300000E+00   5.227826656100000E-01   0.000000000000000E+00   0.000000000000000E+00   0.000000000000000E+00   0.000000000000000E+00
   9.488011505300000E-01   3.554568253200000E+00   3.225483840000000E-01   1.094633195700000E+00   5.745719833000000E-01   0.000000000000000E+00   0.000000000000000E+00   0.000000000000000E+00   0.000000000000000E+00
   9.504296277099999E-01   3.554424298600000E+00   3.225479105500000E-01   1.105282295800000E+00   5.478967879200000E-01   0.000000000000000E+00   0.000000000000000E+00   0.000000000000000E+00   0.000000000000000E+00
   9.520581048900000E-01   3.554568237400000E+00   3.225483839500000E-01   1.094634372700000E+00   5.745690322500000E-01   0.000000000000000E+00   0.000000000000000E+00   0.000000000000000E+00   0.000000000000000E+00
   9.536865820700000E-01   3.554288869900000E+00   3.225474651400000E-01   1.115300658600000E+00   5.228015523700000E-01   0.000000000000000E+00   0.000000000000000E+00   0.000000000000000E+00   0.000000000000000E+00
   9.548233230800000E-01   3.554568221000000E+00   3.225483838900000E-01   1.094635589300000E+00   5.745659818900000E-01   0.000000000000000E+00   0.000000000000000E+00   0.000000000000000E+00   0.000000000000000E+00
   9.559600641000000E-01   3.554424344700000E+00   3.225479107000000E-01   1.105278861100000E+00   5.479054000400000E-01   0.000000000000000E+00   0.000000000000000E+00   0.000000000000000E+00   0.000000000000000E+00
   9.570968051099999E-01   3.554568198400000E+00   3.225483838200000E-01   1.094637274400000E+00   5.745617566600000E-01   0.000000000000000E+00   0.000000000000000E+00   0.000000000000000E+00   0.000000000000000E+00
   9.582335461300000E-01   3.554289014800000E+00   3.225474656200000E-01   1.115289873800000E+00   5.228285938800000E-01   0.000000000000000E+00   0.000000000000000E+00   0.000000000000000E+00   0.000000000000000E+00
   9.590060421400000E-01   3.554568174600000E+00   3.225483837400000E-01   1.094639044000000E+00   5.745573196900000E-01   0.000000000000000E+00   0.000000000000000E+00   0.000000000000000E+00   0.000000000000000E+00
   9.597785381500000E-01   3.554424411800000E+00   3.225479109200000E-01   1.105273865300000E+00   5.479179264500000E-01   0.000000000000000E+00   0.000000000000000E+00   0.000000000000000E+00   0.000000000000000E+00
   9.605510341600000E-01   3.554568141300000E+00   3.225483836300000E-01   1.094641521600000E+00   5.745511073200000E-01   0.000000000000000E+00   0.000000000000000E+00   0.000000000000000E+00   0.000000000000000E+00
   9.613235301700001E-01   3.554289227800000E+00   3.225474663200000E-01   1.115274017200000E+00   5.228683530500000E-01   0.000000000000000E+00   0.000000000000000E+00   0.000000000000000E+00   0.000000000000000E+00
   9.622132528300000E-01   3.554568114900000E+00   3.225483835500000E-01   1.094643487700000E+00   5.745461772300000E-01   0.000000000000000E+00   0.000000000000000E+00   0.000000000000000E+00   0.000000000000000E+00
   9.631029754900000E-01   3.554424486400000E+00   3.225479111700000E-01   1.105268313400000E+00   5.479318473800000E-01   0.000000000000000E+00   0.000000000000000E+00   0.000000000000000E+00   0.000000000000000E+00
   9.639926981500000E-01   3.554568086100000E+00   3.225483834500000E-01   1.094645636900000E+00   5.745407883400000E-01   0.000000000000000E+00   0.000000000000000E+00   0.000000000000000E+00   0.000000000000000E+00
   9.648824208100000E-01   3.554289412500000E+00   3.225474669200000E-01   1.115260262800000E+00   5.229028420000000E-01   0.000000000000000E+00   0.000000000000000E+00   0.000000000000000E+00   0.000000000000000E+00
   9.658405165100000E-01   3.554568062400000E+00   3.225483833700000E-01   1.094647397700000E+00   5.745363731499999E-01   0.000000000000000E+00   0.000000000000000E+00   0.000000000000000E+00   0.000000000000000E+00
   9.667986122100000E-01   3.554424553200000E+00   3.225479113900000E-01   1.105263341700000E+00   5.479443140600000E-01   0.000000000000000E+00   0.000000000000000E+00   0.000000000000000E+00   0.000000000000000E+00
   9.677567079000000E-01   3.554568035600000E+00   3.225483832900000E-01   1.094649391700000E+00   5.745313729500000E-01   0.000000000000000E+00   0.000000000000000E+00   0.000000000000000E+00   0.000000000000000E+00
   9.687148036000000E-01   3.554289583900000E+00   3.225474674800000E-01   1.115247500700000E+00   5.229348433400000E-01   0.000000000000000E+00   0.000000000000000E+00   0.000000000000000E+00   0.000000000000000E+00
   9.696887947900000E-01   3.554568013100000E+00   3.225483832100000E-01   1.094651072200000E+00   5.745271591300000E-01   0.000000000000000E+00   0.000000000000000E+00   0.000000000000000E+00   0.000000000000000E+00
   9.706627859800000E-01   3.554424616900000E+00   3.225479115900000E-01   1.105258596900000E+00   5.479562119500000E-01   0.000000000000000E+00   0.000000000000000E+00   0.000000000000000E+00   0.000000000000000E+00
   9.716367771700000E-01   3.554567986800000E+00   3.225483831300000E-01   1.094653032100000E+00   5.745222443900000E-01   0.000000000000000E+00   0.000000000000000E+00   0.000000000000000E+00   0.000000000000000E+00
   9.726107683500000E-01   3.554289752300000E+00   3.225474680400000E-01   1.115234957000000E+00   5.229662976800000E-01   0.000000000000000E+00   0.000000000000000E+00   0.000000000000000E+00   0.000000000000000E+00
   9.732710829900000E-01   3.554567959100000E+00   3.225483830300000E-01   1.094655093100000E+00   5.745170762400000E-01   0.000000000000000E+00   0.000000000000000E+00   0.000000000000000E+00   0.000000000000000E+00
   9.739313976200000E-01   3.554424695000000E+00   3.225479118500000E-01   1.105252778500000E+00   5.479708023300000E-01   0.000000000000000E+00   0.000000000000000E+00   0.000000000000000E+00   0.000000000000000E+00
   9.745917122600000E-01   3.554567920300000E+00   3.225483829100000E-01   1.094657981200000E+00   5.745098338000000E-01   0.000000000000000E+00   0.000000000000000E+00   0.000000000000000E+00   0.000000000000000E+00
   9.752520268900000E-01   3.554290000400000E+00   3.225474688500000E-01   1.115216473000000E+00   5.230126493600000E-01   0.000000000000000E+00   0.000000000000000E+00   0.000000000000000E+00   0.000000000000000E+00
   9.762814711200000E-01   3.554567893300000E+00   3.225483828200000E-01   1.094659994600000E+00   5.745047847300000E-01   0.000000000000000E+00   0.000000000000000E+00   0.000000000000000E+00   0.000000000000000E+00
   9.773109153400000E-01   3.554424771300000E+00   3.225479121000000E-01   1.105247092600000E+00   5.479850607200000E-01   0.000000000000000E+00   0.000000000000000E+00   0.000000000000000E+00   0.000000000000000E+00
   9.783403595700000E-01   3.554567868500000E+00   3.225483827400000E-01   1.094661845400000E+00   5.745001436000000E-01   0.000000000000000E+00   0.000000000000000E+00   0.000000000000000E+00   0.000000000000000E+00
   9.793698038000000E-01   3.554290159400000E+00   3.225474693700000E-01   1.115204628300000E+00   5.230423526100000E-01   0.000000000000000E+00   0.000000000000000E+00   0.000000000000000E+00   0.000000000000000E+00
   9.798324229800000E-01   3.554567834400000E+00   3.225483826300000E-01   1.094664381700000E+00   5.744937830500000E-01   0.000000000000000E+00   0.000000000000000E+00   0.000000000000000E+00   0.000000000000000E+00
   9.802950421700000E-01   3.554424867400000E+00   3.225479124200000E-01   1.105239933600000E+00   5.480030138300001E-01   0.000000000000000E+00   0.000000000000000E+00   0.000000000000000E+00   0.000000000000000E+00
   9.807576613600000E-01   3.554567779200000E+00   3.225483824500000E-01   1.094668495000000E+00   5.744834676400000E-01   0.000000000000000E+00   0.000000000000000E+00   0.000000000000000E+00   0.000000000000000E+00
   9.812202805400000E-01   3.554290512600000E+00   3.225474705300000E-01   1.115178303200000E+00   5.231083712500000E-01   0.000000000000000E+00   0.000000000000000E+00   0.000000000000000E+00   0.000000000000000E+00
   9.816023383100000E-01   3.554567727400000E+00   3.225483822800000E-01   1.094672357000000E+00   5.744737823900000E-01   0.000000000000000E+00   0.000000000000000E+00   0.000000000000000E+00   0.000000000000000E+00
   9.819843960900000E-01   3.554425013700000E+00   3.225479128900000E-01   1.105229030800000E+00   5.480303568700000E-01   0.000000000000000E+00   0.000000000000000E+00   0.000000000000000E+00   0.000000000000000E+00
   9.823664538600000E-01   3.554567660700000E+00   3.225483820600000E-01   1.094677328300000E+00   5.744613144900000E-01   0.000000000000000E+00   0.000000000000000E+00   0.000000000000000E+00   0.000000000000000E+00
   9.827485116300000E-01   3.554290939400000E+00   3.225474719200000E-01   1.115146486600000E+00   5.231881658799999E-01   0.000000000000000E+00   0.000000000000000E+00   0.000000000000000E+00   0.000000000000000E+00
   9.831759106700000E-01   3.554567607100000E+00   3.225483818800000E-01   1.094681325500000E+00   5.744512892800000E-01   0.000000000000000E+00   0.000000000000000E+00   0.000000000000000E+00   0.000000000000000E+00
   9.836033097200000E-01   3.554425165100000E+00   3.225479133900000E-01   1.105217743600000E+00   5.480586655700000E-01   0.000000000000000E+00   0.000000000000000E+00   0.000000000000000E+00   0.000000000000000E+00
   9.840307087700000E-01   3.554567547600000E+00   3.225483816900000E-01   1.094685760900000E+00   5.744401649999999E-01   0.000000000000000E+00   0.000000000000000E+00   0.000000000000000E+00   0.000000000000000E+00
   9.844581078100000E-01   3.554291320000000E+00   3.225474731700000E-01   1.115118100500000E+00   5.232593614000000E-01   0.000000000000000E+00   0.000000000000000E+00   0.000000000000000E+00   0.000000000000000E+00
   9.849278786000000E-01   3.554567499400000E+00   3.225483815300000E-01   1.094689357400000E+00   5.744311440600000E-01   0.000000000000000E+00   0.000000000000000E+00   0.000000000000000E+00   0.000000000000000E+00
   9.853976493900000E-01   3.554425301200000E+00   3.225479138400000E-01   1.105207587900000E+00   5.480841379500000E-01   0.000000000000000E+00   0.000000000000000E+00   0.000000000000000E+00   0.000000000000000E+00
   9.858674201800000E-01   3.554567445400000E+00   3.225483813500000E-01   1.094693385700000E+00   5.744210402700000E-01   0.000000000000000E+00   0.000000000000000E+00   0.000000000000000E+00   0.000000000000000E+00
   9.863371909700001E-01   3.554291665500000E+00   3.225474743000000E-01   1.115092320000000E+00   5.233240257300000E-01   0.000000000000000E+00   0.000000000000000E+00   0.000000000000000E+00   0.000000000000000E+00
   9.866471731399999E-01   3.554567387700000E+00   3.225483811600000E-01   1.094697689300000E+00   5.744102454300000E-01   0.000000000000000E+00   0.000000000000000E+00   0.000000000000000E+00   0.000000000000000E+00
   9.869571553000001E-01   3.554425464000000E+00   3.225479143700000E-01   1.105195440500000E+00   5.481146079600000E-01   0.000000000000000E+00   0.000000000000000E+00   0.000000000000000E+00   0.000000000000000E+00
   9.872671374600001E-01   3.554567306100000E+00   3.225483809000000E-01   1.094703781100000E+00   5.743949644300000E-01   0.000000000000000E+00   0.000000000000000E+00   0.000000000000000E+00   0.000000000000000E+00
   9.875771196200001E-01   3.554292187900000E+00   3.225474760100000E-01   1.115053332200000E+00   5.234218243900000E-01   0.000000000000000E+00   0.000000000000000E+00   0.000000000000000E+00   0.000000000000000E+00
   9.878832367900000E-01   3.554567236400000E+00   3.225483806700000E-01   1.094708985300000E+00   5.743819094100000E-01   0.000000000000000E+00   0.000000000000000E+00   0.000000000000000E+00   0.000000000000000E+00
   9.881893539600000E-01   3.554425660800000E+00   3.225479150100000E-01   1.105180746500000E+00   5.481514687100000E-01   0.000000000000000E+00   0.000000000000000E+00   0.000000000000000E+00   0.000000000000000E+00
   9.884954711400000E-01   3.554567154000000E+00   3.225483804000000E-01   1.094715138300000E+00   5.743664734600000E-01   0.000000000000000E+00   0.000000000000000E+00   0.000000000000000E+00   0.000000000000000E+00
   9.888015883100000E-01   3.554292715000000E+00   3.225474777400000E-01   1.115013952900000E+00   5.235206147200000E-01   0.000000000000000E+00   0.000000000000000E+00   0.000000000000000E+00   0.000000000000000E+00
   9.890400033900000E-01   3.554567074200000E+00   3.225483801400000E-01   1.094721104100000E+00   5.743515063500000E-01   0.000000000000000E+00   0.000000000000000E+00   0.000000000000000E+00   0.000000000000000E+00
   9.892784184800000E-01   3.554425886200000E+00   3.225479157500000E-01   1.105163906400000E+00   5.481937175900000E-01   0.000000000000000E+00   0.000000000000000E+00   0.000000000000000E+00   0.000000000000000E+00
   9.895168335600000E-01   3.554566968700000E+00   3.225483797900000E-01   1.094728981200000E+00   5.743317429800000E-01   0.000000000000000E+00   0.000000000000000E+00   0.000000000000000E+00   0.000000000000000E+00
   9.897552486400000E-01   3.554293389300000E+00   3.225474799400000E-01   1.114963539700000E+00   5.236471008100000E-01   0.000000000000000E+00   0.000000000000000E+00   0.000000000000000E+00   0.000000000000000E+00
   9.899149472600000E-01   3.554566857300000E+00   3.225483794300000E-01   1.094737315700000E+00   5.743108304700000E-01   0.000000000000000E+00   0.000000000000000E+00   0.000000000000000E+00   0.000000000000000E+00
   9.900746458700000E-01   3.554426200700000E+00   3.225479167800000E-01   1.105140388000000E+00   5.482527298400000E-01   0.000000000000000E+00   0.000000000000000E+00   0.000000000000000E+00   0.000000000000000E+00
   9.902343444800000E-01   3.554566700500000E+00   3.225483789100000E-01   1.094749027100000E+00   5.742814420900000E-01   0.000000000000000E+00   0.000000000000000E+00   0.000000000000000E+00   0.000000000000000E+00
   9.903940430900000E-01   3.554294391200000E+00   3.225474832200000E-01   1.114888587500000E+00   5.238351878600001E-01   0.000000000000000E+00   0.000000000000000E+00   0.000000000000000E+00   0.000000000000000E+00
   9.906277480100000E-01   3.554566589300000E+00   3.225483785500000E-01   1.094757382100000E+00   5.742604728800000E-01   0.000000000000000E+00   0.000000000000000E+00   0.000000000000000E+00   0.000000000000000E+00
   9.908614529300001E-01   3.554426516000000E+00   3.225479178100000E-01   1.105116783200000E+00   5.483119701500000E-01   0.000000000000000E+00   0.000000000000000E+00   0.000000000000000E+00   0.000000000000000E+00
   9.910951578500000E-01   3.554566482800000E+00   3.225483782000000E-01   1.094765351400000E+00   5.742404704200000E-01   0.000000000000000E+00   0.000000000000000E+00   0.000000000000000E+00   0.000000000000000E+00
   9.913288627600000E-01   3.554295071600000E+00   3.225474854400000E-01   1.114837583900000E+00   5.239632041400000E-01   0.000000000000000E+00   0.000000000000000E+00   0.000000000000000E+00   0.000000000000000E+00
   9.914847164300000E-01   3.554566370100000E+00   3.225483778300000E-01   1.094773805600000E+00   5.742192491900000E-01   0.000000000000000E+00   0.000000000000000E+00   0.000000000000000E+00   0.000000000000000E+00
   9.916405701000000E-01   3.554426834200000E+00   3.225479188500000E-01   1.105092927700000E+00   5.483718525200000E-01   0.000000000000000E+00   0.000000000000000E+00   0.000000000000000E+00   0.000000000000000E+00
   9.917964237700000E-01   3.554566211200000E+00   3.225483773100000E-01   1.094785705100000E+00   5.741893759400000E-01   0.000000000000000E+00   0.000000000000000E+00   0.000000000000000E+00   0.000000000000000E+00
   9.919522774400000E-01   3.554296086800000E+00   3.225474887500000E-01   1.114761427900000E+00   5.241543944300000E-01   0.000000000000000E+00   0.000000000000000E+00   0.000000000000000E+00   0.000000000000000E+00
   9.921771093200000E-01   3.554566097900000E+00   3.225483769500000E-01   1.094794243300000E+00   5.741679368300000E-01   0.000000000000000E+00   0.000000000000000E+00   0.000000000000000E+00   0.000000000000000E+00
   9.924019412000000E-01   3.554427155300000E+00   3.225479198900000E-01   1.105068805300000E+00   5.484324199800000E-01   0.000000000000000E+00   0.000000000000000E+00   0.000000000000000E+00   0.000000000000000E+00
   9.926267730800000E-01   3.554565988500000E+00   3.225483765900000E-01   1.094802456200000E+00   5.741473130100000E-01   0.000000000000000E+00   0.000000000000000E+00   0.000000000000000E+00   0.000000000000000E+00
   9.928516049600000E-01   3.554296785700000E+00   3.225474910300000E-01   1.114708865600000E+00   5.242863875900000E-01   0.000000000000000E+00   0.000000000000000E+00   0.000000000000000E+00   0.000000000000000E+00
   9.929916596400000E-01   3.554565867800000E+00   3.225483761900000E-01   1.094811537600000E+00   5.741245058000000E-01   0.000000000000000E+00   0.000000000000000E+00   0.000000000000000E+00   0.000000000000000E+00
   9.931317143300000E-01   3.554427495900000E+00   3.225479210000000E-01   1.105043184400000E+00   5.484967677700000E-01   0.000000000000000E+00   0.000000000000000E+00   0.000000000000000E+00   0.000000000000000E+00
   9.932717690200000E-01   3.554565693200000E+00   3.225483756300000E-01   1.094824660700000E+00   5.740915418700000E-01   0.000000000000000E+00   0.000000000000000E+00   0.000000000000000E+00   0.000000000000000E+00
   9.934118237100000E-01   3.554297901000000E+00   3.225474946600000E-01   1.114624878600000E+00   5.244973588500000E-01   0.000000000000000E+00   0.000000000000000E+00   0.000000000000000E+00   0.000000000000000E+00
   9.935707888999999E-01   3.554565554900000E+00   3.225483751800000E-01   1.094835120000000E+00   5.740652625200000E-01   0.000000000000000E+00   0.000000000000000E+00   0.000000000000000E+00   0.000000000000000E+00
   9.937297540900000E-01   3.554427887600000E+00   3.225479222800000E-01   1.105013644300000E+00   5.485709857400000E-01   0.000000000000000E+00   0.000000000000000E+00   0.000000000000000E+00   0.000000000000000E+00
   9.938887192800000E-01   3.554565402300000E+00   3.225483746800000E-01   1.094846619300000E+00   5.740363655200000E-01   0.000000000000000E+00   0.000000000000000E+00   0.000000000000000E+00   0.000000000000000E+00
   9.940476844700000E-01   3.554298875500000E+00   3.225474978300000E-01   1.114551284000000E+00   5.246823013400000E-01   0.000000000000000E+00   0.000000000000000E+00   0.000000000000000E+00   0.000000000000000E+00
   9.941914586600000E-01   3.554565266800000E+00   3.225483742400000E-01   1.094856884600000E+00   5.740105632400000E-01   0.000000000000000E+00   0.000000000000000E+00   0.000000000000000E+00   0.000000000000000E+00
   9.943352328500000E-01   3.554428270800000E+00   3.225479235200000E-01   1.104984665400000E+00   5.486438254300000E-01   0.000000000000000E+00   0.000000000000000E+00   0.000000000000000E+00   0.000000000000000E+00
   9.944790070400000E-01   3.554565099600000E+00   3.225483736900000E-01   1.094869530400000E+00   5.739787704700000E-01   0.000000000000000E+00   0.000000000000000E+00   0.000000000000000E+00   0.000000000000000E+00
   9.946227812300000E-01   3.554299943400000E+00   3.225475013000000E-01   1.114470352200000E+00   5.248857774600000E-01   0.000000000000000E+00   0.000000000000000E+00   0.000000000000000E+00   0.000000000000000E+00
   9.947216226500000E-01   3.554564926300000E+00   3.225483731300000E-01   1.094882691300000E+00   5.739456737700001E-01   0.000000000000000E+00   0.000000000000000E+00   0.000000000000000E+00   0.000000000000000E+00
   9.948204640700000E-01   3.554428759800000E+00   3.225479251100000E-01   1.104947541000000E+00   5.487371922099999E-01   0.000000000000000E+00   0.000000000000000E+00   0.000000000000000E+00   0.000000000000000E+00
   9.949193055000000E-01   3.554564685500000E+00   3.225483723500000E-01   1.094900956900000E+00   5.738997206699999E-01   0.000000000000000E+00   0.000000000000000E+00   0.000000000000000E+00   0.000000000000000E+00
   9.950181469200000E-01   3.554301479700000E+00   3.225475062700000E-01   1.114353455000000E+00   5.251798832700000E-01   0.000000000000000E+00   0.000000000000000E+00   0.000000000000000E+00   0.000000000000000E+00
   9.951207497700000E-01   3.554564487500000E+00   3.225483717100000E-01   1.094916132500000E+00   5.738615209300000E-01   0.000000000000000E+00   0.000000000000000E+00   0.000000000000000E+00   0.000000000000000E+00
   9.952233526199999E-01   3.554429321300000E+00   3.225479269200000E-01   1.104904686600000E+00   5.488450610200000E-01   0.000000000000000E+00   0.000000000000000E+00   0.000000000000000E+00   0.000000000000000E+00
   9.953259554800000E-01   3.554564258900000E+00   3.225483709700000E-01   1.094933582800000E+00   5.738175755500000E-01   0.000000000000000E+00   0.000000000000000E+00   0.000000000000000E+00   0.000000000000000E+00
   9.954285583300000E-01   3.554302937800000E+00   3.225475109800000E-01   1.114241775800000E+00   5.254611393900001E-01   0.000000000000000E+00   0.000000000000000E+00   0.000000000000000E+00   0.000000000000000E+00
   9.955312454800000E-01   3.554564067500000E+00   3.225483703600000E-01   1.094948347800000E+00   5.737803697900000E-01   0.000000000000000E+00   0.000000000000000E+00   0.000000000000000E+00   0.000000000000000E+00
   9.956339326200000E-01   3.554429863600000E+00   3.225479286700000E-01   1.104862996700000E+00   5.489501125400000E-01   0.000000000000000E+00   0.000000000000000E+00   0.000000000000000E+00   0.000000000000000E+00
   9.957366197600001E-01   3.554563842800000E+00   3.225483696300000E-01   1.094965639500000E+00   5.737367722400000E-01   0.000000000000000E+00   0.000000000000000E+00   0.000000000000000E+00   0.000000000000000E+00
   9.958393069100000E-01   3.554304371000000E+00   3.225475155800000E-01   1.114131112300000E+00   5.257401699900000E-01   0.000000000000000E+00   0.000000000000000E+00   0.000000000000000E+00   0.000000000000000E+00
   9.959275725600000E-01   3.554563639200000E+00   3.225483689800000E-01   1.094981474900000E+00   5.736968183100000E-01   0.000000000000000E+00   0.000000000000000E+00   0.000000000000000E+00   0.000000000000000E+00
   9.960158382199999E-01   3.554430439600000E+00   3.225479305100000E-01   1.104818307700000E+00   5.490628747000000E-01   0.000000000000000E+00   0.000000000000000E+00   0.000000000000000E+00   0.000000000000000E+00
   9.961041038700000E-01   3.554563382800000E+00   3.225483681600000E-01   1.095001407700000E+00   5.736464827100000E-01   0.000000000000000E+00   0.000000000000000E+00   0.000000000000000E+00   0.000000000000000E+00
   9.961923695300000E-01   3.554306006100000E+00   3.225475208100000E-01   1.114003547800000E+00   5.260623273000000E-01   0.000000000000000E+00   0.000000000000000E+00   0.000000000000000E+00   0.000000000000000E+00
   9.962925791300000E-01   3.554563182000000E+00   3.225483675200000E-01   1.095017255900000E+00   5.736064169200000E-01   0.000000000000000E+00   0.000000000000000E+00   0.000000000000000E+00   0.000000000000000E+00
   9.963927887300000E-01   3.554431009700000E+00   3.225479323300000E-01   1.104773539000000E+00   5.491760426200000E-01   0.000000000000000E+00   0.000000000000000E+00   0.000000000000000E+00   0.000000000000000E+00
   9.964929983300000E-01   3.554562961400000E+00   3.225483668200000E-01   1.095034645300000E+00   5.735624162500000E-01   0.000000000000000E+00   0.000000000000000E+00   0.000000000000000E+00   0.000000000000000E+00
   9.965932079299999E-01   3.554307412800000E+00   3.225475252600000E-01   1.113892260800000E+00   5.263439394000000E-01   0.000000000000000E+00   0.000000000000000E+00   0.000000000000000E+00   0.000000000000000E+00
   9.966786218600000E-01   3.554562761200000E+00   3.225483661900000E-01   1.095050637000000E+00   5.735219082000000E-01   0.000000000000000E+00   0.000000000000000E+00   0.000000000000000E+00   0.000000000000000E+00
   9.967640357899999E-01   3.554431575600000E+00   3.225479341100000E-01   1.104728412900000E+00   5.492903665200000E-01   0.000000000000000E+00   0.000000000000000E+00   0.000000000000000E+00   0.000000000000000E+00
   9.968494497100000E-01   3.554562509300000E+00   3.225483654000000E-01   1.095070833300000E+00   5.734706763600000E-01   0.000000000000000E+00   0.000000000000000E+00   0.000000000000000E+00   0.000000000000000E+00
   9.969348636399999E-01   3.554309018300000E+00   3.225475303000000E-01   1.113763013300000E+00   5.266718360700000E-01   0.000000000000000E+00   0.000000000000000E+00   0.000000000000000E+00   0.000000000000000E+00
   9.970199256800000E-01   3.554562300100000E+00   3.225483647500000E-01   1.095087938000000E+00   5.734272133000000E-01   0.000000000000000E+00   0.000000000000000E+00   0.000000000000000E+00   0.000000000000000E+00
   9.971049877200000E-01   3.554432168800000E+00   3.225479359600000E-01   1.104680118400000E+00   5.494130850000000E-01   0.000000000000000E+00   0.000000000000000E+00   0.000000000000000E+00   0.000000000000000E+00
   9.971900497500000E-01   3.554562056100000E+00   3.225483639900000E-01   1.095107986300000E+00   5.733761801800000E-01   0.000000000000000E+00   0.000000000000000E+00   0.000000000000000E+00   0.000000000000000E+00
   9.972751117899999E-01   3.554310573300000E+00   3.225475351000000E-01   1.113634714100000E+00   5.269984625500000E-01   0.000000000000000E+00   0.000000000000000E+00   0.000000000000000E+00   0.000000000000000E+00
   9.973709422700000E-01   3.554561866300000E+00   3.225483634100000E-01   1.095123968500000E+00   5.733354055500000E-01   0.000000000000000E+00   0.000000000000000E+00   0.000000000000000E+00   0.000000000000000E+00
   9.974667727500000E-01   3.554432708300000E+00   3.225479376100000E-01   1.104634969400000E+00   5.495282521200000E-01   0.000000000000000E+00   0.000000000000000E+00   0.000000000000000E+00   0.000000000000000E+00
   9.975626032300000E-01   3.554561658600000E+00   3.225483627800000E-01   1.095141560500000E+00   5.732904379500000E-01   0.000000000000000E+00   0.000000000000000E+00   0.000000000000000E+00   0.000000000000000E+00
   9.976584337200000E-01   3.554311896800000E+00   3.225475391100000E-01   1.113522134300000E+00   5.272862671600000E-01   0.000000000000000E+00   0.000000000000000E+00   0.000000000000000E+00   0.000000000000000E+00
   9.977596044200000E-01   3.554561492100000E+00   3.225483622800000E-01   1.095156034400000E+00   5.732533506100000E-01   0.000000000000000E+00   0.000000000000000E+00   0.000000000000000E+00   0.000000000000000E+00
   9.978607751200000E-01   3.554433180700000E+00   3.225479390300000E-01   1.104594093300000E+00   5.496329841399999E-01   0.000000000000000E+00   0.000000000000000E+00   0.000000000000000E+00   0.000000000000000E+00
   9.979619458200000E-01   3.554561304300000E+00   3.225483617300000E-01   1.095172512100000E+00   5.732110309300000E-01   0.000000000000000E+00   0.000000000000000E+00   0.000000000000000E+00   0.000000000000000E+00
   9.980631165200000E-01   3.554313090000000E+00   3.225475426300000E-01   1.113416687700000E+00   5.275571267200000E-01   0.000000000000000E+00   0.000000000000000E+00   0.000000000000000E+00   0.000000000000000E+00
   9.981103526200000E-01   3.554561058000000E+00   3.225483610000000E-01   1.095194447400000E+00   5.731546176600000E-01   0.000000000000000E+00   0.000000000000000E+00   0.000000000000000E+00   0.000000000000000E+00
   9.981575887100000E-01   3.554433857200000E+00   3.225479409800000E-01   1.104532475500000E+00   5.497918693500000E-01   0.000000000000000E+00   0.000000000000000E+00   0.000000000000000E+00   0.000000000000000E+00
   9.982048248099999E-01   3.554560690700000E+00   3.225483599700000E-01   1.095229091400000E+00   5.730648227500000E-01   0.000000000000000E+00   0.000000000000000E+00   0.000000000000000E+00   0.000000000000000E+00
   9.982520609100000E-01   3.554315412200000E+00   3.225475491000000E-01   1.113195074600000E+00   5.281319450400001E-01   0.000000000000000E+00   0.000000000000000E+00   0.000000000000000E+00   0.000000000000000E+00
   9.983008385800000E-01   3.554560414300000E+00   3.225483592500000E-01   1.095257655100000E+00   5.729901378100000E-01   0.000000000000000E+00   0.000000000000000E+00   0.000000000000000E+00   0.000000000000000E+00
   9.983496162400000E-01   3.554434643800000E+00   3.225479430400000E-01   1.104451818000000E+00   5.500027970000000E-01   0.000000000000000E+00   0.000000000000000E+00   0.000000000000000E+00   0.000000000000000E+00
   9.983983939100000E-01   3.554560123500000E+00   3.225483585500000E-01   1.095290229900000E+00   5.729041207900000E-01   0.000000000000000E+00   0.000000000000000E+00   0.000000000000000E+00   0.000000000000000E+00
   9.984471715800000E-01   3.554317243300000E+00   3.225475534200000E-01   1.112986743900000E+00   5.286826211400000E-01   0.000000000000000E+00   0.000000000000000E+00   0.000000000000000E+00   0.000000000000000E+00
   9.985120220800000E-01   3.554559945900000E+00   3.225483582100000E-01   1.095314028300000E+00   5.728403697700000E-01   0.000000000000000E+00   0.000000000000000E+00   0.000000000000000E+00   0.000000000000000E+00
   9.985768725700001E-01   3.554435169500000E+00   3.225479441000000E-01   1.104384416500000E+00   5.501829589900000E-01   0.000000000000000E+00   0.000000000000000E+00   0.000000000000000E+00   0.000000000000000E+00
   9.986417230700000E-01   3.554559792200000E+00   3.225483580000000E-01   1.095337764400000E+00   5.727761306600000E-01   0.000000000000000E+00   0.000000000000000E+00   0.000000000000000E+00   0.000000000000000E+00
   9.987065735700000E-01   3.554318260000000E+00   3.225475550000000E-01   1.112834901300000E+00   5.290938229400000E-01   0.000000000000000E+00   0.000000000000000E+00   0.000000000000000E+00   0.000000000000000E+00
   9.987574445600000E-01   3.554559724800000E+00   3.225483582600000E-01   1.095360369600000E+00   5.727141256300000E-01   0.000000000000000E+00   0.000000000000000E+00   0.000000000000000E+00   0.000000000000000E+00
   9.988083155500000E-01   3.554435667400000E+00   3.225479453200000E-01   1.104320698300000E+00   5.503578154700000E-01   0.000000000000000E+00   0.000000000000000E+00   0.000000000000000E+00   0.000000000000000E+00
   9.988591865400001E-01   3.554560029300000E+00   3.225483609600000E-01   1.095389309900000E+00   5.726323839900000E-01   0.000000000000000E+00   0.000000000000000E+00   0.000000000000000E+00   0.000000000000000E+00
   9.989100575300000E-01   3.554320172800000E+00   3.225475618300000E-01   1.112648239900000E+00   5.296151496700000E-01   0.000000000000000E+00   0.000000000000000E+00   0.000000000000000E+00   0.000000000000000E+00
   9.989672639100000E-01   3.554563807700000E+00   3.225483850500000E-01   1.095410374200000E+00   5.725649348000000E-01   0.000000000000000E+00   0.000000000000000E+00   0.000000000000000E+00   0.000000000000000E+00
   9.990244702900000E-01   3.554448658800000E+00   3.225480246800000E-01   1.104250764900000E+00   5.505356013500000E-01   0.000000000000000E+00   0.000000000000000E+00   0.000000000000000E+00   0.000000000000000E+00
   9.990816766700000E-01   3.554599465300000E+00   3.225486077100000E-01   1.095419295100000E+00   5.724733182200000E-01   0.000000000000000E+00   0.000000000000000E+00   0.000000000000000E+00   0.000000000000000E+00
   9.991388830500000E-01   3.554448525400000E+00   3.225483581900000E-01   1.112435259700000E+00   5.300100186300000E-01   0.000000000000000E+00   0.000000000000000E+00   0.000000000000000E+00   0.000000000000000E+00
   9.991689408300000E-01   3.554799726600000E+00   3.225498559000000E-01   1.095361377000000E+00   5.722762828800000E-01   0.000000000000000E+00   0.000000000000000E+00   0.000000000000000E+00   0.000000000000000E+00
   9.991989986100001E-01   3.554876488900000E+00   3.225506888900000E-01   1.103981595000000E+00   5.505585553100000E-01   0.000000000000000E+00   0.000000000000000E+00   0.000000000000000E+00   0.000000000000000E+00
   9.992290564000000E-01   3.555372062500000E+00   3.225534222400000E-01   1.095153153500000E+00   5.718301337300000E-01   0.000000000000000E+00   0.000000000000000E+00   0.000000000000000E+00   0.000000000000000E+00
   9.992591141800000E-01   3.555811025000000E+00   3.225568465500000E-01   1.111571452100000E+00   5.301682456300000E-01   0.000000000000000E+00   0.000000000000000E+00   0.000000000000000E+00   0.000000000000000E+00
   9.992828038300000E-01   3.556982983400000E+00   3.225634615500000E-01   1.094486399300000E+00   5.708311226700000E-01   0.000000000000000E+00   0.000000000000000E+00   0.000000000000000E+00   0.000000000000000E+00
   9.993064934800000E-01   3.558345142100000E+00   3.225723105400000E-01   1.102364995800000E+00   5.490835596100000E-01   0.000000000000000E+00   0.000000000000000E+00   0.000000000000000E+00   0.000000000000000E+00
   9.993301831200000E-01   3.560880937700000E+00   3.225877684200000E-01   1.092828086600000E+00   5.685671393100000E-01   0.000000000000000E+00   0.000000000000000E+00   0.000000000000000E+00   0.000000000000000E+00
   9.993538727700000E-01   3.564492598500000E+00   3.226110191600000E-01   1.107548239100000E+00   5.267193887700000E-01   0.000000000000000E+00   0.000000000000000E+00   0.000000000000000E+00   0.000000000000000E+00
   9.993780192800000E-01   3.571128417000000E+00   3.226517817900000E-01   1.088422180300000E+00   5.629953008900000E-01   0.000000000000000E+00   0.000000000000000E+00   0.000000000000000E+00   0.000000000000000E+00
   9.994021657800000E-01   3.581221474700000E+00   3.227153508300000E-01   1.092455805300000E+00   5.375292408800000E-01   0.000000000000000E+00   0.000000000000000E+00   0.000000000000000E+00   0.000000000000000E+00
   9.994263122900000E-01   3.597683822500000E+00   3.228183682300000E-01   1.077191481900000E+00   5.491721174500001E-01   0.000000000000000E+00   0.000000000000000E+00   0.000000000000000E+00   0.000000000000000E+00
   9.994504587900001E-01   3.623053479300000E+00   3.229792805700000E-01   1.082918340200000E+00   4.983396740200000E-01   0.000000000000000E+00   0.000000000000000E+00   0.000000000000000E+00   0.000000000000000E+00
   9.994720483100000E-01   3.657844610200000E+00   3.231996793700000E-01   1.052887268700000E+00   5.200747476699999E-01   0.000000000000000E+00   0.000000000000000E+00   0.000000000000000E+00   0.000000000000000E+00
   9.994936378200000E-01   3.707253554100000E+00   3.235172969900000E-01   1.042402615400000E+00   4.788808976100000E-01   0.000000000000000E+00   0.000000000000000E+00   0.000000000000000E+00   0.000000000000000E+00
   9.995152273300000E-01   3.776498347000000E+00   3.239676191300000E-01   1.009148974300000E+00   4.697131796800000E-01   0.000000000000000E+00   0.000000000000000E+00   0.000000000000000E+00   0.000000000000000E+00
   9.995368168500000E-01   3.868788859800000E+00   3.245809349700000E-01   9.948776941700000E-01   3.997316609500000E-01   0.000000000000000E+00   0.000000000000000E+00   0.000000000000000E+00   0.000000000000000E+00
   9.995657968900000E-01   4.035224103100000E+00   3.257183611400000E-01   9.291875562200000E-01   3.842431361800000E-01   0.000000000000000E+00   0.000000000000000E+00   0.000000000000000E+00   0.000000000000000E+00
   9.995947769400000E-01   4.248751032800000E+00   3.272481874500000E-01   8.837615143999999E-01   3.130640606200000E-01   0.000000000000000E+00   0.000000000000000E+00   0.000000000000000E+00   0.000000000000000E+00
   9.996237569899999E-01   4.503389107800000E+00   3.291791253600000E-01   8.209924146499999E-01   2.819967155700000E-01   0.000000000000000E+00   0.000000000000000E+00   0.000000000000000E+00   0.000000000000000E+00
   9.996527370400000E-01   4.786670321900000E+00   3.314811856700000E-01   7.873792068200000E-01   2.050020248500000E-01   0.000000000000000E+00   0.000000000000000E+00   0.000000000000000E+00   0.000000000000000E+00
   9.996708692900000E-01   4.973275909000000E+00   3.330926418900000E-01   7.417626961100000E-01   2.170155557200000E-01   0.000000000000000E+00   0.000000000000000E+00   0.000000000000000E+00   0.000000000000000E+00
   9.996890015400000E-01   5.162689089800000E+00   3.348180893600000E-01   7.240129258300000E-01   1.797661685700000E-01   0.000000000000000E+00   0.000000000000000E+00   0.000000000000000E+00   0.000000000000000E+00
   9.997071337900000E-01   5.353130948100000E+00   3.366485152500000E-01   6.912052988100000E-01   1.799358238200000E-01   0.000000000000000E+00   0.000000000000000E+00   0.000000000000000E+00   0.000000000000000E+00
   9.997252660300000E-01   5.541732709700000E+00   3.385701670800000E-01   6.860371963000000E-01   1.318463388900000E-01   0.000000000000000E+00   0.000000000000000E+00   0.000000000000000E+00   0.000000000000000E+00
   9.997380670600000E-01   5.673560989200000E+00   3.399788471700000E-01   6.550881252400000E-01   1.555801681800000E-01   0.000000000000000E+00   0.000000000000000E+00   0.000000000000000E+00   0.000000000000000E+00
   9.997508680900000E-01   5.802901867800000E+00   3.414239195700000E-01   6.503573359000000E-01   1.304639160400000E-01   0.000000000000000E+00   0.000000000000000E+00   0.000000000000000E+00   0.000000000000000E+00
   9.997636691100000E-01   5.930079574300000E+00   3.429050482700000E-01   6.294164158900000E-01   1.392907112400000E-01   0.000000000000000E+00   0.000000000000000E+00   0.000000000000000E+00   0.000000000000000E+00
   9.997764701400000E-01   6.054071998200000E+00   3.444170657200000E-01   6.341866801600000E-01   1.009204129300000E-01   0.000000000000000E+00   0.000000000000000E+00   0.000000000000000E+00   0.000000000000000E+00
   9.997897868200000E-01   6.180406689100000E+00   3.460236912800000E-01   6.065580617300000E-01   1.256163296100000E-01   0.000000000000000E+00   0.000000000000000E+00   0.000000000000000E+00   0.000000000000000E+00
   9.998031035000000E-01   6.302839409800000E+00   3.476587198700000E-01   6.043619662300000E-01   1.038245034100000E-01   0.000000000000000E+00   0.000000000000000E+00   0.000000000000000E+00   0.000000000000000E+00
   9.998164201800001E-01   6.421917389000000E+00   3.493224154100000E-01   5.861558849700000E-01   1.140279103900000E-01   0.000000000000000E+00   0.000000000000000E+00   0.000000000000000E+00   0.000000000000000E+00
   9.998297368600000E-01   6.536865000200000E+00   3.510103963200000E-01   5.928287535500000E-01   7.915221456300001E-02   0.000000000000000E+00   0.000000000000000E+00   0.000000000000000E+00   0.000000000000000E+00
   9.998401210100000E-01   6.624335976300000E+00   3.523449214900000E-01   5.700882018000000E-01   1.053129485200000E-01   0.000000000000000E+00   0.000000000000000E+00   0.000000000000000E+00   0.000000000000000E+00
   9.998505051600000E-01   6.709094615200000E+00   3.536917696800000E-01   5.716349264100000E-01   8.694413678600001E-02   0.000000000000000E+00   0.000000000000000E+00   0.000000000000000E+00   0.000000000000000E+00
   9.998608893199999E-01   6.791803773600000E+00   3.550525391500000E-01   5.573789858000000E-01   9.861253418300001E-02   0.000000000000000E+00   0.000000000000000E+00   0.000000000000000E+00   0.000000000000000E+00
   9.998712734700000E-01   6.871832389400000E+00   3.564243345300000E-01   5.666948192300000E-01   6.743810799199999E-02   0.000000000000000E+00   0.000000000000000E+00   0.000000000000000E+00   0.000000000000000E+00
   9.998786453800000E-01   6.927681495300000E+00   3.574068017100000E-01   5.474085732000000E-01   9.348293224600000E-02   0.000000000000000E+00   0.000000000000000E+00   0.000000000000000E+00   0.000000000000000E+00
   9.998860173000000E-01   6.982015779500000E+00   3.583936674700000E-01   5.511044810300000E-01   7.752202629799999E-02   0.000000000000000E+00   0.000000000000000E+00   0.000000000000000E+00   0.000000000000000E+00
   9.998933892200000E-01   7.035467690500000E+00   3.593868921600000E-01   5.396995711800000E-01   8.950068989100000E-02   0.000000000000000E+00   0.000000000000000E+00   0.000000000000000E+00   0.000000000000000E+00
   9.999007611300000E-01   7.087447555800000E+00   3.603842127200000E-01   5.502708614600000E-01   6.162506509700000E-02   0.000000000000000E+00   0.000000000000000E+00   0.000000000000000E+00   0.000000000000000E+00
   9.999070867299999E-01   7.131598165500000E+00   3.612455621800000E-01   5.329365899000000E-01   8.608516527399999E-02   0.000000000000000E+00   0.000000000000000E+00   0.000000000000000E+00   0.000000000000000E+00
   9.999134123200000E-01   7.174597284900000E+00   3.621093866000000E-01   5.370092338800000E-01   7.174053755699999E-02   0.000000000000000E+00   0.000000000000000E+00   0.000000000000000E+00   0.000000000000000E+00
   9.999197379100000E-01   7.217032742200000E+00   3.629775837900000E-01   5.270173820800000E-01   8.307153546200000E-02   0.000000000000000E+00   0.000000000000000E+00   0.000000000000000E+00   0.000000000000000E+00
   9.999260635100000E-01   7.258356971100000E+00   3.638481362200000E-01   5.373212225300000E-01   5.784476956200000E-02   0.000000000000000E+00   0.000000000000000E+00   0.000000000000000E+00   0.000000000000000E+00
   9.999310422300000E-01   7.290718929300000E+00   3.645370232700000E-01   5.219731749900000E-01   8.052609040100001E-02   0.000000000000000E+00   0.000000000000000E+00   0.000000000000000E+00   0.000000000000000E+00
   9.999360209400000E-01   7.322288452000000E+00   3.652268665500000E-01   5.262779645700000E-01   6.780235674500000E-02   0.000000000000000E+00   0.000000000000000E+00   0.000000000000000E+00   0.000000000000000E+00
   9.999409996600001E-01   7.353599808900000E+00   3.659194472100000E-01   5.177315132000000E-01   7.830374254800000E-02   0.000000000000000E+00   0.000000000000000E+00   0.000000000000000E+00   0.000000000000000E+00
   9.999459783800000E-01   7.384152143200000E+00   3.666129834800000E-01   5.275264639800000E-01   5.593093540400000E-02   0.000000000000000E+00   0.000000000000000E+00   0.000000000000000E+00   0.000000000000000E+00
   9.999499022200000E-01   7.408252602800000E+00   3.671621191300000E-01   5.140766016700000E-01   7.639384719700000E-02   0.000000000000000E+00   0.000000000000000E+00   0.000000000000000E+00   0.000000000000000E+00
   9.999538260500000E-01   7.431786258800000E+00   3.677114543200000E-01   5.182445827100000E-01   6.528173115900000E-02   0.000000000000000E+00   0.000000000000000E+00   0.000000000000000E+00   0.000000000000000E+00
   9.999577498800000E-01   7.455228221300000E+00   3.682625961200000E-01   5.109864162000000E-01   7.467521542800000E-02   0.000000000000000E+00   0.000000000000000E+00   0.000000000000000E+00   0.000000000000000E+00
   9.999616737200000E-01   7.478133782500000E+00   3.688139892100000E-01   5.198537956900000E-01   5.528709347300000E-02   0.000000000000000E+00   0.000000000000000E+00   0.000000000000000E+00   0.000000000000000E+00
   9.999647164800000E-01   7.496007328400000E+00   3.692433751400000E-01   5.083251943100000E-01   7.318746922000000E-02   0.000000000000000E+00   0.000000000000000E+00   0.000000000000000E+00   0.000000000000000E+00
   9.999677592400000E-01   7.513469746800000E+00   3.696725784300000E-01   5.121178126900000E-01   6.374213353100000E-02   0.000000000000000E+00   0.000000000000000E+00   0.000000000000000E+00   0.000000000000000E+00
   9.999708020000000E-01   7.530931078600000E+00   3.701029961200000E-01   5.060971972100000E-01   7.181948082100000E-02   0.000000000000000E+00   0.000000000000000E+00   0.000000000000000E+00   0.000000000000000E+00
   9.999738447600000E-01   7.548011121300000E+00   3.705333103300000E-01   5.137368375400000E-01   5.559644722800000E-02   0.000000000000000E+00   0.000000000000000E+00   0.000000000000000E+00   0.000000000000000E+00
   9.999761020200000E-01   7.560826398300000E+00   3.708538049500000E-01   5.042120155499999E-01   7.063489761100000E-02   0.000000000000000E+00   0.000000000000000E+00   0.000000000000000E+00   0.000000000000000E+00
   9.999783592900000E-01   7.573347614800000E+00   3.711739415600000E-01   5.074584096700000E-01   6.295326603100000E-02   0.000000000000000E+00   0.000000000000000E+00   0.000000000000000E+00   0.000000000000000E+00
   9.999806165500000E-01   7.585913160200000E+00   3.714948771100000E-01   5.026932092000000E-01   6.953241513400001E-02   0.000000000000000E+00   0.000000000000000E+00   0.000000000000000E+00   0.000000000000000E+00
   9.999828738200000E-01   7.598214553400000E+00   3.718155458000000E-01   5.088775436500000E-01   5.671189176700000E-02   0.000000000000000E+00   0.000000000000000E+00   0.000000000000000E+00   0.000000000000000E+00
   9.999844760400000E-01   7.607084366600000E+00   3.720440150100000E-01   5.014935968400001E-01   6.859042572600001E-02   0.000000000000000E+00   0.000000000000000E+00   0.000000000000000E+00   0.000000000000000E+00
   9.999860782700000E-01   7.615744734700000E+00   3.722720737300000E-01   5.041430145700000E-01   6.279888408700000E-02   0.000000000000000E+00   0.000000000000000E+00   0.000000000000000E+00   0.000000000000000E+00
   9.999876804900000E-01   7.624448434400000E+00   3.725005701700000E-01   5.009197587000001E-01   6.779126487900000E-02   0.000000000000000E+00   0.000000000000000E+00   0.000000000000000E+00   0.000000000000000E+00
   9.999892827200000E-01   7.632944264000000E+00   3.727285890600000E-01   5.061948900400000E-01   5.872790552300000E-02   0.000000000000000E+00   0.000000000000000E+00   0.000000000000000E+00   0.000000000000000E+00
   9.999903539700000E-01   7.638690273900000E+00   3.728813418600000E-01   5.020820338400001E-01   6.749808856500000E-02   0.000000000000000E+00   0.000000000000000E+00   0.000000000000000E+00   0.000000000000000E+00
   9.999914252300000E-01   7.644228967200000E+00   3.730333543800000E-01   5.060052329400000E-01   6.414180488900000E-02   0.000000000000000E+00   0.000000000000000E+00   0.000000000000000E+00   0.000000000000000E+00
   9.999924964800000E-01   7.649668826600000E+00   3.731848410500000E-01   5.079606517600000E-01   6.840622094800000E-02   0.000000000000000E+00   0.000000000000000E+00   0.000000000000000E+00   0.000000000000000E+00
   9.999935677400000E-01   7.654719213800000E+00   3.733344858600000E-01   5.190364355700000E-01   6.480511003599999E-02   0.000000000000000E+00   0.000000000000000E+00   0.000000000000000E+00   0.000000000000000E+00
   9.999942352700000E-01   7.657673873900000E+00   3.734265664800000E-01   5.248048731000000E-01   7.223742385199999E-02   0.000000000000000E+00   0.000000000000000E+00   0.000000000000000E+00   0.000000000000000E+00
   9.999949028100000E-01   7.660217332300000E+00   3.735165541000000E-01   5.395431502300000E-01   7.376689657600000E-02   0.000000000000000E+00   0.000000000000000E+00   0.000000000000000E+00   0.000000000000000E+00
   9.999955703500000E-01   7.662242414900000E+00   3.736036576700000E-01   5.602628349100000E-01   8.133968380100000E-02   0.000000000000000E+00   0.000000000000000E+00   0.000000000000000E+00   0.000000000000000E+00
   9.999962378800000E-01   7.663299213100000E+00   3.736855982900000E-01   5.974886342100000E-01   8.887478348699999E-02   0.000000000000000E+00   0.000000000000000E+00   0.000000000000000E+00   0.000000000000000E+00
   9.999966066900000E-01   7.663282814800000E+00   3.737275878000000E-01   6.258976789600000E-01   1.000988401400000E-01   0.000000000000000E+00   0.000000000000000E+00   0.000000000000000E+00   0.000000000000000E+00
   9.999969755000000E-01   7.662549420500000E+00   3.737658309100000E-01   6.671693870500000E-01   1.122228003400000E-01   0.000000000000000E+00   0.000000000000000E+00   0.000000000000000E+00   0.000000000000000E+00
   9.999973443100000E-01   7.660801895000000E+00   3.737987730300000E-01   7.249296710399999E-01   1.322959284100000E-01   0.000000000000000E+00   0.000000000000000E+00   0.000000000000000E+00   0.000000000000000E+00
   9.999977131200000E-01   7.657423249800000E+00   3.738234185000000E-01   8.116448088800000E-01   1.631986668700000E-01   0.000000000000000E+00   0.000000000000000E+00   0.000000000000000E+00   0.000000000000000E+00
   9.999979081500000E-01   7.654650251400000E+00   3.738315120300000E-01   8.748337461500000E-01   1.891857791000000E-01   0.000000000000000E+00   0.000000000000000E+00   0.000000000000000E+00   0.000000000000000E+00
   9.999981031800000E-01   7.650856327500000E+00   3.738346126900000E-01   9.571563581900000E-01   2.243040050000000E-01   0.000000000000000E+00   0.000000000000000E+00   0.000000000000000E+00   0.000000000000000E+00
   9.999982982200000E-01   7.645616033900000E+00   3.738307605000000E-01   1.066663104500000E+00   2.757196420100000E-01   0.000000000000000E+00   0.000000000000000E+00   0.000000000000000E+00   0.000000000000000E+00
   9.999984932500000E-01   7.638197432200000E+00   3.738166674300000E-01   1.218231208900000E+00   3.543647097100000E-01   0.000000000000000E+00   0.000000000000000E+00   0.000000000000000E+00   0.000000000000000E+00
   9.999986064700001E-01   7.632432772700000E+00   3.738017579500000E-01   1.334577306800000E+00   4.212506980200000E-01   0.000000000000000E+00   0.000000000000000E+00   0.000000000000000E+00   0.000000000000000E+00
   9.999987196900000E-01   7.625133746600000E+00   3.737798913300000E-01   1.481195788400000E+00   5.125267138400000E-01   0.000000000000000E+00   0.000000000000000E+00   0.000000000000000E+00   0.000000000000000E+00
   9.999988329100000E-01   7.615693645800000E+00   3.737484698500000E-01   1.670067467000000E+00   6.423335270300000E-01   0.000000000000000E+00   0.000000000000000E+00   0.000000000000000E+00   0.000000000000000E+00
   9.999989461300000E-01   7.603135809100000E+00   3.737033720500000E-01   1.920644155200000E+00   8.345651445600000E-01   0.000000000000000E+00   0.000000000000000E+00   0.000000000000000E+00   0.000000000000000E+00
   9.999990170200000E-01   7.593016611000000E+00   3.736653805700000E-01   2.121833461700000E+00   1.005655338000000E+00   0.000000000000000E+00   0.000000000000000E+00   0.000000000000000E+00   0.000000000000000E+00
   9.999990879200000E-01   7.580471423200000E+00   3.736170369300000E-01   2.370377501800000E+00   1.236284311200000E+00   0.000000000000000E+00   0.000000000000000E+00   0.000000000000000E+00   0.000000000000000E+00
   9.999991588100000E-01   7.564606750600000E+00   3.735546943300000E-01   2.682723782300000E+00   1.556912899700000E+00   0.000000000000000E+00   0.000000000000000E+00   0.000000000000000E+00   0.000000000000000E+00
   9.999992297100000E-01   7.544052206300000E+00   3.734728130800000E-01   3.083773440600000E+00   2.016955009200000E+00   0.000000000000000E+00   0.000000000000000E+00   0.000000000000000E+00   0.000000000000000E+00
   9.999992783000000E-01   7.526206865500000E+00   3.734012005500000E-01   3.427980964000000E+00   2.455051193200000E+00   0.000000000000000E+00   0.000000000000000E+00   0.000000000000000E+00   0.000000000000000E+00
   9.999993268900000E-01   7.504180313300000E+00   3.733125083500000E-01   3.847567194200000E+00   3.040870199000000E+00   0.000000000000000E+00   0.000000000000000E+00   0.000000000000000E+00   0.000000000000000E+00
   9.999993754900000E-01   7.476513806400000E+00   3.732009709600000E-01   4.365565292300000E+00   3.843398671500000E+00   0.000000000000000E+00   0.000000000000000E+00   0.000000000000000E+00   0.000000000000000E+00
   9.999994240800000E-01   7.441054543100000E+00   3.730581348500000E-01   5.014803076800000E+00   4.970038056800000E+00   0.000000000000000E+00   0.000000000000000E+00   0.000000000000000E+00   0.000000000000000E+00
   9.999994620500000E-01   7.405920133800000E+00   3.729169165900000E-01   5.641671753600000E+00   6.185382263000000E+00   0.000000000000000E+00   0.000000000000000E+00   0.000000000000000E+00   0.000000000000000E+00
   9.999995000200000E-01   7.361921318800000E+00   3.727405977800000E-01   6.404887515000000E+00   7.829882800400000E+00   0.000000000000000E+00   0.000000000000000E+00   0.000000000000000E+00   0.000000000000000E+00
   9.999995379900000E-01   7.305917932900000E+00   3.725170409200000E-01   7.342006389800000E+00   1.010163304200000E+01   0.000000000000000E+00   0.000000000000000E+00   0.000000000000000E+00   0.000000000000000E+00
   9.999995759600000E-01   7.233365481000000E+00   3.722287627600000E-01   8.503468434100000E+00   1.330206392800000E+01   0.000000000000000E+00   0.000000000000000E+00   0.000000000000000E+00   0.000000000000000E+00
   9.999996059300000E-01   7.160241283400000E+00   3.719395311300000E-01   9.618489621900000E+00   1.678377749200000E+01   0.000000000000000E+00   0.000000000000000E+00   0.000000000000000E+00   0.000000000000000E+00
   9.999996359000000E-01   7.068343997900000E+00   3.715776115200000E-01   1.094907964800000E+01   2.146953377900000E+01   0.000000000000000E+00   0.000000000000000E+00   0.000000000000000E+00   0.000000000000000E+00
   9.999996658700000E-01   6.951659998000000E+00   3.711201219700000E-01   1.253536455400000E+01   2.784830532400000E+01   0.000000000000000E+00   0.000000000000000E+00   0.000000000000000E+00   0.000000000000000E+00
   9.999996958300000E-01   6.802179286700000E+00   3.705366811100000E-01   1.441958966200000E+01   3.660280977700000E+01   0.000000000000000E+00   0.000000000000000E+00   0.000000000000000E+00   0.000000000000000E+00
   9.999997165800000E-01   6.674157981700000E+00   3.700388382800000E-01   1.591621042100000E+01   4.453788239800000E+01   0.000000000000000E+00   0.000000000000000E+00   0.000000000000000E+00   0.000000000000000E+00
   9.999997373300000E-01   6.521388183400000E+00   3.694465094700000E-01   1.757684004400000E+01   5.445021587700000E+01   0.000000000000000E+00   0.000000000000000E+00   0.000000000000000E+00   0.000000000000000E+00
   9.999997580800000E-01   6.339262802600000E+00   3.687423451600000E-01   1.939667773600000E+01   6.679973526600000E+01   0.000000000000000E+00   0.000000000000000E+00   0.000000000000000E+00   0.000000000000000E+00
   9.999997788300000E-01   6.122929143600000E+00   3.679081104200000E-01   2.135637078700000E+01   8.209347402300000E+01   0.000000000000000E+00   0.000000000000000E+00   0.000000000000000E+00   0.000000000000000E+00
   9.999997990900000E-01   5.874302707600000E+00   3.669516073900000E-01   2.336655610900000E+01   1.003524097500000E+02   0.000000000000000E+00   0.000000000000000E+00   0.000000000000000E+00   0.000000000000000E+00
   9.999998193400000E-01   5.585110892700000E+00   3.658413430300000E-01   2.541112605600000E+01   1.223222164400000E+02   0.000000000000000E+00   0.000000000000000E+00   0.000000000000000E+00   0.000000000000000E+00
   9.999998396000001E-01   5.253685383000000E+00   3.645711689000000E-01   2.740360188700000E+01   1.482304428500000E+02   0.000000000000000E+00   0.000000000000000E+00   0.000000000000000E+00   0.000000000000000E+00
   9.999998598500000E-01   4.881247050100000E+00   3.631458143600000E-01   2.923088410400000E+01   1.779981011800000E+02   0.000000000000000E+00   0.000000000000000E+00   0.000000000000000E+00   0.000000000000000E+00
   9.999998773800000E-01   4.529465839600000E+00   3.618008150200000E-01   3.058201337000000E+01   2.064903693800000E+02   0.000000000000000E+00   0.000000000000000E+00   0.000000000000000E+00   0.000000000000000E+00
   9.999998949100000E-01   4.156454622700000E+00   3.603754414100000E-01   3.163192261300000E+01   2.368251848900000E+02   0.000000000000000E+00   0.000000000000000E+00   0.000000000000000E+00   0.000000000000000E+00
   9.999999124400000E-01   3.770260605300000E+00   3.589000121000000E-01   3.231130179400000E+01   2.680453321000000E+02   0.000000000000000E+00   0.000000000000000E+00   0.000000000000000E+00   0.000000000000000E+00
   9.999999299700000E-01   3.380529899600000E+00   3.574108475200000E-01   3.257298717200000E+01   2.989683955400000E+02   0.000000000000000E+00   0.000000000000000E+00   0.000000000000000E+00   0.000000000000000E+00
   9.999999474800000E-01   2.998049878600000E+00   3.559485947700000E-01   3.240127988400000E+01   3.282602463600000E+02   0.000000000000000E+00   0.000000000000000E+00   0.000000000000000E+00   0.000000000000000E+00
   9.999999649800000E-01   2.631998561500000E+00   3.545478114900000E-01   3.181499407600000E+01   3.547205915600000E+02   0.000000000000000E+00   0.000000000000000E+00   0.000000000000000E+00   0.000000000000000E+00
   9.999999824900000E-01   2.290381265600000E+00   3.532387089300000E-01   3.086071221100000E+01   3.773192350700000E+02   0.000000000000000E+00   0.000000000000000E+00   0.000000000000000E+00   0.000000000000000E+00
   1.000000000000000E+00   1.978880643800000E+00   3.520428038400000E-01   2.960762053400000E+01   3.953305892400000E+02   0.000000000000000E+00   0.000000000000000E+00   0.000000000000000E+00   0.000000000000000E+00
