   0.000000000000000E+00   4.925708532400000E-01   9.999999955900000E-01   1.684264908200000E+00   1.822972536200000E+00   0.000000000000000E+00   0.000000000000000E+00   0.000000000000000E+00   0.000000000000000E+00
   3.682725964100000E-04   6.271964041800000E-01   8.790728338900000E-01   1.592220822100000E+00   1.655758076800000E+00   0.000000000000000E+00   0.000000000000000E+00   0.000000000000000E+00   0.000000000000000E+00
   7.365451928200000E-04   7.798424945300000E-01   7.789752642900000E-01   1.541656515300000E+00   1.451606821900000E+00   0.000000000000000E+00   0.000000000000000E+00   0.000000000000000E+00   0.000000000000000E+00
   1.104817789200000E-03   9.516014380400000E-01   6.957144306800001E-01   1.477446310500000E+00   1.333539833000000E+00   0.000000000000000E+00   0.000000000000000E+00   0.000000000000000E+00   0.000000000000000E+00
   1.473090385600000E-03   1.139821519100000E+00   6.263039111199999E-01   1.450239863900000E+00   1.159220488700000E+00   0.000000000000000E+00   0.000000000000000E+00   0.000000000000000E+00   0.000000000000000E+00
   1.795913974600000E-03   1.317933656600000E+00   5.750589986200000E-01   1.391425441400000E+00   1.120571920000000E+00   0.000000000000000E+00   0.000000000000000E+00   0.000000000000000E+00   0.000000000000000E+00
   2.118737563600000E-03   1.504395632900000E+00   5.314768230900000E-01   1.366831875100000E+00   1.013757290100000E+00   0.000000000000000E+00   0.000000000000000E+00   0.000000000000000E+00   0.000000000000000E+00
   2.441561152600000E-03   1.697297295400000E+00   4.945362813100000E-01   1.323586613800000E+00   9.709343421800000E-01   0.000000000000000E+00   0.000000000000000E+00   0.000000000000000E+00   0.000000000000000E+00
   2.764384741500000E-03   1.892012930900000E+00   4.633618858500000E-01   1.314099622400000E+00   8.571154850400000E-01   0.000000000000000E+00   0.000000000000000E+00   0.000000000000000E+00   0.000000000000000E+00
   3.425960149800000E-03   2.282984422300000E+00   4.144169036400000E-01   1.239248931600000E+00   8.068412637900000E-01   0.000000000000000E+00   0.000000000000000E+00   0.000000000000000E+00   0.000000000000000E+00
   4.087535558100000E-03   2.633281467800000E+00   3.811674509100000E-01   1.206153303100000E+00   7.035719351500000E-01   0.000000000000000E+00   0.000000000000000E+00   0.000000000000000E+00   0.000000000000000E+00
   4.749110966400000E-03   2.920780766400000E+00   3.592422777700000E-01   1.162155599100000E+00   6.761039621300000E-01   0.000000000000000E+00   0.000000000000000E+00   0.000000000000000E+00   0.000000000000000E+00
   5.410686374700000E-03   3.136011011600000E+00   3.451695263400000E-01   1.159040103500000E+00   5.867171048800000E-01   0.000000000000000E+00   0.000000000000000E+00   0.000000000000000E+00   0.000000000000000E+00
   6.015794268500000E-03   3.277301462700000E+00   3.369463366800000E-01   1.123242876800000E+00   6.162791935900001E-01   0.000000000000000E+00   0.000000000000000E+00   0.000000000000000E+00   0.000000000000000E+00
   6.620902162300000E-03   3.373902341400000E+00   3.316543172800000E-01   1.123792372600000E+00   5.744253902599999E-01   0.000000000000000E+00   0.000000000000000E+00   0.000000000000000E+00   0.000000000000000E+00
   7.226010056200000E-03   3.438857754000000E+00   3.282846584000000E-01   1.106394085900000E+00   5.915391184300000E-01   0.000000000000000E+00   0.000000000000000E+00   0.000000000000000E+00   0.000000000000000E+00
   7.831117950000001E-03   3.480625785900000E+00   3.261480664800000E-01   1.122857561000000E+00   5.332215648300000E-01   0.000000000000000E+00   0.000000000000000E+00   0.000000000000000E+00   0.000000000000000E+00
   8.994032951300000E-03   3.524442623500000E+00   3.240067305400000E-01   1.097655699700000E+00   5.789720887100001E-01   0.000000000000000E+00   0.000000000000000E+00   0.000000000000000E+00   0.000000000000000E+00
   1.015694795300000E-02   3.541965505300000E+00   3.231468249400000E-01   1.106571507100000E+00   5.496032585600000E-01   0.000000000000000E+00   0.000000000000000E+00   0.000000000000000E+00   0.000000000000000E+00
   1.131986295400000E-02   3.549463278700000E+00   3.227939017500000E-01   1.095125173800000E+00   5.753618113800000E-01   0.000000000000000E+00   0.000000000000000E+00   0.000000000000000E+00   0.000000000000000E+00
   1.248277795500000E-02   3.552237892500000E+00   3.226458168300000E-01   1.115590516500000E+00   5.228858083200000E-01   0.000000000000000E+00   0.000000000000000E+00   0.000000000000000E+00   0.000000000000000E+00
   1.649934114000000E-02   3.554621409600000E+00   3.225458506400000E-01   1.094605720400000E+00   5.746201968700000E-01   0.000000000000000E+00   0.000000000000000E+00   0.000000000000000E+00   0.000000000000000E+00
   2.051590432500000E-02   3.554302761200000E+00   3.225537206100000E-01   1.105323694700000E+00   5.478406364700000E-01   0.000000000000000E+00   0.000000000000000E+00   0.000000000000000E+00   0.000000000000000E+00
   2.453246751000000E-02   3.554588306600000E+00   3.225474368400000E-01   1.094609537200000E+00   5.746237312000000E-01   0.000000000000000E+00   0.000000000000000E+00   0.000000000000000E+00   0.000000000000000E+00
   2.854903069500000E-02   3.554196212400000E+00   3.225518564800000E-01   1.115389942100000E+00   5.226130786400000E-01   0.000000000000000E+00   0.000000000000000E+00   0.000000000000000E+00   0.000000000000000E+00
   3.995575213700000E-02   3.554587032300000E+00   3.225474974200000E-01   1.094609941000000E+00   5.746232220600000E-01   0.000000000000000E+00   0.000000000000000E+00   0.000000000000000E+00   0.000000000000000E+00
   5.136247358000000E-02   3.554405249000000E+00   3.225488054200000E-01   1.105312581400000E+00   5.478279144200000E-01   0.000000000000000E+00   0.000000000000000E+00   0.000000000000000E+00   0.000000000000000E+00
   6.276919502200000E-02   3.554578679400000E+00   3.225478979900000E-01   1.094610952100000E+00   5.746239945200000E-01   0.000000000000000E+00   0.000000000000000E+00   0.000000000000000E+00   0.000000000000000E+00
   7.417591646400000E-02   3.554258071100000E+00   3.225488898300000E-01   1.115382623900000E+00   5.226069321200000E-01   0.000000000000000E+00   0.000000000000000E+00   0.000000000000000E+00   0.000000000000000E+00
   9.066379643399999E-02   3.554575396600000E+00   3.225480553800000E-01   1.094611404400000E+00   5.746241600300001E-01   0.000000000000000E+00   0.000000000000000E+00   0.000000000000000E+00   0.000000000000000E+00
   1.071516764000000E-01   3.554416542100000E+00   3.225482639200000E-01   1.105311100000000E+00   5.478271572800000E-01   0.000000000000000E+00   0.000000000000000E+00   0.000000000000000E+00   0.000000000000000E+00
   1.236395563800000E-01   3.554573044000000E+00   3.225481681600000E-01   1.094611758400000E+00   5.746242038800000E-01   0.000000000000000E+00   0.000000000000000E+00   0.000000000000000E+00   0.000000000000000E+00
   1.401274363500000E-01   3.554274193000000E+00   3.225481169800000E-01   1.115380251100000E+00   5.226064989400000E-01   0.000000000000000E+00   0.000000000000000E+00   0.000000000000000E+00   0.000000000000000E+00
   1.538413895100000E-01   3.554571499200000E+00   3.225482421900000E-01   1.094612023400000E+00   5.746241508300000E-01   0.000000000000000E+00   0.000000000000000E+00   0.000000000000000E+00   0.000000000000000E+00
   1.675553426800000E-01   3.554420833700000E+00   3.225480582700000E-01   1.105310358800000E+00   5.478273171000000E-01   0.000000000000000E+00   0.000000000000000E+00   0.000000000000000E+00   0.000000000000000E+00
   1.812692958500000E-01   3.554570323400000E+00   3.225482984900000E-01   1.094612282300000E+00   5.746239669400000E-01   0.000000000000000E+00   0.000000000000000E+00   0.000000000000000E+00   0.000000000000000E+00
   1.949832490100000E-01   3.554282506200000E+00   3.225477188100000E-01   1.115378514900000E+00   5.226075630300000E-01   0.000000000000000E+00   0.000000000000000E+00   0.000000000000000E+00   0.000000000000000E+00
   2.123641496000000E-01   3.554569774500000E+00   3.225483247500000E-01   1.094612444300000E+00   5.746237777099999E-01   0.000000000000000E+00   0.000000000000000E+00   0.000000000000000E+00   0.000000000000000E+00
   2.297450501900000E-01   3.554422581700000E+00   3.225479746200000E-01   1.105309881300000E+00   5.478278230100000E-01   0.000000000000000E+00   0.000000000000000E+00   0.000000000000000E+00   0.000000000000000E+00
   2.471259507800000E-01   3.554569361800000E+00   3.225483444700000E-01   1.094612596600000E+00   5.746235588800001E-01   0.000000000000000E+00   0.000000000000000E+00   0.000000000000000E+00   0.000000000000000E+00
   2.645068513700000E-01   3.554285314400000E+00   3.225475845900000E-01   1.115377523300000E+00   5.226089396300000E-01   0.000000000000000E+00   0.000000000000000E+00   0.000000000000000E+00   0.000000000000000E+00
   2.764853847900000E-01   3.554569046300000E+00   3.225483595300000E-01   1.094612743700000E+00   5.746233145600000E-01   0.000000000000000E+00   0.000000000000000E+00   0.000000000000000E+00   0.000000000000000E+00
   2.884639182200000E-01   3.554423408000000E+00   3.225479352100000E-01   1.105309472400000E+00   5.478285221100000E-01   0.000000000000000E+00   0.000000000000000E+00   0.000000000000000E+00   0.000000000000000E+00
   3.004424516400000E-01   3.554568814000000E+00   3.225483705600000E-01   1.094612927800000E+00   5.746229445800000E-01   0.000000000000000E+00   0.000000000000000E+00   0.000000000000000E+00   0.000000000000000E+00
   3.124209850700000E-01   3.554287009000000E+00   3.225475040100000E-01   1.115376324500000E+00   5.226112777600000E-01   0.000000000000000E+00   0.000000000000000E+00   0.000000000000000E+00   0.000000000000000E+00
   3.248226698600000E-01   3.554568698000000E+00   3.225483760300000E-01   1.094613073600000E+00   5.746226242900000E-01   0.000000000000000E+00   0.000000000000000E+00   0.000000000000000E+00   0.000000000000000E+00
   3.372243546500000E-01   3.554423762600000E+00   3.225479184600000E-01   1.105309057800000E+00   5.478294225700000E-01   0.000000000000000E+00   0.000000000000000E+00   0.000000000000000E+00   0.000000000000000E+00
   3.496260394400000E-01   3.554568617800000E+00   3.225483797700000E-01   1.094613236800000E+00   5.746222463100000E-01   0.000000000000000E+00   0.000000000000000E+00   0.000000000000000E+00   0.000000000000000E+00
   3.620277242400000E-01   3.554287587300000E+00   3.225474769500000E-01   1.115375273500000E+00   5.226136875100000E-01   0.000000000000000E+00   0.000000000000000E+00   0.000000000000000E+00   0.000000000000000E+00
   3.750910387400000E-01   3.554568577200000E+00   3.225483816300000E-01   1.094613369400000E+00   5.746219294800000E-01   0.000000000000000E+00   0.000000000000000E+00   0.000000000000000E+00   0.000000000000000E+00
   3.881543532400000E-01   3.554423886800000E+00   3.225479127500000E-01   1.105308682500000E+00   5.478303158000000E-01   0.000000000000000E+00   0.000000000000000E+00   0.000000000000000E+00   0.000000000000000E+00
   4.012176677400000E-01   3.554568547900000E+00   3.225483829300000E-01   1.094613519600000E+00   5.746215639600000E-01   0.000000000000000E+00   0.000000000000000E+00   0.000000000000000E+00   0.000000000000000E+00
   4.142809822400000E-01   3.554287794900000E+00   3.225474676500000E-01   1.115374310300000E+00   5.226160239500000E-01   0.000000000000000E+00   0.000000000000000E+00   0.000000000000000E+00   0.000000000000000E+00
   4.272156051800000E-01   3.554568531700000E+00   3.225483836200000E-01   1.094613647000000E+00   5.746212504700000E-01   0.000000000000000E+00   0.000000000000000E+00   0.000000000000000E+00   0.000000000000000E+00
   4.401502281300000E-01   3.554423934900000E+00   3.225479106900000E-01   1.105308322500000E+00   5.478312006200000E-01   0.000000000000000E+00   0.000000000000000E+00   0.000000000000000E+00   0.000000000000000E+00
   4.530848510800000E-01   3.554568519400000E+00   3.225483841100000E-01   1.094613796900000E+00   5.746208788500000E-01   0.000000000000000E+00   0.000000000000000E+00   0.000000000000000E+00   0.000000000000000E+00
   4.660194740200000E-01   3.554287881100000E+00   3.225474641700000E-01   1.115373349900000E+00   5.226184011700000E-01   0.000000000000000E+00   0.000000000000000E+00   0.000000000000000E+00   0.000000000000000E+00
   4.789967912700000E-01   3.554568512400000E+00   3.225483843600000E-01   1.094613923800000E+00   5.746205630300000E-01   0.000000000000000E+00   0.000000000000000E+00   0.000000000000000E+00   0.000000000000000E+00
   4.919741085300000E-01   3.554423955800000E+00   3.225479099400000E-01   1.105307964100000E+00   5.478320922100000E-01   0.000000000000000E+00   0.000000000000000E+00   0.000000000000000E+00   0.000000000000000E+00
   5.049514257800000E-01   3.554568506600000E+00   3.225483845400000E-01   1.094614072600000E+00   5.746201917400000E-01   0.000000000000000E+00   0.000000000000000E+00   0.000000000000000E+00   0.000000000000000E+00
   5.179287430300000E-01   3.554287921100000E+00   3.225474629100000E-01   1.115372397400000E+00   5.226207770100000E-01   0.000000000000000E+00   0.000000000000000E+00   0.000000000000000E+00   0.000000000000000E+00
   5.299119989500000E-01   3.554568502700000E+00   3.225483846300000E-01   1.094614204200000E+00   5.746198628900000E-01   0.000000000000000E+00   0.000000000000000E+00   0.000000000000000E+00   0.000000000000000E+00
   5.418952548700000E-01   3.554423967000000E+00   3.225479096600000E-01   1.105307592600000E+00   5.478330207100000E-01   0.000000000000000E+00   0.000000000000000E+00   0.000000000000000E+00   0.000000000000000E+00
   5.538785107999999E-01   3.554568499100000E+00   3.225483846900000E-01   1.094614365000000E+00   5.746194604400000E-01   0.000000000000000E+00   0.000000000000000E+00   0.000000000000000E+00   0.000000000000000E+00
   5.658617667200000E-01   3.554287945600000E+00   3.225474624500000E-01   1.115371367900000E+00   5.226233524800000E-01   0.000000000000000E+00   0.000000000000000E+00   0.000000000000000E+00   0.000000000000000E+00
   5.752113555100000E-01   3.554568496100000E+00   3.225483847300000E-01   1.094614521000000E+00   5.746190701200000E-01   0.000000000000000E+00   0.000000000000000E+00   0.000000000000000E+00   0.000000000000000E+00
   5.845609443100001E-01   3.554423975300000E+00   3.225479095600000E-01   1.105307152400000E+00   5.478341228000000E-01   0.000000000000000E+00   0.000000000000000E+00   0.000000000000000E+00   0.000000000000000E+00
   5.939105331100000E-01   3.554568492800000E+00   3.225483847400000E-01   1.094614727000000E+00   5.746185541500000E-01   0.000000000000000E+00   0.000000000000000E+00   0.000000000000000E+00   0.000000000000000E+00
   6.032601219100000E-01   3.554287967500000E+00   3.225474623100000E-01   1.115370049300000E+00   5.226266545400000E-01   0.000000000000000E+00   0.000000000000000E+00   0.000000000000000E+00   0.000000000000000E+00
   6.113994103700000E-01   3.554568490000000E+00   3.225483847500000E-01   1.094614915100000E+00   5.746180829600001E-01   0.000000000000000E+00   0.000000000000000E+00   0.000000000000000E+00   0.000000000000000E+00
   6.195386988300000E-01   3.554423983300000E+00   3.225479095500000E-01   1.105306621300000E+00   5.478354532100000E-01   0.000000000000000E+00   0.000000000000000E+00   0.000000000000000E+00   0.000000000000000E+00
   6.276779872900000E-01   3.554568486700000E+00   3.225483847400000E-01   1.094615151600000E+00   5.746174902600000E-01   0.000000000000000E+00   0.000000000000000E+00   0.000000000000000E+00   0.000000000000000E+00
   6.358172757600000E-01   3.554287989000000E+00   3.225474623300000E-01   1.115368535300000E+00   5.226304477900000E-01   0.000000000000000E+00   0.000000000000000E+00   0.000000000000000E+00   0.000000000000000E+00
   6.429464402700000E-01   3.554568483700000E+00   3.225483847400000E-01   1.094615367000000E+00   5.746169507900000E-01   0.000000000000000E+00   0.000000000000000E+00   0.000000000000000E+00   0.000000000000000E+00
   6.500756047800000E-01   3.554423991600000E+00   3.225479095700000E-01   1.105306013300000E+00   5.478369764200000E-01   0.000000000000000E+00   0.000000000000000E+00   0.000000000000000E+00   0.000000000000000E+00
   6.572047692900000E-01   3.554568480000000E+00   3.225483847300000E-01   1.094615637000000E+00   5.746162741600001E-01   0.000000000000000E+00   0.000000000000000E+00   0.000000000000000E+00   0.000000000000000E+00
   6.643339338100001E-01   3.554288012600000E+00   3.225474623900000E-01   1.115366806900000E+00   5.226347782100000E-01   0.000000000000000E+00   0.000000000000000E+00   0.000000000000000E+00   0.000000000000000E+00
   6.736167126700000E-01   3.554568477300000E+00   3.225483847200000E-01   1.094615839900000E+00   5.746157657700000E-01   0.000000000000000E+00   0.000000000000000E+00   0.000000000000000E+00   0.000000000000000E+00
   6.828994915300000E-01   3.554423999400000E+00   3.225479095900000E-01   1.105305440400000E+00   5.478384118900000E-01   0.000000000000000E+00   0.000000000000000E+00   0.000000000000000E+00   0.000000000000000E+00
   6.921822704000000E-01   3.554568474500000E+00   3.225483847100000E-01   1.094616047300000E+00   5.746152461600000E-01   0.000000000000000E+00   0.000000000000000E+00   0.000000000000000E+00   0.000000000000000E+00
   7.014650492600000E-01   3.554288030500000E+00   3.225474624500000E-01   1.115365479700000E+00   5.226381036800000E-01   0.000000000000000E+00   0.000000000000000E+00   0.000000000000000E+00   0.000000000000000E+00
   7.070429815000000E-01   3.554568471300000E+00   3.225483847000000E-01   1.094616282100000E+00   5.746146578400000E-01   0.000000000000000E+00   0.000000000000000E+00   0.000000000000000E+00   0.000000000000000E+00
   7.126209137400000E-01   3.554424008400000E+00   3.225479096200000E-01   1.105304777500000E+00   5.478400730000000E-01   0.000000000000000E+00   0.000000000000000E+00   0.000000000000000E+00   0.000000000000000E+00
   7.181988459799999E-01   3.554568466700000E+00   3.225483846800000E-01   1.094616627200000E+00   5.746137932099999E-01   0.000000000000000E+00   0.000000000000000E+00   0.000000000000000E+00   0.000000000000000E+00
   7.237767782200000E-01   3.554288060300000E+00   3.225474625500000E-01   1.115363271200000E+00   5.226436373200000E-01   0.000000000000000E+00   0.000000000000000E+00   0.000000000000000E+00   0.000000000000000E+00
   7.288835384700000E-01   3.554568462500000E+00   3.225483846700000E-01   1.094616934000000E+00   5.746130244200000E-01   0.000000000000000E+00   0.000000000000000E+00   0.000000000000000E+00   0.000000000000000E+00
   7.339902987200000E-01   3.554424020100000E+00   3.225479096600000E-01   1.105303911100000E+00   5.478422436900000E-01   0.000000000000000E+00   0.000000000000000E+00   0.000000000000000E+00   0.000000000000000E+00
   7.390970589600000E-01   3.554568457400000E+00   3.225483846500000E-01   1.094617310900000E+00   5.746120801500000E-01   0.000000000000000E+00   0.000000000000000E+00   0.000000000000000E+00   0.000000000000000E+00
   7.442038192100000E-01   3.554288092900000E+00   3.225474626500000E-01   1.115360859300000E+00   5.226496806399999E-01   0.000000000000000E+00   0.000000000000000E+00   0.000000000000000E+00   0.000000000000000E+00
   7.478813896299999E-01   3.554568452300000E+00   3.225483846400000E-01   1.094617693400000E+00   5.746111216200001E-01   0.000000000000000E+00   0.000000000000000E+00   0.000000000000000E+00   0.000000000000000E+00
   7.515589600500000E-01   3.554424034600000E+00   3.225479097100000E-01   1.105302831000000E+00   5.478449500600000E-01   0.000000000000000E+00   0.000000000000000E+00   0.000000000000000E+00   0.000000000000000E+00
   7.552365304799999E-01   3.554568445200000E+00   3.225483846100000E-01   1.094618216600000E+00   5.746098106200000E-01   0.000000000000000E+00   0.000000000000000E+00   0.000000000000000E+00   0.000000000000000E+00
   7.589141009000000E-01   3.554288138100000E+00   3.225474628000000E-01   1.115357510600000E+00   5.226580710500000E-01   0.000000000000000E+00   0.000000000000000E+00   0.000000000000000E+00   0.000000000000000E+00
   7.637624434100000E-01   3.554568439900000E+00   3.225483846000000E-01   1.094618607600000E+00   5.746088309300000E-01   0.000000000000000E+00   0.000000000000000E+00   0.000000000000000E+00   0.000000000000000E+00
   7.686107859200000E-01   3.554424049500000E+00   3.225479097600000E-01   1.105301727000000E+00   5.478477163100000E-01   0.000000000000000E+00   0.000000000000000E+00   0.000000000000000E+00   0.000000000000000E+00
   7.734591284300000E-01   3.554568434600000E+00   3.225483845800000E-01   1.094619004400000E+00   5.746078366900000E-01   0.000000000000000E+00   0.000000000000000E+00   0.000000000000000E+00   0.000000000000000E+00
   7.783074709400000E-01   3.554288172300000E+00   3.225474629100000E-01   1.115354971100000E+00   5.226644341900000E-01   0.000000000000000E+00   0.000000000000000E+00   0.000000000000000E+00   0.000000000000000E+00
   7.829193743300000E-01   3.554568429900000E+00   3.225483845600000E-01   1.094619350300000E+00   5.746069699900000E-01   0.000000000000000E+00   0.000000000000000E+00   0.000000000000000E+00   0.000000000000000E+00
   7.875312777200000E-01   3.554424062700000E+00   3.225479098000000E-01   1.105300750300000E+00   5.478501634600000E-01   0.000000000000000E+00   0.000000000000000E+00   0.000000000000000E+00   0.000000000000000E+00
   7.921431811100000E-01   3.554568424300000E+00   3.225483845400000E-01   1.094619767400000E+00   5.746059249400000E-01   0.000000000000000E+00   0.000000000000000E+00   0.000000000000000E+00   0.000000000000000E+00
   7.967550845000000E-01   3.554288208300000E+00   3.225474630300000E-01   1.115352301800000E+00   5.226711224600000E-01   0.000000000000000E+00   0.000000000000000E+00   0.000000000000000E+00   0.000000000000000E+00
   8.009803087200000E-01   3.554568419300000E+00   3.225483845300000E-01   1.094620138100000E+00   5.746049960800000E-01   0.000000000000000E+00   0.000000000000000E+00   0.000000000000000E+00   0.000000000000000E+00
   8.052055329500000E-01   3.554424076800000E+00   3.225479098500000E-01   1.105299703600000E+00   5.478527861000000E-01   0.000000000000000E+00   0.000000000000000E+00   0.000000000000000E+00   0.000000000000000E+00
   8.094307571800000E-01   3.554568413100000E+00   3.225483845100000E-01   1.094620593300000E+00   5.746038556000000E-01   0.000000000000000E+00   0.000000000000000E+00   0.000000000000000E+00   0.000000000000000E+00
   8.136559814100000E-01   3.554288247700000E+00   3.225474631600000E-01   1.115349388700000E+00   5.226784215700000E-01   0.000000000000000E+00   0.000000000000000E+00   0.000000000000000E+00   0.000000000000000E+00
   8.177502753600000E-01   3.554568407800000E+00   3.225483844900000E-01   1.094620986400000E+00   5.746028707700001E-01   0.000000000000000E+00   0.000000000000000E+00   0.000000000000000E+00   0.000000000000000E+00
   8.218445693100001E-01   3.554424091800000E+00   3.225479098900000E-01   1.105298593800000E+00   5.478555667800000E-01   0.000000000000000E+00   0.000000000000000E+00   0.000000000000000E+00   0.000000000000000E+00
   8.259388632700000E-01   3.554568401500000E+00   3.225483844700000E-01   1.094621456000000E+00   5.746016940300001E-01   0.000000000000000E+00   0.000000000000000E+00   0.000000000000000E+00   0.000000000000000E+00
   8.300331572200000E-01   3.554288288200000E+00   3.225474632900000E-01   1.115346383000000E+00   5.226859527000000E-01   0.000000000000000E+00   0.000000000000000E+00   0.000000000000000E+00   0.000000000000000E+00
   8.337544417900000E-01   3.554568395900000E+00   3.225483844500000E-01   1.094621875200000E+00   5.746006437700000E-01   0.000000000000000E+00   0.000000000000000E+00   0.000000000000000E+00   0.000000000000000E+00
   8.374757263600000E-01   3.554424107800000E+00   3.225479099500000E-01   1.105297410300000E+00   5.478585322100000E-01   0.000000000000000E+00   0.000000000000000E+00   0.000000000000000E+00   0.000000000000000E+00
   8.411970109400000E-01   3.554568388900000E+00   3.225483844300000E-01   1.094622391800000E+00   5.745993493300000E-01   0.000000000000000E+00   0.000000000000000E+00   0.000000000000000E+00   0.000000000000000E+00
   8.449182955100000E-01   3.554288332800000E+00   3.225474634400000E-01   1.115343076700000E+00   5.226942371100000E-01   0.000000000000000E+00   0.000000000000000E+00   0.000000000000000E+00   0.000000000000000E+00
   8.476023411600000E-01   3.554568381800000E+00   3.225483844000000E-01   1.094622915700000E+00   5.745980365700000E-01   0.000000000000000E+00   0.000000000000000E+00   0.000000000000000E+00   0.000000000000000E+00
   8.502863868100000E-01   3.554424127700000E+00   3.225479100100000E-01   1.105295931100000E+00   5.478622387099999E-01   0.000000000000000E+00   0.000000000000000E+00   0.000000000000000E+00   0.000000000000000E+00
   8.529704324600000E-01   3.554568372100000E+00   3.225483843700000E-01   1.094623631800000E+00   5.745962423400000E-01   0.000000000000000E+00   0.000000000000000E+00   0.000000000000000E+00   0.000000000000000E+00
   8.556544781099999E-01   3.554288394700000E+00   3.225474636400000E-01   1.115338493800000E+00   5.227057201800001E-01   0.000000000000000E+00   0.000000000000000E+00   0.000000000000000E+00   0.000000000000000E+00
   8.577946916900000E-01   3.554568362900000E+00   3.225483843400000E-01   1.094624317700000E+00   5.745945237000000E-01   0.000000000000000E+00   0.000000000000000E+00   0.000000000000000E+00   0.000000000000000E+00
   8.599349052800001E-01   3.554424153900000E+00   3.225479101000000E-01   1.105293994400000E+00   5.478670912000000E-01   0.000000000000000E+00   0.000000000000000E+00   0.000000000000000E+00   0.000000000000000E+00
   8.620751188700000E-01   3.554568350800000E+00   3.225483843000000E-01   1.094625215400000E+00   5.745922742800000E-01   0.000000000000000E+00   0.000000000000000E+00   0.000000000000000E+00   0.000000000000000E+00
   8.642153324500000E-01   3.554288472200000E+00   3.225474639000000E-01   1.115332748200000E+00   5.227201165000001E-01   0.000000000000000E+00   0.000000000000000E+00   0.000000000000000E+00   0.000000000000000E+00
   8.660618878300000E-01   3.554568339700000E+00   3.225483842700000E-01   1.094626039000000E+00   5.745902105800000E-01   0.000000000000000E+00   0.000000000000000E+00   0.000000000000000E+00   0.000000000000000E+00
   8.679084432000000E-01   3.554424185300000E+00   3.225479102000000E-01   1.105291668900000E+00   5.478729180000000E-01   0.000000000000000E+00   0.000000000000000E+00   0.000000000000000E+00   0.000000000000000E+00
   8.697549985700000E-01   3.554568325600000E+00   3.225483842200000E-01   1.094627079200000E+00   5.745876044300000E-01   0.000000000000000E+00   0.000000000000000E+00   0.000000000000000E+00   0.000000000000000E+00
   8.716015539400001E-01   3.554288562000000E+00   3.225474641900000E-01   1.115326091500000E+00   5.227367958400000E-01   0.000000000000000E+00   0.000000000000000E+00   0.000000000000000E+00   0.000000000000000E+00
   8.737855079200000E-01   3.554568314600000E+00   3.225483841800000E-01   1.094627894800000E+00   5.745855607700000E-01   0.000000000000000E+00   0.000000000000000E+00   0.000000000000000E+00   0.000000000000000E+00
   8.759694619000000E-01   3.554424216300000E+00   3.225479103000000E-01   1.105289366000000E+00   5.478786884700000E-01   0.000000000000000E+00   0.000000000000000E+00   0.000000000000000E+00   0.000000000000000E+00
   8.781534158800000E-01   3.554568302800000E+00   3.225483841400000E-01   1.094628773900000E+00   5.745833580900001E-01   0.000000000000000E+00   0.000000000000000E+00   0.000000000000000E+00   0.000000000000000E+00
   8.803373698600000E-01   3.554288637900000E+00   3.225474644400000E-01   1.115320465300000E+00   5.227508930000000E-01   0.000000000000000E+00   0.000000000000000E+00   0.000000000000000E+00   0.000000000000000E+00
   8.828760579500000E-01   3.554568293400000E+00   3.225483841100000E-01   1.094629468800000E+00   5.745816169400000E-01   0.000000000000000E+00   0.000000000000000E+00   0.000000000000000E+00   0.000000000000000E+00
   8.854147460400000E-01   3.554424242800000E+00   3.225479103900000E-01   1.105287403900000E+00   5.478836047500000E-01   0.000000000000000E+00   0.000000000000000E+00   0.000000000000000E+00   0.000000000000000E+00
   8.879534341400001E-01   3.554568283200000E+00   3.225483840800000E-01   1.094630224800000E+00   5.745797226600000E-01   0.000000000000000E+00   0.000000000000000E+00   0.000000000000000E+00   0.000000000000000E+00
   8.904921222300000E-01   3.554288703200000E+00   3.225474646600000E-01   1.115315626900000E+00   5.227630164100000E-01   0.000000000000000E+00   0.000000000000000E+00   0.000000000000000E+00   0.000000000000000E+00
   8.927485138900000E-01   3.554568274000000E+00   3.225483840500000E-01   1.094630907500000E+00   5.745780120400000E-01   0.000000000000000E+00   0.000000000000000E+00   0.000000000000000E+00   0.000000000000000E+00
   8.950049055500000E-01   3.554424268800000E+00   3.225479104800000E-01   1.105285476300000E+00   5.478884346600000E-01   0.000000000000000E+00   0.000000000000000E+00   0.000000000000000E+00   0.000000000000000E+00
   8.972612972100000E-01   3.554568262500000E+00   3.225483840100000E-01   1.094631757800000E+00   5.745758814400000E-01   0.000000000000000E+00   0.000000000000000E+00   0.000000000000000E+00   0.000000000000000E+00
   8.995176888800001E-01   3.554288776600000E+00   3.225474649000000E-01   1.115310184900000E+00   5.227766522200000E-01   0.000000000000000E+00   0.000000000000000E+00   0.000000000000000E+00   0.000000000000000E+00
   9.015203926799999E-01   3.554568252100000E+00   3.225483839800000E-01   1.094632526200000E+00   5.745739560499999E-01   0.000000000000000E+00   0.000000000000000E+00   0.000000000000000E+00   0.000000000000000E+00
   9.035230964800000E-01   3.554424298100000E+00   3.225479105700000E-01   1.105283306700000E+00   5.478938709900000E-01   0.000000000000000E+00   0.000000000000000E+00   0.000000000000000E+00   0.000000000000000E+00
   9.055258002800000E-01   3.554568239200000E+00   3.225483839400000E-01   1.094633483900000E+00   5.745715564300000E-01   0.000000000000000E+00   0.000000000000000E+00   0.000000000000000E+00   0.000000000000000E+00
   9.075285040800000E-01   3.554288859300000E+00   3.225474651700000E-01   1.115304055800000E+00   5.227920097700000E-01   0.000000000000000E+00   0.000000000000000E+00   0.000000000000000E+00   0.000000000000000E+00
   9.090651220700000E-01   3.554568226600000E+00   3.225483838900000E-01   1.094634421200000E+00   5.745692078100000E-01   0.000000000000000E+00   0.000000000000000E+00   0.000000000000000E+00   0.000000000000000E+00
   9.106017400500001E-01   3.554424333800000E+00   3.225479106900000E-01   1.105280660200000E+00   5.479005021000000E-01   0.000000000000000E+00   0.000000000000000E+00   0.000000000000000E+00   0.000000000000000E+00
   9.121383580300000E-01   3.554568209700000E+00   3.225483838400000E-01   1.094635668800000E+00   5.745660817200000E-01   0.000000000000000E+00   0.000000000000000E+00   0.000000000000000E+00   0.000000000000000E+00
   9.136749760200000E-01   3.554288967100000E+00   3.225474655200000E-01   1.115296071100000E+00   5.228120167800000E-01   0.000000000000000E+00   0.000000000000000E+00   0.000000000000000E+00   0.000000000000000E+00
   9.149045283600000E-01   3.554568193600000E+00   3.225483837900000E-01   1.094636861400000E+00   5.745630934000000E-01   0.000000000000000E+00   0.000000000000000E+00   0.000000000000000E+00   0.000000000000000E+00
   9.161340806900000E-01   3.554424379200000E+00   3.225479108400000E-01   1.105277293000000E+00   5.479089392900000E-01   0.000000000000000E+00   0.000000000000000E+00   0.000000000000000E+00   0.000000000000000E+00
   9.173636330300000E-01   3.554568172600000E+00   3.225483837200000E-01   1.094638419700000E+00   5.745591887900000E-01   0.000000000000000E+00   0.000000000000000E+00   0.000000000000000E+00   0.000000000000000E+00
   9.185931853700000E-01   3.554289101600000E+00   3.225474659700000E-01   1.115286098000000E+00   5.228370063100000E-01   0.000000000000000E+00   0.000000000000000E+00   0.000000000000000E+00   0.000000000000000E+00
   9.201353990500000E-01   3.554568156600000E+00   3.225483836600000E-01   1.094639609600000E+00   5.745562073000000E-01   0.000000000000000E+00   0.000000000000000E+00   0.000000000000000E+00   0.000000000000000E+00
   9.216776127400000E-01   3.554424424600000E+00   3.225479109900000E-01   1.105273933200000E+00   5.479173580100000E-01   0.000000000000000E+00   0.000000000000000E+00   0.000000000000000E+00   0.000000000000000E+00
   9.232198264200000E-01   3.554568139800000E+00   3.225483836100000E-01   1.094640851300000E+00   5.745530960300000E-01   0.000000000000000E+00   0.000000000000000E+00   0.000000000000000E+00   0.000000000000000E+00
   9.247620401100000E-01   3.554289208800000E+00   3.225474663200000E-01   1.115278151200000E+00   5.228569184600000E-01   0.000000000000000E+00   0.000000000000000E+00   0.000000000000000E+00   0.000000000000000E+00
   9.259945718300000E-01   3.554568123800000E+00   3.225483835600000E-01   1.094642039000000E+00   5.745501198700000E-01   0.000000000000000E+00   0.000000000000000E+00   0.000000000000000E+00   0.000000000000000E+00
   9.272271035500000E-01   3.554424469800000E+00   3.225479111400000E-01   1.105270579700000E+00   5.479257608700000E-01   0.000000000000000E+00   0.000000000000000E+00   0.000000000000000E+00   0.000000000000000E+00
   9.284596352600000E-01   3.554568102800000E+00   3.225483834900000E-01   1.094643591800000E+00   5.745462290400000E-01   0.000000000000000E+00   0.000000000000000E+00   0.000000000000000E+00   0.000000000000000E+00
   9.296921669800000E-01   3.554289342900000E+00   3.225474667600000E-01   1.115268213400000E+00   5.228818197800000E-01   0.000000000000000E+00   0.000000000000000E+00   0.000000000000000E+00   0.000000000000000E+00
   9.313282344300000E-01   3.554568087200000E+00   3.225483834400000E-01   1.094644748500000E+00   5.745433306800000E-01   0.000000000000000E+00   0.000000000000000E+00   0.000000000000000E+00   0.000000000000000E+00
   9.329643018700000E-01   3.554424513900000E+00   3.225479112800000E-01   1.105267313500000E+00   5.479339449500000E-01   0.000000000000000E+00   0.000000000000000E+00   0.000000000000000E+00   0.000000000000000E+00
   9.346003693100000E-01   3.554568071500000E+00   3.225483833800000E-01   1.094645917700000E+00   5.745404011200000E-01   0.000000000000000E+00   0.000000000000000E+00   0.000000000000000E+00   0.000000000000000E+00
   9.362364367500000E-01   3.554289443900000E+00   3.225474670900000E-01   1.115260730800000E+00   5.229005690100000E-01   0.000000000000000E+00   0.000000000000000E+00   0.000000000000000E+00   0.000000000000000E+00
   9.381649121200000E-01   3.554568059100000E+00   3.225483833400000E-01   1.094646835900000E+00   5.745381003400000E-01   0.000000000000000E+00   0.000000000000000E+00   0.000000000000000E+00   0.000000000000000E+00
   9.400933874800000E-01   3.554424548800000E+00   3.225479114000000E-01   1.105264720800000E+00   5.479404414300000E-01   0.000000000000000E+00   0.000000000000000E+00   0.000000000000000E+00   0.000000000000000E+00
   9.420218628500000E-01   3.554568045700000E+00   3.225483833000000E-01   1.094647827300000E+00   5.745356160500000E-01   0.000000000000000E+00   0.000000000000000E+00   0.000000000000000E+00   0.000000000000000E+00
   9.439503382100000E-01   3.554289529500000E+00   3.225474673700000E-01   1.115254385500000E+00   5.229164685000000E-01   0.000000000000000E+00   0.000000000000000E+00   0.000000000000000E+00   0.000000000000000E+00
   9.451320630700000E-01   3.554568030700000E+00   3.225483832500000E-01   1.094648936200000E+00   5.745328376100000E-01   0.000000000000000E+00   0.000000000000000E+00   0.000000000000000E+00   0.000000000000000E+00
   9.463137879300000E-01   3.554424591100000E+00   3.225479115400000E-01   1.105261590300000E+00   5.479482856800000E-01   0.000000000000000E+00   0.000000000000000E+00   0.000000000000000E+00   0.000000000000000E+00
   9.474955127900000E-01   3.554568008900000E+00   3.225483831800000E-01   1.094650553300000E+00   5.745287855700000E-01   0.000000000000000E+00   0.000000000000000E+00   0.000000000000000E+00   0.000000000000000E+00
   9.486772376500000E-01   3.554289669100000E+00   3.225474678300000E-01   1.115244036000000E+00   5.229424016000001E-01   0.000000000000000E+00   0.000000000000000E+00   0.000000000000000E+00   0.000000000000000E+00
   9.500023988900000E-01   3.554567991400000E+00   3.225483831200000E-01   1.094651853000000E+00   5.745255288300000E-01   0.000000000000000E+00   0.000000000000000E+00   0.000000000000000E+00   0.000000000000000E+00
   9.513275601200000E-01   3.554424640600000E+00   3.225479117000000E-01   1.105257920400000E+00   5.479574814200000E-01   0.000000000000000E+00   0.000000000000000E+00   0.000000000000000E+00   0.000000000000000E+00
   9.526527213600000E-01   3.554567971900000E+00   3.225483830600000E-01   1.094653294200000E+00   5.745219175900000E-01   0.000000000000000E+00   0.000000000000000E+00   0.000000000000000E+00   0.000000000000000E+00
   9.539778825900000E-01   3.554289793500000E+00   3.225474682400000E-01   1.115234812400000E+00   5.229655135500000E-01   0.000000000000000E+00   0.000000000000000E+00   0.000000000000000E+00   0.000000000000000E+00
   9.551322475600000E-01   3.554567954200000E+00   3.225483830000000E-01   1.094654609400000E+00   5.745186218400000E-01   0.000000000000000E+00   0.000000000000000E+00   0.000000000000000E+00   0.000000000000000E+00
   9.562866125300000E-01   3.554424690700000E+00   3.225479118600000E-01   1.105254206800000E+00   5.479667867500000E-01   0.000000000000000E+00   0.000000000000000E+00   0.000000000000000E+00   0.000000000000000E+00
   9.574409775000000E-01   3.554567931900000E+00   3.225483829300000E-01   1.094656262800000E+00   5.745144788600000E-01   0.000000000000000E+00   0.000000000000000E+00   0.000000000000000E+00   0.000000000000000E+00
   9.585953424700000E-01   3.554289936200000E+00   3.225474687100000E-01   1.115224230800000E+00   5.229920286500001E-01   0.000000000000000E+00   0.000000000000000E+00   0.000000000000000E+00   0.000000000000000E+00
   9.592295776799999E-01   3.554567905200000E+00   3.225483828400000E-01   1.094658244000000E+00   5.745095144400000E-01   0.000000000000000E+00   0.000000000000000E+00   0.000000000000000E+00   0.000000000000000E+00
   9.598638129000000E-01   3.554424766100000E+00   3.225479121100000E-01   1.105248614000000E+00   5.479808010800000E-01   0.000000000000000E+00   0.000000000000000E+00   0.000000000000000E+00   0.000000000000000E+00
   9.604980481199999E-01   3.554567864600000E+00   3.225483827000000E-01   1.094661250500000E+00   5.745019808700000E-01   0.000000000000000E+00   0.000000000000000E+00   0.000000000000000E+00   0.000000000000000E+00
   9.611322833400000E-01   3.554290195800000E+00   3.225474695600000E-01   1.115204989300000E+00   5.230402435100000E-01   0.000000000000000E+00   0.000000000000000E+00   0.000000000000000E+00   0.000000000000000E+00
   9.618513119100000E-01   3.554567832200000E+00   3.225483826000000E-01   1.094663653800000E+00   5.744959587100000E-01   0.000000000000000E+00   0.000000000000000E+00   0.000000000000000E+00   0.000000000000000E+00
   9.625703404800000E-01   3.554424857700000E+00   3.225479124100000E-01   1.105241827900000E+00   5.479978057300000E-01   0.000000000000000E+00   0.000000000000000E+00   0.000000000000000E+00   0.000000000000000E+00
   9.632893690600000E-01   3.554567796500000E+00   3.225483824800000E-01   1.094666302700000E+00   5.744893210799999E-01   0.000000000000000E+00   0.000000000000000E+00   0.000000000000000E+00   0.000000000000000E+00
   9.640083976300000E-01   3.554290424400000E+00   3.225474703100000E-01   1.115188036300000E+00   5.230827243400000E-01   0.000000000000000E+00   0.000000000000000E+00   0.000000000000000E+00   0.000000000000000E+00
   9.647339765300000E-01   3.554567766300000E+00   3.225483823800000E-01   1.094668542900000E+00   5.744837075500000E-01   0.000000000000000E+00   0.000000000000000E+00   0.000000000000000E+00   0.000000000000000E+00
   9.654595554299999E-01   3.554424943000000E+00   3.225479126900000E-01   1.105235502600000E+00   5.480136557500001E-01   0.000000000000000E+00   0.000000000000000E+00   0.000000000000000E+00   0.000000000000000E+00
   9.661851343300000E-01   3.554567730900000E+00   3.225483822700000E-01   1.094671165100000E+00   5.744771368000000E-01   0.000000000000000E+00   0.000000000000000E+00   0.000000000000000E+00   0.000000000000000E+00
   9.669107132300000E-01   3.554290650800000E+00   3.225474710600000E-01   1.115171254200000E+00   5.231247771899999E-01   0.000000000000000E+00   0.000000000000000E+00   0.000000000000000E+00   0.000000000000000E+00
   9.680911908399999E-01   3.554567706600000E+00   3.225483821900000E-01   1.094672963400000E+00   5.744726305100000E-01   0.000000000000000E+00   0.000000000000000E+00   0.000000000000000E+00   0.000000000000000E+00
   9.692716684500000E-01   3.554425011500000E+00   3.225479129200000E-01   1.105230424200000E+00   5.480263813100000E-01   0.000000000000000E+00   0.000000000000000E+00   0.000000000000000E+00   0.000000000000000E+00
   9.704521460700000E-01   3.554567684900000E+00   3.225483821100000E-01   1.094674573800000E+00   5.744685952400000E-01   0.000000000000000E+00   0.000000000000000E+00   0.000000000000000E+00   0.000000000000000E+00
   9.716326236800000E-01   3.554290789800000E+00   3.225474715100000E-01   1.115160948000000E+00   5.231506029600000E-01   0.000000000000000E+00   0.000000000000000E+00   0.000000000000000E+00   0.000000000000000E+00
   9.724958817500000E-01   3.554567663100000E+00   3.225483820400000E-01   1.094676193600000E+00   5.744645361700000E-01   0.000000000000000E+00   0.000000000000000E+00   0.000000000000000E+00   0.000000000000000E+00
   9.733591398200000E-01   3.554425073100000E+00   3.225479131200000E-01   1.105225850900000E+00   5.480378411900000E-01   0.000000000000000E+00   0.000000000000000E+00   0.000000000000000E+00   0.000000000000000E+00
   9.742223979000000E-01   3.554567633400000E+00   3.225483819500000E-01   1.094678394000000E+00   5.744590222800000E-01   0.000000000000000E+00   0.000000000000000E+00   0.000000000000000E+00   0.000000000000000E+00
   9.750856559700000E-01   3.554290979700000E+00   3.225474721400000E-01   1.115146865500000E+00   5.231858918400000E-01   0.000000000000000E+00   0.000000000000000E+00   0.000000000000000E+00   0.000000000000000E+00
   9.758219253900000E-01   3.554567606000000E+00   3.225483818600000E-01   1.094680424800000E+00   5.744539333899999E-01   0.000000000000000E+00   0.000000000000000E+00   0.000000000000000E+00   0.000000000000000E+00
   9.765581947999999E-01   3.554425150500000E+00   3.225479133700000E-01   1.105220117300000E+00   5.480522090000000E-01   0.000000000000000E+00   0.000000000000000E+00   0.000000000000000E+00   0.000000000000000E+00
   9.772944642200000E-01   3.554567571300000E+00   3.225483817400000E-01   1.094683002200000E+00   5.744474747000000E-01   0.000000000000000E+00   0.000000000000000E+00   0.000000000000000E+00   0.000000000000000E+00
   9.780307336300000E-01   3.554291202100000E+00   3.225474728700000E-01   1.115130370000000E+00   5.232272274699999E-01   0.000000000000000E+00   0.000000000000000E+00   0.000000000000000E+00   0.000000000000000E+00
   9.785937852700000E-01   3.554567537200000E+00   3.225483816300000E-01   1.094685528800000E+00   5.744411432300000E-01   0.000000000000000E+00   0.000000000000000E+00   0.000000000000000E+00   0.000000000000000E+00
   9.791568369100000E-01   3.554425246600000E+00   3.225479136900000E-01   1.105212984100000E+00   5.480700839400000E-01   0.000000000000000E+00   0.000000000000000E+00   0.000000000000000E+00   0.000000000000000E+00
   9.797198885400000E-01   3.554567491800000E+00   3.225483814800000E-01   1.094688895100000E+00   5.744327076800000E-01   0.000000000000000E+00   0.000000000000000E+00   0.000000000000000E+00   0.000000000000000E+00
   9.802829401800000E-01   3.554291492600000E+00   3.225474738200000E-01   1.115108826000000E+00   5.232812150100000E-01   0.000000000000000E+00   0.000000000000000E+00   0.000000000000000E+00   0.000000000000000E+00
   9.807608583000000E-01   3.554567449800000E+00   3.225483813400000E-01   1.094692009300000E+00   5.744249037500000E-01   0.000000000000000E+00   0.000000000000000E+00   0.000000000000000E+00   0.000000000000000E+00
   9.812387764300000E-01   3.554425365200000E+00   3.225479140800000E-01   1.105204191900000E+00   5.480921165800000E-01   0.000000000000000E+00   0.000000000000000E+00   0.000000000000000E+00   0.000000000000000E+00
   9.817166945500000E-01   3.554567396400000E+00   3.225483811700000E-01   1.094695969300000E+00   5.744149802100000E-01   0.000000000000000E+00   0.000000000000000E+00   0.000000000000000E+00   0.000000000000000E+00
   9.821946126700000E-01   3.554291834300000E+00   3.225474749400000E-01   1.115083482000000E+00   5.233447257200000E-01   0.000000000000000E+00   0.000000000000000E+00   0.000000000000000E+00   0.000000000000000E+00
   9.826539378200000E-01   3.554567350100000E+00   3.225483810100000E-01   1.094699400700000E+00   5.744063812200000E-01   0.000000000000000E+00   0.000000000000000E+00   0.000000000000000E+00   0.000000000000000E+00
   9.831132629700000E-01   3.554425495800000E+00   3.225479145100000E-01   1.105194503500000E+00   5.481163954500000E-01   0.000000000000000E+00   0.000000000000000E+00   0.000000000000000E+00   0.000000000000000E+00
   9.835725881200000E-01   3.554567294700000E+00   3.225483808300000E-01   1.094703514200000E+00   5.743960728000000E-01   0.000000000000000E+00   0.000000000000000E+00   0.000000000000000E+00   0.000000000000000E+00
   9.840319132699999E-01   3.554292189200000E+00   3.225474761100000E-01   1.115057155500000E+00   5.234106997000000E-01   0.000000000000000E+00   0.000000000000000E+00   0.000000000000000E+00   0.000000000000000E+00
   9.843863100400000E-01   3.554567240600000E+00   3.225483806500000E-01   1.094707525300000E+00   5.743860208500000E-01   0.000000000000000E+00   0.000000000000000E+00   0.000000000000000E+00   0.000000000000000E+00
   9.847407068100000E-01   3.554425648500000E+00   3.225479150100000E-01   1.105183180100000E+00   5.481447721500000E-01   0.000000000000000E+00   0.000000000000000E+00   0.000000000000000E+00   0.000000000000000E+00
   9.850951035900000E-01   3.554567168800000E+00   3.225483804200000E-01   1.094712846500000E+00   5.743726858200000E-01   0.000000000000000E+00   0.000000000000000E+00   0.000000000000000E+00   0.000000000000000E+00
   9.854495003600000E-01   3.554292648200000E+00   3.225474776100000E-01   1.115023100100000E+00   5.234960440400001E-01   0.000000000000000E+00   0.000000000000000E+00   0.000000000000000E+00   0.000000000000000E+00
   9.857526777300000E-01   3.554567102800000E+00   3.225483802000000E-01   1.094717746500000E+00   5.743604058900000E-01   0.000000000000000E+00   0.000000000000000E+00   0.000000000000000E+00   0.000000000000000E+00
   9.860558550900000E-01   3.554425835000000E+00   3.225479156200000E-01   1.105169346500000E+00   5.481794401400000E-01   0.000000000000000E+00   0.000000000000000E+00   0.000000000000000E+00   0.000000000000000E+00
   9.863590324600000E-01   3.554567019100000E+00   3.225483799300000E-01   1.094723952000000E+00   5.743448543800000E-01   0.000000000000000E+00   0.000000000000000E+00   0.000000000000000E+00   0.000000000000000E+00
   9.866622098300000E-01   3.554293183500000E+00   3.225474793700000E-01   1.114983385100000E+00   5.235955739400000E-01   0.000000000000000E+00   0.000000000000000E+00   0.000000000000000E+00   0.000000000000000E+00
   9.870583759900000E-01   3.554566956600000E+00   3.225483797200000E-01   1.094728601100000E+00   5.743332029700000E-01   0.000000000000000E+00   0.000000000000000E+00   0.000000000000000E+00   0.000000000000000E+00
   9.874545421399999E-01   3.554426011900000E+00   3.225479162000000E-01   1.105156216600000E+00   5.482123454800000E-01   0.000000000000000E+00   0.000000000000000E+00   0.000000000000000E+00   0.000000000000000E+00
   9.878507083000000E-01   3.554566892700000E+00   3.225483795100000E-01   1.094733339400000E+00   5.743213281200000E-01   0.000000000000000E+00   0.000000000000000E+00   0.000000000000000E+00   0.000000000000000E+00
   9.882468744500000E-01   3.554293592000000E+00   3.225474807100000E-01   1.114953060400000E+00   5.236715730800000E-01   0.000000000000000E+00   0.000000000000000E+00   0.000000000000000E+00   0.000000000000000E+00
   9.885280579800000E-01   3.554566827400000E+00   3.225483793000000E-01   1.094738186400000E+00   5.743091804900000E-01   0.000000000000000E+00   0.000000000000000E+00   0.000000000000000E+00   0.000000000000000E+00
   9.888092415100000E-01   3.554426196200000E+00   3.225479168100000E-01   1.105142535000000E+00   5.482466344900000E-01   0.000000000000000E+00   0.000000000000000E+00   0.000000000000000E+00   0.000000000000000E+00
   9.890904250400000E-01   3.554566737600000E+00   3.225483790000000E-01   1.094744846500000E+00   5.742924885100000E-01   0.000000000000000E+00   0.000000000000000E+00   0.000000000000000E+00   0.000000000000000E+00
   9.893716085599999E-01   3.554294166100000E+00   3.225474826000000E-01   1.114910435500000E+00   5.237784021100000E-01   0.000000000000000E+00   0.000000000000000E+00   0.000000000000000E+00   0.000000000000000E+00
   9.895598525900000E-01   3.554566642600000E+00   3.225483786900000E-01   1.094751897300000E+00   5.742748169800000E-01   0.000000000000000E+00   0.000000000000000E+00   0.000000000000000E+00   0.000000000000000E+00
   9.897480966300000E-01   3.554426464300000E+00   3.225479176900000E-01   1.105122636900000E+00   5.482965053700000E-01   0.000000000000000E+00   0.000000000000000E+00   0.000000000000000E+00   0.000000000000000E+00
   9.899363406600000E-01   3.554566508900000E+00   3.225483782500000E-01   1.094761811700000E+00   5.742499680900000E-01   0.000000000000000E+00   0.000000000000000E+00   0.000000000000000E+00   0.000000000000000E+00
   9.901245846900000E-01   3.554295020600000E+00   3.225474854000000E-01   1.114846983800000E+00   5.239374359400000E-01   0.000000000000000E+00   0.000000000000000E+00   0.000000000000000E+00   0.000000000000000E+00
   9.902831233700000E-01   3.554566385200000E+00   3.225483778400000E-01   1.094771010800000E+00   5.742269107800000E-01   0.000000000000000E+00   0.000000000000000E+00   0.000000000000000E+00   0.000000000000000E+00
   9.904416620499999E-01   3.554426813900000E+00   3.225479188300000E-01   1.105096670300000E+00   5.483615895900000E-01   0.000000000000000E+00   0.000000000000000E+00   0.000000000000000E+00   0.000000000000000E+00
   9.906002007400000E-01   3.554566227200000E+00   3.225483773300000E-01   1.094782730000000E+00   5.741975363600000E-01   0.000000000000000E+00   0.000000000000000E+00   0.000000000000000E+00   0.000000000000000E+00
   9.907587394200000E-01   3.554296030400000E+00   3.225474887100000E-01   1.114771981100000E+00   5.241254335500000E-01   0.000000000000000E+00   0.000000000000000E+00   0.000000000000000E+00   0.000000000000000E+00
   9.909214106599999E-01   3.554566095400000E+00   3.225483768900000E-01   1.094792540400000E+00   5.741729447800000E-01   0.000000000000000E+00   0.000000000000000E+00   0.000000000000000E+00   0.000000000000000E+00
   9.910840819000000E-01   3.554427186800000E+00   3.225479200600000E-01   1.105068968800000E+00   5.484310275800000E-01   0.000000000000000E+00   0.000000000000000E+00   0.000000000000000E+00   0.000000000000000E+00
   9.912467531400000E-01   3.554565942200000E+00   3.225483763900000E-01   1.094803907000000E+00   5.741444520700000E-01   0.000000000000000E+00   0.000000000000000E+00   0.000000000000000E+00   0.000000000000000E+00
   9.914094243800000E-01   3.554297009200000E+00   3.225474919300000E-01   1.114699235800000E+00   5.243077881400000E-01   0.000000000000000E+00   0.000000000000000E+00   0.000000000000000E+00   0.000000000000000E+00
   9.915708776400000E-01   3.554565812300000E+00   3.225483759600000E-01   1.094813581700000E+00   5.741201983400001E-01   0.000000000000000E+00   0.000000000000000E+00   0.000000000000000E+00   0.000000000000000E+00
   9.917323309000000E-01   3.554427554300000E+00   3.225479212600000E-01   1.105041651800000E+00   5.484995075500000E-01   0.000000000000000E+00   0.000000000000000E+00   0.000000000000000E+00   0.000000000000000E+00
   9.918937841600000E-01   3.554565658800000E+00   3.225483754600000E-01   1.094824979300000E+00   5.740916252200000E-01   0.000000000000000E+00   0.000000000000000E+00   0.000000000000000E+00   0.000000000000000E+00
   9.920552374200000E-01   3.554297990300000E+00   3.225474951400000E-01   1.114626292000000E+00   5.244906573400000E-01   0.000000000000000E+00   0.000000000000000E+00   0.000000000000000E+00   0.000000000000000E+00
   9.922579607399999E-01   3.554565542400000E+00   3.225483750800000E-01   1.094833658300000E+00   5.740698655699999E-01   0.000000000000000E+00   0.000000000000000E+00   0.000000000000000E+00   0.000000000000000E+00
   9.924606840600000E-01   3.554427883800000E+00   3.225479223400000E-01   1.105017137100000E+00   5.485609685200000E-01   0.000000000000000E+00   0.000000000000000E+00   0.000000000000000E+00   0.000000000000000E+00
   9.926634073800000E-01   3.554565420800000E+00   3.225483746800000E-01   1.094842696300000E+00   5.740472053700000E-01   0.000000000000000E+00   0.000000000000000E+00   0.000000000000000E+00   0.000000000000000E+00
   9.928661307000000E-01   3.554298767700000E+00   3.225474976900000E-01   1.114568448900000E+00   5.246356833400000E-01   0.000000000000000E+00   0.000000000000000E+00   0.000000000000000E+00   0.000000000000000E+00
   9.930741847700000E-01   3.554565319300000E+00   3.225483743500000E-01   1.094850265400000E+00   5.740282268000000E-01   0.000000000000000E+00   0.000000000000000E+00   0.000000000000000E+00   0.000000000000000E+00
   9.932822388400000E-01   3.554428171000000E+00   3.225479232800000E-01   1.104995764500000E+00   5.486145568400000E-01   0.000000000000000E+00   0.000000000000000E+00   0.000000000000000E+00   0.000000000000000E+00
   9.934902929100000E-01   3.554565201300000E+00   3.225483739600000E-01   1.094859038600000E+00   5.740062287700000E-01   0.000000000000000E+00   0.000000000000000E+00   0.000000000000000E+00   0.000000000000000E+00
   9.936983469700000E-01   3.554299521800000E+00   3.225475001700000E-01   1.114512301300000E+00   5.247764713900001E-01   0.000000000000000E+00   0.000000000000000E+00   0.000000000000000E+00   0.000000000000000E+00
   9.939469664100000E-01   3.554565109700000E+00   3.225483736600000E-01   1.094865873600000E+00   5.739890891400000E-01   0.000000000000000E+00   0.000000000000000E+00   0.000000000000000E+00   0.000000000000000E+00
   9.941955858400000E-01   3.554428430100000E+00   3.225479241300000E-01   1.104976461100000E+00   5.486629618200000E-01   0.000000000000000E+00   0.000000000000000E+00   0.000000000000000E+00   0.000000000000000E+00
   9.944442052700000E-01   3.554565011400000E+00   3.225483733400000E-01   1.094873190000000E+00   5.739707419500000E-01   0.000000000000000E+00   0.000000000000000E+00   0.000000000000000E+00   0.000000000000000E+00
   9.946928247000000E-01   3.554300150100000E+00   3.225475022200000E-01   1.114465476600000E+00   5.248938938600000E-01   0.000000000000000E+00   0.000000000000000E+00   0.000000000000000E+00   0.000000000000000E+00
   9.948613002600000E-01   3.554564908300000E+00   3.225483730000000E-01   1.094880878200000E+00   5.739514612600000E-01   0.000000000000000E+00   0.000000000000000E+00   0.000000000000000E+00   0.000000000000000E+00
   9.950297758100000E-01   3.554428721200000E+00   3.225479250900000E-01   1.104954765200000E+00   5.487173715900000E-01   0.000000000000000E+00   0.000000000000000E+00   0.000000000000000E+00   0.000000000000000E+00
   9.951982513700000E-01   3.554564763800000E+00   3.225483725300000E-01   1.094891633000000E+00   5.739244885100000E-01   0.000000000000000E+00   0.000000000000000E+00   0.000000000000000E+00   0.000000000000000E+00
   9.953667269199999E-01   3.554301073100000E+00   3.225475052500000E-01   1.114396646000000E+00   5.250665207700000E-01   0.000000000000000E+00   0.000000000000000E+00   0.000000000000000E+00   0.000000000000000E+00
   9.954995502300000E-01   3.554564625300000E+00   3.225483720700000E-01   1.094901979800000E+00   5.738985365800000E-01   0.000000000000000E+00   0.000000000000000E+00   0.000000000000000E+00   0.000000000000000E+00
   9.956323735500000E-01   3.554429112700000E+00   3.225479263700000E-01   1.104925564100000E+00   5.487906141100000E-01   0.000000000000000E+00   0.000000000000000E+00   0.000000000000000E+00   0.000000000000000E+00
   9.957651968600000E-01   3.554564443100000E+00   3.225483714800000E-01   1.094915549700000E+00   5.738644981000000E-01   0.000000000000000E+00   0.000000000000000E+00   0.000000000000000E+00   0.000000000000000E+00
   9.958980201700000E-01   3.554302236300000E+00   3.225475090500000E-01   1.114309799900000E+00   5.252843694600000E-01   0.000000000000000E+00   0.000000000000000E+00   0.000000000000000E+00   0.000000000000000E+00
   9.960009639100000E-01   3.554564267000000E+00   3.225483709000000E-01   1.094928723100000E+00   5.738314493700000E-01   0.000000000000000E+00   0.000000000000000E+00   0.000000000000000E+00   0.000000000000000E+00
   9.961039076600000E-01   3.554429610200000E+00   3.225479279900000E-01   1.104888392000000E+00   5.488838697800000E-01   0.000000000000000E+00   0.000000000000000E+00   0.000000000000000E+00   0.000000000000000E+00
   9.962068514000000E-01   3.554564033700000E+00   3.225483701400000E-01   1.094946113200000E+00   5.737878170000000E-01   0.000000000000000E+00   0.000000000000000E+00   0.000000000000000E+00   0.000000000000000E+00
   9.963097951400000E-01   3.554303724700000E+00   3.225475139200000E-01   1.114198504800000E+00   5.255636212300000E-01   0.000000000000000E+00   0.000000000000000E+00   0.000000000000000E+00   0.000000000000000E+00
   9.964028187200000E-01   3.554563827200000E+00   3.225483694600000E-01   1.094961625200000E+00   5.737488881700000E-01   0.000000000000000E+00   0.000000000000000E+00   0.000000000000000E+00   0.000000000000000E+00
   9.964958423000000E-01   3.554430195200000E+00   3.225479299000000E-01   1.104844605900000E+00   5.489937535700000E-01   0.000000000000000E+00   0.000000000000000E+00   0.000000000000000E+00   0.000000000000000E+00
   9.965888658800000E-01   3.554563571600000E+00   3.225483686200000E-01   1.094980714500000E+00   5.737009744400000E-01   0.000000000000000E+00   0.000000000000000E+00   0.000000000000000E+00   0.000000000000000E+00
   9.966818894600000E-01   3.554305354800000E+00   3.225475192400000E-01   1.114076335600000E+00   5.258702749500000E-01   0.000000000000000E+00   0.000000000000000E+00   0.000000000000000E+00   0.000000000000000E+00
   9.967789793800000E-01   3.554563361800000E+00   3.225483679400000E-01   1.094996530900000E+00   5.736612636100000E-01   0.000000000000000E+00   0.000000000000000E+00   0.000000000000000E+00   0.000000000000000E+00
   9.968760693099999E-01   3.554430790200000E+00   3.225479318500000E-01   1.104799940800000E+00   5.491058919800000E-01   0.000000000000000E+00   0.000000000000000E+00   0.000000000000000E+00   0.000000000000000E+00
   9.969731592400000E-01   3.554563119800000E+00   3.225483671500000E-01   1.095014667600000E+00   5.736157187100001E-01   0.000000000000000E+00   0.000000000000000E+00   0.000000000000000E+00   0.000000000000000E+00
   9.970702491700000E-01   3.554306898500000E+00   3.225475242700000E-01   1.113960263400000E+00   5.261617678000000E-01   0.000000000000000E+00   0.000000000000000E+00   0.000000000000000E+00   0.000000000000000E+00
   9.971626237500000E-01   3.554562911500000E+00   3.225483664700000E-01   1.095030412500000E+00   5.735761666300000E-01   0.000000000000000E+00   0.000000000000000E+00   0.000000000000000E+00   0.000000000000000E+00
   9.972549983300000E-01   3.554431380300000E+00   3.225479337700000E-01   1.104755490600000E+00   5.492175514199999E-01   0.000000000000000E+00   0.000000000000000E+00   0.000000000000000E+00   0.000000000000000E+00
   9.973473729100000E-01   3.554562660300000E+00   3.225483656500000E-01   1.095049313200000E+00   5.735286742700000E-01   0.000000000000000E+00   0.000000000000000E+00   0.000000000000000E+00   0.000000000000000E+00
   9.974397474900000E-01   3.554308500900000E+00   3.225475294900000E-01   1.113839301700000E+00   5.264657252500000E-01   0.000000000000000E+00   0.000000000000000E+00   0.000000000000000E+00   0.000000000000000E+00
   9.975317644600000E-01   3.554562449300000E+00   3.225483649700000E-01   1.095065338700000E+00   5.734883893100000E-01   0.000000000000000E+00   0.000000000000000E+00   0.000000000000000E+00   0.000000000000000E+00
   9.976237814300000E-01   3.554431978300000E+00   3.225479357100000E-01   1.104710242000000E+00   5.493312954200000E-01   0.000000000000000E+00   0.000000000000000E+00   0.000000000000000E+00   0.000000000000000E+00
   9.977157984000000E-01   3.554562200500000E+00   3.225483641600000E-01   1.095084145400000E+00   5.734410962900000E-01   0.000000000000000E+00   0.000000000000000E+00   0.000000000000000E+00   0.000000000000000E+00
   9.978078153700000E-01   3.554310086600000E+00   3.225475346300000E-01   1.113718942100000E+00   5.267684078800000E-01   0.000000000000000E+00   0.000000000000000E+00   0.000000000000000E+00   0.000000000000000E+00
   9.978775034300000E-01   3.554561958400000E+00   3.225483633700000E-01   1.095102618700000E+00   5.733946195600000E-01   0.000000000000000E+00   0.000000000000000E+00   0.000000000000000E+00   0.000000000000000E+00
   9.979471915000000E-01   3.554432662400000E+00   3.225479379200000E-01   1.104658137600000E+00   5.494623966500000E-01   0.000000000000000E+00   0.000000000000000E+00   0.000000000000000E+00   0.000000000000000E+00
   9.980168795600000E-01   3.554561635500000E+00   3.225483623300000E-01   1.095127192600000E+00   5.733327535900000E-01   0.000000000000000E+00   0.000000000000000E+00   0.000000000000000E+00   0.000000000000000E+00
   9.980865676300000E-01   3.554312143100000E+00   3.225475412700000E-01   1.113561676200000E+00   5.271643653100000E-01   0.000000000000000E+00   0.000000000000000E+00   0.000000000000000E+00   0.000000000000000E+00
   9.981468992100000E-01   3.554561345500000E+00   3.225483613900000E-01   1.095149571100000E+00   5.732763674900000E-01   0.000000000000000E+00   0.000000000000000E+00   0.000000000000000E+00   0.000000000000000E+00
   9.982072307900000E-01   3.554433483400000E+00   3.225479405600000E-01   1.104594995500000E+00   5.496215076199999E-01   0.000000000000000E+00   0.000000000000000E+00   0.000000000000000E+00   0.000000000000000E+00
   9.982675623800000E-01   3.554560981900000E+00   3.225483602200000E-01   1.095177584000000E+00   5.732057108600001E-01   0.000000000000000E+00   0.000000000000000E+00   0.000000000000000E+00   0.000000000000000E+00
   9.983278939600000E-01   3.554314458500000E+00   3.225475487000000E-01   1.113382405100000E+00   5.276165913100000E-01   0.000000000000000E+00   0.000000000000000E+00   0.000000000000000E+00   0.000000000000000E+00
   9.983950828300000E-01   3.554560696600000E+00   3.225483593200000E-01   1.095200008200000E+00   5.731490694600000E-01   0.000000000000000E+00   0.000000000000000E+00   0.000000000000000E+00   0.000000000000000E+00
   9.984622717000000E-01   3.554434295100000E+00   3.225479431600000E-01   1.104531644300000E+00   5.497815106200000E-01   0.000000000000000E+00   0.000000000000000E+00   0.000000000000000E+00   0.000000000000000E+00
   9.985294605700000E-01   3.554560380300000E+00   3.225483583100000E-01   1.095224813500000E+00   5.730863364600000E-01   0.000000000000000E+00   0.000000000000000E+00   0.000000000000000E+00   0.000000000000000E+00
   9.985966494400000E-01   3.554316471200000E+00   3.225475550800000E-01   1.113223663800000E+00   5.280181039800000E-01   0.000000000000000E+00   0.000000000000000E+00   0.000000000000000E+00   0.000000000000000E+00
   9.986511333600000E-01   3.554560087900000E+00   3.225483573900000E-01   1.095248209300000E+00   5.730270774200000E-01   0.000000000000000E+00   0.000000000000000E+00   0.000000000000000E+00   0.000000000000000E+00
   9.987056172800000E-01   3.554435122200000E+00   3.225479457600000E-01   1.104465666000000E+00   5.499486795200000E-01   0.000000000000000E+00   0.000000000000000E+00   0.000000000000000E+00   0.000000000000000E+00
   9.987601012000000E-01   3.554559715500000E+00   3.225483562200000E-01   1.095278326900000E+00   5.729506103400001E-01   0.000000000000000E+00   0.000000000000000E+00   0.000000000000000E+00   0.000000000000000E+00
   9.988145851200000E-01   3.554318854500000E+00   3.225475625400000E-01   1.113030932500000E+00   5.285075284400000E-01   0.000000000000000E+00   0.000000000000000E+00   0.000000000000000E+00   0.000000000000000E+00
   9.988520501900000E-01   3.554559352100000E+00   3.225483551400000E-01   1.095309503900000E+00   5.728712498200000E-01   0.000000000000000E+00   0.000000000000000E+00   0.000000000000000E+00   0.000000000000000E+00
   9.988895152600000E-01   3.554436213100000E+00   3.225479492200000E-01   1.104377891000000E+00   5.501722596300000E-01   0.000000000000000E+00   0.000000000000000E+00   0.000000000000000E+00   0.000000000000000E+00
   9.989269803300000E-01   3.554558908400000E+00   3.225483539900000E-01   1.095352287700000E+00   5.727616823600000E-01   0.000000000000000E+00   0.000000000000000E+00   0.000000000000000E+00   0.000000000000000E+00
   9.989644454000000E-01   3.554322191400000E+00   3.225475730700000E-01   1.112757010200000E+00   5.292086456200000E-01   0.000000000000000E+00   0.000000000000000E+00   0.000000000000000E+00   0.000000000000000E+00
   9.989968150600000E-01   3.554558722700000E+00   3.225483542500000E-01   1.095390881200000E+00   5.726618989500000E-01   0.000000000000000E+00   0.000000000000000E+00   0.000000000000000E+00   0.000000000000000E+00
   9.990291847200000E-01   3.554437987900000E+00   3.225479562700000E-01   1.104268613000000E+00   5.504531035300000E-01   0.000000000000000E+00   0.000000000000000E+00   0.000000000000000E+00   0.000000000000000E+00
   9.990615543800000E-01   3.554559095000000E+00   3.225483582800000E-01   1.095438375500000E+00   5.725368364400000E-01   0.000000000000000E+00   0.000000000000000E+00   0.000000000000000E+00   0.000000000000000E+00
   9.990939240500000E-01   3.554327377600000E+00   3.225475945100000E-01   1.112450057800000E+00   5.300053576400000E-01   0.000000000000000E+00   0.000000000000000E+00   0.000000000000000E+00   0.000000000000000E+00
   9.991283332300001E-01   3.554562193900000E+00   3.225483788900000E-01   1.095475447900000E+00   5.724330277200000E-01   0.000000000000000E+00   0.000000000000000E+00   0.000000000000000E+00   0.000000000000000E+00
   9.991627424200000E-01   3.554447590300000E+00   3.225480123900000E-01   1.104155870200000E+00   5.507365311000000E-01   0.000000000000000E+00   0.000000000000000E+00   0.000000000000000E+00   0.000000000000000E+00
   9.991971516000000E-01   3.554575845700000E+00   3.225484653200000E-01   1.095512285700000E+00   5.723099222800000E-01   0.000000000000000E+00   0.000000000000000E+00   0.000000000000000E+00   0.000000000000000E+00
   9.992315607900000E-01   3.554364455000000E+00   3.225478167900000E-01   1.112160303100000E+00   5.307268532800000E-01   0.000000000000000E+00   0.000000000000000E+00   0.000000000000000E+00   0.000000000000000E+00
   9.992707278000000E-01   3.554640830600000E+00   3.225488711200000E-01   1.095516972400000E+00   5.721830043400000E-01   0.000000000000000E+00   0.000000000000000E+00   0.000000000000000E+00   0.000000000000000E+00
   9.993098948100000E-01   3.554623250200000E+00   3.225491040200000E-01   1.103985226800000E+00   5.509020000700000E-01   0.000000000000000E+00   0.000000000000000E+00   0.000000000000000E+00   0.000000000000000E+00
   9.993490618200001E-01   3.554963337100000E+00   3.225508813500000E-01   1.095411224600000E+00   5.719086972700000E-01   0.000000000000000E+00   0.000000000000000E+00   0.000000000000000E+00   0.000000000000000E+00
   9.993882288300000E-01   3.555231115800000E+00   3.225532106800000E-01   1.111554698100000E+00   5.309077651800000E-01   0.000000000000000E+00   0.000000000000000E+00   0.000000000000000E+00   0.000000000000000E+00
   9.994127913400001E-01   3.556046345400000E+00   3.225576306900000E-01   1.094975619500000E+00   5.712160796700000E-01   0.000000000000000E+00   0.000000000000000E+00   0.000000000000000E+00   0.000000000000000E+00
   9.994373538500000E-01   3.556889062200000E+00   3.225632218700000E-01   1.102889347500000E+00   5.500004801000000E-01   0.000000000000000E+00   0.000000000000000E+00   0.000000000000000E+00   0.000000000000000E+00
   9.994619163600000E-01   3.558587016700000E+00   3.225734697400000E-01   1.093917443300000E+00   5.696948661700000E-01   0.000000000000000E+00   0.000000000000000E+00   0.000000000000000E+00   0.000000000000000E+00
   9.994864788700000E-01   3.560951360400000E+00   3.225888744300000E-01   1.108738108100000E+00   5.288833736300000E-01   0.000000000000000E+00   0.000000000000000E+00   0.000000000000000E+00   0.000000000000000E+00
   9.995078613500000E-01   3.564762436600000E+00   3.226120067900000E-01   1.091277473700000E+00   5.662632874200000E-01   0.000000000000000E+00   0.000000000000000E+00   0.000000000000000E+00   0.000000000000000E+00
   9.995292438300000E-01   3.570114793100000E+00   3.226457921700000E-01   1.097040902100000E+00   5.434098367500000E-01   0.000000000000000E+00   0.000000000000000E+00   0.000000000000000E+00   0.000000000000000E+00
   9.995506263100000E-01   3.578584384200000E+00   3.226984605100000E-01   1.085386198700000E+00   5.588390157799999E-01   0.000000000000000E+00   0.000000000000000E+00   0.000000000000000E+00   0.000000000000000E+00
   9.995720087900000E-01   3.590994307500000E+00   3.227769987800000E-01   1.095613445700000E+00   5.144802360600000E-01   0.000000000000000E+00   0.000000000000000E+00   0.000000000000000E+00   0.000000000000000E+00
   9.995952043500000E-01   3.612197543800000E+00   3.229099053700000E-01   1.071353112400000E+00   5.417196406400000E-01   0.000000000000000E+00   0.000000000000000E+00   0.000000000000000E+00   0.000000000000000E+00
   9.996183999200000E-01   3.644074628400000E+00   3.231122939600000E-01   1.066402713300000E+00   5.071777008700000E-01   0.000000000000000E+00   0.000000000000000E+00   0.000000000000000E+00   0.000000000000000E+00
   9.996415954900000E-01   3.691897569100000E+00   3.234178868200000E-01   1.040002354500000E+00   5.045918408200000E-01   0.000000000000000E+00   0.000000000000000E+00   0.000000000000000E+00   0.000000000000000E+00
   9.996647910499999E-01   3.760413856800000E+00   3.238630299800000E-01   1.030211560600000E+00   4.394952586600000E-01   0.000000000000000E+00   0.000000000000000E+00   0.000000000000000E+00   0.000000000000000E+00
   9.996777361400000E-01   3.810185069300000E+00   3.241896367300000E-01   9.979242620800000E-01   4.567617561300000E-01   0.000000000000000E+00   0.000000000000000E+00   0.000000000000000E+00   0.000000000000000E+00
   9.996906812400000E-01   3.868578129100000E+00   3.245789932000000E-01   9.865668193400000E-01   4.176207331400000E-01   0.000000000000000E+00   0.000000000000000E+00   0.000000000000000E+00   0.000000000000000E+00
   9.997036263300000E-01   3.936742408100000E+00   3.250394869300000E-01   9.578370291900000E-01   4.132007881200000E-01   0.000000000000000E+00   0.000000000000000E+00   0.000000000000000E+00   0.000000000000000E+00
   9.997165714200000E-01   4.014322352700000E+00   3.255739875800000E-01   9.501435235700000E-01   3.557128294100000E-01   0.000000000000000E+00   0.000000000000000E+00   0.000000000000000E+00   0.000000000000000E+00
   9.997280246600000E-01   4.091512130100000E+00   3.261140799600000E-01   9.144812354200000E-01   3.685163573600000E-01   0.000000000000000E+00   0.000000000000000E+00   0.000000000000000E+00   0.000000000000000E+00
   9.997394779100000E-01   4.175665312100000E+00   3.267158168400000E-01   9.006201410500000E-01   3.305080813500000E-01   0.000000000000000E+00   0.000000000000000E+00   0.000000000000000E+00   0.000000000000000E+00
   9.997509311500000E-01   4.266966355900000E+00   3.273817566300000E-01   8.714365215400000E-01   3.265482785700000E-01   0.000000000000000E+00   0.000000000000000E+00   0.000000000000000E+00   0.000000000000000E+00
   9.997623843900000E-01   4.364197092600000E+00   3.281090213300000E-01   8.643549714400000E-01   2.750247141400000E-01   0.000000000000000E+00   0.000000000000000E+00   0.000000000000000E+00   0.000000000000000E+00
   9.997786548599999E-01   4.512361684800000E+00   3.292491982500000E-01   8.197812697400000E-01   2.796159790000000E-01   0.000000000000000E+00   0.000000000000000E+00   0.000000000000000E+00   0.000000000000000E+00
   9.997949253200000E-01   4.669136751100000E+00   3.305051044000000E-01   7.984105529300000E-01   2.392569414600000E-01   0.000000000000000E+00   0.000000000000000E+00   0.000000000000000E+00   0.000000000000000E+00
   9.998111957800000E-01   4.832832003700000E+00   3.318712849600000E-01   7.637159266600000E-01   2.327731288800000E-01   0.000000000000000E+00   0.000000000000000E+00   0.000000000000000E+00   0.000000000000000E+00
   9.998274662400000E-01   5.000573721400000E+00   3.333369143500000E-01   7.526333799500000E-01   1.831221760600000E-01   0.000000000000000E+00   0.000000000000000E+00   0.000000000000000E+00   0.000000000000000E+00
   9.998382229700000E-01   5.113245143000000E+00   3.343581626600000E-01   7.225828696200000E-01   2.010643555200000E-01   0.000000000000000E+00   0.000000000000000E+00   0.000000000000000E+00   0.000000000000000E+00
   9.998489797000000E-01   5.226025739600000E+00   3.354157468900000E-01   7.149268319600000E-01   1.752498001800000E-01   0.000000000000000E+00   0.000000000000000E+00   0.000000000000000E+00   0.000000000000000E+00
   9.998597364400000E-01   5.339021577300000E+00   3.365093540200000E-01   6.935678392600000E-01   1.799721240100000E-01   0.000000000000000E+00   0.000000000000000E+00   0.000000000000000E+00   0.000000000000000E+00
   9.998704931700000E-01   5.451230591200000E+00   3.376347143500000E-01   6.939987791300000E-01   1.428193049400000E-01   0.000000000000000E+00   0.000000000000000E+00   0.000000000000000E+00   0.000000000000000E+00
   9.998780378900000E-01   5.529823875600000E+00   3.384437646900000E-01   6.713873253200000E-01   1.645775895900000E-01   0.000000000000000E+00   0.000000000000000E+00   0.000000000000000E+00   0.000000000000000E+00
   9.998855826100000E-01   5.607557256400000E+00   3.392660692600000E-01   6.697304316700000E-01   1.450710129500000E-01   0.000000000000000E+00   0.000000000000000E+00   0.000000000000000E+00   0.000000000000000E+00
   9.998931273300000E-01   5.684875399700000E+00   3.401028624300000E-01   6.547014233600000E-01   1.533092379400000E-01   0.000000000000000E+00   0.000000000000000E+00   0.000000000000000E+00   0.000000000000000E+00
   9.999006720500000E-01   5.761155398800000E+00   3.409516834600000E-01   6.596824837300000E-01   1.226899233400000E-01   0.000000000000000E+00   0.000000000000000E+00   0.000000000000000E+00   0.000000000000000E+00
   9.999071877000000E-01   5.826757761500000E+00   3.416960880000000E-01   6.403444863700000E-01   1.439291873800000E-01   0.000000000000000E+00   0.000000000000000E+00   0.000000000000000E+00   0.000000000000000E+00
   9.999137033500000E-01   5.891400651000000E+00   3.424483702900000E-01   6.404067890100000E-01   1.273987334200000E-01   0.000000000000000E+00   0.000000000000000E+00   0.000000000000000E+00   0.000000000000000E+00
   9.999202190100001E-01   5.955550061400000E+00   3.432099323300000E-01   6.279846661300000E-01   1.359975624000000E-01   0.000000000000000E+00   0.000000000000000E+00   0.000000000000000E+00   0.000000000000000E+00
   9.999267346600000E-01   6.018680081500000E+00   3.439787630500000E-01   6.339117127100000E-01   1.092751547800000E-01   0.000000000000000E+00   0.000000000000000E+00   0.000000000000000E+00   0.000000000000000E+00
   9.999318872300000E-01   6.068393962700000E+00   3.445935135800000E-01   6.176408846800000E-01   1.295030237900000E-01   0.000000000000000E+00   0.000000000000000E+00   0.000000000000000E+00   0.000000000000000E+00
   9.999370397900000E-01   6.117334734800000E+00   3.452121085000000E-01   6.190431598000000E-01   1.155926680800000E-01   0.000000000000000E+00   0.000000000000000E+00   0.000000000000000E+00   0.000000000000000E+00
   9.999421923500000E-01   6.165951319200000E+00   3.458359884200000E-01   6.090429471300000E-01   1.241004457000000E-01   0.000000000000000E+00   0.000000000000000E+00   0.000000000000000E+00   0.000000000000000E+00
   9.999473449100000E-01   6.213791889400000E+00   3.464635074800000E-01   6.154722454300000E-01   1.011623608300000E-01   0.000000000000000E+00   0.000000000000000E+00   0.000000000000000E+00   0.000000000000000E+00
   9.999513189400000E-01   6.250623614400000E+00   3.469514992800000E-01   6.018230632600000E-01   1.196163523200000E-01   0.000000000000000E+00   0.000000000000000E+00   0.000000000000000E+00   0.000000000000000E+00
   9.999552929700000E-01   6.286888907700000E+00   3.474411900000000E-01   6.038646056400000E-01   1.079758292600000E-01   0.000000000000000E+00   0.000000000000000E+00   0.000000000000000E+00   0.000000000000000E+00
   9.999592670000000E-01   6.322992508700000E+00   3.479339198000000E-01   5.958392877000001E-01   1.158214771600000E-01   0.000000000000000E+00   0.000000000000000E+00   0.000000000000000E+00   0.000000000000000E+00
   9.999632410300000E-01   6.358546413900000E+00   3.484283188900000E-01   6.020591058200000E-01   9.654565971600000E-02   0.000000000000000E+00   0.000000000000000E+00   0.000000000000000E+00   0.000000000000000E+00
   9.999662330100000E-01   6.385349668300000E+00   3.488029745100000E-01   5.908110377100000E-01   1.126382339000000E-01   0.000000000000000E+00   0.000000000000000E+00   0.000000000000000E+00   0.000000000000000E+00
   9.999692250000000E-01   6.411753468200000E+00   3.491782312100000E-01   5.929927121600000E-01   1.031262838500000E-01   0.000000000000000E+00   0.000000000000000E+00   0.000000000000000E+00   0.000000000000000E+00
   9.999722169800001E-01   6.438104341600000E+00   3.495552538600000E-01   5.866737122400000E-01   1.098986894400000E-01   0.000000000000000E+00   0.000000000000000E+00   0.000000000000000E+00   0.000000000000000E+00
   9.999752089700000E-01   6.464080033300000E+00   3.499329242900000E-01   5.921479052600001E-01   9.431798204700000E-02   0.000000000000000E+00   0.000000000000000E+00   0.000000000000000E+00   0.000000000000000E+00
   9.999774010100000E-01   6.483195232400000E+00   3.502111195500000E-01   5.832110140500000E-01   1.075857788600000E-01   0.000000000000000E+00   0.000000000000000E+00   0.000000000000000E+00   0.000000000000000E+00
   9.999795930599999E-01   6.502035657400000E+00   3.504893943400000E-01   5.851810542700000E-01   1.001634636300000E-01   0.000000000000000E+00   0.000000000000000E+00   0.000000000000000E+00   0.000000000000000E+00
   9.999817851000000E-01   6.520880268400000E+00   3.507686922800000E-01   5.804154063500000E-01   1.055728512500000E-01   0.000000000000000E+00   0.000000000000000E+00   0.000000000000000E+00   0.000000000000000E+00
   9.999839771500000E-01   6.539475277400000E+00   3.510481363000000E-01   5.848063746000000E-01   9.376569314600000E-02   0.000000000000000E+00   0.000000000000000E+00   0.000000000000000E+00   0.000000000000000E+00
   9.999855063300001E-01   6.552534696300000E+00   3.512439546800000E-01   5.782473227700000E-01   1.039191291500000E-01   0.000000000000000E+00   0.000000000000000E+00   0.000000000000000E+00   0.000000000000000E+00
   9.999870355100000E-01   6.565403492700000E+00   3.514395827100000E-01   5.800093111600000E-01   9.865746959600000E-02   0.000000000000000E+00   0.000000000000000E+00   0.000000000000000E+00   0.000000000000000E+00
   9.999885646900000E-01   6.578271541500000E+00   3.516356313700000E-01   5.772694923900000E-01   1.027159443400000E-01   0.000000000000000E+00   0.000000000000000E+00   0.000000000000000E+00   0.000000000000000E+00
   9.999900938700000E-01   6.590916056500000E+00   3.518312463700000E-01   5.817962486400000E-01   9.517012733200000E-02   0.000000000000000E+00   0.000000000000000E+00   0.000000000000000E+00   0.000000000000000E+00
   9.999911016600000E-01   6.599235199700000E+00   3.519601958900000E-01   5.795030814300000E-01   1.027042248100000E-01   0.000000000000000E+00   0.000000000000000E+00   0.000000000000000E+00   0.000000000000000E+00
   9.999921094400001E-01   6.607307801600000E+00   3.520882277100000E-01   5.843980781400000E-01   1.006869841000000E-01   0.000000000000000E+00   0.000000000000000E+00   0.000000000000000E+00   0.000000000000000E+00
   9.999931172199999E-01   6.615143964000000E+00   3.522151307000000E-01   5.897305088400000E-01   1.054597256700000E-01   0.000000000000000E+00   0.000000000000000E+00   0.000000000000000E+00   0.000000000000000E+00
   9.999941250000000E-01   6.622394566800000E+00   3.523392323000000E-01   6.053865455500000E-01   1.056814232900000E-01   0.000000000000000E+00   0.000000000000000E+00   0.000000000000000E+00   0.000000000000000E+00
   9.999947327399999E-01   6.626380949400000E+00   3.524120099900000E-01   6.171700083800000E-01   1.143666686500000E-01   0.000000000000000E+00   0.000000000000000E+00   0.000000000000000E+00   0.000000000000000E+00
   9.999953404700000E-01   6.629782951300000E+00   3.524818418400000E-01   6.390219055300000E-01   1.204188194800000E-01   0.000000000000000E+00   0.000000000000000E+00   0.000000000000000E+00   0.000000000000000E+00
   9.999959482000000E-01   6.632353746600000E+00   3.525473301200000E-01   6.713338416600000E-01   1.337485942800000E-01   0.000000000000000E+00   0.000000000000000E+00   0.000000000000000E+00   0.000000000000000E+00
   9.999965559300000E-01   6.633477423400000E+00   3.526054128300000E-01   7.256578725300000E-01   1.529544588300000E-01   0.000000000000000E+00   0.000000000000000E+00   0.000000000000000E+00   0.000000000000000E+00
   9.999968674400000E-01   6.633204559300000E+00   3.526308326100000E-01   7.652010403400000E-01   1.712171499600000E-01   0.000000000000000E+00   0.000000000000000E+00   0.000000000000000E+00   0.000000000000000E+00
   9.999971789500000E-01   6.632029967600000E+00   3.526517447800000E-01   8.193353945800000E-01   1.944908335000000E-01   0.000000000000000E+00   0.000000000000000E+00   0.000000000000000E+00   0.000000000000000E+00
   9.999974904600000E-01   6.629578409200000E+00   3.526663287900000E-01   8.934150844900000E-01   2.297025824800000E-01   0.000000000000000E+00   0.000000000000000E+00   0.000000000000000E+00   0.000000000000000E+00
   9.999978019700000E-01   6.625166452000000E+00   3.526713976800000E-01   9.997840741600000E-01   2.838421743900000E-01   0.000000000000000E+00   0.000000000000000E+00   0.000000000000000E+00   0.000000000000000E+00
   9.999979769300000E-01   6.621425526900000E+00   3.526682123300000E-01   1.080454573400000E+00   3.292930485800000E-01   0.000000000000000E+00   0.000000000000000E+00   0.000000000000000E+00   0.000000000000000E+00
   9.999981518800000E-01   6.616368859300000E+00   3.526588551300000E-01   1.183714973600000E+00   3.911804525100000E-01   0.000000000000000E+00   0.000000000000000E+00   0.000000000000000E+00   0.000000000000000E+00
   9.999983268400000E-01   6.609470011400000E+00   3.526409924600000E-01   1.318800094200000E+00   4.798023922600000E-01   0.000000000000000E+00   0.000000000000000E+00   0.000000000000000E+00   0.000000000000000E+00
   9.999985017900000E-01   6.599865078100000E+00   3.526108631200000E-01   1.501390629900000E+00   6.122532850000000E-01   0.000000000000000E+00   0.000000000000000E+00   0.000000000000000E+00   0.000000000000000E+00
   9.999986084300000E-01   6.592110783700000E+00   3.525840215100000E-01   1.646072738500000E+00   7.279881481600000E-01   0.000000000000000E+00   0.000000000000000E+00   0.000000000000000E+00   0.000000000000000E+00
   9.999987150700000E-01   6.582332256300000E+00   3.525482793600000E-01   1.826511968600000E+00   8.845428310900000E-01   0.000000000000000E+00   0.000000000000000E+00   0.000000000000000E+00   0.000000000000000E+00
   9.999988217000000E-01   6.569767391300000E+00   3.525004491400000E-01   2.055821568900000E+00   1.103793458200000E+00   0.000000000000000E+00   0.000000000000000E+00   0.000000000000000E+00   0.000000000000000E+00
   9.999989283400000E-01   6.553226520200000E+00   3.524356138800000E-01   2.354436743000000E+00   1.421814440300000E+00   0.000000000000000E+00   0.000000000000000E+00   0.000000000000000E+00   0.000000000000000E+00
   9.999989991400000E-01   6.539171283200000E+00   3.523795840900000E-01   2.605358284600000E+00   1.717683577500000E+00   0.000000000000000E+00   0.000000000000000E+00   0.000000000000000E+00   0.000000000000000E+00
   9.999990699500000E-01   6.521735720900000E+00   3.523094299600000E-01   2.913342716600000E+00   2.114800216700000E+00   0.000000000000000E+00   0.000000000000000E+00   0.000000000000000E+00   0.000000000000000E+00
   9.999991407500000E-01   6.499713354600000E+00   3.522203026100000E-01   3.296789149600000E+00   2.662428631400000E+00   0.000000000000000E+00   0.000000000000000E+00   0.000000000000000E+00   0.000000000000000E+00
   9.999992115500000E-01   6.471295334500000E+00   3.521049911800000E-01   3.782592511500000E+00   3.438554185600000E+00   0.000000000000000E+00   0.000000000000000E+00   0.000000000000000E+00   0.000000000000000E+00
   9.999992654099999E-01   6.443766836600000E+00   3.519932930500000E-01   4.243165555600000E+00   4.259614473500000E+00   0.000000000000000E+00   0.000000000000000E+00   0.000000000000000E+00   0.000000000000000E+00
   9.999993192700000E-01   6.409236193300000E+00   3.518534200500000E-01   4.807537646400000E+00   5.375214434100000E+00   0.000000000000000E+00   0.000000000000000E+00   0.000000000000000E+00   0.000000000000000E+00
   9.999993731300000E-01   6.365156435800000E+00   3.516754179400000E-01   5.506144518700000E+00   6.926852343500000E+00   0.000000000000000E+00   0.000000000000000E+00   0.000000000000000E+00   0.000000000000000E+00
   9.999994269900000E-01   6.307777788300000E+00   3.514447178900000E-01   6.381102123100000E+00   9.133697094200000E+00   0.000000000000000E+00   0.000000000000000E+00   0.000000000000000E+00   0.000000000000000E+00
   9.999994696300000E-01   6.249386395700000E+00   3.512110373100000E-01   7.233421275200000E+00   1.157076017500000E+01   0.000000000000000E+00   0.000000000000000E+00   0.000000000000000E+00   0.000000000000000E+00
   9.999995122699999E-01   6.175399346100000E+00   3.509163295600000E-01   8.263438906499999E+00   1.489496808600000E+01   0.000000000000000E+00   0.000000000000000E+00   0.000000000000000E+00   0.000000000000000E+00
   9.999995549200000E-01   6.080451696100000E+00   3.505400403500000E-01   9.509242836600000E+00   1.949616696500000E+01   0.000000000000000E+00   0.000000000000000E+00   0.000000000000000E+00   0.000000000000000E+00
   9.999995975600000E-01   5.957169828300000E+00   3.500540350700000E-01   1.101397915200000E+01   2.593537176400000E+01   0.000000000000000E+00   0.000000000000000E+00   0.000000000000000E+00   0.000000000000000E+00
   9.999996259200000E-01   5.854767673600000E+00   3.496520908300000E-01   1.217690817100000E+01   3.161894743800000E+01   0.000000000000000E+00   0.000000000000000E+00   0.000000000000000E+00   0.000000000000000E+00
   9.999996542900000E-01   5.731949998100000E+00   3.491716821300000E-01   1.347901292700000E+01   3.876975551700000E+01   0.000000000000000E+00   0.000000000000000E+00   0.000000000000000E+00   0.000000000000000E+00
   9.999996826600001E-01   5.584600294100000E+00   3.485972413500000E-01   1.492072709200000E+01   4.775276454000000E+01   0.000000000000000E+00   0.000000000000000E+00   0.000000000000000E+00   0.000000000000000E+00
   9.999997110200000E-01   5.408225154600000E+00   3.479118184200000E-01   1.649150935000000E+01   5.898040354900000E+01   0.000000000000000E+00   0.000000000000000E+00   0.000000000000000E+00   0.000000000000000E+00
   9.999997377399999E-01   5.211527021900000E+00   3.471495809600000E-01   1.806491195700000E+01   7.199158578500000E+01   0.000000000000000E+00   0.000000000000000E+00   0.000000000000000E+00   0.000000000000000E+00
   9.999997644500001E-01   4.981684986800000E+00   3.462611149100000E-01   1.968841267600000E+01   8.770543463200001E+01   0.000000000000000E+00   0.000000000000000E+00   0.000000000000000E+00   0.000000000000000E+00
   9.999997911600000E-01   4.716534989000000E+00   3.452383704700000E-01   2.130140325300000E+01   1.063301313600000E+02   0.000000000000000E+00   0.000000000000000E+00   0.000000000000000E+00   0.000000000000000E+00
   9.999998178700000E-01   4.415968045400000E+00   3.440810677900000E-01   2.282077353100000E+01   1.278635361700000E+02   0.000000000000000E+00   0.000000000000000E+00   0.000000000000000E+00   0.000000000000000E+00
   9.999998406400000E-01   4.133720017500000E+00   3.429956811700000E-01   2.396937848800000E+01   1.482851346000000E+02   0.000000000000000E+00   0.000000000000000E+00   0.000000000000000E+00   0.000000000000000E+00
   9.999998634100000E-01   3.831395611600000E+00   3.418340313500000E-01   2.491462928400000E+01   1.701547713700000E+02   0.000000000000000E+00   0.000000000000000E+00   0.000000000000000E+00   0.000000000000000E+00
   9.999998861800000E-01   3.514598755600000E+00   3.406173091000000E-01   2.559822955500000E+01   1.928094084700000E+02   0.000000000000000E+00   0.000000000000000E+00   0.000000000000000E+00   0.000000000000000E+00
   9.999999089500000E-01   3.190496345800000E+00   3.393725846400000E-01   2.597473949100000E+01   2.153952024800000E+02   0.000000000000000E+00   0.000000000000000E+00   0.000000000000000E+00   0.000000000000000E+00
   9.999999317100000E-01   2.867310524700000E+00   3.381309123300000E-01   2.601973446900000E+01   2.369296032400000E+02   0.000000000000000E+00   0.000000000000000E+00   0.000000000000000E+00   0.000000000000000E+00
   9.999999544800000E-01   2.553085903000000E+00   3.369226745700000E-01   2.573446872200000E+01   2.564430519700000E+02   0.000000000000000E+00   0.000000000000000E+00   0.000000000000000E+00   0.000000000000000E+00
   9.999999772400000E-01   2.255057677500000E+00   3.357752359200000E-01   2.514363077800000E+01   2.730856690000000E+02   0.000000000000000E+00   0.000000000000000E+00   0.000000000000000E+00   0.000000000000000E+00
   1.000000000000000E+00   1.978880643800000E+00   3.347100381700000E-01   2.429261944500000E+01   2.862220831300000E+02   0.000000000000000E+00   0.000000000000000E+00   0.000000000000000E+00   0.000000000000000E+00
