   0.000000000000000E+00   4.921067603000000E-01   9.999999955900000E-01   1.683756915900000E+00   1.822444931200000E+00   0.000000000000000E+00   0.000000000000000E+00   0.000000000000000E+00   0.000000000000000E+00
   4.527379041700000E-04   6.607443039499999E-01   8.544306763700000E-01   1.577524709300000E+00   1.611959297300000E+00   0.000000000000000E+00   0.000000000000000E+00   0.000000000000000E+00   0.000000000000000E+00
   9.054758083400000E-04   8.561044225000000E-01   7.388899248400000E-01   1.516100065200000E+00   1.381486015800000E+00   0.000000000000000E+00   0.000000000000000E+00   0.000000000000000E+00   0.000000000000000E+00
   1.358213712500000E-03   1.079775581100000E+00   6.466322213500000E-01   1.444119460800000E+00   1.247765185500000E+00   0.000000000000000E+00   0.000000000000000E+00   0.000000000000000E+00   0.000000000000000E+00
   1.810951616700000E-03   1.325683352100000E+00   5.728658881299999E-01   1.409983894000000E+00   1.063800372500000E+00   0.000000000000000E+00   0.000000000000000E+00   0.000000000000000E+00   0.000000000000000E+00
   2.196238401600000E-03   1.550550597300000E+00   5.220385198000000E-01   1.348237251400000E+00   1.023259006400000E+00   0.000000000000000E+00   0.000000000000000E+00   0.000000000000000E+00   0.000000000000000E+00
   2.581525186400000E-03   1.781468944200000E+00   4.803580615900000E-01   1.320743502600000E+00   9.162709324500000E-01   0.000000000000000E+00   0.000000000000000E+00   0.000000000000000E+00   0.000000000000000E+00
   2.966811971300000E-03   2.014316594400000E+00   4.464210339700000E-01   1.275855350400000E+00   8.750457242000000E-01   0.000000000000000E+00   0.000000000000000E+00   0.000000000000000E+00   0.000000000000000E+00
   3.352098756200000E-03   2.239840754300000E+00   4.190113985300000E-01   1.265243858700000E+00   7.645771235700000E-01   0.000000000000000E+00   0.000000000000000E+00   0.000000000000000E+00   0.000000000000000E+00
   3.877528068600000E-03   2.528465505000000E+00   3.903088246000000E-01   1.208292142000000E+00   7.521465009200000E-01   0.000000000000000E+00   0.000000000000000E+00   0.000000000000000E+00   0.000000000000000E+00
   4.402957380900000E-03   2.778841248500000E+00   3.695330582200000E-01   1.188941707600000E+00   6.752527790700000E-01   0.000000000000000E+00   0.000000000000000E+00   0.000000000000000E+00   0.000000000000000E+00
   4.928386693300000E-03   2.986377868600000E+00   3.547778454800000E-01   1.154852333700000E+00   6.644525104800000E-01   0.000000000000000E+00   0.000000000000000E+00   0.000000000000000E+00   0.000000000000000E+00
   5.453816005700000E-03   3.147203156700000E+00   3.444553290700000E-01   1.157711890200000E+00   5.851173277000000E-01   0.000000000000000E+00   0.000000000000000E+00   0.000000000000000E+00   0.000000000000000E+00
   6.239934598200000E-03   3.317854468200000E+00   3.347029370800000E-01   1.118995612100000E+00   6.098591121000000E-01   0.000000000000000E+00   0.000000000000000E+00   0.000000000000000E+00   0.000000000000000E+00
   7.026053190700000E-03   3.420007848400000E+00   3.292330912900000E-01   1.118996413900000E+00   5.675921134300000E-01   0.000000000000000E+00   0.000000000000000E+00   0.000000000000000E+00   0.000000000000000E+00
   7.812171783200000E-03   3.479968921600000E+00   3.262072653400000E-01   1.102195861300000E+00   5.853625318400000E-01   0.000000000000000E+00   0.000000000000000E+00   0.000000000000000E+00   0.000000000000000E+00
   8.598290375700000E-03   3.513088797400000E+00   3.245383241800000E-01   1.119501699700000E+00   5.288312256400000E-01   0.000000000000000E+00   0.000000000000000E+00   0.000000000000000E+00   0.000000000000000E+00
   1.090743008600000E-02   3.548512407000000E+00   3.228403407400000E-01   1.095235189400000E+00   5.754049148800000E-01   0.000000000000000E+00   0.000000000000000E+00   0.000000000000000E+00   0.000000000000000E+00
   1.321656979700000E-02   3.552681431700000E+00   3.226309711200000E-01   1.105470811300000E+00   5.481928939200000E-01   0.000000000000000E+00   0.000000000000000E+00   0.000000000000000E+00   0.000000000000000E+00
   1.552570950700000E-02   3.554246798900000E+00   3.225640503600000E-01   1.094656667300000E+00   5.745792894100000E-01   0.000000000000000E+00   0.000000000000000E+00   0.000000000000000E+00   0.000000000000000E+00
   1.783484921700000E-02   3.554003088200000E+00   3.225607587100000E-01   1.115365105300000E+00   5.229654181500000E-01   0.000000000000000E+00   0.000000000000000E+00   0.000000000000000E+00   0.000000000000000E+00
   2.618220140400000E-02   3.554616817300000E+00   3.225461733700000E-01   1.094619762500000E+00   5.745250286900000E-01   0.000000000000000E+00   0.000000000000000E+00   0.000000000000000E+00   0.000000000000000E+00
   3.452955359100000E-02   3.554376942400000E+00   3.225500273500000E-01   1.105298773400000E+00   5.479539335100000E-01   0.000000000000000E+00   0.000000000000000E+00   0.000000000000000E+00   0.000000000000000E+00
   4.287690577800000E-02   3.554591181100000E+00   3.225474031400000E-01   1.094622554200000E+00   5.745281021500001E-01   0.000000000000000E+00   0.000000000000000E+00   0.000000000000000E+00   0.000000000000000E+00
   5.122425796500000E-02   3.554220895100000E+00   3.225503102700000E-01   1.115341819100000E+00   5.229380537500000E-01   0.000000000000000E+00   0.000000000000000E+00   0.000000000000000E+00   0.000000000000000E+00
   7.172113180799999E-02   3.554585108900000E+00   3.225476944200000E-01   1.094623289900000E+00   5.745286143900000E-01   0.000000000000000E+00   0.000000000000000E+00   0.000000000000000E+00   0.000000000000000E+00
   9.221800565100000E-02   3.554405136600000E+00   3.225486748600000E-01   1.105295581800000E+00   5.479509051100000E-01   0.000000000000000E+00   0.000000000000000E+00   0.000000000000000E+00   0.000000000000000E+00
   1.127148794900000E-01   3.554580920800000E+00   3.225478953300000E-01   1.094623796300000E+00   5.745289708200000E-01   0.000000000000000E+00   0.000000000000000E+00   0.000000000000000E+00   0.000000000000000E+00
   1.332117533400000E-01   3.554248903800000E+00   3.225489666700000E-01   1.115338457100000E+00   5.229355999900001E-01   0.000000000000000E+00   0.000000000000000E+00   0.000000000000000E+00   0.000000000000000E+00
   1.610884564500000E-01   3.554578718900000E+00   3.225480009500000E-01   1.094624080200000E+00   5.745291067200000E-01   0.000000000000000E+00   0.000000000000000E+00   0.000000000000000E+00   0.000000000000000E+00
   1.889651595700000E-01   3.554411886800000E+00   3.225483510500000E-01   1.105294726200000E+00   5.479504450600000E-01   0.000000000000000E+00   0.000000000000000E+00   0.000000000000000E+00   0.000000000000000E+00
   2.168418626900000E-01   3.554576908100000E+00   3.225480878200000E-01   1.094624324600000E+00   5.745291871700000E-01   0.000000000000000E+00   0.000000000000000E+00   0.000000000000000E+00   0.000000000000000E+00
   2.447185658000000E-01   3.554260770500000E+00   3.225483974100000E-01   1.115336865300000E+00   5.229350454200000E-01   0.000000000000000E+00   0.000000000000000E+00   0.000000000000000E+00   0.000000000000000E+00
   2.657569865700000E-01   3.554575446100000E+00   3.225481579500000E-01   1.094624533000000E+00   5.745292197800000E-01   0.000000000000000E+00   0.000000000000000E+00   0.000000000000000E+00   0.000000000000000E+00
   2.867954073300000E-01   3.554415856300000E+00   3.225481606300000E-01   1.105294153700000E+00   5.479503756600000E-01   0.000000000000000E+00   0.000000000000000E+00   0.000000000000000E+00   0.000000000000000E+00
   3.078338280900000E-01   3.554574059200000E+00   3.225482244900000E-01   1.094624754700000E+00   5.745291814100000E-01   0.000000000000000E+00   0.000000000000000E+00   0.000000000000000E+00   0.000000000000000E+00
   3.288722488500000E-01   3.554270025000000E+00   3.225479534600000E-01   1.115335408600000E+00   5.229352369000000E-01   0.000000000000000E+00   0.000000000000000E+00   0.000000000000000E+00   0.000000000000000E+00
   3.446601306600000E-01   3.554573006400000E+00   3.225482749900000E-01   1.094624941900000E+00   5.745290972300000E-01   0.000000000000000E+00   0.000000000000000E+00   0.000000000000000E+00   0.000000000000000E+00
   3.604480124800000E-01   3.554418694800000E+00   3.225480244600000E-01   1.105293638500000E+00   5.479506325200000E-01   0.000000000000000E+00   0.000000000000000E+00   0.000000000000000E+00   0.000000000000000E+00
   3.762358943000000E-01   3.554572119600000E+00   3.225483175300000E-01   1.094625140300000E+00   5.745289084300000E-01   0.000000000000000E+00   0.000000000000000E+00   0.000000000000000E+00   0.000000000000000E+00
   3.920237761100000E-01   3.554276141200000E+00   3.225476600500000E-01   1.115334094500000E+00   5.229363821300000E-01   0.000000000000000E+00   0.000000000000000E+00   0.000000000000000E+00   0.000000000000000E+00
   4.047187374700000E-01   3.554571532600000E+00   3.225483456900000E-01   1.094625303300000E+00   5.745286913700000E-01   0.000000000000000E+00   0.000000000000000E+00   0.000000000000000E+00   0.000000000000000E+00
   4.174136988200000E-01   3.554420310000000E+00   3.225479469700000E-01   1.105293182300000E+00   5.479512514200000E-01   0.000000000000000E+00   0.000000000000000E+00   0.000000000000000E+00   0.000000000000000E+00
   4.301086601700000E-01   3.554571102100000E+00   3.225483663500000E-01   1.094625482200000E+00   5.745283603100000E-01   0.000000000000000E+00   0.000000000000000E+00   0.000000000000000E+00   0.000000000000000E+00
   4.428036215200000E-01   3.554279238300000E+00   3.225475114600000E-01   1.115332915300000E+00   5.229384520000000E-01   0.000000000000000E+00   0.000000000000000E+00   0.000000000000000E+00   0.000000000000000E+00
   4.601709660600000E-01   3.554570917100000E+00   3.225483752200000E-01   1.094625600500000E+00   5.745280979000000E-01   0.000000000000000E+00   0.000000000000000E+00   0.000000000000000E+00   0.000000000000000E+00
   4.775383105900000E-01   3.554420920500000E+00   3.225479176800000E-01   1.105292839400000E+00   5.479519797300000E-01   0.000000000000000E+00   0.000000000000000E+00   0.000000000000000E+00   0.000000000000000E+00
   4.949056551200000E-01   3.554570781000000E+00   3.225483817600000E-01   1.094625713200000E+00   5.745278303300000E-01   0.000000000000000E+00   0.000000000000000E+00   0.000000000000000E+00   0.000000000000000E+00
   5.122729996600000E-01   3.554280164800000E+00   3.225474670000000E-01   1.115332188200000E+00   5.229401565100000E-01   0.000000000000000E+00   0.000000000000000E+00   0.000000000000000E+00   0.000000000000000E+00
   5.258830484900000E-01   3.554570686200000E+00   3.225483863000000E-01   1.094625818500000E+00   5.745275662200000E-01   0.000000000000000E+00   0.000000000000000E+00   0.000000000000000E+00   0.000000000000000E+00
   5.394930973299999E-01   3.554421178800000E+00   3.225479052800000E-01   1.105292543000000E+00   5.479527267700000E-01   0.000000000000000E+00   0.000000000000000E+00   0.000000000000000E+00   0.000000000000000E+00
   5.531031461700000E-01   3.554570613300000E+00   3.225483898000000E-01   1.094625952200000E+00   5.745272103500000E-01   0.000000000000000E+00   0.000000000000000E+00   0.000000000000000E+00   0.000000000000000E+00
   5.667131949999999E-01   3.554280681100000E+00   3.225474422200000E-01   1.115331327900000E+00   5.229424269300000E-01   0.000000000000000E+00   0.000000000000000E+00   0.000000000000000E+00   0.000000000000000E+00
   5.779986243000000E-01   3.554570568700000E+00   3.225483919500000E-01   1.094626075100000E+00   5.745268733100000E-01   0.000000000000000E+00   0.000000000000000E+00   0.000000000000000E+00   0.000000000000000E+00
   5.892840536000000E-01   3.554421303500000E+00   3.225478992900000E-01   1.105292196200000E+00   5.479536785900000E-01   0.000000000000000E+00   0.000000000000000E+00   0.000000000000000E+00   0.000000000000000E+00
   6.005694828900000E-01   3.554570538700000E+00   3.225483933900000E-01   1.094626230400000E+00   5.745264358600000E-01   0.000000000000000E+00   0.000000000000000E+00   0.000000000000000E+00   0.000000000000000E+00
   6.118549121900000E-01   3.554280904600000E+00   3.225474314700000E-01   1.115330330800000E+00   5.229452221799999E-01   0.000000000000000E+00   0.000000000000000E+00   0.000000000000000E+00   0.000000000000000E+00
   6.217582889700000E-01   3.554570522400000E+00   3.225483941800000E-01   1.094626370500000E+00   5.745260364900000E-01   0.000000000000000E+00   0.000000000000000E+00   0.000000000000000E+00   0.000000000000000E+00
   6.316616657500000E-01   3.554421350700000E+00   3.225478970200000E-01   1.105291800500000E+00   5.479548060400000E-01   0.000000000000000E+00   0.000000000000000E+00   0.000000000000000E+00   0.000000000000000E+00
   6.415650425300000E-01   3.554570512600000E+00   3.225483946500000E-01   1.094626545000000E+00   5.745255344900000E-01   0.000000000000000E+00   0.000000000000000E+00   0.000000000000000E+00   0.000000000000000E+00
   6.514684193000000E-01   3.554280981200000E+00   3.225474277600000E-01   1.115329212800000E+00   5.229484330200000E-01   0.000000000000000E+00   0.000000000000000E+00   0.000000000000000E+00   0.000000000000000E+00
   6.607705464100000E-01   3.554570507800000E+00   3.225483948800000E-01   1.094626697600000E+00   5.745250934400000E-01   0.000000000000000E+00   0.000000000000000E+00   0.000000000000000E+00   0.000000000000000E+00
   6.700726735100000E-01   3.554421365000000E+00   3.225478963100000E-01   1.105291369300000E+00   5.479560512100000E-01   0.000000000000000E+00   0.000000000000000E+00   0.000000000000000E+00   0.000000000000000E+00
   6.793748006100000E-01   3.554570505200000E+00   3.225483950200000E-01   1.094626882500000E+00   5.745245578800000E-01   0.000000000000000E+00   0.000000000000000E+00   0.000000000000000E+00   0.000000000000000E+00
   6.886769277100000E-01   3.554281002800000E+00   3.225474267000000E-01   1.115328029000000E+00   5.229518599900000E-01   0.000000000000000E+00   0.000000000000000E+00   0.000000000000000E+00   0.000000000000000E+00
   6.986040241400000E-01   3.554570504000000E+00   3.225483950800000E-01   1.094627034600000E+00   5.745241168300000E-01   0.000000000000000E+00   0.000000000000000E+00   0.000000000000000E+00   0.000000000000000E+00
   7.085311205600000E-01   3.554421368700000E+00   3.225478961200000E-01   1.105290939800000E+00   5.479572964600000E-01   0.000000000000000E+00   0.000000000000000E+00   0.000000000000000E+00   0.000000000000000E+00
   7.184582169900000E-01   3.554570503400000E+00   3.225483951100000E-01   1.094627207600000E+00   5.745236147200000E-01   0.000000000000000E+00   0.000000000000000E+00   0.000000000000000E+00   0.000000000000000E+00
   7.283853134200000E-01   3.554281007900000E+00   3.225474264200000E-01   1.115326921600000E+00   5.229550733700000E-01   0.000000000000000E+00   0.000000000000000E+00   0.000000000000000E+00   0.000000000000000E+00
   7.356170470000000E-01   3.554570503000000E+00   3.225483951400000E-01   1.094627382000000E+00   5.745231083400000E-01   0.000000000000000E+00   0.000000000000000E+00   0.000000000000000E+00   0.000000000000000E+00
   7.428487805900000E-01   3.554421369700000E+00   3.225478960600000E-01   1.105290447400000E+00   5.479587262300000E-01   0.000000000000000E+00   0.000000000000000E+00   0.000000000000000E+00   0.000000000000000E+00
   7.500805141700000E-01   3.554570502900000E+00   3.225483951500000E-01   1.094627619400000E+00   5.745224189700000E-01   0.000000000000000E+00   0.000000000000000E+00   0.000000000000000E+00   0.000000000000000E+00
   7.573122477599999E-01   3.554281009300000E+00   3.225474263000000E-01   1.115325402600000E+00   5.229594852500000E-01   0.000000000000000E+00   0.000000000000000E+00   0.000000000000000E+00   0.000000000000000E+00
   7.637243976700000E-01   3.554570502800000E+00   3.225483951600000E-01   1.094627834000000E+00   5.745217955500000E-01   0.000000000000000E+00   0.000000000000000E+00   0.000000000000000E+00   0.000000000000000E+00
   7.701365475700001E-01   3.554421369900000E+00   3.225478960300000E-01   1.105289841500000E+00   5.479604864800000E-01   0.000000000000000E+00   0.000000000000000E+00   0.000000000000000E+00   0.000000000000000E+00
   7.765486974800000E-01   3.554570502900000E+00   3.225483951700000E-01   1.094628101500000E+00   5.745210180400000E-01   0.000000000000000E+00   0.000000000000000E+00   0.000000000000000E+00   0.000000000000000E+00
   7.829608473900000E-01   3.554281009300000E+00   3.225474262400000E-01   1.115323690400000E+00   5.229644612900000E-01   0.000000000000000E+00   0.000000000000000E+00   0.000000000000000E+00   0.000000000000000E+00
   7.888923570600000E-01   3.554570502900000E+00   3.225483951700000E-01   1.094628338000000E+00   5.745203303800001E-01   0.000000000000000E+00   0.000000000000000E+00   0.000000000000000E+00   0.000000000000000E+00
   7.948238667300001E-01   3.554421369700000E+00   3.225478960200000E-01   1.105289173600000E+00   5.479624281200000E-01   0.000000000000000E+00   0.000000000000000E+00   0.000000000000000E+00   0.000000000000000E+00
   8.007553764000001E-01   3.554570503000000E+00   3.225483951800000E-01   1.094628627100000E+00   5.745194898600000E-01   0.000000000000000E+00   0.000000000000000E+00   0.000000000000000E+00   0.000000000000000E+00
   8.066868860700001E-01   3.554281008800000E+00   3.225474261900000E-01   1.115321840400000E+00   5.229698406200000E-01   0.000000000000000E+00   0.000000000000000E+00   0.000000000000000E+00   0.000000000000000E+00
   8.132665432800000E-01   3.554570503000000E+00   3.225483951900000E-01   1.094628860600000E+00   5.745188106000000E-01   0.000000000000000E+00   0.000000000000000E+00   0.000000000000000E+00   0.000000000000000E+00
   8.198462005000000E-01   3.554421369500000E+00   3.225478960000000E-01   1.105288514200000E+00   5.479643460200000E-01   0.000000000000000E+00   0.000000000000000E+00   0.000000000000000E+00   0.000000000000000E+00
   8.264258577100000E-01   3.554570503100000E+00   3.225483951900000E-01   1.094629121100000E+00   5.745180528700000E-01   0.000000000000000E+00   0.000000000000000E+00   0.000000000000000E+00   0.000000000000000E+00
   8.330055149200000E-01   3.554281008300000E+00   3.225474261500000E-01   1.115320173500000E+00   5.229746900900000E-01   0.000000000000000E+00   0.000000000000000E+00   0.000000000000000E+00   0.000000000000000E+00
   8.381949305800001E-01   3.554570503200000E+00   3.225483952000000E-01   1.094629372100000E+00   5.745173225300000E-01   0.000000000000000E+00   0.000000000000000E+00   0.000000000000000E+00   0.000000000000000E+00
   8.433843462300000E-01   3.554421369300000E+00   3.225478959800000E-01   1.105287805600000E+00   5.479664081700000E-01   0.000000000000000E+00   0.000000000000000E+00   0.000000000000000E+00   0.000000000000000E+00
   8.485737618900000E-01   3.554570503300000E+00   3.225483952100000E-01   1.094629702100000E+00   5.745163618000000E-01   0.000000000000000E+00   0.000000000000000E+00   0.000000000000000E+00   0.000000000000000E+00
   8.537631775400000E-01   3.554281007500000E+00   3.225474261000000E-01   1.115318061100000E+00   5.229808387700000E-01   0.000000000000000E+00   0.000000000000000E+00   0.000000000000000E+00   0.000000000000000E+00
   8.581521908700001E-01   3.554570503500000E+00   3.225483952200000E-01   1.094630008200000E+00   5.745154707100000E-01   0.000000000000000E+00   0.000000000000000E+00   0.000000000000000E+00   0.000000000000000E+00
   8.625412042000000E-01   3.554421368900000E+00   3.225478959600000E-01   1.105286941500000E+00   5.479689241800000E-01   0.000000000000000E+00   0.000000000000000E+00   0.000000000000000E+00   0.000000000000000E+00
   8.669302175400000E-01   3.554570503600000E+00   3.225483952300000E-01   1.094630398100000E+00   5.745143347600000E-01   0.000000000000000E+00   0.000000000000000E+00   0.000000000000000E+00   0.000000000000000E+00
   8.713192308700000E-01   3.554281006400000E+00   3.225474260400000E-01   1.115315565300000E+00   5.229881088200000E-01   0.000000000000000E+00   0.000000000000000E+00   0.000000000000000E+00   0.000000000000000E+00
   8.756531790300000E-01   3.554570503800000E+00   3.225483952300000E-01   1.094630731600000E+00   5.745133630700000E-01   0.000000000000000E+00   0.000000000000000E+00   0.000000000000000E+00   0.000000000000000E+00
   8.799871271900001E-01   3.554421368500000E+00   3.225478959400000E-01   1.105286000000000E+00   5.479716677899999E-01   0.000000000000000E+00   0.000000000000000E+00   0.000000000000000E+00   0.000000000000000E+00
   8.843210753500000E-01   3.554570504000000E+00   3.225483952400000E-01   1.094631126300000E+00   5.745122126800000E-01   0.000000000000000E+00   0.000000000000000E+00   0.000000000000000E+00   0.000000000000000E+00
   8.886550235000000E-01   3.554281005100000E+00   3.225474259700000E-01   1.115313039600000E+00   5.229954713400000E-01   0.000000000000000E+00   0.000000000000000E+00   0.000000000000000E+00   0.000000000000000E+00
   8.915570229699999E-01   3.554570504200000E+00   3.225483952600000E-01   1.094631544300000E+00   5.745109935900000E-01   0.000000000000000E+00   0.000000000000000E+00   0.000000000000000E+00   0.000000000000000E+00
   8.944590224300000E-01   3.554421367800000E+00   3.225478959000000E-01   1.105284819700000E+00   5.479751099300000E-01   0.000000000000000E+00   0.000000000000000E+00   0.000000000000000E+00   0.000000000000000E+00
   8.973610219000000E-01   3.554570504600000E+00   3.225483952700000E-01   1.094632133200000E+00   5.745092755200000E-01   0.000000000000000E+00   0.000000000000000E+00   0.000000000000000E+00   0.000000000000000E+00
   9.002630213600000E-01   3.554281002800000E+00   3.225474258700000E-01   1.115309271000000E+00   5.230064669400000E-01   0.000000000000000E+00   0.000000000000000E+00   0.000000000000000E+00   0.000000000000000E+00
   9.027184616800000E-01   3.554570504900000E+00   3.225483952900000E-01   1.094632678900000E+00   5.745076823600000E-01   0.000000000000000E+00   0.000000000000000E+00   0.000000000000000E+00   0.000000000000000E+00
   9.051739019900000E-01   3.554421366800000E+00   3.225478958600000E-01   1.105283278900000E+00   5.479796082800000E-01   0.000000000000000E+00   0.000000000000000E+00   0.000000000000000E+00   0.000000000000000E+00
   9.076293423100000E-01   3.554570505500000E+00   3.225483953000000E-01   1.094633374000000E+00   5.745056518000000E-01   0.000000000000000E+00   0.000000000000000E+00   0.000000000000000E+00   0.000000000000000E+00
   9.100847826300000E-01   3.554280999500000E+00   3.225474257500000E-01   1.115304822500000E+00   5.230194625700000E-01   0.000000000000000E+00   0.000000000000000E+00   0.000000000000000E+00   0.000000000000000E+00
   9.124944256900001E-01   3.554570505900000E+00   3.225483953200000E-01   1.094633970000000E+00   5.745039093900000E-01   0.000000000000000E+00   0.000000000000000E+00   0.000000000000000E+00   0.000000000000000E+00
   9.149040687400000E-01   3.554421365500000E+00   3.225478958200000E-01   1.105281595900000E+00   5.479845280100000E-01   0.000000000000000E+00   0.000000000000000E+00   0.000000000000000E+00   0.000000000000000E+00
   9.173137118000000E-01   3.554570506500000E+00   3.225483953400000E-01   1.094634677400000E+00   5.745018401799999E-01   0.000000000000000E+00   0.000000000000000E+00   0.000000000000000E+00   0.000000000000000E+00
   9.197233548600000E-01   3.554280995600000E+00   3.225474256200000E-01   1.115300295500000E+00   5.230327055400000E-01   0.000000000000000E+00   0.000000000000000E+00   0.000000000000000E+00   0.000000000000000E+00
   9.222599677100000E-01   3.554570507100000E+00   3.225483953600000E-01   1.094635263200000E+00   5.745001253399999E-01   0.000000000000000E+00   0.000000000000000E+00   0.000000000000000E+00   0.000000000000000E+00
   9.247965805500000E-01   3.554421363900000E+00   3.225478957700000E-01   1.105279941900000E+00   5.479893699100000E-01   0.000000000000000E+00   0.000000000000000E+00   0.000000000000000E+00   0.000000000000000E+00
   9.273331934000000E-01   3.554570507800000E+00   3.225483953800000E-01   1.094635934200000E+00   5.744981596400000E-01   0.000000000000000E+00   0.000000000000000E+00   0.000000000000000E+00   0.000000000000000E+00
   9.298698062500000E-01   3.554280991300000E+00   3.225474255000000E-01   1.115296000700000E+00   5.230452860100000E-01   0.000000000000000E+00   0.000000000000000E+00   0.000000000000000E+00   0.000000000000000E+00
   9.323042605800000E-01   3.554570508400000E+00   3.225483953900000E-01   1.094636516200000E+00   5.744964537100000E-01   0.000000000000000E+00   0.000000000000000E+00   0.000000000000000E+00   0.000000000000000E+00
   9.347387149200000E-01   3.554421362200000E+00   3.225478957200000E-01   1.105278298600000E+00   5.479941866500000E-01   0.000000000000000E+00   0.000000000000000E+00   0.000000000000000E+00   0.000000000000000E+00
   9.371731692500000E-01   3.554570509200000E+00   3.225483954100000E-01   1.094637214500000E+00   5.744944054600000E-01   0.000000000000000E+00   0.000000000000000E+00   0.000000000000000E+00   0.000000000000000E+00
   9.396076235900001E-01   3.554280986200000E+00   3.225474253700000E-01   1.115291531700000E+00   5.230583948300001E-01   0.000000000000000E+00   0.000000000000000E+00   0.000000000000000E+00   0.000000000000000E+00
   9.408162245200000E-01   3.554570510200000E+00   3.225483954400000E-01   1.094638108700000E+00   5.744917814900000E-01   0.000000000000000E+00   0.000000000000000E+00   0.000000000000000E+00   0.000000000000000E+00
   9.420248254600000E-01   3.554421359000000E+00   3.225478956500000E-01   1.105275775100000E+00   5.480015956199999E-01   0.000000000000000E+00   0.000000000000000E+00   0.000000000000000E+00   0.000000000000000E+00
   9.432334264000000E-01   3.554570512100000E+00   3.225483954800000E-01   1.094639512400000E+00   5.744876555200000E-01   0.000000000000000E+00   0.000000000000000E+00   0.000000000000000E+00   0.000000000000000E+00
   9.444420273400000E-01   3.554280974100000E+00   3.225474251000000E-01   1.115282548200000E+00   5.230848010500000E-01   0.000000000000000E+00   0.000000000000000E+00   0.000000000000000E+00   0.000000000000000E+00
   9.457354893900000E-01   3.554570513900000E+00   3.225483955200000E-01   1.094640664700000E+00   5.744842633600000E-01   0.000000000000000E+00   0.000000000000000E+00   0.000000000000000E+00   0.000000000000000E+00
   9.470289514400000E-01   3.554421354200000E+00   3.225478955500000E-01   1.105272521300000E+00   5.480111734899999E-01   0.000000000000000E+00   0.000000000000000E+00   0.000000000000000E+00   0.000000000000000E+00
   9.483224135000000E-01   3.554570516000000E+00   3.225483955600000E-01   1.094641972800000E+00   5.744804077700000E-01   0.000000000000000E+00   0.000000000000000E+00   0.000000000000000E+00   0.000000000000000E+00
   9.496158755500000E-01   3.554280960400000E+00   3.225474248400000E-01   1.115274176700000E+00   5.231094768000000E-01   0.000000000000000E+00   0.000000000000000E+00   0.000000000000000E+00   0.000000000000000E+00
   9.507313514800000E-01   3.554570518100000E+00   3.225483956000000E-01   1.094643171900000E+00   5.744768689300001E-01   0.000000000000000E+00   0.000000000000000E+00   0.000000000000000E+00   0.000000000000000E+00
   9.518468274100000E-01   3.554421348200000E+00   3.225478954400000E-01   1.105269136200000E+00   5.480211655800000E-01   0.000000000000000E+00   0.000000000000000E+00   0.000000000000000E+00   0.000000000000000E+00
   9.529623033400000E-01   3.554570521000000E+00   3.225483956500000E-01   1.094644684300000E+00   5.744723977200000E-01   0.000000000000000E+00   0.000000000000000E+00   0.000000000000000E+00   0.000000000000000E+00
   9.540777792700000E-01   3.554280941800000E+00   3.225474245200000E-01   1.115264497000000E+00   5.231380925800000E-01   0.000000000000000E+00   0.000000000000000E+00   0.000000000000000E+00   0.000000000000000E+00
   9.552991516000000E-01   3.554570523600000E+00   3.225483956900000E-01   1.094645912200000E+00   5.744687617399999E-01   0.000000000000000E+00   0.000000000000000E+00   0.000000000000000E+00   0.000000000000000E+00
   9.565205239200000E-01   3.554421341000000E+00   3.225478953200000E-01   1.105265668900000E+00   5.480314318500000E-01   0.000000000000000E+00   0.000000000000000E+00   0.000000000000000E+00   0.000000000000000E+00
   9.577418962399999E-01   3.554570526700000E+00   3.225483957400000E-01   1.094647289400000E+00   5.744646777400000E-01   0.000000000000000E+00   0.000000000000000E+00   0.000000000000000E+00   0.000000000000000E+00
   9.589632685700000E-01   3.554280922000000E+00   3.225474242100000E-01   1.115255682800000E+00   5.231642301900000E-01   0.000000000000000E+00   0.000000000000000E+00   0.000000000000000E+00   0.000000000000000E+00
   9.601008794600000E-01   3.554570529600000E+00   3.225483957800000E-01   1.094648501500000E+00   5.744610783400000E-01   0.000000000000000E+00   0.000000000000000E+00   0.000000000000000E+00   0.000000000000000E+00
   9.612384903600000E-01   3.554421332800000E+00   3.225478952000000E-01   1.105262246900000E+00   5.480415949000000E-01   0.000000000000000E+00   0.000000000000000E+00   0.000000000000000E+00   0.000000000000000E+00
   9.623761012599999E-01   3.554570533300000E+00   3.225483958300000E-01   1.094649975700000E+00   5.744566931100000E-01   0.000000000000000E+00   0.000000000000000E+00   0.000000000000000E+00   0.000000000000000E+00
   9.635137121600000E-01   3.554280897900000E+00   3.225474238700000E-01   1.115246247800000E+00   5.231922957500000E-01   0.000000000000000E+00   0.000000000000000E+00   0.000000000000000E+00   0.000000000000000E+00
   9.642870792300000E-01   3.554570537500000E+00   3.225483958900000E-01   1.094651521900000E+00   5.744520876200000E-01   0.000000000000000E+00   0.000000000000000E+00   0.000000000000000E+00   0.000000000000000E+00
   9.650604463100000E-01   3.554421320800000E+00   3.225478950400000E-01   1.105257883500000E+00   5.480545989800000E-01   0.000000000000000E+00   0.000000000000000E+00   0.000000000000000E+00   0.000000000000000E+00
   9.658338133900000E-01   3.554570543900000E+00   3.225483959700000E-01   1.094653682100000E+00   5.744456358700000E-01   0.000000000000000E+00   0.000000000000000E+00   0.000000000000000E+00   0.000000000000000E+00
   9.666071804600000E-01   3.554280856800000E+00   3.225474233400000E-01   1.115232422900000E+00   5.232335870500000E-01   0.000000000000000E+00   0.000000000000000E+00   0.000000000000000E+00   0.000000000000000E+00
   9.674467125900000E-01   3.554570549600000E+00   3.225483960400000E-01   1.094655441600000E+00   5.744403673600000E-01   0.000000000000000E+00   0.000000000000000E+00   0.000000000000000E+00   0.000000000000000E+00
   9.682862447100000E-01   3.554421304800000E+00   3.225478948400000E-01   1.105252914800000E+00   5.480694747000000E-01   0.000000000000000E+00   0.000000000000000E+00   0.000000000000000E+00   0.000000000000000E+00
   9.691257768400000E-01   3.554570556400000E+00   3.225483961200000E-01   1.094657422500000E+00   5.744344227300000E-01   0.000000000000000E+00   0.000000000000000E+00   0.000000000000000E+00   0.000000000000000E+00
   9.699653089600000E-01   3.554280813000000E+00   3.225474228300000E-01   1.115219745400000E+00   5.232716328000000E-01   0.000000000000000E+00   0.000000000000000E+00   0.000000000000000E+00   0.000000000000000E+00
   9.708165287700000E-01   3.554570562600000E+00   3.225483961900000E-01   1.094659091000000E+00   5.744294038800000E-01   0.000000000000000E+00   0.000000000000000E+00   0.000000000000000E+00   0.000000000000000E+00
   9.716677485800000E-01   3.554421287400000E+00   3.225478946500000E-01   1.105248203800000E+00   5.480836455800000E-01   0.000000000000000E+00   0.000000000000000E+00   0.000000000000000E+00   0.000000000000000E+00
   9.725189683900000E-01   3.554570570300000E+00   3.225483962800000E-01   1.094661036000000E+00   5.744235394400000E-01   0.000000000000000E+00   0.000000000000000E+00   0.000000000000000E+00   0.000000000000000E+00
   9.733701881900000E-01   3.554280763900000E+00   3.225474222900000E-01   1.115207297100000E+00   5.233091653400000E-01   0.000000000000000E+00   0.000000000000000E+00   0.000000000000000E+00   0.000000000000000E+00
   9.740553392300000E-01   3.554570578000000E+00   3.225483963600000E-01   1.094662886000000E+00   5.744179498899999E-01   0.000000000000000E+00   0.000000000000000E+00   0.000000000000000E+00   0.000000000000000E+00
   9.747404902600000E-01   3.554421265400000E+00   3.225478944100000E-01   1.105242982600000E+00   5.480994282500000E-01   0.000000000000000E+00   0.000000000000000E+00   0.000000000000000E+00   0.000000000000000E+00
   9.754256413000000E-01   3.554570588800000E+00   3.225483964700000E-01   1.094665290300000E+00   5.744106618000000E-01   0.000000000000000E+00   0.000000000000000E+00   0.000000000000000E+00   0.000000000000000E+00
   9.761107923300000E-01   3.554280694800000E+00   3.225474215800000E-01   1.115191909400000E+00   5.233558093300000E-01   0.000000000000000E+00   0.000000000000000E+00   0.000000000000000E+00   0.000000000000000E+00
   9.767483672400000E-01   3.554570598900000E+00   3.225483965700000E-01   1.094667404400000E+00   5.744042346500000E-01   0.000000000000000E+00   0.000000000000000E+00   0.000000000000000E+00   0.000000000000000E+00
   9.773859421500000E-01   3.554421236700000E+00   3.225478941300000E-01   1.105237014400000E+00   5.481175757500000E-01   0.000000000000000E+00   0.000000000000000E+00   0.000000000000000E+00   0.000000000000000E+00
   9.780235170600000E-01   3.554570612100000E+00   3.225483966900000E-01   1.094669972800000E+00   5.743963996500000E-01   0.000000000000000E+00   0.000000000000000E+00   0.000000000000000E+00   0.000000000000000E+00
   9.786610919700000E-01   3.554280610000000E+00   3.225474207700000E-01   1.115175471800000E+00   5.234059536000000E-01   0.000000000000000E+00   0.000000000000000E+00   0.000000000000000E+00   0.000000000000000E+00
   9.792194738700000E-01   3.554570624900000E+00   3.225483968100000E-01   1.094672303900000E+00   5.743892661500000E-01   0.000000000000000E+00   0.000000000000000E+00   0.000000000000000E+00   0.000000000000000E+00
   9.797778557800000E-01   3.554421200300000E+00   3.225478937900000E-01   1.105230435000000E+00   5.481377179500000E-01   0.000000000000000E+00   0.000000000000000E+00   0.000000000000000E+00   0.000000000000000E+00
   9.803362376900000E-01   3.554570642200000E+00   3.225483969700000E-01   1.094675216600000E+00   5.743803155700000E-01   0.000000000000000E+00   0.000000000000000E+00   0.000000000000000E+00   0.000000000000000E+00
   9.808946196000000E-01   3.554280499600000E+00   3.225474197800000E-01   1.115156830500000E+00   5.234632377200000E-01   0.000000000000000E+00   0.000000000000000E+00   0.000000000000000E+00   0.000000000000000E+00
   9.813404533900000E-01   3.554570659700000E+00   3.225483971200000E-01   1.094677995700000E+00   5.743717451000000E-01   0.000000000000000E+00   0.000000000000000E+00   0.000000000000000E+00   0.000000000000000E+00
   9.817862871800001E-01   3.554421150300000E+00   3.225478933600000E-01   1.105222593900000E+00   5.481619184099999E-01   0.000000000000000E+00   0.000000000000000E+00   0.000000000000000E+00   0.000000000000000E+00
   9.822321209700000E-01   3.554570684500000E+00   3.225483973300000E-01   1.094681613000000E+00   5.743605275700000E-01   0.000000000000000E+00   0.000000000000000E+00   0.000000000000000E+00   0.000000000000000E+00
   9.826779547600000E-01   3.554280340200000E+00   3.225474184400000E-01   1.115133680700000E+00   5.235350308500000E-01   0.000000000000000E+00   0.000000000000000E+00   0.000000000000000E+00   0.000000000000000E+00
   9.831828416600000E-01   3.554570706100000E+00   3.225483975100000E-01   1.094684493100000E+00   5.743515464000000E-01   0.000000000000000E+00   0.000000000000000E+00   0.000000000000000E+00   0.000000000000000E+00
   9.836877285600000E-01   3.554421089900000E+00   3.225478928700000E-01   1.105214458400000E+00   5.481872761900000E-01   0.000000000000000E+00   0.000000000000000E+00   0.000000000000000E+00   0.000000000000000E+00
   9.841926154600000E-01   3.554570731300000E+00   3.225483977100000E-01   1.094687657900000E+00   5.743416330200000E-01   0.000000000000000E+00   0.000000000000000E+00   0.000000000000000E+00   0.000000000000000E+00
   9.846975023600000E-01   3.554280178900000E+00   3.225474171600000E-01   1.115113426900000E+00   5.235984771000000E-01   0.000000000000000E+00   0.000000000000000E+00   0.000000000000000E+00   0.000000000000000E+00
   9.851521499900000E-01   3.554570755200000E+00   3.225483978900000E-01   1.094690484400000E+00   5.743327376300000E-01   0.000000000000000E+00   0.000000000000000E+00   0.000000000000000E+00   0.000000000000000E+00
   9.856067976200000E-01   3.554421022000000E+00   3.225478923400000E-01   1.105206480800000E+00   5.482123936100000E-01   0.000000000000000E+00   0.000000000000000E+00   0.000000000000000E+00   0.000000000000000E+00
   9.860614452499999E-01   3.554570786800000E+00   3.225483981300000E-01   1.094693965400000E+00   5.743217190900000E-01   0.000000000000000E+00   0.000000000000000E+00   0.000000000000000E+00   0.000000000000000E+00
   9.865160928900000E-01   3.554279976500000E+00   3.225474156200000E-01   1.115091149200000E+00   5.236689966800000E-01   0.000000000000000E+00   0.000000000000000E+00   0.000000000000000E+00   0.000000000000000E+00
   9.869993301700000E-01   3.554570814500000E+00   3.225483983400000E-01   1.094696821500000E+00   5.743126256400000E-01   0.000000000000000E+00   0.000000000000000E+00   0.000000000000000E+00   0.000000000000000E+00
   9.874825674500000E-01   3.554420943800000E+00   3.225478917600000E-01   1.105198414800000E+00   5.482380688000000E-01   0.000000000000000E+00   0.000000000000000E+00   0.000000000000000E+00   0.000000000000000E+00
   9.879658047300000E-01   3.554570847900000E+00   3.225483985800000E-01   1.094700063400000E+00   5.743022485000000E-01   0.000000000000000E+00   0.000000000000000E+00   0.000000000000000E+00   0.000000000000000E+00
   9.884490420099999E-01   3.554279762600000E+00   3.225474140600000E-01   1.115070402200000E+00   5.237354111600000E-01   0.000000000000000E+00   0.000000000000000E+00   0.000000000000000E+00   0.000000000000000E+00
   9.888249343900000E-01   3.554570881900000E+00   3.225483988300000E-01   1.094703198200000E+00   5.742921637700000E-01   0.000000000000000E+00   0.000000000000000E+00   0.000000000000000E+00   0.000000000000000E+00
   9.892008267600000E-01   3.554420846700000E+00   3.225478910600000E-01   1.105189573500000E+00   5.482665469000000E-01   0.000000000000000E+00   0.000000000000000E+00   0.000000000000000E+00   0.000000000000000E+00
   9.895767191400000E-01   3.554570930300000E+00   3.225483991600000E-01   1.094707316900000E+00   5.742788066000000E-01   0.000000000000000E+00   0.000000000000000E+00   0.000000000000000E+00   0.000000000000000E+00
   9.899526115200000E-01   3.554279452800000E+00   3.225474118900000E-01   1.115044044500000E+00   5.238208988500000E-01   0.000000000000000E+00   0.000000000000000E+00   0.000000000000000E+00   0.000000000000000E+00
   9.902055780200000E-01   3.554570984100000E+00   3.225483995300000E-01   1.094711644300000E+00   5.742646858700000E-01   0.000000000000000E+00   0.000000000000000E+00   0.000000000000000E+00   0.000000000000000E+00
   9.904585445300000E-01   3.554420691300000E+00   3.225478900000000E-01   1.105177387000000E+00   5.483064294100000E-01   0.000000000000000E+00   0.000000000000000E+00   0.000000000000000E+00   0.000000000000000E+00
   9.907115110400000E-01   3.554571067800000E+00   3.225484001000000E-01   1.094717658000000E+00   5.742447988200000E-01   0.000000000000000E+00   0.000000000000000E+00   0.000000000000000E+00   0.000000000000000E+00
   9.909644775499999E-01   3.554278915900000E+00   3.225474083000000E-01   1.115005563000000E+00   5.239481821700001E-01   0.000000000000000E+00   0.000000000000000E+00   0.000000000000000E+00   0.000000000000000E+00
   9.911829737500000E-01   3.554571151100000E+00   3.225484006400000E-01   1.094723115600000E+00   5.742265387300000E-01   0.000000000000000E+00   0.000000000000000E+00   0.000000000000000E+00   0.000000000000000E+00
   9.914014699500000E-01   3.554420453600000E+00   3.225478884500000E-01   1.105161999400000E+00   5.483579973100000E-01   0.000000000000000E+00   0.000000000000000E+00   0.000000000000000E+00   0.000000000000000E+00
   9.916199661600000E-01   3.554571267200000E+00   3.225484013800000E-01   1.094729908800000E+00   5.742034453200000E-01   0.000000000000000E+00   0.000000000000000E+00   0.000000000000000E+00   0.000000000000000E+00
   9.918384623600000E-01   3.554278171200000E+00   3.225474035500000E-01   1.114962096800000E+00   5.240959904200000E-01   0.000000000000000E+00   0.000000000000000E+00   0.000000000000000E+00   0.000000000000000E+00
   9.920487804900000E-01   3.554571377200000E+00   3.225484020700000E-01   1.094735713300000E+00   5.741833980700000E-01   0.000000000000000E+00   0.000000000000000E+00   0.000000000000000E+00   0.000000000000000E+00
   9.922590986299999E-01   3.554420141900000E+00   3.225478865000000E-01   1.105145619600000E+00   5.484146066300000E-01   0.000000000000000E+00   0.000000000000000E+00   0.000000000000000E+00   0.000000000000000E+00
   9.924694167700000E-01   3.554571521600000E+00   3.225484029500000E-01   1.094742563300000E+00   5.741593131700000E-01   0.000000000000000E+00   0.000000000000000E+00   0.000000000000000E+00   0.000000000000000E+00
   9.926797349099999E-01   3.554277245200000E+00   3.225473978800000E-01   1.114918269500000E+00   5.242501464500000E-01   0.000000000000000E+00   0.000000000000000E+00   0.000000000000000E+00   0.000000000000000E+00
   9.928731179800000E-01   3.554571660900000E+00   3.225484037900000E-01   1.094748544600000E+00   5.741378981300000E-01   0.000000000000000E+00   0.000000000000000E+00   0.000000000000000E+00   0.000000000000000E+00
   9.930665010500001E-01   3.554419746100000E+00   3.225478841200000E-01   1.105128752900000E+00   5.484750848400000E-01   0.000000000000000E+00   0.000000000000000E+00   0.000000000000000E+00   0.000000000000000E+00
   9.932598841300000E-01   3.554571848100000E+00   3.225484049000000E-01   1.094755734500000E+00   5.741115756600000E-01   0.000000000000000E+00   0.000000000000000E+00   0.000000000000000E+00   0.000000000000000E+00
   9.934532672000000E-01   3.554276044300000E+00   3.225473907800000E-01   1.114872272100000E+00   5.244186282400000E-01   0.000000000000000E+00   0.000000000000000E+00   0.000000000000000E+00   0.000000000000000E+00
   9.936200097200000E-01   3.554572034600000E+00   3.225484059900000E-01   1.094762210000000E+00   5.740873489300000E-01   0.000000000000000E+00   0.000000000000000E+00   0.000000000000000E+00   0.000000000000000E+00
   9.937867522400000E-01   3.554419213600000E+00   3.225478810200000E-01   1.105110519900000E+00   5.485435191400000E-01   0.000000000000000E+00   0.000000000000000E+00   0.000000000000000E+00   0.000000000000000E+00
   9.939534947599999E-01   3.554572295400000E+00   3.225484074800000E-01   1.094770177700000E+00   5.740566216000000E-01   0.000000000000000E+00   0.000000000000000E+00   0.000000000000000E+00   0.000000000000000E+00
   9.941202372800000E-01   3.554274370900000E+00   3.225473811900000E-01   1.114821309800000E+00   5.246153143200000E-01   0.000000000000000E+00   0.000000000000000E+00   0.000000000000000E+00   0.000000000000000E+00
   9.942697463600000E-01   3.554572551800000E+00   3.225484089300000E-01   1.094777156200000E+00   5.740288927000000E-01   0.000000000000000E+00   0.000000000000000E+00   0.000000000000000E+00   0.000000000000000E+00
   9.944192554400000E-01   3.554418482900000E+00   3.225478769000000E-01   1.105090872000000E+00   5.486218484800000E-01   0.000000000000000E+00   0.000000000000000E+00   0.000000000000000E+00   0.000000000000000E+00
   9.945687645200000E-01   3.554572904700000E+00   3.225484109000000E-01   1.094785521100000E+00   5.739943195700000E-01   0.000000000000000E+00   0.000000000000000E+00   0.000000000000000E+00   0.000000000000000E+00
   9.947182736000000E-01   3.554272105200000E+00   3.225473685700000E-01   1.114767823600000E+00   5.248366311700000E-01   0.000000000000000E+00   0.000000000000000E+00   0.000000000000000E+00   0.000000000000000E+00
   9.948626021000000E-01   3.554573241100000E+00   3.225484127500000E-01   1.094792502500000E+00   5.739642464200000E-01   0.000000000000000E+00   0.000000000000000E+00   0.000000000000000E+00   0.000000000000000E+00
   9.950069305900000E-01   3.554417529500000E+00   3.225478716500000E-01   1.105071190900000E+00   5.487067844700000E-01   0.000000000000000E+00   0.000000000000000E+00   0.000000000000000E+00   0.000000000000000E+00
   9.951512590800000E-01   3.554573685400000E+00   3.225484151700000E-01   1.094800516000000E+00   5.739280223600000E-01   0.000000000000000E+00   0.000000000000000E+00   0.000000000000000E+00   0.000000000000000E+00
   9.952955875700000E-01   3.554269252900000E+00   3.225473530600000E-01   1.114716599500000E+00   5.250685270200000E-01   0.000000000000000E+00   0.000000000000000E+00   0.000000000000000E+00   0.000000000000000E+00
   9.953965709400000E-01   3.554574181600000E+00   3.225484178400000E-01   1.094808483100000E+00   5.738904227000000E-01   0.000000000000000E+00   0.000000000000000E+00   0.000000000000000E+00   0.000000000000000E+00
   9.954975543100000E-01   3.554416082200000E+00   3.225478638700000E-01   1.105049075000000E+00   5.488132115800000E-01   0.000000000000000E+00   0.000000000000000E+00   0.000000000000000E+00   0.000000000000000E+00
   9.955985376800000E-01   3.554574976800000E+00   3.225484220700000E-01   1.094818626600000E+00   5.738377680900000E-01   0.000000000000000E+00   0.000000000000000E+00   0.000000000000000E+00   0.000000000000000E+00
   9.956995210500000E-01   3.554264134800000E+00   3.225473258700000E-01   1.114651894600000E+00   5.254057289800000E-01   0.000000000000000E+00   0.000000000000000E+00   0.000000000000000E+00   0.000000000000000E+00
   9.957800831000000E-01   3.554575830800000E+00   3.225484265700000E-01   1.094827594100000E+00   5.737868085700000E-01   0.000000000000000E+00   0.000000000000000E+00   0.000000000000000E+00   0.000000000000000E+00
   9.958606451499999E-01   3.554413602900000E+00   3.225478508500000E-01   1.105024298500000E+00   5.489575101600001E-01   0.000000000000000E+00   0.000000000000000E+00   0.000000000000000E+00   0.000000000000000E+00
   9.959412072100000E-01   3.554577150700000E+00   3.225484334200000E-01   1.094837706600000E+00   5.737189172600000E-01   0.000000000000000E+00   0.000000000000000E+00   0.000000000000000E+00   0.000000000000000E+00
   9.960217692600000E-01   3.554255618900000E+00   3.225472816400000E-01   1.114587699100000E+00   5.258407537599999E-01   0.000000000000000E+00   0.000000000000000E+00   0.000000000000000E+00   0.000000000000000E+00
   9.960849718700000E-01   3.554578608500000E+00   3.225484409400000E-01   1.094846032300000E+00   5.736521764900000E-01   0.000000000000000E+00   0.000000000000000E+00   0.000000000000000E+00   0.000000000000000E+00
   9.961481744700000E-01   3.554409334000000E+00   3.225478289100000E-01   1.105001997700000E+00   5.491469345800000E-01   0.000000000000000E+00   0.000000000000000E+00   0.000000000000000E+00   0.000000000000000E+00
   9.962113770800000E-01   3.554580957400000E+00   3.225484529000000E-01   1.094853637100000E+00   5.735615105500000E-01   0.000000000000000E+00   0.000000000000000E+00   0.000000000000000E+00   0.000000000000000E+00
   9.962745796800000E-01   3.554240402000000E+00   3.225472041800000E-01   1.114540466900000E+00   5.264224383400000E-01   0.000000000000000E+00   0.000000000000000E+00   0.000000000000000E+00   0.000000000000000E+00
   9.963248066900000E-01   3.554583608000000E+00   3.225484663000000E-01   1.094857828500000E+00   5.734719457700000E-01   0.000000000000000E+00   0.000000000000000E+00   0.000000000000000E+00   0.000000000000000E+00
   9.963750337100000E-01   3.554401526600000E+00   3.225477895300000E-01   1.104992756800000E+00   5.494020627700000E-01   0.000000000000000E+00   0.000000000000000E+00   0.000000000000000E+00   0.000000000000000E+00
   9.964252607300000E-01   3.554588027500000E+00   3.225484884600000E-01   1.094856056800000E+00   5.733483887200000E-01   0.000000000000000E+00   0.000000000000000E+00   0.000000000000000E+00   0.000000000000000E+00
   9.964754877400001E-01   3.554211724300000E+00   3.225470607100000E-01   1.114555840200000E+00   5.272171723400000E-01   0.000000000000000E+00   0.000000000000000E+00   0.000000000000000E+00   0.000000000000000E+00
   9.965434330600000E-01   3.554592325200000E+00   3.225485100100000E-01   1.094847711600000E+00   5.732508853400000E-01   0.000000000000000E+00   0.000000000000000E+00   0.000000000000000E+00   0.000000000000000E+00
   9.966113783700000E-01   3.554390770200000E+00   3.225477367500000E-01   1.105012806700000E+00   5.496741888600000E-01   0.000000000000000E+00   0.000000000000000E+00   0.000000000000000E+00   0.000000000000000E+00
   9.966793236800000E-01   3.554598986500000E+00   3.225485454300000E-01   1.094833907000000E+00   5.731482520800000E-01   0.000000000000000E+00   0.000000000000000E+00   0.000000000000000E+00   0.000000000000000E+00
   9.967472690000000E-01   3.554189395200000E+00   3.225469609400000E-01   1.114637497200000E+00   5.278652426200000E-01   0.000000000000000E+00   0.000000000000000E+00   0.000000000000000E+00   0.000000000000000E+00
   9.967937607200000E-01   3.554624826800000E+00   3.225486991300000E-01   1.094806415800000E+00   5.730265313600000E-01   0.000000000000000E+00   0.000000000000000E+00   0.000000000000000E+00   0.000000000000000E+00
   9.968402524300000E-01   3.554429647300000E+00   3.225480009500000E-01   1.105048982000000E+00   5.499645112800000E-01   0.000000000000000E+00   0.000000000000000E+00   0.000000000000000E+00   0.000000000000000E+00
   9.968867441500000E-01   3.554755574800000E+00   3.225495004300000E-01   1.094710365100000E+00   5.727911110100000E-01   0.000000000000000E+00   0.000000000000000E+00   0.000000000000000E+00   0.000000000000000E+00
   9.969332358700000E-01   3.554485141300000E+00   3.225488903400000E-01   1.114766156200000E+00   5.287725196400000E-01   0.000000000000000E+00   0.000000000000000E+00   0.000000000000000E+00   0.000000000000000E+00
   9.969750335999999E-01   3.555498128100000E+00   3.225541125400000E-01   1.094334974000000E+00   5.722297524300000E-01   0.000000000000000E+00   0.000000000000000E+00   0.000000000000000E+00   0.000000000000000E+00
   9.970168313300000E-01   3.556367233600000E+00   3.225601180700000E-01   1.104351165500000E+00   5.493895990600000E-01   0.000000000000000E+00   0.000000000000000E+00   0.000000000000000E+00   0.000000000000000E+00
   9.970586290600000E-01   3.559329771100000E+00   3.225779740600000E-01   1.092571805200000E+00   5.699516015800000E-01   0.000000000000000E+00   0.000000000000000E+00   0.000000000000000E+00   0.000000000000000E+00
   9.971004267800000E-01   3.564951215000000E+00   3.226143329500000E-01   1.110811534500000E+00   5.246627455100000E-01   0.000000000000000E+00   0.000000000000000E+00   0.000000000000000E+00   0.000000000000000E+00
   9.971418309400000E-01   3.579709977900000E+00   3.227055997400000E-01   1.083704392000000E+00   5.590517793000001E-01   0.000000000000000E+00   0.000000000000000E+00   0.000000000000000E+00   0.000000000000000E+00
   9.971832351000000E-01   3.610803940400000E+00   3.229016059000000E-01   1.081530202500000E+00   5.219530916300000E-01   0.000000000000000E+00   0.000000000000000E+00   0.000000000000000E+00   0.000000000000000E+00
   9.972246392600000E-01   3.677881773500000E+00   3.233274022100000E-01   1.043974935400000E+00   5.117141384800000E-01   0.000000000000000E+00   0.000000000000000E+00   0.000000000000000E+00   0.000000000000000E+00
   9.972660434100000E-01   3.806433469600000E+00   3.241662357000000E-01   1.019237206700000E+00   4.185671535200000E-01   0.000000000000000E+00   0.000000000000000E+00   0.000000000000000E+00   0.000000000000000E+00
   9.973093026099999E-01   4.038852661600000E+00   3.257422980400000E-01   9.269845390500000E-01   3.841976898400000E-01   0.000000000000000E+00   0.000000000000000E+00   0.000000000000000E+00   0.000000000000000E+00
   9.973525618000000E-01   4.373989472200000E+00   3.281832321100000E-01   8.575882290500000E-01   2.860648184900000E-01   0.000000000000000E+00   0.000000000000000E+00   0.000000000000000E+00   0.000000000000000E+00
   9.973958209900000E-01   4.787258133700000E+00   3.314862172200000E-01   7.691667893200000E-01   2.406655388900000E-01   0.000000000000000E+00   0.000000000000000E+00   0.000000000000000E+00   0.000000000000000E+00
   9.974390801900000E-01   5.236448388900000E+00   3.355171912200000E-01   7.272081159600000E-01   1.522033879900000E-01   0.000000000000000E+00   0.000000000000000E+00   0.000000000000000E+00   0.000000000000000E+00
   9.974935250800000E-01   5.799321143500000E+00   3.413830969600000E-01   6.407201478800000E-01   1.487822451600000E-01   0.000000000000000E+00   0.000000000000000E+00   0.000000000000000E+00   0.000000000000000E+00
   9.975479699799999E-01   6.319499182000000E+00   3.478874068800000E-01   6.050220919000000E-01   1.006839037800000E-01   0.000000000000000E+00   0.000000000000000E+00   0.000000000000000E+00   0.000000000000000E+00
   9.976024148700000E-01   6.780270005600000E+00   3.548567734700000E-01   5.564555475700000E-01   1.012747169400000E-01   0.000000000000000E+00   0.000000000000000E+00   0.000000000000000E+00   0.000000000000000E+00
   9.976568597600000E-01   7.177162750400000E+00   3.621666806700000E-01   5.510758987000000E-01   4.918844016900000E-02   0.000000000000000E+00   0.000000000000000E+00   0.000000000000000E+00   0.000000000000000E+00
   9.977222711600000E-01   7.578434283000000E+00   3.713012322600000E-01   4.995423968700000E-01   7.538998235600000E-02   0.000000000000000E+00   0.000000000000000E+00   0.000000000000000E+00   0.000000000000000E+00
   9.977876825600001E-01   7.907032677800000E+00   3.807299576800000E-01   4.887642885000000E-01   4.684297779600000E-02   0.000000000000000E+00   0.000000000000000E+00   0.000000000000000E+00   0.000000000000000E+00
   9.978530939500000E-01   8.177476350599999E+00   3.904001364900000E-01   4.568568516700000E-01   5.946006436200000E-02   0.000000000000000E+00   0.000000000000000E+00   0.000000000000000E+00   0.000000000000000E+00
   9.979185053500000E-01   8.400553184500000E+00   4.002680081200000E-01   4.634123150700000E-01   1.603333766600000E-02   0.000000000000000E+00   0.000000000000000E+00   0.000000000000000E+00   0.000000000000000E+00
   9.979841510400000E-01   8.588623776300000E+00   4.103499351400000E-01   4.238340943000000E-01   4.918151799200000E-02   0.000000000000000E+00   0.000000000000000E+00   0.000000000000000E+00   0.000000000000000E+00
   9.980497967400001E-01   8.747282780000001E+00   4.205849835700000E-01   4.217374400200000E-01   2.581666531000000E-02   0.000000000000000E+00   0.000000000000000E+00   0.000000000000000E+00   0.000000000000000E+00
   9.981154424399999E-01   8.884114122000000E+00   4.309635920800000E-01   3.958850628700000E-01   4.177226473000000E-02   0.000000000000000E+00   0.000000000000000E+00   0.000000000000000E+00   0.000000000000000E+00
   9.981810881299999E-01   9.002889065600000E+00   4.414706653100000E-01   4.071527948900000E-01   1.249416311700000E-03   0.000000000000000E+00   0.000000000000000E+00   0.000000000000000E+00   0.000000000000000E+00
   9.982380966000000E-01   9.095694665800000E+00   4.506984624100000E-01   3.725366607300000E-01   3.640443981700000E-02   0.000000000000000E+00   0.000000000000000E+00   0.000000000000000E+00   0.000000000000000E+00
   9.982951050700000E-01   9.179438873000000E+00   4.600120712300000E-01   3.747203373100000E-01   1.502749980300000E-02   0.000000000000000E+00   0.000000000000000E+00   0.000000000000000E+00   0.000000000000000E+00
   9.983521135400000E-01   9.256749251600001E+00   4.694123465600000E-01   3.524207091200000E-01   3.231182449600000E-02   0.000000000000000E+00   0.000000000000000E+00   0.000000000000000E+00   0.000000000000000E+00
   9.984091220100000E-01   9.327676714800001E+00   4.788922237400000E-01   3.668838638900000E-01  -6.684363700300000E-03   0.000000000000000E+00   0.000000000000000E+00   0.000000000000000E+00   0.000000000000000E+00
   9.984542472900000E-01   9.381150153000000E+00   4.864555527700000E-01   3.353589862000000E-01   2.919721777700000E-02   0.000000000000000E+00   0.000000000000000E+00   0.000000000000000E+00   0.000000000000000E+00
   9.984993725600000E-01   9.431315042600000E+00   4.940652757200000E-01   3.404678998600000E-01   8.875275380600000E-03   0.000000000000000E+00   0.000000000000000E+00   0.000000000000000E+00   0.000000000000000E+00
   9.985444978300000E-01   9.479584356700000E+00   5.017246379700000E-01   3.208737220000000E-01   2.677928184400000E-02   0.000000000000000E+00   0.000000000000000E+00   0.000000000000000E+00   0.000000000000000E+00
   9.985896231000000E-01   9.525111568400000E+00   5.094288222400000E-01   3.378898579900000E-01  -1.119075156900000E-02   0.000000000000000E+00   0.000000000000000E+00   0.000000000000000E+00   0.000000000000000E+00
   9.986235356499999E-01   9.558830014800000E+00   5.152520821600000E-01   3.085707951300000E-01   2.488324667600000E-02   0.000000000000000E+00   0.000000000000000E+00   0.000000000000000E+00   0.000000000000000E+00
   9.986574482000000E-01   9.590908201200000E+00   5.210989437200000E-01   3.157853669500000E-01   5.233963867000000E-03   0.000000000000000E+00   0.000000000000000E+00   0.000000000000000E+00   0.000000000000000E+00
   9.986913607500000E-01   9.622509361100001E+00   5.269732060500000E-01   2.982564478000000E-01   2.338422051400000E-02   0.000000000000000E+00   0.000000000000000E+00   0.000000000000000E+00   0.000000000000000E+00
   9.987252732900000E-01   9.652600295299999E+00   5.328706710100000E-01   3.172117957700000E-01  -1.377158885200000E-02   0.000000000000000E+00   0.000000000000000E+00   0.000000000000000E+00   0.000000000000000E+00
   9.987599627600000E-01   9.683409831200001E+00   5.389326717500000E-01   2.880251101200000E-01   2.199933437200000E-02   0.000000000000000E+00   0.000000000000000E+00   0.000000000000000E+00   0.000000000000000E+00
   9.987946522300000E-01   9.712768090999999E+00   5.450186447499999E-01   2.952955035300000E-01   2.659175959500000E-03   0.000000000000000E+00   0.000000000000000E+00   0.000000000000000E+00   0.000000000000000E+00
   9.988293417000000E-01   9.741811655099999E+00   5.511324406400000E-01   2.778613588000000E-01   2.070565916100000E-02   0.000000000000000E+00   0.000000000000000E+00   0.000000000000000E+00   0.000000000000000E+00
   9.988640311700000E-01   9.769490162100000E+00   5.572699541700000E-01   2.968287724400000E-01  -1.597450298400000E-02   0.000000000000000E+00   0.000000000000000E+00   0.000000000000000E+00   0.000000000000000E+00
   9.988969383000000E-01   9.795945669500000E+00   5.631191332100000E-01   2.681183905800000E-01   1.954898249600000E-02   0.000000000000000E+00   0.000000000000000E+00   0.000000000000000E+00   0.000000000000000E+00
   9.989298454200000E-01   9.821161421899999E+00   5.689891811500000E-01   2.757713791400000E-01   5.292843651700000E-04   0.000000000000000E+00   0.000000000000000E+00   0.000000000000000E+00   0.000000000000000E+00
   9.989627525500000E-01   9.846250332700000E+00   5.748840019300000E-01   2.587675424800000E-01   1.849920860900000E-02   0.000000000000000E+00   0.000000000000000E+00   0.000000000000000E+00   0.000000000000000E+00
   9.989956596700000E-01   9.870147714100000E+00   5.807995821100000E-01   2.780628562600000E-01  -1.769040173000000E-02   0.000000000000000E+00   0.000000000000000E+00   0.000000000000000E+00   0.000000000000000E+00
   9.990339169600000E-01   9.898190468099999E+00   5.877092573100000E-01   2.487896322600000E-01   1.746390607100000E-02   0.000000000000000E+00   0.000000000000000E+00   0.000000000000000E+00   0.000000000000000E+00
   9.990721742499999E-01   9.924899322500000E+00   5.946476332800000E-01   2.557924615900000E-01  -1.366766332200000E-03   0.000000000000000E+00   0.000000000000000E+00   0.000000000000000E+00   0.000000000000000E+00
   9.991104315500000E-01   9.951384306000000E+00   6.016186134100000E-01   2.382024917800000E-01   1.644180602000000E-02   0.000000000000000E+00   0.000000000000000E+00   0.000000000000000E+00   0.000000000000000E+00
   9.991486888400000E-01   9.976588211899999E+00   6.086182864800000E-01   2.568126649400000E-01  -1.942440295000000E-02   0.000000000000000E+00   0.000000000000000E+00   0.000000000000000E+00   0.000000000000000E+00
   9.991782725100000E-01   9.996400271800001E+00   6.140549227500000E-01   2.289286005500000E-01   1.560512819600000E-02   0.000000000000000E+00   0.000000000000000E+00   0.000000000000000E+00   0.000000000000000E+00
   9.992078561900000E-01   1.001520790300000E+01   6.195077645900000E-01   2.371741933400000E-01  -2.880905187100000E-03   0.000000000000000E+00   0.000000000000000E+00   0.000000000000000E+00   0.000000000000000E+00
   9.992374398600000E-01   1.003409427800000E+01   6.249806762800000E-01   2.209194559800000E-01   1.491108639500000E-02   0.000000000000000E+00   0.000000000000000E+00   0.000000000000000E+00   0.000000000000000E+00
   9.992670235400000E-01   1.005199666900000E+01   6.304698657500000E-01   2.406556596500000E-01  -2.043252550600000E-02   0.000000000000000E+00   0.000000000000000E+00   0.000000000000000E+00   0.000000000000000E+00
   9.992890312000000E-01   1.006582315000000E+01   6.345679624300000E-01   2.139933337500000E-01   1.433734251800000E-02   0.000000000000000E+00   0.000000000000000E+00   0.000000000000000E+00   0.000000000000000E+00
   9.993110388699999E-01   1.007882735500000E+01   6.386740617900000E-01   2.232237152700000E-01  -3.821564176900000E-03   0.000000000000000E+00   0.000000000000000E+00   0.000000000000000E+00   0.000000000000000E+00
   9.993330465300000E-01   1.009207824900000E+01   6.427919739500000E-01   2.081246057100000E-01   1.385186393200000E-02   0.000000000000000E+00   0.000000000000000E+00   0.000000000000000E+00   0.000000000000000E+00
   9.993550542000000E-01   1.010451511100000E+01   6.469179303800000E-01   2.287235028100000E-01  -2.091405035200000E-02   0.000000000000000E+00   0.000000000000000E+00   0.000000000000000E+00   0.000000000000000E+00
   9.993837769400000E-01   1.012143810600000E+01   6.523217480400000E-01   2.013861608200000E-01   1.334341059200000E-02   0.000000000000000E+00   0.000000000000000E+00   0.000000000000000E+00   0.000000000000000E+00
   9.994124996900000E-01   1.013742621100000E+01   6.577408736400000E-01   2.096739181700000E-01  -4.627870667100000E-03   0.000000000000000E+00   0.000000000000000E+00   0.000000000000000E+00   0.000000000000000E+00
   9.994412224300000E-01   1.015354558500000E+01   6.631791426900000E-01   1.937968626600000E-01   1.280618511700000E-02   0.000000000000000E+00   0.000000000000000E+00   0.000000000000000E+00   0.000000000000000E+00
   9.994699451800000E-01   1.016874358600000E+01   6.686328528400000E-01   2.134010650400000E-01  -2.162867996900000E-02   0.000000000000000E+00   0.000000000000000E+00   0.000000000000000E+00   0.000000000000000E+00
   9.994928322400000E-01   1.018138966700000E+01   6.729938142200000E-01   1.870187781500000E-01   1.235007856900000E-02   0.000000000000000E+00   0.000000000000000E+00   0.000000000000000E+00   0.000000000000000E+00
   9.995157193100001E-01   1.019322600200000E+01   6.773638088700000E-01   1.960227621200000E-01  -5.349950070300000E-03   0.000000000000000E+00   0.000000000000000E+00   0.000000000000000E+00   0.000000000000000E+00
   9.995386063800000E-01   1.020530677600000E+01   6.817465925500000E-01   1.810383702600000E-01   1.195054645200000E-02   0.000000000000000E+00   0.000000000000000E+00   0.000000000000000E+00   0.000000000000000E+00
   9.995614934400000E-01   1.021658631000000E+01   6.861385080200000E-01   2.012327051900000E-01  -2.199512233100000E-02   0.000000000000000E+00   0.000000000000000E+00   0.000000000000000E+00   0.000000000000000E+00
   9.995812292500000E-01   1.022693385700000E+01   6.899375024500000E-01   1.754921912700000E-01   1.159716538500000E-02   0.000000000000000E+00   0.000000000000000E+00   0.000000000000000E+00   0.000000000000000E+00
   9.996009650600000E-01   1.023652902900000E+01   6.937427567800000E-01   1.848109072800000E-01  -5.834664232400000E-03   0.000000000000000E+00   0.000000000000000E+00   0.000000000000000E+00   0.000000000000000E+00
   9.996207008700000E-01   1.024641472600000E+01   6.975579632800000E-01   1.703770263400000E-01   1.126916584900000E-02   0.000000000000000E+00   0.000000000000000E+00   0.000000000000000E+00   0.000000000000000E+00
   9.996404366800000E-01   1.025555549100000E+01   7.013795145800000E-01   1.907453938600000E-01  -2.216820885500000E-02   0.000000000000000E+00   0.000000000000000E+00   0.000000000000000E+00   0.000000000000000E+00
   9.996569541300000E-01   1.026385160600000E+01   7.045870262100000E-01   1.656951138000000E-01   1.097951925200000E-02   0.000000000000000E+00   0.000000000000000E+00   0.000000000000000E+00   0.000000000000000E+00
   9.996734715800000E-01   1.027144425000000E+01   7.077983604900000E-01   1.752990202500000E-01  -6.161281053100000E-03   0.000000000000000E+00   0.000000000000000E+00   0.000000000000000E+00   0.000000000000000E+00
   9.996899890299999E-01   1.027936312900000E+01   7.110171394800000E-01   1.614458621700000E-01   1.070630828800000E-02   0.000000000000000E+00   0.000000000000000E+00   0.000000000000000E+00   0.000000000000000E+00
   9.997065064800000E-01   1.028658598300000E+01   7.142398121100000E-01   1.819241205400000E-01  -2.215808226800000E-02   0.000000000000000E+00   0.000000000000000E+00   0.000000000000000E+00   0.000000000000000E+00
   9.997191490300000E-01   1.029276028600000E+01   7.167129834700000E-01   1.577103283200000E-01   1.046691836000000E-02   0.000000000000000E+00   0.000000000000000E+00   0.000000000000000E+00   0.000000000000000E+00
   9.997317915700000E-01   1.029827856200000E+01   7.191875778600000E-01   1.676338219000000E-01  -6.333504065300000E-03   0.000000000000000E+00   0.000000000000000E+00   0.000000000000000E+00   0.000000000000000E+00
   9.997444341200000E-01   1.030415383600000E+01   7.216671347400000E-01   1.544899568200000E-01   1.023617587500000E-02   0.000000000000000E+00   0.000000000000000E+00   0.000000000000000E+00   0.000000000000000E+00
   9.997570766600000E-01   1.030938174400000E+01   7.241481725400000E-01   1.750449461700000E-01  -2.191779242500000E-02   0.000000000000000E+00   0.000000000000000E+00   0.000000000000000E+00   0.000000000000000E+00
   9.997646770100000E-01   1.031312724300000E+01   7.256435857700000E-01   1.519387323800000E-01   1.002876403900000E-02   0.000000000000000E+00   0.000000000000000E+00   0.000000000000000E+00   0.000000000000000E+00
   9.997722773600000E-01   1.031626332300000E+01   7.271382338300000E-01   1.622295320100000E-01  -6.301561576200000E-03   0.000000000000000E+00   0.000000000000000E+00   0.000000000000000E+00   0.000000000000000E+00
   9.997798777100000E-01   1.031977849700000E+01   7.286355484100000E-01   1.500626868200000E-01   9.811169515800000E-03   0.000000000000000E+00   0.000000000000000E+00   0.000000000000000E+00   0.000000000000000E+00
   9.997874780600000E-01   1.032269746100000E+01   7.301321513500000E-01   1.705510973100000E-01  -2.123099403500000E-02   0.000000000000000E+00   0.000000000000000E+00   0.000000000000000E+00   0.000000000000000E+00
   9.997950681000000E-01   1.032635212000000E+01   7.316306383800000E-01   1.481791136100000E-01   9.617774854700001E-03   0.000000000000000E+00   0.000000000000000E+00   0.000000000000000E+00   0.000000000000000E+00
   9.998026581500000E-01   1.032941676600000E+01   7.331284297700000E-01   1.581003904000000E-01  -6.152195280900000E-03   0.000000000000000E+00   0.000000000000000E+00   0.000000000000000E+00   0.000000000000000E+00
   9.998102482000000E-01   1.033284776500000E+01   7.346288456400000E-01   1.463047699700000E-01   9.408917096999999E-03   0.000000000000000E+00   0.000000000000000E+00   0.000000000000000E+00   0.000000000000000E+00
   9.998178382500000E-01   1.033570143200000E+01   7.361286174000000E-01   1.660896152500000E-01  -2.057193439600000E-02   0.000000000000000E+00   0.000000000000000E+00   0.000000000000000E+00   0.000000000000000E+00
   9.998256894100001E-01   1.033938076100000E+01   7.376839306600000E-01   1.443867952400000E-01   9.223746697500000E-03   0.000000000000000E+00   0.000000000000000E+00   0.000000000000000E+00   0.000000000000000E+00
   9.998335405700000E-01   1.034248726700000E+01   7.392387086500000E-01   1.539230773300000E-01  -6.016750805100000E-03   0.000000000000000E+00   0.000000000000000E+00   0.000000000000000E+00   0.000000000000000E+00
   9.998413917300000E-01   1.034594680900000E+01   7.407961666000000E-01   1.424410833200000E-01   9.024745905800000E-03   0.000000000000000E+00   0.000000000000000E+00   0.000000000000000E+00   0.000000000000000E+00
   9.998492428900000E-01   1.034884530900000E+01   7.423531385600000E-01   1.615377492000000E-01  -1.997149872000000E-02   0.000000000000000E+00   0.000000000000000E+00   0.000000000000000E+00   0.000000000000000E+00
   9.998567917400000E-01   1.035231140300000E+01   7.438538850700001E-01   1.405282177500000E-01   8.846914916400000E-03   0.000000000000000E+00   0.000000000000000E+00   0.000000000000000E+00   0.000000000000000E+00
   9.998643405900000E-01   1.035522354600000E+01   7.453540591500000E-01   1.497673859800000E-01  -5.885781748700000E-03   0.000000000000000E+00   0.000000000000000E+00   0.000000000000000E+00   0.000000000000000E+00
   9.998718894400001E-01   1.035847851300000E+01   7.468567740700000E-01   1.386624148100000E-01   8.654358074600001E-03   0.000000000000000E+00   0.000000000000000E+00   0.000000000000000E+00   0.000000000000000E+00
   9.998794382800000E-01   1.036119134600000E+01   7.483589656100000E-01   1.571435635800000E-01  -1.936051560300000E-02   0.000000000000000E+00   0.000000000000000E+00   0.000000000000000E+00   0.000000000000000E+00
   9.998856709900000E-01   1.036404577300000E+01   7.496023971300000E-01   1.369660161300000E-01   8.479007215800000E-03   0.000000000000000E+00   0.000000000000000E+00   0.000000000000000E+00   0.000000000000000E+00
   9.998919037000000E-01   1.036636999800000E+01   7.508449155200000E-01   1.460138850300000E-01  -5.710664469800000E-03   0.000000000000000E+00   0.000000000000000E+00   0.000000000000000E+00   0.000000000000000E+00
   9.998981364000000E-01   1.036902981400000E+01   7.520895224800001E-01   1.354539151000000E-01   8.282844372000000E-03   0.000000000000000E+00   0.000000000000000E+00   0.000000000000000E+00   0.000000000000000E+00
   9.999043691100000E-01   1.037117321700000E+01   7.533332691300000E-01   1.533415231200000E-01  -1.859944522800000E-02   0.000000000000000E+00   0.000000000000000E+00   0.000000000000000E+00   0.000000000000000E+00
   9.999094237700000E-01   1.037350102200000E+01   7.543446542300000E-01   1.340923709800000E-01   8.103060515399999E-03   0.000000000000000E+00   0.000000000000000E+00   0.000000000000000E+00   0.000000000000000E+00
   9.999144784300000E-01   1.037532399100000E+01   7.553549017300000E-01   1.428669202200000E-01  -5.456983920200000E-03   0.000000000000000E+00   0.000000000000000E+00   0.000000000000000E+00   0.000000000000000E+00
   9.999195330900000E-01   1.037747140700000E+01   7.563668838099999E-01   1.329010413100000E-01   7.896024373899999E-03   0.000000000000000E+00   0.000000000000000E+00   0.000000000000000E+00   0.000000000000000E+00
   9.999245877500000E-01   1.037913026300000E+01   7.573777875400000E-01   1.500384612500000E-01  -1.766310611900000E-02   0.000000000000000E+00   0.000000000000000E+00   0.000000000000000E+00   0.000000000000000E+00
   9.999288440200000E-01   1.038110014000000E+01   7.582314738800000E-01   1.318069254800000E-01   7.708464261200000E-03   0.000000000000000E+00   0.000000000000000E+00   0.000000000000000E+00   0.000000000000000E+00
   9.999331002900000E-01   1.038259233500000E+01   7.590839413500000E-01   1.401925268800000E-01  -5.131468405400000E-03   0.000000000000000E+00   0.000000000000000E+00   0.000000000000000E+00   0.000000000000000E+00
   9.999373565700000E-01   1.038439367300000E+01   7.599379134799999E-01   1.308351946500000E-01   7.490713089400000E-03   0.000000000000000E+00   0.000000000000000E+00   0.000000000000000E+00   0.000000000000000E+00
   9.999416128400000E-01   1.038573564500000E+01   7.607907318900000E-01   1.470589794200000E-01  -1.658832165600000E-02   0.000000000000000E+00   0.000000000000000E+00   0.000000000000000E+00   0.000000000000000E+00
   9.999452504500000E-01   1.038742779100000E+01   7.615218204600001E-01   1.299344565800000E-01   7.295113063400000E-03   0.000000000000000E+00   0.000000000000000E+00   0.000000000000000E+00   0.000000000000000E+00
   9.999488880600000E-01   1.038867159200000E+01   7.622516759000000E-01   1.378528088600000E-01  -4.748577610300000E-03   0.000000000000000E+00   0.000000000000000E+00   0.000000000000000E+00   0.000000000000000E+00
   9.999525256700000E-01   1.039020645100000E+01   7.629828564100000E-01   1.291353854900000E-01   7.067075697200000E-03   0.000000000000000E+00   0.000000000000000E+00   0.000000000000000E+00   0.000000000000000E+00
   9.999561632800000E-01   1.039131300700000E+01   7.637128734200000E-01   1.443252104900000E-01  -1.539482245800000E-02   0.000000000000000E+00   0.000000000000000E+00   0.000000000000000E+00   0.000000000000000E+00
   9.999590238100000E-01   1.039267402900000E+01   7.642888590900000E-01   1.284359430500000E-01   6.855871844700000E-03   0.000000000000000E+00   0.000000000000000E+00   0.000000000000000E+00   0.000000000000000E+00
   9.999618843300000E-01   1.039361904300000E+01   7.648636004000000E-01   1.358426074100000E-01  -4.290143956400000E-03   0.000000000000000E+00   0.000000000000000E+00   0.000000000000000E+00   0.000000000000000E+00
   9.999647448600000E-01   1.039483390100000E+01   7.654394665699999E-01   1.278830528200000E-01   6.602220615900000E-03   0.000000000000000E+00   0.000000000000000E+00   0.000000000000000E+00   0.000000000000000E+00
   9.999676053800000E-01   1.039565574300000E+01   7.660141595900000E-01   1.418938608500000E-01  -1.397021995100000E-02   0.000000000000000E+00   0.000000000000000E+00   0.000000000000000E+00   0.000000000000000E+00
   9.999698691400000E-01   1.039675652400000E+01   7.664706396199999E-01   1.274515679700000E-01   6.370543340600000E-03   0.000000000000000E+00   0.000000000000000E+00   0.000000000000000E+00   0.000000000000000E+00
   9.999721328900000E-01   1.039747685500000E+01   7.669259033500000E-01   1.342862970100000E-01  -3.734609073200000E-03   0.000000000000000E+00   0.000000000000000E+00   0.000000000000000E+00   0.000000000000000E+00
   9.999743966500000E-01   1.039843922200000E+01   7.673820852400000E-01   1.272668953200000E-01   6.095657174900000E-03   0.000000000000000E+00   0.000000000000000E+00   0.000000000000000E+00   0.000000000000000E+00
   9.999766604000000E-01   1.039904449300000E+01   7.678370825600001E-01   1.400600195700000E-01  -1.231556895200000E-02   0.000000000000000E+00   0.000000000000000E+00   0.000000000000000E+00   0.000000000000000E+00
   9.999784289600000E-01   1.039991294000000E+01   7.681939176000000E-01   1.274506256000000E-01   5.852780012100000E-03   0.000000000000000E+00   0.000000000000000E+00   0.000000000000000E+00   0.000000000000000E+00
   9.999801975100000E-01   1.040043592700000E+01   7.685495168599999E-01   1.339050111500000E-01  -3.062456777600000E-03   0.000000000000000E+00   0.000000000000000E+00   0.000000000000000E+00   0.000000000000000E+00
   9.999819660700000E-01   1.040116149400000E+01   7.689057118000000E-01   1.283549450400000E-01   5.576706046900000E-03   0.000000000000000E+00   0.000000000000000E+00   0.000000000000000E+00   0.000000000000000E+00
   9.999837346200000E-01   1.040155979700000E+01   7.692605725800000E-01   1.403633374300000E-01  -1.038392701800000E-02   0.000000000000000E+00   0.000000000000000E+00   0.000000000000000E+00   0.000000000000000E+00
   9.999850798400000E-01   1.040218586600000E+01   7.695313803800000E-01   1.304269594800000E-01   5.358081684000000E-03   0.000000000000000E+00   0.000000000000000E+00   0.000000000000000E+00   0.000000000000000E+00
   9.999864250500000E-01   1.040249567300000E+01   7.698007931800001E-01   1.372467241600000E-01  -2.196889091900000E-03   0.000000000000000E+00   0.000000000000000E+00   0.000000000000000E+00   0.000000000000000E+00
   9.999877702700000E-01   1.040295048500000E+01   7.700702623500000E-01   1.343915881200000E-01   5.140462624800000E-03   0.000000000000000E+00   0.000000000000000E+00   0.000000000000000E+00   0.000000000000000E+00
   9.999891154900000E-01   1.040309431100000E+01   7.703380025800000E-01   1.469138520900000E-01  -8.045263688700000E-03   0.000000000000000E+00   0.000000000000000E+00   0.000000000000000E+00   0.000000000000000E+00
   9.999901085100000E-01   1.040343094900000E+01   7.705358459700000E-01   1.412260577100000E-01   5.041561349900000E-03   0.000000000000000E+00   0.000000000000000E+00   0.000000000000000E+00   0.000000000000000E+00
   9.999911015300000E-01   1.040346990100000E+01   7.707319608099999E-01   1.500452539200000E-01  -9.512153488700000E-04   0.000000000000000E+00   0.000000000000000E+00   0.000000000000000E+00   0.000000000000000E+00
   9.999920945500000E-01   1.040357100800000E+01   7.709273371699999E-01   1.522304160600000E-01   5.037897278200000E-03   0.000000000000000E+00   0.000000000000000E+00   0.000000000000000E+00   0.000000000000000E+00
   9.999930875700000E-01   1.040335059800000E+01   7.711202779600000E-01   1.681356198100000E-01  -5.010279844600000E-03   0.000000000000000E+00   0.000000000000000E+00   0.000000000000000E+00   0.000000000000000E+00
   9.999937707400000E-01   1.040330922600000E+01   7.712523489899999E-01   1.692677766800000E-01   5.303784974600000E-03   0.000000000000000E+00   0.000000000000000E+00   0.000000000000000E+00   0.000000000000000E+00
   9.999944539100000E-01   1.040297230500000E+01   7.713822521700000E-01   1.830480588000000E-01   1.160890151900000E-03   0.000000000000000E+00   0.000000000000000E+00   0.000000000000000E+00   0.000000000000000E+00
   9.999951370800000E-01   1.040257885300000E+01   7.715104331800000E-01   1.944328169700000E-01   5.927023194600000E-03   0.000000000000000E+00   0.000000000000000E+00   0.000000000000000E+00   0.000000000000000E+00
   9.999958202400000E-01   1.040180251100000E+01   7.716351869800000E-01   2.193795003700000E-01  -4.030755493900000E-04   0.000000000000000E+00   0.000000000000000E+00   0.000000000000000E+00   0.000000000000000E+00
   9.999962614900000E-01   1.040125170700000E+01   7.717140714900000E-01   2.320927033700000E-01   7.325193342100000E-03   0.000000000000000E+00   0.000000000000000E+00   0.000000000000000E+00   0.000000000000000E+00
   9.999967027400000E-01   1.040036325500000E+01   7.717901795100000E-01   2.569998377100000E-01   5.627340140400000E-03   0.000000000000000E+00   0.000000000000000E+00   0.000000000000000E+00   0.000000000000000E+00
   9.999971439799999E-01   1.039921982800000E+01   7.718632473800000E-01   2.863854089700000E-01   1.001215265900000E-02   0.000000000000000E+00   0.000000000000000E+00   0.000000000000000E+00   0.000000000000000E+00
   9.999975852300000E-01   1.039748849300000E+01   7.719312426100000E-01   3.338355088300000E-01   8.797040387600000E-03   0.000000000000000E+00   0.000000000000000E+00   0.000000000000000E+00   0.000000000000000E+00
   9.999978463700000E-01   1.039616856900000E+01   7.719684749800000E-01   3.677072394600000E-01   1.539370737600000E-02   0.000000000000000E+00   0.000000000000000E+00   0.000000000000000E+00   0.000000000000000E+00
   9.999981075200000E-01   1.039436425200000E+01   7.720019987600000E-01   4.169212554700000E-01   1.799383629200000E-02   0.000000000000000E+00   0.000000000000000E+00   0.000000000000000E+00   0.000000000000000E+00
   9.999983686600000E-01   1.039194335500000E+01   7.720306207800000E-01   4.827865269300000E-01   2.550360146100000E-02   0.000000000000000E+00   0.000000000000000E+00   0.000000000000000E+00   0.000000000000000E+00
   9.999986298000000E-01   1.038841121100000E+01   7.720513931900000E-01   5.818617902300000E-01   3.466564826600000E-02   0.000000000000000E+00   0.000000000000000E+00   0.000000000000000E+00   0.000000000000000E+00
   9.999987616600000E-01   1.038600049400000E+01   7.720575699000000E-01   6.495370300400000E-01   4.497564170500000E-02   0.000000000000000E+00   0.000000000000000E+00   0.000000000000000E+00   0.000000000000000E+00
   9.999988935200000E-01   1.038288882000000E+01   7.720593410300000E-01   7.386340415200000E-01   5.726895221300000E-02   0.000000000000000E+00   0.000000000000000E+00   0.000000000000000E+00   0.000000000000000E+00
   9.999990253700000E-01   1.037876884800000E+01   7.720549832500000E-01   8.576160500500000E-01   7.698388814400001E-02   0.000000000000000E+00   0.000000000000000E+00   0.000000000000000E+00   0.000000000000000E+00
   9.999991572300000E-01   1.037301994300000E+01   7.720412905100000E-01   1.025708733100000E+00   1.083821019300000E-01   0.000000000000000E+00   0.000000000000000E+00   0.000000000000000E+00   0.000000000000000E+00
   9.999992283000000E-01   1.036889262900000E+01   7.720282503900000E-01   1.147026720800000E+00   1.349897524100000E-01   0.000000000000000E+00   0.000000000000000E+00   0.000000000000000E+00   0.000000000000000E+00
   9.999992993700000E-01   1.036368008700000E+01   7.720094777199999E-01   1.301036501600000E+00   1.719240772000000E-01   0.000000000000000E+00   0.000000000000000E+00   0.000000000000000E+00   0.000000000000000E+00
   9.999993704400000E-01   1.035690414900000E+01   7.719827094500000E-01   1.501748189900000E+00   2.265476640700000E-01   0.000000000000000E+00   0.000000000000000E+00   0.000000000000000E+00   0.000000000000000E+00
   9.999994415100000E-01   1.034774655400000E+01   7.719441830200000E-01   1.773364893100000E+00   3.111411009600000E-01   0.000000000000000E+00   0.000000000000000E+00   0.000000000000000E+00   0.000000000000000E+00
   9.999994831400000E-01   1.034075310000000E+01   7.719137963800000E-01   1.980475777100000E+00   3.842028814000000E-01   0.000000000000000E+00   0.000000000000000E+00   0.000000000000000E+00   0.000000000000000E+00
   9.999995247700000E-01   1.033202393000000E+01   7.718752833500000E-01   2.238398122400000E+00   4.845854889700000E-01   0.000000000000000E+00   0.000000000000000E+00   0.000000000000000E+00   0.000000000000000E+00
   9.999995664000000E-01   1.032085927600000E+01   7.718256104900000E-01   2.566712222600000E+00   6.279342422500001E-01   0.000000000000000E+00   0.000000000000000E+00   0.000000000000000E+00   0.000000000000000E+00
   9.999996080300000E-01   1.030613728200000E+01   7.717599943200000E-01   2.996569651200000E+00   8.406217213200000E-01   0.000000000000000E+00   0.000000000000000E+00   0.000000000000000E+00   0.000000000000000E+00
   9.999996342100000E-01   1.029428453000000E+01   7.717073112000000E-01   3.339705106000000E+00   1.030695235300000E+00   0.000000000000000E+00   0.000000000000000E+00   0.000000000000000E+00   0.000000000000000E+00
   9.999996604000000E-01   1.027963683000000E+01   7.716425197400000E-01   3.760127253900000E+00   1.286730507900000E+00   0.000000000000000E+00   0.000000000000000E+00   0.000000000000000E+00   0.000000000000000E+00
   9.999996865800000E-01   1.026117014100000E+01   7.715614113100000E-01   4.284095619000000E+00   1.641771916300000E+00   0.000000000000000E+00   0.000000000000000E+00   0.000000000000000E+00   0.000000000000000E+00
   9.999997127700000E-01   1.023732430700000E+01   7.714576396600000E-01   4.950916087700000E+00   2.149103151500000E+00   0.000000000000000E+00   0.000000000000000E+00   0.000000000000000E+00   0.000000000000000E+00
   9.999997304100000E-01   1.021707160000000E+01   7.713702897500000E-01   5.508680002200000E+00   2.620552261900000E+00   0.000000000000000E+00   0.000000000000000E+00   0.000000000000000E+00   0.000000000000000E+00
   9.999997480500000E-01   1.019224342800000E+01   7.712640811500000E-01   6.182309752300000E+00   3.244785410800000E+00   0.000000000000000E+00   0.000000000000000E+00   0.000000000000000E+00   0.000000000000000E+00
   9.999997657000000E-01   1.016130491900000E+01   7.711329151700000E-01   7.006429094100000E+00   4.090071821100000E+00   0.000000000000000E+00   0.000000000000000E+00   0.000000000000000E+00   0.000000000000000E+00
   9.999997833399999E-01   1.012201793000000E+01   7.709679575700000E-01   8.030057988799999E+00   5.261685312600000E+00   0.000000000000000E+00   0.000000000000000E+00   0.000000000000000E+00   0.000000000000000E+00
   9.999997962700000E-01   1.008610060000000E+01   7.708184498900000E-01   8.944785572900001E+00   6.421328133200000E+00   0.000000000000000E+00   0.000000000000000E+00   0.000000000000000E+00   0.000000000000000E+00
   9.999998091900000E-01   1.004215214300000E+01   7.706369075400000E-01   1.003885951800000E+01   7.944092914400000E+00   0.000000000000000E+00   0.000000000000000E+00   0.000000000000000E+00   0.000000000000000E+00
   9.999998221200000E-01   9.987632096900001E+00   7.704134576800000E-01   1.135981457700000E+01   9.980272200100000E+00   0.000000000000000E+00   0.000000000000000E+00   0.000000000000000E+00   0.000000000000000E+00
   9.999998350500000E-01   9.918957165400000E+00   7.701342372800000E-01   1.297155349100000E+01   1.275362524500000E+01   0.000000000000000E+00   0.000000000000000E+00   0.000000000000000E+00   0.000000000000000E+00
   9.999998453600000E-01   9.850677267700000E+00   7.698586001200000E-01   1.452121223100000E+01   1.571933713100000E+01   0.000000000000000E+00   0.000000000000000E+00   0.000000000000000E+00   0.000000000000000E+00
   9.999998556800000E-01   9.766668401900001E+00   7.695216171900000E-01   1.636291717500000E+01   1.962162220700000E+01   0.000000000000000E+00   0.000000000000000E+00   0.000000000000000E+00   0.000000000000000E+00
   9.999998660000000E-01   9.662125195100000E+00   7.691048970600000E-01   1.856310860900000E+01   2.483154100900000E+01   0.000000000000000E+00   0.000000000000000E+00   0.000000000000000E+00   0.000000000000000E+00
   9.999998763200000E-01   9.530492739900000E+00   7.685834322900000E-01   2.120441386500000E+01   3.188391577600000E+01   0.000000000000000E+00   0.000000000000000E+00   0.000000000000000E+00   0.000000000000000E+00
   9.999998847200000E-01   9.397244345700001E+00   7.680584055500000E-01   2.374699983900000E+01   3.951820515900000E+01   0.000000000000000E+00   0.000000000000000E+00   0.000000000000000E+00   0.000000000000000E+00
   9.999998931200000E-01   9.233961108900001E+00   7.674180516200000E-01   2.670307516000000E+01   4.947012376200000E+01   0.000000000000000E+00   0.000000000000000E+00   0.000000000000000E+00   0.000000000000000E+00
   9.999999015300000E-01   9.032714213000000E+00   7.666323483100000E-01   3.012907705800000E+01   6.253914120500000E+01   0.000000000000000E+00   0.000000000000000E+00   0.000000000000000E+00   0.000000000000000E+00
   9.999999099300000E-01   8.783645875300000E+00   7.656640521400000E-01   3.407502482200000E+01   7.978621306900000E+01   0.000000000000000E+00   0.000000000000000E+00   0.000000000000000E+00   0.000000000000000E+00
   9.999999160200000E-01   8.566813500000000E+00   7.648239186000000E-01   3.727317112900000E+01   9.565365265000000E+01   0.000000000000000E+00   0.000000000000000E+00   0.000000000000000E+00   0.000000000000000E+00
   9.999999221000000E-01   8.313722987900000E+00   7.638459050400001E-01   4.075397350600000E+01   1.150675888100000E+02   0.000000000000000E+00   0.000000000000000E+00   0.000000000000000E+00   0.000000000000000E+00
   9.999999281900001E-01   8.019167911800000E+00   7.627104436400000E-01   4.449243310300000E+01   1.387509911200000E+02   0.000000000000000E+00   0.000000000000000E+00   0.000000000000000E+00   0.000000000000000E+00
   9.999999342800000E-01   7.678168969000000E+00   7.613988534200000E-01   4.843540838600000E+01   1.674821537000000E+02   0.000000000000000E+00   0.000000000000000E+00   0.000000000000000E+00   0.000000000000000E+00
   9.999999402800001E-01   7.291876155900000E+00   7.599159289600000E-01   5.244231831600000E+01   2.015598399100000E+02   0.000000000000000E+00   0.000000000000000E+00   0.000000000000000E+00   0.000000000000000E+00
   9.999999462900000E-01   6.853989000200000E+00   7.582377088000000E-01   5.643312856300000E+01   2.419676688000000E+02   0.000000000000000E+00   0.000000000000000E+00   0.000000000000000E+00   0.000000000000000E+00
   9.999999523000001E-01   6.365073970600000E+00   7.563664211600000E-01   6.023779145000000E+01   2.891018174800000E+02   0.000000000000000E+00   0.000000000000000E+00   0.000000000000000E+00   0.000000000000000E+00
   9.999999583100000E-01   5.829596854200000E+00   7.543189416100000E-01   6.364668126800000E+01   3.429561989400000E+02   0.000000000000000E+00   0.000000000000000E+00   0.000000000000000E+00   0.000000000000000E+00
   9.999999635300000E-01   5.333661281200000E+00   7.524237651600000E-01   6.610944831899999E+01   3.947521748500000E+02   0.000000000000000E+00   0.000000000000000E+00   0.000000000000000E+00   0.000000000000000E+00
   9.999999687500000E-01   4.818280226400000E+00   7.504546941400000E-01   6.795562670400000E+01   4.503995793500000E+02   0.000000000000000E+00   0.000000000000000E+00   0.000000000000000E+00   0.000000000000000E+00
   9.999999739700000E-01   4.294626962900000E+00   7.484537493500000E-01   6.906420621700001E+01   5.087155739900000E+02   0.000000000000000E+00   0.000000000000000E+00   0.000000000000000E+00   0.000000000000000E+00
   9.999999791800001E-01   3.775311080300000E+00   7.464683570200000E-01   6.935356017100000E+01   5.681966684700000E+02   0.000000000000000E+00   0.000000000000000E+00   0.000000000000000E+00   0.000000000000000E+00
   9.999999843900000E-01   3.274558748900000E+00   7.445521431600000E-01   6.879839480000000E+01   6.269738709100000E+02   0.000000000000000E+00   0.000000000000000E+00   0.000000000000000E+00   0.000000000000000E+00
   9.999999895900000E-01   2.802551621200000E+00   7.427433996700000E-01   6.743263738800000E+01   6.834905135400001E+02   0.000000000000000E+00   0.000000000000000E+00   0.000000000000000E+00   0.000000000000000E+00
   9.999999948000000E-01   2.368572477100000E+00   7.410771917200000E-01   6.533949988800001E+01   7.361976957400000E+02   0.000000000000000E+00   0.000000000000000E+00   0.000000000000000E+00   0.000000000000000E+00
   1.000000000000000E+00   1.978880643800000E+00   7.395772840700000E-01   6.264394282500000E+01   7.838443298000000E+02   0.000000000000000E+00   0.000000000000000E+00   0.000000000000000E+00   0.000000000000000E+00
