   0.000000000000000E+00   4.925758636000000E-01   9.999999955900000E-01   1.684178706800000E+00   1.822858830300000E+00   0.000000000000000E+00   0.000000000000000E+00   0.000000000000000E+00   0.000000000000000E+00
   3.346727807200000E-04   6.141811661100000E-01   8.891747705000000E-01   1.598292663500000E+00   1.673880154600000E+00   0.000000000000000E+00   0.000000000000000E+00   0.000000000000000E+00   0.000000000000000E+00
   6.693455614400000E-04   7.505230219100000E-01   7.958842599600000E-01   1.552155854500000E+00   1.481193965900000E+00   0.000000000000000E+00   0.000000000000000E+00   0.000000000000000E+00   0.000000000000000E+00
   1.004018342200000E-03   9.028915288500000E-01   7.170146508300000E-01   1.491500426100000E+00   1.370708951900000E+00   0.000000000000000E+00   0.000000000000000E+00   0.000000000000000E+00   0.000000000000000E+00
   1.338691122900000E-03   1.069066489900000E+00   6.501812137600000E-01   1.467042328700000E+00   1.201107005000000E+00   0.000000000000000E+00   0.000000000000000E+00   0.000000000000000E+00   0.000000000000000E+00
   1.664951703600000E-03   1.244635426100000E+00   5.948601859300000E-01   1.406554092000000E+00   1.156133589700000E+00   0.000000000000000E+00   0.000000000000000E+00   0.000000000000000E+00   0.000000000000000E+00
   1.991212284400000E-03   1.429735707500000E+00   5.478466693200000E-01   1.380396312000000E+00   1.043950109700000E+00   0.000000000000000E+00   0.000000000000000E+00   0.000000000000000E+00   0.000000000000000E+00
   2.317472865100000E-03   1.622746906800000E+00   5.080090815800000E-01   1.335841242300000E+00   9.967553033500000E-01   0.000000000000000E+00   0.000000000000000E+00   0.000000000000000E+00   0.000000000000000E+00
   2.643733445900000E-03   1.819020921800000E+00   4.743867417000000E-01   1.325022194000000E+00   8.790198492900000E-01   0.000000000000000E+00   0.000000000000000E+00   0.000000000000000E+00   0.000000000000000E+00
   3.189714691200000E-03   2.146465735200000E+00   4.298365760700000E-01   1.257439319200000E+00   8.402628082200000E-01   0.000000000000000E+00   0.000000000000000E+00   0.000000000000000E+00   0.000000000000000E+00
   3.735695936500000E-03   2.453552876000000E+00   3.971854792600000E-01   1.228081077700000E+00   7.411041372000000E-01   0.000000000000000E+00   0.000000000000000E+00   0.000000000000000E+00   0.000000000000000E+00
   4.281677181900000E-03   2.725159549300000E+00   3.737330056100000E-01   1.184663027300000E+00   7.125142552000000E-01   0.000000000000000E+00   0.000000000000000E+00   0.000000000000000E+00   0.000000000000000E+00
   4.827658427200000E-03   2.949279625800000E+00   3.572139612500000E-01   1.179569052400000E+00   6.185946564100000E-01   0.000000000000000E+00   0.000000000000000E+00   0.000000000000000E+00   0.000000000000000E+00
   5.414748767700000E-03   3.137872722400000E+00   3.451040244700000E-01   1.138169456500000E+00   6.387627954200000E-01   0.000000000000000E+00   0.000000000000000E+00   0.000000000000000E+00   0.000000000000000E+00
   6.001839108200000E-03   3.274209860800000E+00   3.370985918900000E-01   1.134234911100000E+00   5.898443334600000E-01   0.000000000000000E+00   0.000000000000000E+00   0.000000000000000E+00   0.000000000000000E+00
   6.588929448700000E-03   3.369981109800000E+00   3.318805514100000E-01   1.113522285600000E+00   6.019124300699999E-01   0.000000000000000E+00   0.000000000000000E+00   0.000000000000000E+00   0.000000000000000E+00
   7.176019789200000E-03   3.434007440400000E+00   3.285051557500000E-01   1.127621099200000E+00   5.401111803600001E-01   0.000000000000000E+00   0.000000000000000E+00   0.000000000000000E+00   0.000000000000000E+00
   8.138831206400000E-03   3.496462156800000E+00   3.253830069600000E-01   1.100501375300000E+00   5.830363056900000E-01   0.000000000000000E+00   0.000000000000000E+00   0.000000000000000E+00   0.000000000000000E+00
   9.101642623600000E-03   3.526440520900000E+00   3.238992660800000E-01   1.108139807300000E+00   5.518453770500000E-01   0.000000000000000E+00   0.000000000000000E+00   0.000000000000000E+00   0.000000000000000E+00
   1.006445404100000E-02   3.541221536800000E+00   3.231915895700000E-01   1.095959549200000E+00   5.765411070100001E-01   0.000000000000000E+00   0.000000000000000E+00   0.000000000000000E+00   0.000000000000000E+00
   1.102726545800000E-02   3.547973550600000E+00   3.228505830700000E-01   1.116013618000000E+00   5.235141882600000E-01   0.000000000000000E+00   0.000000000000000E+00   0.000000000000000E+00   0.000000000000000E+00
   1.474544748700000E-02   3.554600976800000E+00   3.225468458300000E-01   1.094609837200000E+00   5.746180418900000E-01   0.000000000000000E+00   0.000000000000000E+00   0.000000000000000E+00   0.000000000000000E+00
   1.846362951600000E-02   3.554096499300000E+00   3.225636108200000E-01   1.105341814400000E+00   5.478768507000000E-01   0.000000000000000E+00   0.000000000000000E+00   0.000000000000000E+00   0.000000000000000E+00
   2.218181154500000E-02   3.554606175100000E+00   3.225465811100000E-01   1.094609820900000E+00   5.746159719300000E-01   0.000000000000000E+00   0.000000000000000E+00   0.000000000000000E+00   0.000000000000000E+00
   2.589999357400000E-02   3.554064287200000E+00   3.225581902600000E-01   1.115395975900000E+00   5.226501117900000E-01   0.000000000000000E+00   0.000000000000000E+00   0.000000000000000E+00   0.000000000000000E+00
   3.935150324700000E-02   3.554616872800000E+00   3.225460644500000E-01   1.094609022400000E+00   5.746137322100000E-01   0.000000000000000E+00   0.000000000000000E+00   0.000000000000000E+00   0.000000000000000E+00
   5.280301292100000E-02   3.554373667000000E+00   3.225503223700000E-01   1.105313070600000E+00   5.478391628000000E-01   0.000000000000000E+00   0.000000000000000E+00   0.000000000000000E+00   0.000000000000000E+00
   6.625452259400000E-02   3.554597501800000E+00   3.225469935800000E-01   1.094611119000000E+00   5.746161468400000E-01   0.000000000000000E+00   0.000000000000000E+00   0.000000000000000E+00   0.000000000000000E+00
   7.970603226799999E-02   3.554201815200000E+00   3.225515935900000E-01   1.115381190700000E+00   5.226327174199999E-01   0.000000000000000E+00   0.000000000000000E+00   0.000000000000000E+00   0.000000000000000E+00
   1.015644605400000E-01   3.554589690300000E+00   3.225473682300000E-01   1.094612005000000E+00   5.746170188600001E-01   0.000000000000000E+00   0.000000000000000E+00   0.000000000000000E+00   0.000000000000000E+00
   1.234228888000000E-01   3.554400213000000E+00   3.225490491400000E-01   1.105310116200000E+00   5.478360577200000E-01   0.000000000000000E+00   0.000000000000000E+00   0.000000000000000E+00   0.000000000000000E+00
   1.452813170700000E-01   3.554583931700000E+00   3.225476444200000E-01   1.094612673700000E+00   5.746176224900000E-01   0.000000000000000E+00   0.000000000000000E+00   0.000000000000000E+00   0.000000000000000E+00
   1.671397453400000E-01   3.554240121000000E+00   3.225497564300000E-01   1.115376764300000E+00   5.226286464600000E-01   0.000000000000000E+00   0.000000000000000E+00   0.000000000000000E+00   0.000000000000000E+00
   1.858346345000000E-01   3.554579887000000E+00   3.225478383800000E-01   1.094613162800000E+00   5.746179979600000E-01   0.000000000000000E+00   0.000000000000000E+00   0.000000000000000E+00   0.000000000000000E+00
   2.045295236600000E-01   3.554411478800000E+00   3.225485088700000E-01   1.105308751000000E+00   5.478350196600000E-01   0.000000000000000E+00   0.000000000000000E+00   0.000000000000000E+00   0.000000000000000E+00
   2.232244128200000E-01   3.554576362100000E+00   3.225480074000000E-01   1.094613621100000E+00   5.746182443900000E-01   0.000000000000000E+00   0.000000000000000E+00   0.000000000000000E+00   0.000000000000000E+00
   2.419193019800000E-01   3.554263907600000E+00   3.225486158300000E-01   1.115373707000000E+00   5.226268936200000E-01   0.000000000000000E+00   0.000000000000000E+00   0.000000000000000E+00   0.000000000000000E+00
   2.589139302900000E-01   3.554574088400000E+00   3.225481164100000E-01   1.094613942300000E+00   5.746183394300000E-01   0.000000000000000E+00   0.000000000000000E+00   0.000000000000000E+00   0.000000000000000E+00
   2.759085586000000E-01   3.554417928300000E+00   3.225481996600000E-01   1.105307841300000E+00   5.478347470700000E-01   0.000000000000000E+00   0.000000000000000E+00   0.000000000000000E+00   0.000000000000000E+00
   2.929031869200000E-01   3.554572217700000E+00   3.225482060700000E-01   1.094614244100000E+00   5.746183231699999E-01   0.000000000000000E+00   0.000000000000000E+00   0.000000000000000E+00   0.000000000000000E+00
   3.098978152300000E-01   3.554276674900000E+00   3.225480038800000E-01   1.115371695100000E+00   5.226268838800000E-01   0.000000000000000E+00   0.000000000000000E+00   0.000000000000000E+00   0.000000000000000E+00
   3.257732745900000E-01   3.554571069000000E+00   3.225482611100000E-01   1.094614459500000E+00   5.746182376500000E-01   0.000000000000000E+00   0.000000000000000E+00   0.000000000000000E+00   0.000000000000000E+00
   3.416487339500000E-01   3.554421223700000E+00   3.225480417800000E-01   1.105307227800000E+00   5.478349811200000E-01   0.000000000000000E+00   0.000000000000000E+00   0.000000000000000E+00   0.000000000000000E+00
   3.575241933100000E-01   3.554570158300000E+00   3.225483047100000E-01   1.094614672500000E+00   5.746180639100000E-01   0.000000000000000E+00   0.000000000000000E+00   0.000000000000000E+00   0.000000000000000E+00
   3.733996526600000E-01   3.554282949300000E+00   3.225477034300000E-01   1.115370287100000E+00   5.226279319200000E-01   0.000000000000000E+00   0.000000000000000E+00   0.000000000000000E+00   0.000000000000000E+00
   3.847803174400000E-01   3.554569502100000E+00   3.225483361000000E-01   1.094614862000000E+00   5.746178483200000E-01   0.000000000000000E+00   0.000000000000000E+00   0.000000000000000E+00   0.000000000000000E+00
   3.961609822200000E-01   3.554422961800000E+00   3.225479586400000E-01   1.105306704400000E+00   5.478356062900001E-01   0.000000000000000E+00   0.000000000000000E+00   0.000000000000000E+00   0.000000000000000E+00
   4.075416469900000E-01   3.554569041300000E+00   3.225483580900000E-01   1.094615077400000E+00   5.746174900700000E-01   0.000000000000000E+00   0.000000000000000E+00   0.000000000000000E+00   0.000000000000000E+00
   4.189223117700000E-01   3.554286361700000E+00   3.225475404900000E-01   1.115368861600000E+00   5.226301583400000E-01   0.000000000000000E+00   0.000000000000000E+00   0.000000000000000E+00   0.000000000000000E+00
   4.295930071400000E-01   3.554568802000000E+00   3.225483694700000E-01   1.094615249900000E+00   5.746171517599999E-01   0.000000000000000E+00   0.000000000000000E+00   0.000000000000000E+00   0.000000000000000E+00
   4.402637025100000E-01   3.554423673300000E+00   3.225479248000000E-01   1.105306213700000E+00   5.478365563699999E-01   0.000000000000000E+00   0.000000000000000E+00   0.000000000000000E+00   0.000000000000000E+00
   4.509343978800000E-01   3.554568649100000E+00   3.225483766800000E-01   1.094615445500000E+00   5.746167212400000E-01   0.000000000000000E+00   0.000000000000000E+00   0.000000000000000E+00   0.000000000000000E+00
   4.616050932600000E-01   3.554287516400000E+00   3.225474858900000E-01   1.115367591900000E+00   5.226328884700000E-01   0.000000000000000E+00   0.000000000000000E+00   0.000000000000000E+00   0.000000000000000E+00
   4.734380900700000E-01   3.554568579900000E+00   3.225483798900000E-01   1.094615598100000E+00   5.746163654899999E-01   0.000000000000000E+00   0.000000000000000E+00   0.000000000000000E+00   0.000000000000000E+00
   4.852710868900000E-01   3.554423894100000E+00   3.225479144900000E-01   1.105305780200000E+00   5.478375571900000E-01   0.000000000000000E+00   0.000000000000000E+00   0.000000000000000E+00   0.000000000000000E+00
   4.971040837000000E-01   3.554568533500000E+00   3.225483820100000E-01   1.094615765300000E+00   5.746159641900001E-01   0.000000000000000E+00   0.000000000000000E+00   0.000000000000000E+00   0.000000000000000E+00
   5.089370805200000E-01   3.554287854900000E+00   3.225474703800000E-01   1.115366517900000E+00   5.226354508900000E-01   0.000000000000000E+00   0.000000000000000E+00   0.000000000000000E+00   0.000000000000000E+00
   5.212879402300000E-01   3.554568509900000E+00   3.225483830400000E-01   1.094615902900000E+00   5.746156280900000E-01   0.000000000000000E+00   0.000000000000000E+00   0.000000000000000E+00   0.000000000000000E+00
   5.336387999400000E-01   3.554423966100000E+00   3.225479113100000E-01   1.105305391200000E+00   5.478385054100000E-01   0.000000000000000E+00   0.000000000000000E+00   0.000000000000000E+00   0.000000000000000E+00
   5.459896596500000E-01   3.554568493000000E+00   3.225483837500000E-01   1.094616060300000E+00   5.746152396799999E-01   0.000000000000000E+00   0.000000000000000E+00   0.000000000000000E+00   0.000000000000000E+00
   5.583405193600000E-01   3.554287975500000E+00   3.225474652800000E-01   1.115365509600000E+00   5.226379348700000E-01   0.000000000000000E+00   0.000000000000000E+00   0.000000000000000E+00   0.000000000000000E+00
   5.661548418300000E-01   3.554568480100000E+00   3.225483842500000E-01   1.094616232300000E+00   5.746148129300001E-01   0.000000000000000E+00   0.000000000000000E+00   0.000000000000000E+00   0.000000000000000E+00
   5.739691643000000E-01   3.554423999300000E+00   3.225479100500000E-01   1.105304905800000E+00   5.478397108400000E-01   0.000000000000000E+00   0.000000000000000E+00   0.000000000000000E+00   0.000000000000000E+00
   5.817834867700000E-01   3.554568471400000E+00   3.225483845000000E-01   1.094616479100000E+00   5.746141965100000E-01   0.000000000000000E+00   0.000000000000000E+00   0.000000000000000E+00   0.000000000000000E+00
   5.895978092400000E-01   3.554288044000000E+00   3.225474630900000E-01   1.115363928200000E+00   5.226418780700000E-01   0.000000000000000E+00   0.000000000000000E+00   0.000000000000000E+00   0.000000000000000E+00
   5.962726755100000E-01   3.554568466000000E+00   3.225483846000000E-01   1.094616706600000E+00   5.746136274900000E-01   0.000000000000000E+00   0.000000000000000E+00   0.000000000000000E+00   0.000000000000000E+00
   6.029475417700000E-01   3.554424015400000E+00   3.225479097200000E-01   1.105304263400000E+00   5.478413173700000E-01   0.000000000000000E+00   0.000000000000000E+00   0.000000000000000E+00   0.000000000000000E+00
   6.096224080400000E-01   3.554568461100000E+00   3.225483846300000E-01   1.094616995100000E+00   5.746129051700000E-01   0.000000000000000E+00   0.000000000000000E+00   0.000000000000000E+00   0.000000000000000E+00
   6.162972743000000E-01   3.554288078700000E+00   3.225474627000000E-01   1.115362081700000E+00   5.226465004400001E-01   0.000000000000000E+00   0.000000000000000E+00   0.000000000000000E+00   0.000000000000000E+00
   6.249837545100000E-01   3.554568457900000E+00   3.225483846400000E-01   1.094617211800000E+00   5.746123622500000E-01   0.000000000000000E+00   0.000000000000000E+00   0.000000000000000E+00   0.000000000000000E+00
   6.336702347199999E-01   3.554424024800000E+00   3.225479096900000E-01   1.105303651400000E+00   5.478428502700000E-01   0.000000000000000E+00   0.000000000000000E+00   0.000000000000000E+00   0.000000000000000E+00
   6.423567149300000E-01   3.554568454800000E+00   3.225483846300000E-01   1.094617433400000E+00   5.746118071800000E-01   0.000000000000000E+00   0.000000000000000E+00   0.000000000000000E+00   0.000000000000000E+00
   6.510431951400000E-01   3.554288099200000E+00   3.225474627000000E-01   1.115360663600000E+00   5.226500528900000E-01   0.000000000000000E+00   0.000000000000000E+00   0.000000000000000E+00   0.000000000000000E+00
   6.571997133200000E-01   3.554568451600000E+00   3.225483846300000E-01   1.094617660400000E+00   5.746112384299999E-01   0.000000000000000E+00   0.000000000000000E+00   0.000000000000000E+00   0.000000000000000E+00
   6.633562314900000E-01   3.554424033700000E+00   3.225479097100000E-01   1.105303010400000E+00   5.478444561300000E-01   0.000000000000000E+00   0.000000000000000E+00   0.000000000000000E+00   0.000000000000000E+00
   6.695127496600000E-01   3.554568447400000E+00   3.225483846200000E-01   1.094617973000000E+00   5.746104553000000E-01   0.000000000000000E+00   0.000000000000000E+00   0.000000000000000E+00   0.000000000000000E+00
   6.756692678300000E-01   3.554288126500000E+00   3.225474627700000E-01   1.115358663100000E+00   5.226550648600000E-01   0.000000000000000E+00   0.000000000000000E+00   0.000000000000000E+00   0.000000000000000E+00
   6.816787938600000E-01   3.554568443700000E+00   3.225483846100000E-01   1.094618241900000E+00   5.746097815400000E-01   0.000000000000000E+00   0.000000000000000E+00   0.000000000000000E+00   0.000000000000000E+00
   6.876883198800000E-01   3.554424044000000E+00   3.225479097400000E-01   1.105302251100000E+00   5.478463585000000E-01   0.000000000000000E+00   0.000000000000000E+00   0.000000000000000E+00   0.000000000000000E+00
   6.936978459100001E-01   3.554568439400000E+00   3.225483845900000E-01   1.094618562100000E+00   5.746089793600000E-01   0.000000000000000E+00   0.000000000000000E+00   0.000000000000000E+00   0.000000000000000E+00
   6.997073719300000E-01   3.554288154200000E+00   3.225474628600000E-01   1.115356614000000E+00   5.226601988300000E-01   0.000000000000000E+00   0.000000000000000E+00   0.000000000000000E+00   0.000000000000000E+00
   7.059701637600000E-01   3.554568435800000E+00   3.225483845800000E-01   1.094618828700000E+00   5.746083113400000E-01   0.000000000000000E+00   0.000000000000000E+00   0.000000000000000E+00   0.000000000000000E+00
   7.122329555900000E-01   3.554424054100000E+00   3.225479097700000E-01   1.105301498300000E+00   5.478482446900000E-01   0.000000000000000E+00   0.000000000000000E+00   0.000000000000000E+00   0.000000000000000E+00
   7.184957474200000E-01   3.554568431600000E+00   3.225483845700000E-01   1.094619135900000E+00   5.746075416899999E-01   0.000000000000000E+00   0.000000000000000E+00   0.000000000000000E+00   0.000000000000000E+00
   7.247585392500000E-01   3.554288180800000E+00   3.225474629500000E-01   1.115354647900000E+00   5.226651245700000E-01   0.000000000000000E+00   0.000000000000000E+00   0.000000000000000E+00   0.000000000000000E+00
   7.297922538000000E-01   3.554568427700000E+00   3.225483845500000E-01   1.094619428900000E+00   5.746068076600001E-01   0.000000000000000E+00   0.000000000000000E+00   0.000000000000000E+00   0.000000000000000E+00
   7.348259683500000E-01   3.554424065300000E+00   3.225479098100000E-01   1.105300671000000E+00   5.478503172200000E-01   0.000000000000000E+00   0.000000000000000E+00   0.000000000000000E+00   0.000000000000000E+00
   7.398596829000000E-01   3.554568422500000E+00   3.225483845400000E-01   1.094619811100000E+00   5.746058502200000E-01   0.000000000000000E+00   0.000000000000000E+00   0.000000000000000E+00   0.000000000000000E+00
   7.448933974600001E-01   3.554288213800000E+00   3.225474630600000E-01   1.115352202200000E+00   5.226712521900000E-01   0.000000000000000E+00   0.000000000000000E+00   0.000000000000000E+00   0.000000000000000E+00
   7.487126044100000E-01   3.554568417400000E+00   3.225483845200000E-01   1.094620187500000E+00   5.746049070600000E-01   0.000000000000000E+00   0.000000000000000E+00   0.000000000000000E+00   0.000000000000000E+00
   7.525318113600000E-01   3.554424079700000E+00   3.225479098600000E-01   1.105299608200000E+00   5.478529802100000E-01   0.000000000000000E+00   0.000000000000000E+00   0.000000000000000E+00   0.000000000000000E+00
   7.563510183200000E-01   3.554568410600000E+00   3.225483845000000E-01   1.094620691100000E+00   5.746036453800000E-01   0.000000000000000E+00   0.000000000000000E+00   0.000000000000000E+00   0.000000000000000E+00
   7.601702252700000E-01   3.554288257300000E+00   3.225474632000000E-01   1.115348979300000E+00   5.226793269700000E-01   0.000000000000000E+00   0.000000000000000E+00   0.000000000000000E+00   0.000000000000000E+00
   7.640163616000000E-01   3.554568404900000E+00   3.225483844800000E-01   1.094621117600000E+00   5.746025768100000E-01   0.000000000000000E+00   0.000000000000000E+00   0.000000000000000E+00   0.000000000000000E+00
   7.678624979300001E-01   3.554424095900000E+00   3.225479099100000E-01   1.105298403900000E+00   5.478559973500000E-01   0.000000000000000E+00   0.000000000000000E+00   0.000000000000000E+00   0.000000000000000E+00
   7.717086342600000E-01   3.554568398100000E+00   3.225483844600000E-01   1.094621617500000E+00   5.746013242100000E-01   0.000000000000000E+00   0.000000000000000E+00   0.000000000000000E+00   0.000000000000000E+00
   7.755547705900000E-01   3.554288300500000E+00   3.225474633400000E-01   1.115345779600000E+00   5.226873436100000E-01   0.000000000000000E+00   0.000000000000000E+00   0.000000000000000E+00   0.000000000000000E+00
   7.800157212400000E-01   3.554568392800000E+00   3.225483844400000E-01   1.094622013200000E+00   5.746003329700000E-01   0.000000000000000E+00   0.000000000000000E+00   0.000000000000000E+00   0.000000000000000E+00
   7.844766718800000E-01   3.554424111000000E+00   3.225479099600000E-01   1.105297286800000E+00   5.478587961600000E-01   0.000000000000000E+00   0.000000000000000E+00   0.000000000000000E+00   0.000000000000000E+00
   7.889376225300000E-01   3.554568387000000E+00   3.225483844200000E-01   1.094622444100000E+00   5.745992532000000E-01   0.000000000000000E+00   0.000000000000000E+00   0.000000000000000E+00   0.000000000000000E+00
   7.933985731700000E-01   3.554288337700000E+00   3.225474634600000E-01   1.115343021400000E+00   5.226942541100000E-01   0.000000000000000E+00   0.000000000000000E+00   0.000000000000000E+00   0.000000000000000E+00
   7.979156815300000E-01   3.554568382100000E+00   3.225483844000000E-01   1.094622808200000E+00   5.745983411900000E-01   0.000000000000000E+00   0.000000000000000E+00   0.000000000000000E+00   0.000000000000000E+00
   8.024327898800000E-01   3.554424124900000E+00   3.225479100100000E-01   1.105296259000000E+00   5.478613712700000E-01   0.000000000000000E+00   0.000000000000000E+00   0.000000000000000E+00   0.000000000000000E+00
   8.069498982400000E-01   3.554568376300000E+00   3.225483843800000E-01   1.094623233700000E+00   5.745972750300000E-01   0.000000000000000E+00   0.000000000000000E+00   0.000000000000000E+00   0.000000000000000E+00
   8.114670065900000E-01   3.554288374500000E+00   3.225474635800000E-01   1.115340297900000E+00   5.227010775299999E-01   0.000000000000000E+00   0.000000000000000E+00   0.000000000000000E+00   0.000000000000000E+00
   8.153333598900000E-01   3.554568371000000E+00   3.225483843700000E-01   1.094623625800000E+00   5.745962926000000E-01   0.000000000000000E+00   0.000000000000000E+00   0.000000000000000E+00   0.000000000000000E+00
   8.191997132000000E-01   3.554424139800000E+00   3.225479100600000E-01   1.105295151900000E+00   5.478641451400000E-01   0.000000000000000E+00   0.000000000000000E+00   0.000000000000000E+00   0.000000000000000E+00
   8.230660665000000E-01   3.554568364300000E+00   3.225483843400000E-01   1.094624122900000E+00   5.745950472200000E-01   0.000000000000000E+00   0.000000000000000E+00   0.000000000000000E+00   0.000000000000000E+00
   8.269324198100000E-01   3.554288417500000E+00   3.225474637300000E-01   1.115337116600000E+00   5.227090479600000E-01   0.000000000000000E+00   0.000000000000000E+00   0.000000000000000E+00   0.000000000000000E+00
   8.310683222400000E-01   3.554568358800000E+00   3.225483843300000E-01   1.094624531600000E+00   5.745940232500000E-01   0.000000000000000E+00   0.000000000000000E+00   0.000000000000000E+00   0.000000000000000E+00
   8.352042246700000E-01   3.554424155400000E+00   3.225479101100000E-01   1.105293997900000E+00   5.478670363700000E-01   0.000000000000000E+00   0.000000000000000E+00   0.000000000000000E+00   0.000000000000000E+00
   8.393401271000001E-01   3.554568352500000E+00   3.225483843100000E-01   1.094624996200000E+00   5.745928592600000E-01   0.000000000000000E+00   0.000000000000000E+00   0.000000000000000E+00   0.000000000000000E+00
   8.434760295300000E-01   3.554288457600000E+00   3.225474638600000E-01   1.115334143300000E+00   5.227164975100000E-01   0.000000000000000E+00   0.000000000000000E+00   0.000000000000000E+00   0.000000000000000E+00
   8.463792207800001E-01   3.554568346100000E+00   3.225483842800000E-01   1.094625474900000E+00   5.745916599100001E-01   0.000000000000000E+00   0.000000000000000E+00   0.000000000000000E+00   0.000000000000000E+00
   8.492824120200000E-01   3.554424173700000E+00   3.225479101700000E-01   1.105292646300000E+00   5.478704226800000E-01   0.000000000000000E+00   0.000000000000000E+00   0.000000000000000E+00   0.000000000000000E+00
   8.521856032700000E-01   3.554568337100000E+00   3.225483842600000E-01   1.094626136600000E+00   5.745900020500000E-01   0.000000000000000E+00   0.000000000000000E+00   0.000000000000000E+00   0.000000000000000E+00
   8.550887945200000E-01   3.554288514800000E+00   3.225474640500000E-01   1.115329908400000E+00   5.227271077900000E-01   0.000000000000000E+00   0.000000000000000E+00   0.000000000000000E+00   0.000000000000000E+00
   8.574448645000000E-01   3.554568328600000E+00   3.225483842300000E-01   1.094626764300000E+00   5.745884294400000E-01   0.000000000000000E+00   0.000000000000000E+00   0.000000000000000E+00   0.000000000000000E+00
   8.598009344899999E-01   3.554424197600000E+00   3.225479102500000E-01   1.105290874100000E+00   5.478748628800000E-01   0.000000000000000E+00   0.000000000000000E+00   0.000000000000000E+00   0.000000000000000E+00
   8.621570044700000E-01   3.554568317600000E+00   3.225483841900000E-01   1.094627579400000E+00   5.745863872000000E-01   0.000000000000000E+00   0.000000000000000E+00   0.000000000000000E+00   0.000000000000000E+00
   8.645130744600000E-01   3.554288585200000E+00   3.225474642800000E-01   1.115324691600000E+00   5.227401781300000E-01   0.000000000000000E+00   0.000000000000000E+00   0.000000000000000E+00   0.000000000000000E+00
   8.670906068400001E-01   3.554568308700000E+00   3.225483841600000E-01   1.094628242400000E+00   5.745847261500000E-01   0.000000000000000E+00   0.000000000000000E+00   0.000000000000000E+00   0.000000000000000E+00
   8.696681392200000E-01   3.554424222900000E+00   3.225479103300000E-01   1.105289002100000E+00   5.478795529600000E-01   0.000000000000000E+00   0.000000000000000E+00   0.000000000000000E+00   0.000000000000000E+00
   8.722456716000000E-01   3.554568298600000E+00   3.225483841300000E-01   1.094628987200000E+00   5.745828599600000E-01   0.000000000000000E+00   0.000000000000000E+00   0.000000000000000E+00   0.000000000000000E+00
   8.748232039800000E-01   3.554288649600000E+00   3.225474644900000E-01   1.115319924600000E+00   5.227521217600000E-01   0.000000000000000E+00   0.000000000000000E+00   0.000000000000000E+00   0.000000000000000E+00
   8.774476335300000E-01   3.554568290200000E+00   3.225483841000000E-01   1.094629614600000E+00   5.745812881000000E-01   0.000000000000000E+00   0.000000000000000E+00   0.000000000000000E+00   0.000000000000000E+00
   8.800720630900000E-01   3.554424246800000E+00   3.225479104100000E-01   1.105287230700000E+00   5.478839911500000E-01   0.000000000000000E+00   0.000000000000000E+00   0.000000000000000E+00   0.000000000000000E+00
   8.826964926400001E-01   3.554568280300000E+00   3.225483840700000E-01   1.094630345900000E+00   5.745794558000000E-01   0.000000000000000E+00   0.000000000000000E+00   0.000000000000000E+00   0.000000000000000E+00
   8.853209222000000E-01   3.554288712700000E+00   3.225474647000000E-01   1.115315244100000E+00   5.227638485000000E-01   0.000000000000000E+00   0.000000000000000E+00   0.000000000000000E+00   0.000000000000000E+00
   8.879171089300000E-01   3.554568271900000E+00   3.225483840400000E-01   1.094630970800000E+00   5.745778901000000E-01   0.000000000000000E+00   0.000000000000000E+00   0.000000000000000E+00   0.000000000000000E+00
   8.905132956600000E-01   3.554424270600000E+00   3.225479104900000E-01   1.105285466200000E+00   5.478884119500000E-01   0.000000000000000E+00   0.000000000000000E+00   0.000000000000000E+00   0.000000000000000E+00
   8.931094823900000E-01   3.554568261900000E+00   3.225483840100000E-01   1.094631709900000E+00   5.745760384000000E-01   0.000000000000000E+00   0.000000000000000E+00   0.000000000000000E+00   0.000000000000000E+00
   8.957056691200000E-01   3.554288776600000E+00   3.225474649100000E-01   1.115310514000000E+00   5.227756993500000E-01   0.000000000000000E+00   0.000000000000000E+00   0.000000000000000E+00   0.000000000000000E+00
   8.975487336600000E-01   3.554568251700000E+00   3.225483839700000E-01   1.094632466400000E+00   5.745741431200000E-01   0.000000000000000E+00   0.000000000000000E+00   0.000000000000000E+00   0.000000000000000E+00
   8.993917982000000E-01   3.554424299400000E+00   3.225479105800000E-01   1.105283330400000E+00   5.478937631000000E-01   0.000000000000000E+00   0.000000000000000E+00   0.000000000000000E+00   0.000000000000000E+00
   9.012348627400000E-01   3.554568237600000E+00   3.225483839300000E-01   1.094633507000000E+00   5.745715357000000E-01   0.000000000000000E+00   0.000000000000000E+00   0.000000000000000E+00   0.000000000000000E+00
   9.030779272700000E-01   3.554288866500000E+00   3.225474652000000E-01   1.115303853600000E+00   5.227923868400000E-01   0.000000000000000E+00   0.000000000000000E+00   0.000000000000000E+00   0.000000000000000E+00
   9.051614600600000E-01   3.554568226400000E+00   3.225483838900000E-01   1.094634340400000E+00   5.745694477400000E-01   0.000000000000000E+00   0.000000000000000E+00   0.000000000000000E+00   0.000000000000000E+00
   9.072449928600000E-01   3.554424331200000E+00   3.225479106800000E-01   1.105280977400000E+00   5.478996586100000E-01   0.000000000000000E+00   0.000000000000000E+00   0.000000000000000E+00   0.000000000000000E+00
   9.093285256500000E-01   3.554568213900000E+00   3.225483838500000E-01   1.094635260600000E+00   5.745671421600000E-01   0.000000000000000E+00   0.000000000000000E+00   0.000000000000000E+00   0.000000000000000E+00
   9.114120584400000E-01   3.554288946000000E+00   3.225474654600000E-01   1.115297964200000E+00   5.228071425900001E-01   0.000000000000000E+00   0.000000000000000E+00   0.000000000000000E+00   0.000000000000000E+00
   9.137995046800000E-01   3.554568204100000E+00   3.225483838200000E-01   1.094635992900000E+00   5.745653075000000E-01   0.000000000000000E+00   0.000000000000000E+00   0.000000000000000E+00   0.000000000000000E+00
   9.161869509100000E-01   3.554424359100000E+00   3.225479107800000E-01   1.105278909800000E+00   5.479048389200000E-01   0.000000000000000E+00   0.000000000000000E+00   0.000000000000000E+00   0.000000000000000E+00
   9.185743971500000E-01   3.554568193200000E+00   3.225483837800000E-01   1.094636795700000E+00   5.745632961000000E-01   0.000000000000000E+00   0.000000000000000E+00   0.000000000000000E+00   0.000000000000000E+00
   9.209618433900000E-01   3.554289015400000E+00   3.225474656900000E-01   1.115292826200000E+00   5.228200155600000E-01   0.000000000000000E+00   0.000000000000000E+00   0.000000000000000E+00   0.000000000000000E+00
   9.224711896700000E-01   3.554568181300000E+00   3.225483837400000E-01   1.094637676500000E+00   5.745610893500001E-01   0.000000000000000E+00   0.000000000000000E+00   0.000000000000000E+00   0.000000000000000E+00
   9.239805359400000E-01   3.554424392700000E+00   3.225479108900000E-01   1.105276423100000E+00   5.479110693000000E-01   0.000000000000000E+00   0.000000000000000E+00   0.000000000000000E+00   0.000000000000000E+00
   9.254898822099999E-01   3.554568164200000E+00   3.225483836900000E-01   1.094638945800000E+00   5.745579090800000E-01   0.000000000000000E+00   0.000000000000000E+00   0.000000000000000E+00   0.000000000000000E+00
   9.269992284900000E-01   3.554289125000000E+00   3.225474660500000E-01   1.115284702500000E+00   5.228403692900000E-01   0.000000000000000E+00   0.000000000000000E+00   0.000000000000000E+00   0.000000000000000E+00
   9.288832554000001E-01   3.554568151100000E+00   3.225483836400000E-01   1.094639917200000E+00   5.745554753100000E-01   0.000000000000000E+00   0.000000000000000E+00   0.000000000000000E+00   0.000000000000000E+00
   9.307672823100001E-01   3.554424429700000E+00   3.225479110100000E-01   1.105273680200000E+00   5.479179413700001E-01   0.000000000000000E+00   0.000000000000000E+00   0.000000000000000E+00   0.000000000000000E+00
   9.326513092299999E-01   3.554568137400000E+00   3.225483836000000E-01   1.094640933600000E+00   5.745529286700000E-01   0.000000000000000E+00   0.000000000000000E+00   0.000000000000000E+00   0.000000000000000E+00
   9.345353361400000E-01   3.554289212800000E+00   3.225474663400000E-01   1.115278197400000E+00   5.228566677900000E-01   0.000000000000000E+00   0.000000000000000E+00   0.000000000000000E+00   0.000000000000000E+00
   9.365776656600000E-01   3.554568126200000E+00   3.225483835600000E-01   1.094641763900000E+00   5.745508483500000E-01   0.000000000000000E+00   0.000000000000000E+00   0.000000000000000E+00   0.000000000000000E+00
   9.386199951800001E-01   3.554424461300000E+00   3.225479111100000E-01   1.105271335800000E+00   5.479238152800000E-01   0.000000000000000E+00   0.000000000000000E+00   0.000000000000000E+00   0.000000000000000E+00
   9.406623247100000E-01   3.554568113500000E+00   3.225483835200000E-01   1.094642701200000E+00   5.745485000200000E-01   0.000000000000000E+00   0.000000000000000E+00   0.000000000000000E+00   0.000000000000000E+00
   9.427046542300000E-01   3.554289293800000E+00   3.225474666100000E-01   1.115272198800000E+00   5.228716971200000E-01   0.000000000000000E+00   0.000000000000000E+00   0.000000000000000E+00   0.000000000000000E+00
   9.439542237800000E-01   3.554568099300000E+00   3.225483834700000E-01   1.094643750500000E+00   5.745458711200000E-01   0.000000000000000E+00   0.000000000000000E+00   0.000000000000000E+00   0.000000000000000E+00
   9.452037933200000E-01   3.554424501300000E+00   3.225479112400000E-01   1.105268373500000E+00   5.479312373900000E-01   0.000000000000000E+00   0.000000000000000E+00   0.000000000000000E+00   0.000000000000000E+00
   9.464533628700000E-01   3.554568078700000E+00   3.225483834100000E-01   1.094645281600000E+00   5.745420348300000E-01   0.000000000000000E+00   0.000000000000000E+00   0.000000000000000E+00   0.000000000000000E+00
   9.477029324200000E-01   3.554289426100000E+00   3.225474670400000E-01   1.115262399400000E+00   5.228962493500000E-01   0.000000000000000E+00   0.000000000000000E+00   0.000000000000000E+00   0.000000000000000E+00
   9.487437440099999E-01   3.554568059300000E+00   3.225483833400000E-01   1.094646713200000E+00   5.745384479800000E-01   0.000000000000000E+00   0.000000000000000E+00   0.000000000000000E+00   0.000000000000000E+00
   9.497845555900000E-01   3.554424555900000E+00   3.225479114200000E-01   1.105264331500000E+00   5.479413645100000E-01   0.000000000000000E+00   0.000000000000000E+00   0.000000000000000E+00   0.000000000000000E+00
   9.508253671800000E-01   3.554568034500000E+00   3.225483832600000E-01   1.094648550200000E+00   5.745338453400000E-01   0.000000000000000E+00   0.000000000000000E+00   0.000000000000000E+00   0.000000000000000E+00
   9.518661787600000E-01   3.554289584800000E+00   3.225474675600000E-01   1.115250642500000E+00   5.229257062400000E-01   0.000000000000000E+00   0.000000000000000E+00   0.000000000000000E+00   0.000000000000000E+00
   9.528297947600000E-01   3.554568012600000E+00   3.225483831900000E-01   1.094650173600000E+00   5.745297778400000E-01   0.000000000000000E+00   0.000000000000000E+00   0.000000000000000E+00   0.000000000000000E+00
   9.537934107600000E-01   3.554424617800000E+00   3.225479116300000E-01   1.105259747800000E+00   5.479528489700000E-01   0.000000000000000E+00   0.000000000000000E+00   0.000000000000000E+00   0.000000000000000E+00
   9.547570267600000E-01   3.554567985900000E+00   3.225483831000000E-01   1.094652156300000E+00   5.745248102800000E-01   0.000000000000000E+00   0.000000000000000E+00   0.000000000000000E+00   0.000000000000000E+00
   9.557206427600000E-01   3.554289756100000E+00   3.225474681200000E-01   1.115237953500000E+00   5.229574986500000E-01   0.000000000000000E+00   0.000000000000000E+00   0.000000000000000E+00   0.000000000000000E+00
   9.565486919800000E-01   3.554567961300000E+00   3.225483830200000E-01   1.094653978800000E+00   5.745202439000000E-01   0.000000000000000E+00   0.000000000000000E+00   0.000000000000000E+00   0.000000000000000E+00
   9.573767412000000E-01   3.554424687200000E+00   3.225479118500000E-01   1.105254602100000E+00   5.479657416500000E-01   0.000000000000000E+00   0.000000000000000E+00   0.000000000000000E+00   0.000000000000000E+00
   9.582047904200000E-01   3.554567930200000E+00   3.225483829200000E-01   1.094656284100000E+00   5.745144680099999E-01   0.000000000000000E+00   0.000000000000000E+00   0.000000000000000E+00   0.000000000000000E+00
   9.590328396500000E-01   3.554289955200000E+00   3.225474687800000E-01   1.115223199800000E+00   5.229944643100000E-01   0.000000000000000E+00   0.000000000000000E+00   0.000000000000000E+00   0.000000000000000E+00
   9.596931053100000E-01   3.554567900400000E+00   3.225483828200000E-01   1.094658491600000E+00   5.745089370200001E-01   0.000000000000000E+00   0.000000000000000E+00   0.000000000000000E+00   0.000000000000000E+00
   9.603533709700000E-01   3.554424771300000E+00   3.225479121300000E-01   1.105248369600000E+00   5.479813572100000E-01   0.000000000000000E+00   0.000000000000000E+00   0.000000000000000E+00   0.000000000000000E+00
   9.610136366299999E-01   3.554567861400000E+00   3.225483826900000E-01   1.094661379700000E+00   5.745017009300000E-01   0.000000000000000E+00   0.000000000000000E+00   0.000000000000000E+00   0.000000000000000E+00
   9.616739022900000E-01   3.554290204700000E+00   3.225474696000000E-01   1.115204716300000E+00   5.230407753100000E-01   0.000000000000000E+00   0.000000000000000E+00   0.000000000000000E+00   0.000000000000000E+00
   9.623239181200000E-01   3.554567828000000E+00   3.225483825800000E-01   1.094663852400000E+00   5.744955053200000E-01   0.000000000000000E+00   0.000000000000000E+00   0.000000000000000E+00   0.000000000000000E+00
   9.629739339400000E-01   3.554424865600000E+00   3.225479124400000E-01   1.105241387800000E+00   5.479988505700000E-01   0.000000000000000E+00   0.000000000000000E+00   0.000000000000000E+00   0.000000000000000E+00
   9.636239497700000E-01   3.554567788400000E+00   3.225483824500000E-01   1.094666782600000E+00   5.744881636900000E-01   0.000000000000000E+00   0.000000000000000E+00   0.000000000000000E+00   0.000000000000000E+00
   9.642739656000000E-01   3.554290457800000E+00   3.225474704300000E-01   1.115185963400000E+00   5.230877617100000E-01   0.000000000000000E+00   0.000000000000000E+00   0.000000000000000E+00   0.000000000000000E+00
   9.648897362400000E-01   3.554567753900000E+00   3.225483823400000E-01   1.094669341000000E+00   5.744817534700000E-01   0.000000000000000E+00   0.000000000000000E+00   0.000000000000000E+00   0.000000000000000E+00
   9.655055068700000E-01   3.554424963100000E+00   3.225479127600000E-01   1.105234164200000E+00   5.480169495700000E-01   0.000000000000000E+00   0.000000000000000E+00   0.000000000000000E+00   0.000000000000000E+00
   9.661212775100000E-01   3.554567712200000E+00   3.225483822000000E-01   1.094672430300000E+00   5.744740129100000E-01   0.000000000000000E+00   0.000000000000000E+00   0.000000000000000E+00   0.000000000000000E+00
   9.667370481400001E-01   3.554290724600000E+00   3.225474713100000E-01   1.115166191600000E+00   5.231373013000000E-01   0.000000000000000E+00   0.000000000000000E+00   0.000000000000000E+00   0.000000000000000E+00
   9.674042679600000E-01   3.554567678200000E+00   3.225483820900000E-01   1.094674953400000E+00   5.744676911500000E-01   0.000000000000000E+00   0.000000000000000E+00   0.000000000000000E+00   0.000000000000000E+00
   9.680714877800000E-01   3.554425059200000E+00   3.225479130800000E-01   1.105227040000000E+00   5.480347998900000E-01   0.000000000000000E+00   0.000000000000000E+00   0.000000000000000E+00   0.000000000000000E+00
   9.687387076100000E-01   3.554567639700000E+00   3.225483819600000E-01   1.094677801100000E+00   5.744605559900000E-01   0.000000000000000E+00   0.000000000000000E+00   0.000000000000000E+00   0.000000000000000E+00
   9.694059274300000E-01   3.554290970500000E+00   3.225474721200000E-01   1.115147966300000E+00   5.231829663799999E-01   0.000000000000000E+00   0.000000000000000E+00   0.000000000000000E+00   0.000000000000000E+00
   9.699470689300000E-01   3.554567603300000E+00   3.225483818400000E-01   1.094680502200000E+00   5.744537880900000E-01   0.000000000000000E+00   0.000000000000000E+00   0.000000000000000E+00   0.000000000000000E+00
   9.704882104400000E-01   3.554425162100000E+00   3.225479134100000E-01   1.105219414100000E+00   5.480539073200000E-01   0.000000000000000E+00   0.000000000000000E+00   0.000000000000000E+00   0.000000000000000E+00
   9.710293519400000E-01   3.554567556000000E+00   3.225483816900000E-01   1.094684008900000E+00   5.744450017700000E-01   0.000000000000000E+00   0.000000000000000E+00   0.000000000000000E+00   0.000000000000000E+00
   9.715704934500000E-01   3.554291273400000E+00   3.225474731100000E-01   1.115125523600000E+00   5.232391988300000E-01   0.000000000000000E+00   0.000000000000000E+00   0.000000000000000E+00   0.000000000000000E+00
   9.721205476100000E-01   3.554567516100000E+00   3.225483815600000E-01   1.094686963300000E+00   5.744375991700000E-01   0.000000000000000E+00   0.000000000000000E+00   0.000000000000000E+00   0.000000000000000E+00
   9.726706017600000E-01   3.554425274700000E+00   3.225479137800000E-01   1.105211072200000E+00   5.480748089700000E-01   0.000000000000000E+00   0.000000000000000E+00   0.000000000000000E+00   0.000000000000000E+00
   9.732206559200000E-01   3.554567469600000E+00   3.225483814000000E-01   1.094690408300000E+00   5.744289673200000E-01   0.000000000000000E+00   0.000000000000000E+00   0.000000000000000E+00   0.000000000000000E+00
   9.737707100800000E-01   3.554291570900000E+00   3.225474740900000E-01   1.115103475700000E+00   5.232944427000000E-01   0.000000000000000E+00   0.000000000000000E+00   0.000000000000000E+00   0.000000000000000E+00
   9.746213592000000E-01   3.554567437100000E+00   3.225483813000000E-01   1.094692817200000E+00   5.744229313800000E-01   0.000000000000000E+00   0.000000000000000E+00   0.000000000000000E+00   0.000000000000000E+00
   9.754720083300000E-01   3.554425366500000E+00   3.225479140900000E-01   1.105204269200000E+00   5.480918547500000E-01   0.000000000000000E+00   0.000000000000000E+00   0.000000000000000E+00   0.000000000000000E+00
   9.763226574500000E-01   3.554567407100000E+00   3.225483812000000E-01   1.094695042300000E+00   5.744173561600000E-01   0.000000000000000E+00   0.000000000000000E+00   0.000000000000000E+00   0.000000000000000E+00
   9.771733065700000E-01   3.554291763100000E+00   3.225474747200000E-01   1.115089235300000E+00   5.233301241500000E-01   0.000000000000000E+00   0.000000000000000E+00   0.000000000000000E+00   0.000000000000000E+00
   9.778191414900000E-01   3.554567377500000E+00   3.225483811000000E-01   1.094697232600000E+00   5.744118679300000E-01   0.000000000000000E+00   0.000000000000000E+00   0.000000000000000E+00   0.000000000000000E+00
   9.784649764100000E-01   3.554425449900000E+00   3.225479143600000E-01   1.105198085400000E+00   5.481073492500000E-01   0.000000000000000E+00   0.000000000000000E+00   0.000000000000000E+00   0.000000000000000E+00
   9.791108113300000E-01   3.554567338000000E+00   3.225483809700000E-01   1.094700160200000E+00   5.744045322700000E-01   0.000000000000000E+00   0.000000000000000E+00   0.000000000000000E+00   0.000000000000000E+00
   9.797566462500000E-01   3.554292015800000E+00   3.225474755500000E-01   1.115070498500000E+00   5.233770724200000E-01   0.000000000000000E+00   0.000000000000000E+00   0.000000000000000E+00   0.000000000000000E+00
   9.802063356600000E-01   3.554567297200000E+00   3.225483808400000E-01   1.094703189900000E+00   5.743969408000000E-01   0.000000000000000E+00   0.000000000000000E+00   0.000000000000000E+00   0.000000000000000E+00
   9.806560250800000E-01   3.554425565300000E+00   3.225479147400000E-01   1.105189532600000E+00   5.481287798300000E-01   0.000000000000000E+00   0.000000000000000E+00   0.000000000000000E+00   0.000000000000000E+00
   9.811057144899999E-01   3.554567240500000E+00   3.225483806500000E-01   1.094707388400000E+00   5.743864206400000E-01   0.000000000000000E+00   0.000000000000000E+00   0.000000000000000E+00   0.000000000000000E+00
   9.815554039100000E-01   3.554292378400000E+00   3.225474767400000E-01   1.115043628100000E+00   5.234444014900000E-01   0.000000000000000E+00   0.000000000000000E+00   0.000000000000000E+00   0.000000000000000E+00
   9.819598216500000E-01   3.554567189700000E+00   3.225483804800000E-01   1.094711153800000E+00   5.743769856499999E-01   0.000000000000000E+00   0.000000000000000E+00   0.000000000000000E+00   0.000000000000000E+00
   9.823642393899999E-01   3.554425708800000E+00   3.225479152100000E-01   1.105178901700000E+00   5.481554179000000E-01   0.000000000000000E+00   0.000000000000000E+00   0.000000000000000E+00   0.000000000000000E+00
   9.827686571299999E-01   3.554567126800000E+00   3.225483802800000E-01   1.094715813900000E+00   5.743653088000000E-01   0.000000000000000E+00   0.000000000000000E+00   0.000000000000000E+00   0.000000000000000E+00
   9.831730748700001E-01   3.554292780700000E+00   3.225474780600000E-01   1.115013803600000E+00   5.235191333800000E-01   0.000000000000000E+00   0.000000000000000E+00   0.000000000000000E+00   0.000000000000000E+00
   9.836134859900000E-01   3.554567075600000E+00   3.225483801100000E-01   1.094719609300000E+00   5.743557983299999E-01   0.000000000000000E+00   0.000000000000000E+00   0.000000000000000E+00   0.000000000000000E+00
   9.840538971200000E-01   3.554425853300000E+00   3.225479156900000E-01   1.105168184400000E+00   5.481822725300000E-01   0.000000000000000E+00   0.000000000000000E+00   0.000000000000000E+00   0.000000000000000E+00
   9.844943082499999E-01   3.554567018000000E+00   3.225483799200000E-01   1.094723880800000E+00   5.743450952000000E-01   0.000000000000000E+00   0.000000000000000E+00   0.000000000000000E+00   0.000000000000000E+00
   9.849347193800000E-01   3.554293149500000E+00   3.225474792700000E-01   1.114986466600000E+00   5.235876334900000E-01   0.000000000000000E+00   0.000000000000000E+00   0.000000000000000E+00   0.000000000000000E+00
   9.853602744500000E-01   3.554566968200000E+00   3.225483797600000E-01   1.094727571600000E+00   5.743358466400000E-01   0.000000000000000E+00   0.000000000000000E+00   0.000000000000000E+00   0.000000000000000E+00
   9.857858295300000E-01   3.554425993900000E+00   3.225479161500000E-01   1.105157763300000E+00   5.482083855200000E-01   0.000000000000000E+00   0.000000000000000E+00   0.000000000000000E+00   0.000000000000000E+00
   9.862113846100000E-01   3.554566908700000E+00   3.225483795600000E-01   1.094731984300000E+00   5.743247893900000E-01   0.000000000000000E+00   0.000000000000000E+00   0.000000000000000E+00   0.000000000000000E+00
   9.866369396900000E-01   3.554293530400000E+00   3.225474805300000E-01   1.114958225500000E+00   5.236583999600000E-01   0.000000000000000E+00   0.000000000000000E+00   0.000000000000000E+00   0.000000000000000E+00
   9.870033344200000E-01   3.554566854100000E+00   3.225483793800000E-01   1.094736034500000E+00   5.743146404500000E-01   0.000000000000000E+00   0.000000000000000E+00   0.000000000000000E+00   0.000000000000000E+00
   9.873697291400000E-01   3.554426148100000E+00   3.225479166500000E-01   1.105146328900000E+00   5.482370382100000E-01   0.000000000000000E+00   0.000000000000000E+00   0.000000000000000E+00   0.000000000000000E+00
   9.877361238700000E-01   3.554566785100000E+00   3.225483791500000E-01   1.094741149600000E+00   5.743018227100000E-01   0.000000000000000E+00   0.000000000000000E+00   0.000000000000000E+00   0.000000000000000E+00
   9.881025185900000E-01   3.554293971800000E+00   3.225474819800000E-01   1.114925488600000E+00   5.237404335900000E-01   0.000000000000000E+00   0.000000000000000E+00   0.000000000000000E+00   0.000000000000000E+00
   9.884148946300000E-01   3.554566721500000E+00   3.225483789500000E-01   1.094745868800000E+00   5.742899970499999E-01   0.000000000000000E+00   0.000000000000000E+00   0.000000000000000E+00   0.000000000000000E+00
   9.887272706700000E-01   3.554426327800000E+00   3.225479172400000E-01   1.105133005900000E+00   5.482704237600000E-01   0.000000000000000E+00   0.000000000000000E+00   0.000000000000000E+00   0.000000000000000E+00
   9.890396467100000E-01   3.554566640700000E+00   3.225483786800000E-01   1.094751854800000E+00   5.742749967800000E-01   0.000000000000000E+00   0.000000000000000E+00   0.000000000000000E+00   0.000000000000000E+00
   9.893520227500000E-01   3.554294488500000E+00   3.225474836700000E-01   1.114887178100000E+00   5.238364355500000E-01   0.000000000000000E+00   0.000000000000000E+00   0.000000000000000E+00   0.000000000000000E+00
   9.896905541700000E-01   3.554566574900000E+00   3.225483784600000E-01   1.094756740100000E+00   5.742627544800000E-01   0.000000000000000E+00   0.000000000000000E+00   0.000000000000000E+00   0.000000000000000E+00
   9.900290855900000E-01   3.554426513800000E+00   3.225479178500000E-01   1.105119211100000E+00   5.483049926400000E-01   0.000000000000000E+00   0.000000000000000E+00   0.000000000000000E+00   0.000000000000000E+00
   9.903676170200000E-01   3.554566500600000E+00   3.225483782200000E-01   1.094762250600000E+00   5.742489456200000E-01   0.000000000000000E+00   0.000000000000000E+00   0.000000000000000E+00   0.000000000000000E+00
   9.907061484400000E-01   3.554294963900000E+00   3.225474852300000E-01   1.114851911400000E+00   5.239248124300000E-01   0.000000000000000E+00   0.000000000000000E+00   0.000000000000000E+00   0.000000000000000E+00
   9.909580148100000E-01   3.554566426600000E+00   3.225483779800000E-01   1.094767734900000E+00   5.742352020200000E-01   0.000000000000000E+00   0.000000000000000E+00   0.000000000000000E+00   0.000000000000000E+00
   9.912098811800000E-01   3.554426722500000E+00   3.225479185400000E-01   1.105103730500000E+00   5.483437867399999E-01   0.000000000000000E+00   0.000000000000000E+00   0.000000000000000E+00   0.000000000000000E+00
   9.914617475500000E-01   3.554566327000000E+00   3.225483776500000E-01   1.094775121700000E+00   5.742166906500000E-01   0.000000000000000E+00   0.000000000000000E+00   0.000000000000000E+00   0.000000000000000E+00
   9.917136139100000E-01   3.554295601100000E+00   3.225474873300000E-01   1.114804636000000E+00   5.240432855800000E-01   0.000000000000000E+00   0.000000000000000E+00   0.000000000000000E+00   0.000000000000000E+00
   9.919209715700000E-01   3.554566233500000E+00   3.225483773400000E-01   1.094782064500000E+00   5.741992913100000E-01   0.000000000000000E+00   0.000000000000000E+00   0.000000000000000E+00   0.000000000000000E+00
   9.921283292300001E-01   3.554426986700000E+00   3.225479194100000E-01   1.105084131900000E+00   5.483929021900000E-01   0.000000000000000E+00   0.000000000000000E+00   0.000000000000000E+00   0.000000000000000E+00
   9.923356869000000E-01   3.554566112800000E+00   3.225483769500000E-01   1.094791006500000E+00   5.741768818700000E-01   0.000000000000000E+00   0.000000000000000E+00   0.000000000000000E+00   0.000000000000000E+00
   9.925430445600000E-01   3.554296372300000E+00   3.225474898600000E-01   1.114747407700000E+00   5.241867066900000E-01   0.000000000000000E+00   0.000000000000000E+00   0.000000000000000E+00   0.000000000000000E+00
   9.927383264000000E-01   3.554566007600000E+00   3.225483766000000E-01   1.094798827800000E+00   5.741572799500000E-01   0.000000000000000E+00   0.000000000000000E+00   0.000000000000000E+00   0.000000000000000E+00
   9.929336082400000E-01   3.554427284200000E+00   3.225479203800000E-01   1.105062049800000E+00   5.484482439000000E-01   0.000000000000000E+00   0.000000000000000E+00   0.000000000000000E+00   0.000000000000000E+00
   9.931288900800000E-01   3.554565880000000E+00   3.225483761800000E-01   1.094808286400000E+00   5.741335748200000E-01   0.000000000000000E+00   0.000000000000000E+00   0.000000000000000E+00   0.000000000000000E+00
   9.933241719200000E-01   3.554297187300000E+00   3.225474925300000E-01   1.114686873500000E+00   5.243384204800000E-01   0.000000000000000E+00   0.000000000000000E+00   0.000000000000000E+00   0.000000000000000E+00
   9.934375565500000E-01   3.554565732800000E+00   3.225483757000000E-01   1.094819214000000E+00   5.741061863100000E-01   0.000000000000000E+00   0.000000000000000E+00   0.000000000000000E+00   0.000000000000000E+00
   9.935509411900000E-01   3.554427699300000E+00   3.225479217400000E-01   1.105031228000000E+00   5.485254939799999E-01   0.000000000000000E+00   0.000000000000000E+00   0.000000000000000E+00   0.000000000000000E+00
   9.936643258200000E-01   3.554565514100000E+00   3.225483749800000E-01   1.094835416900000E+00   5.740655757399999E-01   0.000000000000000E+00   0.000000000000000E+00   0.000000000000000E+00   0.000000000000000E+00
   9.937777104600000E-01   3.554298583800000E+00   3.225474971100000E-01   1.114583175800000E+00   5.245983313600000E-01   0.000000000000000E+00   0.000000000000000E+00   0.000000000000000E+00   0.000000000000000E+00
   9.938931644600000E-01   3.554565331600000E+00   3.225483743800000E-01   1.094849018700000E+00   5.740314811600000E-01   0.000000000000000E+00   0.000000000000000E+00   0.000000000000000E+00   0.000000000000000E+00
   9.940086184700000E-01   3.554428216400000E+00   3.225479234400000E-01   1.104992820400000E+00   5.486217648500000E-01   0.000000000000000E+00   0.000000000000000E+00   0.000000000000000E+00   0.000000000000000E+00
   9.941240724800000E-01   3.554565118300000E+00   3.225483736800000E-01   1.094864823800000E+00   5.739918631900000E-01   0.000000000000000E+00   0.000000000000000E+00   0.000000000000000E+00   0.000000000000000E+00
   9.942395264900000E-01   3.554299945400000E+00   3.225475015800000E-01   1.114482023900000E+00   5.248518892800000E-01   0.000000000000000E+00   0.000000000000000E+00   0.000000000000000E+00   0.000000000000000E+00
   9.943896530800000E-01   3.554564959700000E+00   3.225483731600000E-01   1.094876663000000E+00   5.739621833900000E-01   0.000000000000000E+00   0.000000000000000E+00   0.000000000000000E+00   0.000000000000000E+00
   9.945397796600000E-01   3.554428666400000E+00   3.225479249200000E-01   1.104959372100000E+00   5.487056142300000E-01   0.000000000000000E+00   0.000000000000000E+00   0.000000000000000E+00   0.000000000000000E+00
   9.946899062500000E-01   3.554564796900000E+00   3.225483726200000E-01   1.094888745800000E+00   5.739318924900000E-01   0.000000000000000E+00   0.000000000000000E+00   0.000000000000000E+00   0.000000000000000E+00
   9.948400328300000E-01   3.554300985200000E+00   3.225475049900000E-01   1.114404695000000E+00   5.250457526100000E-01   0.000000000000000E+00   0.000000000000000E+00   0.000000000000000E+00   0.000000000000000E+00
   9.949892545100000E-01   3.554564659100000E+00   3.225483721700000E-01   1.094899020400000E+00   5.739061320700000E-01   0.000000000000000E+00   0.000000000000000E+00   0.000000000000000E+00   0.000000000000000E+00
   9.951384761900000E-01   3.554429056400000E+00   3.225479262000000E-01   1.104930361300000E+00   5.487783484099999E-01   0.000000000000000E+00   0.000000000000000E+00   0.000000000000000E+00   0.000000000000000E+00
   9.952876978600000E-01   3.554564496300000E+00   3.225483716400000E-01   1.094911113400000E+00   5.738758119500000E-01   0.000000000000000E+00   0.000000000000000E+00   0.000000000000000E+00   0.000000000000000E+00
   9.954369195400000E-01   3.554302025100000E+00   3.225475084000000E-01   1.114327300600000E+00   5.252398030100000E-01   0.000000000000000E+00   0.000000000000000E+00   0.000000000000000E+00   0.000000000000000E+00
   9.955765645100000E-01   3.554564354100000E+00   3.225483711700000E-01   1.094921717700000E+00   5.738492217700000E-01   0.000000000000000E+00   0.000000000000000E+00   0.000000000000000E+00   0.000000000000000E+00
   9.957162094799999E-01   3.554429458500000E+00   3.225479275100000E-01   1.104900423400000E+00   5.488534164300000E-01   0.000000000000000E+00   0.000000000000000E+00   0.000000000000000E+00   0.000000000000000E+00
   9.958558544600000E-01   3.554564181200000E+00   3.225483706100000E-01   1.094934570300000E+00   5.738169925400000E-01   0.000000000000000E+00   0.000000000000000E+00   0.000000000000000E+00   0.000000000000000E+00
   9.959954994300000E-01   3.554303129200000E+00   3.225475120200000E-01   1.114245044500000E+00   5.254460721000001E-01   0.000000000000000E+00   0.000000000000000E+00   0.000000000000000E+00   0.000000000000000E+00
   9.961161917200000E-01   3.554564023900000E+00   3.225483700900000E-01   1.094946321700000E+00   5.737875215100000E-01   0.000000000000000E+00   0.000000000000000E+00   0.000000000000000E+00   0.000000000000000E+00
   9.962368840100000E-01   3.554429903500000E+00   3.225479289700000E-01   1.104867253600000E+00   5.489366016800000E-01   0.000000000000000E+00   0.000000000000000E+00   0.000000000000000E+00   0.000000000000000E+00
   9.963575763100000E-01   3.554563825200000E+00   3.225483694400000E-01   1.094961103100000E+00   5.737504492400000E-01   0.000000000000000E+00   0.000000000000000E+00   0.000000000000000E+00   0.000000000000000E+00
   9.964782686000000E-01   3.554304397600000E+00   3.225475161700000E-01   1.114150444800000E+00   5.256833376300000E-01   0.000000000000000E+00   0.000000000000000E+00   0.000000000000000E+00   0.000000000000000E+00
   9.965853592900000E-01   3.554563647100000E+00   3.225483688600000E-01   1.094974423500000E+00   5.737170358700000E-01   0.000000000000000E+00   0.000000000000000E+00   0.000000000000000E+00   0.000000000000000E+00
   9.966924499800000E-01   3.554430407300000E+00   3.225479306200000E-01   1.104829653800000E+00   5.490309165900000E-01   0.000000000000000E+00   0.000000000000000E+00   0.000000000000000E+00   0.000000000000000E+00
   9.967995406700000E-01   3.554563425000000E+00   3.225483681300000E-01   1.094990967400000E+00   5.736755331500000E-01   0.000000000000000E+00   0.000000000000000E+00   0.000000000000000E+00   0.000000000000000E+00
   9.969066313500000E-01   3.554305814700000E+00   3.225475208100000E-01   1.114044565500000E+00   5.259489592800000E-01   0.000000000000000E+00   0.000000000000000E+00   0.000000000000000E+00   0.000000000000000E+00
   9.969911617000000E-01   3.554563213100000E+00   3.225483674300000E-01   1.095006853300000E+00   5.736356733700000E-01   0.000000000000000E+00   0.000000000000000E+00   0.000000000000000E+00   0.000000000000000E+00
   9.970756920500000E-01   3.554431006600000E+00   3.225479325800000E-01   1.104784831700000E+00   5.491433816000000E-01   0.000000000000000E+00   0.000000000000000E+00   0.000000000000000E+00   0.000000000000000E+00
   9.971602223900000E-01   3.554562934500000E+00   3.225483665200000E-01   1.095027638200000E+00   5.735835132100000E-01   0.000000000000000E+00   0.000000000000000E+00   0.000000000000000E+00   0.000000000000000E+00
   9.972447527400000E-01   3.554307591700000E+00   3.225475266100000E-01   1.113911544700000E+00   5.262827915100000E-01   0.000000000000000E+00   0.000000000000000E+00   0.000000000000000E+00   0.000000000000000E+00
   9.973342656800001E-01   3.554562707500000E+00   3.225483657800000E-01   1.095044730600000E+00   5.735406062100000E-01   0.000000000000000E+00   0.000000000000000E+00   0.000000000000000E+00   0.000000000000000E+00
   9.974237786200000E-01   3.554431650500000E+00   3.225479346800000E-01   1.104736560100000E+00   5.492645528200000E-01   0.000000000000000E+00   0.000000000000000E+00   0.000000000000000E+00   0.000000000000000E+00
   9.975132915600000E-01   3.554562447500000E+00   3.225483649300000E-01   1.095064179700000E+00   5.734917745000000E-01   0.000000000000000E+00   0.000000000000000E+00   0.000000000000000E+00   0.000000000000000E+00
   9.976028045000001E-01   3.554309247800000E+00   3.225475320100000E-01   1.113787074000000E+00   5.265953221100000E-01   0.000000000000000E+00   0.000000000000000E+00   0.000000000000000E+00   0.000000000000000E+00
   9.976616211500000E-01   3.554562172000000E+00   3.225483640300000E-01   1.095084950300000E+00   5.734396084200000E-01   0.000000000000000E+00   0.000000000000000E+00   0.000000000000000E+00   0.000000000000000E+00
   9.977204378000000E-01   3.554432427500000E+00   3.225479372100000E-01   1.104678015300000E+00   5.494116032200000E-01   0.000000000000000E+00   0.000000000000000E+00   0.000000000000000E+00   0.000000000000000E+00
   9.977792544500000E-01   3.554561782100000E+00   3.225483627600000E-01   1.095114216100000E+00   5.733660734700000E-01   0.000000000000000E+00   0.000000000000000E+00   0.000000000000000E+00   0.000000000000000E+00
   9.978380711100000E-01   3.554311727800000E+00   3.225475400700000E-01   1.113599780400000E+00   5.270659672500000E-01   0.000000000000000E+00   0.000000000000000E+00   0.000000000000000E+00   0.000000000000000E+00
   9.978843070900000E-01   3.554561413100000E+00   3.225483615600000E-01   1.095142300300000E+00   5.732954627900000E-01   0.000000000000000E+00   0.000000000000000E+00   0.000000000000000E+00   0.000000000000000E+00
   9.979305430800000E-01   3.554433471300000E+00   3.225479405900000E-01   1.104598829600000E+00   5.496107180599999E-01   0.000000000000000E+00   0.000000000000000E+00   0.000000000000000E+00   0.000000000000000E+00
   9.979767790700000E-01   3.554560929800000E+00   3.225483599900000E-01   1.095178943100000E+00   5.732032539500000E-01   0.000000000000000E+00   0.000000000000000E+00   0.000000000000000E+00   0.000000000000000E+00
   9.980230150600000E-01   3.554314803400000E+00   3.225475500200000E-01   1.113365281500000E+00   5.276561445400000E-01   0.000000000000000E+00   0.000000000000000E+00   0.000000000000000E+00   0.000000000000000E+00
   9.980734808400000E-01   3.554560547800000E+00   3.225483587600000E-01   1.095208502900000E+00   5.731287732000000E-01   0.000000000000000E+00   0.000000000000000E+00   0.000000000000000E+00   0.000000000000000E+00
   9.981239466200000E-01   3.554434559100000E+00   3.225479440900000E-01   1.104515318100000E+00   5.498211247200000E-01   0.000000000000000E+00   0.000000000000000E+00   0.000000000000000E+00   0.000000000000000E+00
   9.981744123900000E-01   3.554560119900000E+00   3.225483573900000E-01   1.095241487600000E+00   5.730455645500000E-01   0.000000000000000E+00   0.000000000000000E+00   0.000000000000000E+00   0.000000000000000E+00
   9.982248781700001E-01   3.554317526600000E+00   3.225475587500000E-01   1.113154196900000E+00   5.281887175800000E-01   0.000000000000000E+00   0.000000000000000E+00   0.000000000000000E+00   0.000000000000000E+00
   9.982821719000000E-01   3.554559788900000E+00   3.225483563400000E-01   1.095267612100000E+00   5.729795445600000E-01   0.000000000000000E+00   0.000000000000000E+00   0.000000000000000E+00   0.000000000000000E+00
   9.983394656200000E-01   3.554435502000000E+00   3.225479471000000E-01   1.104441497300000E+00   5.500076556900000E-01   0.000000000000000E+00   0.000000000000000E+00   0.000000000000000E+00   0.000000000000000E+00
   9.983967593400001E-01   3.554559426500000E+00   3.225483551800000E-01   1.095296185900000E+00   5.729072226200000E-01   0.000000000000000E+00   0.000000000000000E+00   0.000000000000000E+00   0.000000000000000E+00
   9.984540530700000E-01   3.554319832000000E+00   3.225475660500000E-01   1.112971344000000E+00   5.286516109600000E-01   0.000000000000000E+00   0.000000000000000E+00   0.000000000000000E+00   0.000000000000000E+00
   9.985083547800000E-01   3.554559120200000E+00   3.225483542300000E-01   1.095320942800000E+00   5.728444293900000E-01   0.000000000000000E+00   0.000000000000000E+00   0.000000000000000E+00   0.000000000000000E+00
   9.985626564900000E-01   3.554436370500000E+00   3.225479498200000E-01   1.104371621300000E+00   5.501849137800000E-01   0.000000000000000E+00   0.000000000000000E+00   0.000000000000000E+00   0.000000000000000E+00
   9.986169582000000E-01   3.554558756300000E+00   3.225483530900000E-01   1.095350580300000E+00   5.727690652500000E-01   0.000000000000000E+00   0.000000000000000E+00   0.000000000000000E+00   0.000000000000000E+00
   9.986712599100001E-01   3.554322145700000E+00   3.225475732200000E-01   1.112781694600000E+00   5.291339874100000E-01   0.000000000000000E+00   0.000000000000000E+00   0.000000000000000E+00   0.000000000000000E+00
   9.987219841800000E-01   3.554558451000000E+00   3.225483521700000E-01   1.095376422900000E+00   5.727031401600000E-01   0.000000000000000E+00   0.000000000000000E+00   0.000000000000000E+00   0.000000000000000E+00
   9.987727084500000E-01   3.554437244300000E+00   3.225479525100000E-01   1.104298691900000E+00   5.503709979600000E-01   0.000000000000000E+00   0.000000000000000E+00   0.000000000000000E+00   0.000000000000000E+00
   9.988234327200000E-01   3.554558100200000E+00   3.225483511500000E-01   1.095407522800000E+00   5.726234634000000E-01   0.000000000000000E+00   0.000000000000000E+00   0.000000000000000E+00   0.000000000000000E+00
   9.988741569800000E-01   3.554324481600000E+00   3.225475803400000E-01   1.112582661900000E+00   5.296439321200000E-01   0.000000000000000E+00   0.000000000000000E+00   0.000000000000000E+00   0.000000000000000E+00
   9.989151393500000E-01   3.554557850700000E+00   3.225483506700000E-01   1.095436772300000E+00   5.725480729400000E-01   0.000000000000000E+00   0.000000000000000E+00   0.000000000000000E+00   0.000000000000000E+00
   9.989561217100000E-01   3.554438357200000E+00   3.225479564000000E-01   1.104216109900000E+00   5.505834338700000E-01   0.000000000000000E+00   0.000000000000000E+00   0.000000000000000E+00   0.000000000000000E+00
   9.989971040800000E-01   3.554557834000000E+00   3.225483519200000E-01   1.095474113500000E+00   5.724505712600000E-01   0.000000000000000E+00   0.000000000000000E+00   0.000000000000000E+00   0.000000000000000E+00
   9.990380864400000E-01   3.554328014500000E+00   3.225475937200000E-01   1.112342320500000E+00   5.302662709200000E-01   0.000000000000000E+00   0.000000000000000E+00   0.000000000000000E+00   0.000000000000000E+00
   9.990695918200000E-01   3.554559078500000E+00   3.225483609400000E-01   1.095509562600000E+00   5.723551253100000E-01   0.000000000000000E+00   0.000000000000000E+00   0.000000000000000E+00   0.000000000000000E+00
   9.991010972000000E-01   3.554443007000000E+00   3.225479818400000E-01   1.104112899800000E+00   5.508482185500000E-01   0.000000000000000E+00   0.000000000000000E+00   0.000000000000000E+00   0.000000000000000E+00
   9.991326025800000E-01   3.554564029300000E+00   3.225483933300000E-01   1.095554048400000E+00   5.722274707500000E-01   0.000000000000000E+00   0.000000000000000E+00   0.000000000000000E+00   0.000000000000000E+00
   9.991641079600000E-01   3.554343300300000E+00   3.225476791400000E-01   1.112037608200000E+00   5.310586192700000E-01   0.000000000000000E+00   0.000000000000000E+00   0.000000000000000E+00   0.000000000000000E+00
   9.992001331400000E-01   3.554585806700000E+00   3.225485300800000E-01   1.095580537000000E+00   5.721167925600000E-01   0.000000000000000E+00   0.000000000000000E+00   0.000000000000000E+00   0.000000000000000E+00
   9.992361583300000E-01   3.554500524300000E+00   3.225483370800000E-01   1.103985816500000E+00   5.510969999000001E-01   0.000000000000000E+00   0.000000000000000E+00   0.000000000000000E+00   0.000000000000000E+00
   9.992721835100000E-01   3.554682337300000E+00   3.225491325100000E-01   1.095576670900000E+00   5.719566078100000E-01   0.000000000000000E+00   0.000000000000000E+00   0.000000000000000E+00   0.000000000000000E+00
   9.993082086900000E-01   3.554592651500000E+00   3.225492260800000E-01   1.111683336600000E+00   5.316182645500001E-01   0.000000000000000E+00   0.000000000000000E+00   0.000000000000000E+00   0.000000000000000E+00
   9.993428725200000E-01   3.555090087200000E+00   3.225516736700000E-01   1.095430228300000E+00   5.716437315200000E-01   0.000000000000000E+00   0.000000000000000E+00   0.000000000000000E+00   0.000000000000000E+00
   9.993775363500000E-01   3.555515616300000E+00   3.225546597800000E-01   1.103451477700000E+00   5.508165270199999E-01   0.000000000000000E+00   0.000000000000000E+00   0.000000000000000E+00   0.000000000000000E+00
   9.994122001900000E-01   3.556724179200000E+00   3.225618576600000E-01   1.094752415600000E+00   5.706544864200001E-01   0.000000000000000E+00   0.000000000000000E+00   0.000000000000000E+00   0.000000000000000E+00
   9.994468640200000E-01   3.558714648400000E+00   3.225749152800000E-01   1.109649304900000E+00   5.301300405900000E-01   0.000000000000000E+00   0.000000000000000E+00   0.000000000000000E+00   0.000000000000000E+00
   9.994702619800000E-01   3.561600089600000E+00   3.225922679400000E-01   1.092665626600000E+00   5.679330866100000E-01   0.000000000000000E+00   0.000000000000000E+00   0.000000000000000E+00   0.000000000000000E+00
   9.994936599399999E-01   3.565724487600000E+00   3.226183508800000E-01   1.098911015800000E+00   5.457165566600000E-01   0.000000000000000E+00   0.000000000000000E+00   0.000000000000000E+00   0.000000000000000E+00
   9.995170579100000E-01   3.572598693200000E+00   3.226609889000000E-01   1.087964122100000E+00   5.619670028600000E-01   0.000000000000000E+00   0.000000000000000E+00   0.000000000000000E+00   0.000000000000000E+00
   9.995404558700000E-01   3.583076451400000E+00   3.227272766400000E-01   1.098880417100000E+00   5.184383165000001E-01   0.000000000000000E+00   0.000000000000000E+00   0.000000000000000E+00   0.000000000000000E+00
   9.995583790100000E-01   3.595485302100000E+00   3.228045638800000E-01   1.078310913400000E+00   5.500503450899999E-01   0.000000000000000E+00   0.000000000000000E+00   0.000000000000000E+00   0.000000000000000E+00
   9.995763021400000E-01   3.612424203000000E+00   3.229116639500000E-01   1.079127466100000E+00   5.223909104000000E-01   0.000000000000000E+00   0.000000000000000E+00   0.000000000000000E+00   0.000000000000000E+00
   9.995942252700000E-01   3.636210299000000E+00   3.230619485600000E-01   1.061692308000000E+00   5.299054406400000E-01   0.000000000000000E+00   0.000000000000000E+00   0.000000000000000E+00   0.000000000000000E+00
   9.996121484100000E-01   3.668333849000000E+00   3.232674157000000E-01   1.064079822100000E+00   4.787592487600000E-01   0.000000000000000E+00   0.000000000000000E+00   0.000000000000000E+00   0.000000000000000E+00
   9.996308532000000E-01   3.714260508300000E+00   3.235621746100000E-01   1.031723326800000E+00   4.947367773700000E-01   0.000000000000000E+00   0.000000000000000E+00   0.000000000000000E+00   0.000000000000000E+00
   9.996495579800000E-01   3.774834249000000E+00   3.239571364300000E-01   1.017733549100000E+00   4.518967664100000E-01   0.000000000000000E+00   0.000000000000000E+00   0.000000000000000E+00   0.000000000000000E+00
   9.996682627700000E-01   3.853347088900000E+00   3.244766223600000E-01   9.837474334900000E-01   4.409350742300000E-01   0.000000000000000E+00   0.000000000000000E+00   0.000000000000000E+00   0.000000000000000E+00
   9.996869675600000E-01   3.951075534500000E+00   3.251381433200000E-01   9.684209456200000E-01   3.743347512700000E-01   0.000000000000000E+00   0.000000000000000E+00   0.000000000000000E+00   0.000000000000000E+00
   9.997013950900000E-01   4.040829935200000E+00   3.257577833900000E-01   9.280436990499999E-01   3.822510597400000E-01   0.000000000000000E+00   0.000000000000000E+00   0.000000000000000E+00   0.000000000000000E+00
   9.997158226100000E-01   4.142124767400000E+00   3.264747031100000E-01   9.090315301100000E-01   3.384979483100000E-01   0.000000000000000E+00   0.000000000000000E+00   0.000000000000000E+00   0.000000000000000E+00
   9.997302501400001E-01   4.254910005600000E+00   3.272929099400000E-01   8.741651038300000E-01   3.292940838000000E-01   0.000000000000000E+00   0.000000000000000E+00   0.000000000000000E+00   0.000000000000000E+00
   9.997446776700000E-01   4.377454490700000E+00   3.282094067400000E-01   8.616669464900000E-01   2.718898637100000E-01   0.000000000000000E+00   0.000000000000000E+00   0.000000000000000E+00   0.000000000000000E+00
   9.997576121600000E-01   4.495228856900000E+00   3.291150604300000E-01   8.230863551199999E-01   2.826667117600000E-01   0.000000000000000E+00   0.000000000000000E+00   0.000000000000000E+00   0.000000000000000E+00
   9.997705466400000E-01   4.618484403600000E+00   3.300939481600000E-01   8.074299008600000E-01   2.466277171800000E-01   0.000000000000000E+00   0.000000000000000E+00   0.000000000000000E+00   0.000000000000000E+00
   9.997834811300000E-01   4.746671484200000E+00   3.311445172900000E-01   7.777240525500000E-01   2.441298584800000E-01   0.000000000000000E+00   0.000000000000000E+00   0.000000000000000E+00   0.000000000000000E+00
   9.997964156100000E-01   4.878021327600000E+00   3.322603948500000E-01   7.709564080300000E-01   1.969838233000000E-01   0.000000000000000E+00   0.000000000000000E+00   0.000000000000000E+00   0.000000000000000E+00
   9.998072546600000E-01   4.990410452300000E+00   3.332449910700000E-01   7.398506256400000E-01   2.140787743000000E-01   0.000000000000000E+00   0.000000000000000E+00   0.000000000000000E+00   0.000000000000000E+00
   9.998180937100000E-01   5.103517100300000E+00   3.342692796900000E-01   7.311875888600000E-01   1.869876769700000E-01   0.000000000000000E+00   0.000000000000000E+00   0.000000000000000E+00   0.000000000000000E+00
   9.998289327600000E-01   5.217379749200000E+00   3.353328037800000E-01   7.088235923700000E-01   1.908395904400000E-01   0.000000000000000E+00   0.000000000000000E+00   0.000000000000000E+00   0.000000000000000E+00
   9.998397718100001E-01   5.330924215600000E+00   3.364310982900000E-01   7.083468413900000E-01   1.524437033300000E-01   0.000000000000000E+00   0.000000000000000E+00   0.000000000000000E+00   0.000000000000000E+00
   9.998479618200000E-01   5.416837380000000E+00   3.372846812500000E-01   6.843286815000000E-01   1.733922287000000E-01   0.000000000000000E+00   0.000000000000000E+00   0.000000000000000E+00   0.000000000000000E+00
   9.998561518300000E-01   5.501995095300000E+00   3.381552824900000E-01   6.814436350500001E-01   1.527008267700000E-01   0.000000000000000E+00   0.000000000000000E+00   0.000000000000000E+00   0.000000000000000E+00
   9.998643418299999E-01   5.586798567300000E+00   3.390439222300000E-01   6.651645558100000E-01   1.602064106200000E-01   0.000000000000000E+00   0.000000000000000E+00   0.000000000000000E+00   0.000000000000000E+00
   9.998725318400000E-01   5.670570665800000E+00   3.399478618900000E-01   6.691915392400000E-01   1.283579113500000E-01   0.000000000000000E+00   0.000000000000000E+00   0.000000000000000E+00   0.000000000000000E+00
   9.998808652700000E-01   5.755366594200000E+00   3.408850442300000E-01   6.474693871700000E-01   1.485387526100000E-01   0.000000000000000E+00   0.000000000000000E+00   0.000000000000000E+00   0.000000000000000E+00
   9.998891986900000E-01   5.838863779600000E+00   3.418364062600000E-01   6.456364418000000E-01   1.303789492200000E-01   0.000000000000000E+00   0.000000000000000E+00   0.000000000000000E+00   0.000000000000000E+00
   9.998975321100000E-01   5.921488951700000E+00   3.428030057900000E-01   6.311406466100000E-01   1.381277344100000E-01   0.000000000000000E+00   0.000000000000000E+00   0.000000000000000E+00   0.000000000000000E+00
   9.999058655300000E-01   6.002649080600000E+00   3.437823640600000E-01   6.357408566700000E-01   1.095124323100000E-01   0.000000000000000E+00   0.000000000000000E+00   0.000000000000000E+00   0.000000000000000E+00
   9.999124047700000E-01   6.065816004400000E+00   3.445612575700000E-01   6.177603823100000E-01   1.298548162500000E-01   0.000000000000000E+00   0.000000000000000E+00   0.000000000000000E+00   0.000000000000000E+00
   9.999189440100000E-01   6.127894687000000E+00   3.453468845400000E-01   6.182695572300000E-01   1.147328881500000E-01   0.000000000000000E+00   0.000000000000000E+00   0.000000000000000E+00   0.000000000000000E+00
   9.999254832600000E-01   6.189346262500000E+00   3.461406314700000E-01   6.068415645100000E-01   1.231896608500000E-01   0.000000000000000E+00   0.000000000000000E+00   0.000000000000000E+00   0.000000000000000E+00
   9.999320225000000E-01   6.249679965000000E+00   3.469406093700000E-01   6.129138851900000E-01   9.841412212300001E-02   0.000000000000000E+00   0.000000000000000E+00   0.000000000000000E+00   0.000000000000000E+00
   9.999368217500000E-01   6.293720417400000E+00   3.475331849300000E-01   5.979762752800000E-01   1.178601529500000E-01   0.000000000000000E+00   0.000000000000000E+00   0.000000000000000E+00   0.000000000000000E+00
   9.999416209999999E-01   6.337022935600000E+00   3.481284586600000E-01   5.998700286700001E-01   1.052004778800000E-01   0.000000000000000E+00   0.000000000000000E+00   0.000000000000000E+00   0.000000000000000E+00
   9.999464202500000E-01   6.380023455300000E+00   3.487278483700000E-01   5.908920742100000E-01   1.135462397200000E-01   0.000000000000000E+00   0.000000000000000E+00   0.000000000000000E+00   0.000000000000000E+00
   9.999512195000000E-01   6.422297182000000E+00   3.493298224300000E-01   5.974845148900000E-01   9.243148026600000E-02   0.000000000000000E+00   0.000000000000000E+00   0.000000000000000E+00   0.000000000000000E+00
   9.999550922800000E-01   6.456342821400000E+00   3.498189984200000E-01   5.847871311900000E-01   1.098772033400000E-01   0.000000000000000E+00   0.000000000000000E+00   0.000000000000000E+00   0.000000000000000E+00
   9.999589650600000E-01   6.489834898100000E+00   3.503094896200000E-01   5.869550467800000E-01   9.917044593799999E-02   0.000000000000000E+00   0.000000000000000E+00   0.000000000000000E+00   0.000000000000000E+00
   9.999628378400000E-01   6.523160774200000E+00   3.508025830100000E-01   5.795779152900000E-01   1.066767231600000E-01   0.000000000000000E+00   0.000000000000000E+00   0.000000000000000E+00   0.000000000000000E+00
   9.999667106200000E-01   6.555953211100000E+00   3.512969838000000E-01   5.856812207700000E-01   8.882086051599999E-02   0.000000000000000E+00   0.000000000000000E+00   0.000000000000000E+00   0.000000000000000E+00
   9.999695187700000E-01   6.579765943400000E+00   3.516575256700000E-01   5.752642131100000E-01   1.040101344100000E-01   0.000000000000000E+00   0.000000000000000E+00   0.000000000000000E+00   0.000000000000000E+00
   9.999723269100000E-01   6.603208211300000E+00   3.520184112900000E-01   5.775345442199999E-01   9.529556899600000E-02   0.000000000000000E+00   0.000000000000000E+00   0.000000000000000E+00   0.000000000000000E+00
   9.999751350600000E-01   6.626609219600000E+00   3.523807512600000E-01   5.717924307800000E-01   1.017299625200000E-01   0.000000000000000E+00   0.000000000000000E+00   0.000000000000000E+00   0.000000000000000E+00
   9.999779432000000E-01   6.649665235900000E+00   3.527434934700000E-01   5.771192752900000E-01   8.741849345300000E-02   0.000000000000000E+00   0.000000000000000E+00   0.000000000000000E+00   0.000000000000000E+00
   9.999799970800000E-01   6.666613766800000E+00   3.530100853700000E-01   5.688862192900001E-01   9.979723482100000E-02   0.000000000000000E+00   0.000000000000000E+00   0.000000000000000E+00   0.000000000000000E+00
   9.999820509600000E-01   6.683308906900000E+00   3.532766424000000E-01   5.708611739500000E-01   9.304615425500000E-02   0.000000000000000E+00   0.000000000000000E+00   0.000000000000000E+00   0.000000000000000E+00
   9.999841048400000E-01   6.700011335200000E+00   3.535440458900000E-01   5.665849057700000E-01   9.811162725899999E-02   0.000000000000000E+00   0.000000000000000E+00   0.000000000000000E+00   0.000000000000000E+00
   9.999861587200000E-01   6.716479716000000E+00   3.538114523100000E-01   5.708803795800000E-01   8.741924618999999E-02   0.000000000000000E+00   0.000000000000000E+00   0.000000000000000E+00   0.000000000000000E+00
   9.999875696700000E-01   6.727866824000000E+00   3.539958448500000E-01   5.651285621700000E-01   9.682293045800000E-02   0.000000000000000E+00   0.000000000000000E+00   0.000000000000000E+00   0.000000000000000E+00
   9.999889806200000E-01   6.739060518500000E+00   3.541798964000000E-01   5.673117008300000E-01   9.226748590300000E-02   0.000000000000000E+00   0.000000000000000E+00   0.000000000000000E+00   0.000000000000000E+00
   9.999903915700000E-01   6.750209601400000E+00   3.543640271300000E-01   5.660058142300000E-01   9.632309411200000E-02   0.000000000000000E+00   0.000000000000000E+00   0.000000000000000E+00   0.000000000000000E+00
   9.999918025200000E-01   6.761046998500000E+00   3.545471074600000E-01   5.727548998000001E-01   9.044516656700000E-02   0.000000000000000E+00   0.000000000000000E+00   0.000000000000000E+00   0.000000000000000E+00
   9.999927042800000E-01   6.767846837600000E+00   3.546634838600000E-01   5.739333701800000E-01   9.819663904600000E-02   0.000000000000000E+00   0.000000000000000E+00   0.000000000000000E+00   0.000000000000000E+00
   9.999936060300000E-01   6.774264460100000E+00   3.547781217600000E-01   5.837378722200000E-01   9.821896251100000E-02   0.000000000000000E+00   0.000000000000000E+00   0.000000000000000E+00   0.000000000000000E+00
   9.999945077900000E-01   6.780185353800000E+00   3.548901721000000E-01   5.979444464200000E-01   1.055006863600000E-01   0.000000000000000E+00   0.000000000000000E+00   0.000000000000000E+00   0.000000000000000E+00
   9.999954095400000E-01   6.785053264100000E+00   3.549968477200000E-01   6.288728090000000E-01   1.117141635600000E-01   0.000000000000000E+00   0.000000000000000E+00   0.000000000000000E+00   0.000000000000000E+00
   9.999958837300000E-01   6.786969405400000E+00   3.550495132400000E-01   6.520081597900000E-01   1.238088955300000E-01   0.000000000000000E+00   0.000000000000000E+00   0.000000000000000E+00   0.000000000000000E+00
   9.999963579200000E-01   6.788087274700000E+00   3.550980990000000E-01   6.884481614100000E-01   1.359468807100000E-01   0.000000000000000E+00   0.000000000000000E+00   0.000000000000000E+00   0.000000000000000E+00
   9.999968321200000E-01   6.788047383000000E+00   3.551407131800000E-01   7.414080439300000E-01   1.577384608700000E-01   0.000000000000000E+00   0.000000000000000E+00   0.000000000000000E+00   0.000000000000000E+00
   9.999973063099999E-01   6.786057761500000E+00   3.551735125200000E-01   8.255900788300000E-01   1.919835835200000E-01   0.000000000000000E+00   0.000000000000000E+00   0.000000000000000E+00   0.000000000000000E+00
   9.999975458800000E-01   6.783915140900000E+00   3.551844216400000E-01   8.858024769500000E-01   2.209866809200000E-01   0.000000000000000E+00   0.000000000000000E+00   0.000000000000000E+00   0.000000000000000E+00
   9.999977854400000E-01   6.780597195500000E+00   3.551896154100000E-01   9.660036122400000E-01   2.601692494900000E-01   0.000000000000000E+00   0.000000000000000E+00   0.000000000000000E+00   0.000000000000000E+00
   9.999980250100000E-01   6.775592346600000E+00   3.551867296400000E-01   1.074718878600000E+00   3.187634523200000E-01   0.000000000000000E+00   0.000000000000000E+00   0.000000000000000E+00   0.000000000000000E+00
   9.999982645800000E-01   6.767991414700000E+00   3.551716775600000E-01   1.228838889500000E+00   4.102706079000000E-01   0.000000000000000E+00   0.000000000000000E+00   0.000000000000000E+00   0.000000000000000E+00
   9.999984004100000E-01   6.761970773200000E+00   3.551552674200000E-01   1.346328468100000E+00   4.878146126400000E-01   0.000000000000000E+00   0.000000000000000E+00   0.000000000000000E+00   0.000000000000000E+00
   9.999985362300000E-01   6.754147205300000E+00   3.551307026800000E-01   1.496143507100000E+00   5.947608176700000E-01   0.000000000000000E+00   0.000000000000000E+00   0.000000000000000E+00   0.000000000000000E+00
   9.999986720600000E-01   6.743774973100000E+00   3.550947912600000E-01   1.691616333500000E+00   7.491925502800000E-01   0.000000000000000E+00   0.000000000000000E+00   0.000000000000000E+00   0.000000000000000E+00
   9.999988078900000E-01   6.729627707300000E+00   3.550423626900000E-01   1.954975218500000E+00   9.821564154800000E-01   0.000000000000000E+00   0.000000000000000E+00   0.000000000000000E+00   0.000000000000000E+00
   9.999988917600000E-01   6.718173147900000E+00   3.549982659100000E-01   2.165977361500000E+00   1.189927554800000E+00   0.000000000000000E+00   0.000000000000000E+00   0.000000000000000E+00   0.000000000000000E+00
   9.999989756300000E-01   6.703779022800000E+00   3.549416608400000E-01   2.428950104500000E+00   1.473266799000000E+00   0.000000000000000E+00   0.000000000000000E+00   0.000000000000000E+00   0.000000000000000E+00
   9.999990595000000E-01   6.685313342300000E+00   3.548679360900000E-01   2.762527816200000E+00   1.872749166800000E+00   0.000000000000000E+00   0.000000000000000E+00   0.000000000000000E+00   0.000000000000000E+00
   9.999991433700000E-01   6.661012454900000E+00   3.547699779000000E-01   3.195326188600000E+00   2.455165954600000E+00   0.000000000000000E+00   0.000000000000000E+00   0.000000000000000E+00   0.000000000000000E+00
   9.999992026100000E-01   6.638885138100000E+00   3.546803951900000E-01   3.582796858700000E+00   3.038336612400000E+00   0.000000000000000E+00   0.000000000000000E+00   0.000000000000000E+00   0.000000000000000E+00
   9.999992618600000E-01   6.611031228500000E+00   3.545675061800000E-01   4.061888098000000E+00   3.836425242600000E+00   0.000000000000000E+00   0.000000000000000E+00   0.000000000000000E+00   0.000000000000000E+00
   9.999993211100000E-01   6.575275141400000E+00   3.544227383800000E-01   4.661996560700000E+00   4.958907871000000E+00   0.000000000000000E+00   0.000000000000000E+00   0.000000000000000E+00   0.000000000000000E+00
   9.999993803600000E-01   6.528326250800000E+00   3.542332142000000E-01   5.425621699600000E+00   6.580337795400000E+00   0.000000000000000E+00   0.000000000000000E+00   0.000000000000000E+00   0.000000000000000E+00
   9.999994290000001E-01   6.478001245400000E+00   3.540308777100000E-01   6.214000167300000E+00   8.484419366199999E+00   0.000000000000000E+00   0.000000000000000E+00   0.000000000000000E+00   0.000000000000000E+00
   9.999994776400000E-01   6.412755653600000E+00   3.537697623400000E-01   7.193951232700000E+00   1.117037058000000E+01   0.000000000000000E+00   0.000000000000000E+00   0.000000000000000E+00   0.000000000000000E+00
   9.999995262900000E-01   6.326588920200000E+00   3.534267741500000E-01   8.418608556500001E+00   1.504733615800000E+01   0.000000000000000E+00   0.000000000000000E+00   0.000000000000000E+00   0.000000000000000E+00
   9.999995749300000E-01   6.210643335700000E+00   3.529679937300000E-01   9.956656769600000E+00   2.074981356100000E+01   0.000000000000000E+00   0.000000000000000E+00   0.000000000000000E+00   0.000000000000000E+00
   9.999996064800000E-01   6.113750087500000E+00   3.525865053000000E-01   1.115492220400000E+01   2.587383820300000E+01   0.000000000000000E+00   0.000000000000000E+00   0.000000000000000E+00   0.000000000000000E+00
   9.999996380300000E-01   5.994468274300000E+00   3.521187578100000E-01   1.253439793400000E+01   3.255207585800000E+01   0.000000000000000E+00   0.000000000000000E+00   0.000000000000000E+00   0.000000000000000E+00
   9.999996695800000E-01   5.847147748000000E+00   3.515433400900000E-01   1.410724747500000E+01   4.127298179400000E+01   0.000000000000000E+00   0.000000000000000E+00   0.000000000000000E+00   0.000000000000000E+00
   9.999997011300000E-01   5.665151158200000E+00   3.508351705500000E-01   1.587390389700000E+01   5.263391636100000E+01   0.000000000000000E+00   0.000000000000000E+00   0.000000000000000E+00   0.000000000000000E+00
   9.999997291300000E-01   5.468755400800000E+00   3.500735090900000E-01   1.758705516500000E+01   6.547750037000000E+01   0.000000000000000E+00   0.000000000000000E+00   0.000000000000000E+00   0.000000000000000E+00
   9.999997571200000E-01   5.234270191100000E+00   3.491667299500000E-01   1.939882706700000E+01   8.143546951800000E+01   0.000000000000000E+00   0.000000000000000E+00   0.000000000000000E+00   0.000000000000000E+00
   9.999997851200000E-01   4.957706903900000E+00   3.480999167600000E-01   2.124486144600000E+01   1.009063009500000E+02   0.000000000000000E+00   0.000000000000000E+00   0.000000000000000E+00   0.000000000000000E+00
   9.999998131200000E-01   4.637342126800000E+00   3.468667331700000E-01   2.302730674300000E+01   1.240682552600000E+02   0.000000000000000E+00   0.000000000000000E+00   0.000000000000000E+00   0.000000000000000E+00
   9.999998367200000E-01   4.334337835000000E+00   3.457021538000000E-01   2.439092304300000E+01   1.463257036900000E+02   0.000000000000000E+00   0.000000000000000E+00   0.000000000000000E+00   0.000000000000000E+00
   9.999998603300000E-01   4.005210715600000E+00   3.444384345800000E-01   2.553731360800000E+01   1.706240926100000E+02   0.000000000000000E+00   0.000000000000000E+00   0.000000000000000E+00   0.000000000000000E+00
   9.999998839399999E-01   3.656443379800000E+00   3.431000908400000E-01   2.638679726100000E+01   1.962001292100000E+02   0.000000000000000E+00   0.000000000000000E+00   0.000000000000000E+00   0.000000000000000E+00
   9.999999075400000E-01   3.296899343600000E+00   3.417205896500000E-01   2.687396194300000E+01   2.219988528100000E+02   0.000000000000000E+00   0.000000000000000E+00   0.000000000000000E+00   0.000000000000000E+00
   9.999999306600000E-01   2.944448244800000E+00   3.403678594000000E-01   2.696367236700000E+01   2.462621582800000E+02   0.000000000000000E+00   0.000000000000000E+00   0.000000000000000E+00   0.000000000000000E+00
   9.999999537699999E-01   2.601684050300000E+00   3.390512355500000E-01   2.666771101100000E+01   2.683158842900000E+02   0.000000000000000E+00   0.000000000000000E+00   0.000000000000000E+00   0.000000000000000E+00
   9.999999768900000E-01   2.277530420700000E+00   3.378044468800000E-01   2.601487657700000E+01   2.870943219200000E+02   0.000000000000000E+00   0.000000000000000E+00   0.000000000000000E+00   0.000000000000000E+00
   1.000000000000000E+00   1.978880643800000E+00   3.366536157000000E-01   2.506124969600000E+01   3.018039293700000E+02   0.000000000000000E+00   0.000000000000000E+00   0.000000000000000E+00   0.000000000000000E+00
