   0.000000000000000E+00   4.919685428000000E-01   9.999999955900000E-01   1.683481720300000E+00   1.822126438800000E+00   0.000000000000000E+00   0.000000000000000E+00   0.000000000000000E+00   0.000000000000000E+00
   3.832132391000000E-04   6.332017155700000E-01   8.746408985100000E-01   1.589773023500000E+00   1.648044677200000E+00   0.000000000000000E+00   0.000000000000000E+00   0.000000000000000E+00   0.000000000000000E+00
   7.664264782100000E-04   7.928504321800000E-01   7.716383229800000E-01   1.536805988200000E+00   1.438555011700000E+00   0.000000000000000E+00   0.000000000000000E+00   0.000000000000000E+00   0.000000000000000E+00
   1.149639717300000E-03   9.738482725099999E-01   6.865820544600000E-01   1.471523005500000E+00   1.317737315000000E+00   0.000000000000000E+00   0.000000000000000E+00   0.000000000000000E+00   0.000000000000000E+00
   1.532852956400000E-03   1.171288867400000E+00   6.161844420700000E-01   1.442386664900000E+00   1.140989110700000E+00   0.000000000000000E+00   0.000000000000000E+00   0.000000000000000E+00   0.000000000000000E+00
   1.877974744400000E-03   1.364817479800000E+00   5.633002678800000E-01   1.382347403500000E+00   1.099358200600000E+00   0.000000000000000E+00   0.000000000000000E+00   0.000000000000000E+00   0.000000000000000E+00
   2.223096532300000E-03   1.565937058900000E+00   5.188529225100000E-01   1.355865596000000E+00   9.901258504900000E-01   0.000000000000000E+00   0.000000000000000E+00   0.000000000000000E+00   0.000000000000000E+00
   2.568218320200000E-03   1.773973173300000E+00   4.816649088000000E-01   1.311563659200000E+00   9.458961643400000E-01   0.000000000000000E+00   0.000000000000000E+00   0.000000000000000E+00   0.000000000000000E+00
   2.913340108200000E-03   1.980925541600000E+00   4.507075664200000E-01   1.300795538400000E+00   8.316156700400000E-01   0.000000000000000E+00   0.000000000000000E+00   0.000000000000000E+00   0.000000000000000E+00
   3.467184841300000E-03   2.306512863000000E+00   4.119396885600000E-01   1.236264802600000E+00   8.012903989200000E-01   0.000000000000000E+00   0.000000000000000E+00   0.000000000000000E+00   0.000000000000000E+00
   4.021029574300000E-03   2.600328925000000E+00   3.839317330400000E-01   1.210036356600000E+00   7.103180050200000E-01   0.000000000000000E+00   0.000000000000000E+00   0.000000000000000E+00   0.000000000000000E+00
   4.574874307400000E-03   2.852316159300000E+00   3.641303616900000E-01   1.169964325200000E+00   6.884332090500001E-01   0.000000000000000E+00   0.000000000000000E+00   0.000000000000000E+00   0.000000000000000E+00
   5.128719040500000E-03   3.051301432800000E+00   3.503837887700000E-01   1.168251302700000E+00   6.013634024600000E-01   0.000000000000000E+00   0.000000000000000E+00   0.000000000000000E+00   0.000000000000000E+00
   5.976603958500000E-03   3.270012607900000E+00   3.373722925100000E-01   1.124000402100000E+00   6.172635009000000E-01   0.000000000000000E+00   0.000000000000000E+00   0.000000000000000E+00   0.000000000000000E+00
   6.824488876600000E-03   3.398442917000000E+00   3.303470036300000E-01   1.121285112200000E+00   5.709524990000000E-01   0.000000000000000E+00   0.000000000000000E+00   0.000000000000000E+00   0.000000000000000E+00
   7.672373794600000E-03   3.471708966000000E+00   3.266249158300000E-01   1.102989397600000E+00   5.864776735700000E-01   0.000000000000000E+00   0.000000000000000E+00   0.000000000000000E+00   0.000000000000000E+00
   8.520258712599999E-03   3.510480705200000E+00   3.246619013400000E-01   1.119941486000000E+00   5.295581722700000E-01   0.000000000000000E+00   0.000000000000000E+00   0.000000000000000E+00   0.000000000000000E+00
   1.118697567500000E-02   3.550320686100000E+00   3.227539636500000E-01   1.095001343700000E+00   5.750434487300000E-01   0.000000000000000E+00   0.000000000000000E+00   0.000000000000000E+00   0.000000000000000E+00
   1.385369263600000E-02   3.552759178700000E+00   3.226265990200000E-01   1.105529835200000E+00   5.483144141300000E-01   0.000000000000000E+00   0.000000000000000E+00   0.000000000000000E+00   0.000000000000000E+00
   1.652040959800000E-02   3.554392944000000E+00   3.225575195600000E-01   1.094590197000000E+00   5.744561066100000E-01   0.000000000000000E+00   0.000000000000000E+00   0.000000000000000E+00   0.000000000000000E+00
   1.918712656000000E-02   3.553762120500000E+00   3.225707128500000E-01   1.115568931400000E+00   5.233537032300000E-01   0.000000000000000E+00   0.000000000000000E+00   0.000000000000000E+00   0.000000000000000E+00
   3.040482587200000E-02   3.554677156200000E+00   3.225437431300000E-01   1.094561733800000E+00   5.744141630300000E-01   0.000000000000000E+00   0.000000000000000E+00   0.000000000000000E+00   0.000000000000000E+00
   4.162252518400000E-02   3.554311450200000E+00   3.225525665000000E-01   1.105372840500000E+00   5.480958691000000E-01   0.000000000000000E+00   0.000000000000000E+00   0.000000000000000E+00   0.000000000000000E+00
   5.284022449500000E-02   3.554632468600000E+00   3.225458872500000E-01   1.094566329700000E+00   5.744200560900000E-01   0.000000000000000E+00   0.000000000000000E+00   0.000000000000000E+00   0.000000000000000E+00
   6.405792380700000E-02   3.554094797100000E+00   3.225547510700000E-01   1.115534810300000E+00   5.233093038300000E-01   0.000000000000000E+00   0.000000000000000E+00   0.000000000000000E+00   0.000000000000000E+00
   8.915559154100000E-02   3.554618554100000E+00   3.225465549900000E-01   1.094567787700000E+00   5.744217375200000E-01   0.000000000000000E+00   0.000000000000000E+00   0.000000000000000E+00   0.000000000000000E+00
   1.142532592800000E-01   3.554365182400000E+00   3.225499881700000E-01   1.105367267000000E+00   5.480890532500000E-01   0.000000000000000E+00   0.000000000000000E+00   0.000000000000000E+00   0.000000000000000E+00
   1.393509270100000E-01   3.554609079300000E+00   3.225470097100000E-01   1.094568783000000E+00   5.744228682000000E-01   0.000000000000000E+00   0.000000000000000E+00   0.000000000000000E+00   0.000000000000000E+00
   1.644485947400000E-01   3.554157234800000E+00   3.225517545900000E-01   1.115528259100000E+00   5.233018098900000E-01   0.000000000000000E+00   0.000000000000000E+00   0.000000000000000E+00   0.000000000000000E+00
   1.939100972400000E-01   3.554603365600000E+00   3.225472839500000E-01   1.094569390500000E+00   5.744235084500000E-01   0.000000000000000E+00   0.000000000000000E+00   0.000000000000000E+00   0.000000000000000E+00
   2.233715997400000E-01   3.554382014100000E+00   3.225491802900000E-01   1.105365481200000E+00   5.480871453900000E-01   0.000000000000000E+00   0.000000000000000E+00   0.000000000000000E+00   0.000000000000000E+00
   2.528331022300000E-01   3.554598318300000E+00   3.225475262500000E-01   1.094569933300000E+00   5.744240386400000E-01   0.000000000000000E+00   0.000000000000000E+00   0.000000000000000E+00   0.000000000000000E+00
   2.822946047300000E-01   3.554190228600000E+00   3.225501707400000E-01   1.115524715100000E+00   5.232983177500000E-01   0.000000000000000E+00   0.000000000000000E+00   0.000000000000000E+00   0.000000000000000E+00
   3.010964404500000E-01   3.554593695500000E+00   3.225477482000000E-01   1.094570436400000E+00   5.744244905300000E-01   0.000000000000000E+00   0.000000000000000E+00   0.000000000000000E+00   0.000000000000000E+00
   3.198982761700000E-01   3.554394147000000E+00   3.225485977300000E-01   1.105364153500000E+00   5.480860011799999E-01   0.000000000000000E+00   0.000000000000000E+00   0.000000000000000E+00   0.000000000000000E+00
   3.387001119000000E-01   3.554589272600000E+00   3.225479606400000E-01   1.094570935400000E+00   5.744248221300000E-01   0.000000000000000E+00   0.000000000000000E+00   0.000000000000000E+00   0.000000000000000E+00
   3.575019476200000E-01   3.554220059000000E+00   3.225487380100000E-01   1.115521367800000E+00   5.232959773200000E-01   0.000000000000000E+00   0.000000000000000E+00   0.000000000000000E+00   0.000000000000000E+00
   3.720692547300000E-01   3.554586092900000E+00   3.225481134400000E-01   1.094571307600000E+00   5.744249836899999E-01   0.000000000000000E+00   0.000000000000000E+00   0.000000000000000E+00   0.000000000000000E+00
   3.866365618400000E-01   3.554402785300000E+00   3.225481825900000E-01   1.105363136800000E+00   5.480855936500000E-01   0.000000000000000E+00   0.000000000000000E+00   0.000000000000000E+00   0.000000000000000E+00
   4.012038689400000E-01   3.554583548000000E+00   3.225482358800000E-01   1.094571632500000E+00   5.744249586300000E-01   0.000000000000000E+00   0.000000000000000E+00   0.000000000000000E+00   0.000000000000000E+00
   4.157711760500000E-01   3.554237850500000E+00   3.225478822800000E-01   1.115519136600000E+00   5.232959223000000E-01   0.000000000000000E+00   0.000000000000000E+00   0.000000000000000E+00   0.000000000000000E+00
   4.277750756000000E-01   3.554581943000000E+00   3.225483132000000E-01   1.094571858600000E+00   5.744248220400000E-01   0.000000000000000E+00   0.000000000000000E+00   0.000000000000000E+00   0.000000000000000E+00
   4.397789751400000E-01   3.554407248400000E+00   3.225479675500000E-01   1.105362505500000E+00   5.480859891700000E-01   0.000000000000000E+00   0.000000000000000E+00   0.000000000000000E+00   0.000000000000000E+00
   4.517828746900000E-01   3.554580816900000E+00   3.225483676500000E-01   1.094572054800000E+00   5.744245105800000E-01   0.000000000000000E+00   0.000000000000000E+00   0.000000000000000E+00   0.000000000000000E+00
   4.637867742400000E-01   3.554246075800000E+00   3.225474849500000E-01   1.115517777800000E+00   5.232977698500000E-01   0.000000000000000E+00   0.000000000000000E+00   0.000000000000000E+00   0.000000000000000E+00
   4.768112712700000E-01   3.554580277600000E+00   3.225483938800000E-01   1.094572176700000E+00   5.744242017100000E-01   0.000000000000000E+00   0.000000000000000E+00   0.000000000000000E+00   0.000000000000000E+00
   4.898357683000000E-01   3.554408928000000E+00   3.225478859900000E-01   1.105362145600000E+00   5.480868388200000E-01   0.000000000000000E+00   0.000000000000000E+00   0.000000000000000E+00   0.000000000000000E+00
   5.028602653200001E-01   3.554579905500000E+00   3.225484121200000E-01   1.094572290400000E+00   5.744238192400000E-01   0.000000000000000E+00   0.000000000000000E+00   0.000000000000000E+00   0.000000000000000E+00
   5.158847623500000E-01   3.554248742000000E+00   3.225473545100000E-01   1.115517021900000E+00   5.233001768600000E-01   0.000000000000000E+00   0.000000000000000E+00   0.000000000000000E+00   0.000000000000000E+00
   5.305282264100000E-01   3.554579725700000E+00   3.225484210700000E-01   1.094572369500000E+00   5.744234950400000E-01   0.000000000000000E+00   0.000000000000000E+00   0.000000000000000E+00   0.000000000000000E+00
   5.451716904600000E-01   3.554409487900000E+00   3.225478582300000E-01   1.105361916700000E+00   5.480877467200000E-01   0.000000000000000E+00   0.000000000000000E+00   0.000000000000000E+00   0.000000000000000E+00
   5.598151545200000E-01   3.554579597200000E+00   3.225484275900000E-01   1.094572450100000E+00   5.744231258100000E-01   0.000000000000000E+00   0.000000000000000E+00   0.000000000000000E+00   0.000000000000000E+00
   5.744586185700000E-01   3.554249643400000E+00   3.225473090000000E-01   1.115516498400000E+00   5.233025286800000E-01   0.000000000000000E+00   0.000000000000000E+00   0.000000000000000E+00   0.000000000000000E+00
   5.860808665500000E-01   3.554579515700000E+00   3.225484318300000E-01   1.094572523200000E+00   5.744227651200000E-01   0.000000000000000E+00   0.000000000000000E+00   0.000000000000000E+00   0.000000000000000E+00
   5.977031145300000E-01   3.554409711000000E+00   3.225478465700000E-01   1.105361711100000E+00   5.480887661300000E-01   0.000000000000000E+00   0.000000000000000E+00   0.000000000000000E+00   0.000000000000000E+00
   6.093253625100000E-01   3.554579463100000E+00   3.225484348100000E-01   1.094572613500000E+00   5.744222841500000E-01   0.000000000000000E+00   0.000000000000000E+00   0.000000000000000E+00   0.000000000000000E+00
   6.209476104900000E-01   3.554250039100000E+00   3.225472871500000E-01   1.115515914300000E+00   5.233055984300000E-01   0.000000000000000E+00   0.000000000000000E+00   0.000000000000000E+00   0.000000000000000E+00
   6.300839481700000E-01   3.554579435000000E+00   3.225484365900000E-01   1.094572698400000E+00   5.744218164200000E-01   0.000000000000000E+00   0.000000000000000E+00   0.000000000000000E+00   0.000000000000000E+00
   6.392202858600000E-01   3.554409788200000E+00   3.225478416400000E-01   1.105361471600000E+00   5.480900871300000E-01   0.000000000000000E+00   0.000000000000000E+00   0.000000000000000E+00   0.000000000000000E+00
   6.483566235400000E-01   3.554579424900000E+00   3.225484376400000E-01   1.094572807400000E+00   5.744211963000000E-01   0.000000000000000E+00   0.000000000000000E+00   0.000000000000000E+00   0.000000000000000E+00
   6.574929612200000E-01   3.554250138700000E+00   3.225472787300000E-01   1.115515213300000E+00   5.233095622200000E-01   0.000000000000000E+00   0.000000000000000E+00   0.000000000000000E+00   0.000000000000000E+00
   6.665139722200000E-01   3.554579424800000E+00   3.225484381300000E-01   1.094572899600000E+00   5.744206645200000E-01   0.000000000000000E+00   0.000000000000000E+00   0.000000000000000E+00   0.000000000000000E+00
   6.755349832100001E-01   3.554409791500000E+00   3.225478401000000E-01   1.105361210900000E+00   5.480915881700000E-01   0.000000000000000E+00   0.000000000000000E+00   0.000000000000000E+00   0.000000000000000E+00
   6.845559942100000E-01   3.554579430600000E+00   3.225484384300000E-01   1.094573008200000E+00   5.744200340000000E-01   0.000000000000000E+00   0.000000000000000E+00   0.000000000000000E+00   0.000000000000000E+00
   6.935770052000000E-01   3.554250110700000E+00   3.225472763600000E-01   1.115514517900000E+00   5.233135962300000E-01   0.000000000000000E+00   0.000000000000000E+00   0.000000000000000E+00   0.000000000000000E+00
   7.027008296100000E-01   3.554579437600000E+00   3.225484385900000E-01   1.094573099500000E+00   5.744195007100000E-01   0.000000000000000E+00   0.000000000000000E+00   0.000000000000000E+00   0.000000000000000E+00
   7.118246540099999E-01   3.554409772600000E+00   3.225478396200000E-01   1.105360952700000E+00   5.480930938200000E-01   0.000000000000000E+00   0.000000000000000E+00   0.000000000000000E+00   0.000000000000000E+00
   7.209484784100000E-01   3.554579447200000E+00   3.225484387100000E-01   1.094573206200000E+00   5.744188765800000E-01   0.000000000000000E+00   0.000000000000000E+00   0.000000000000000E+00   0.000000000000000E+00
   7.300723028100000E-01   3.554250051700000E+00   3.225472755200000E-01   1.115513835100000E+00   5.233175903800000E-01   0.000000000000000E+00   0.000000000000000E+00   0.000000000000000E+00   0.000000000000000E+00
   7.383480206500000E-01   3.554579456200000E+00   3.225484387800000E-01   1.094573301400000E+00   5.744183187300000E-01   0.000000000000000E+00   0.000000000000000E+00   0.000000000000000E+00   0.000000000000000E+00
   7.466237384900000E-01   3.554409747100000E+00   3.225478394000000E-01   1.105360684000000E+00   5.480946689200000E-01   0.000000000000000E+00   0.000000000000000E+00   0.000000000000000E+00   0.000000000000000E+00
   7.548994563300000E-01   3.554579467900000E+00   3.225484388600000E-01   1.094573418600000E+00   5.744176302800000E-01   0.000000000000000E+00   0.000000000000000E+00   0.000000000000000E+00   0.000000000000000E+00
   7.631751741700000E-01   3.554249977900000E+00   3.225472750000000E-01   1.115513084900000E+00   5.233219963700000E-01   0.000000000000000E+00   0.000000000000000E+00   0.000000000000000E+00   0.000000000000000E+00
   7.698184202400000E-01   3.554579479100000E+00   3.225484389300000E-01   1.094573530300000E+00   5.744169730899999E-01   0.000000000000000E+00   0.000000000000000E+00   0.000000000000000E+00   0.000000000000000E+00
   7.764616663200000E-01   3.554409715300000E+00   3.225478392100000E-01   1.105360368600000E+00   5.480965245800000E-01   0.000000000000000E+00   0.000000000000000E+00   0.000000000000000E+00   0.000000000000000E+00
   7.831049123900000E-01   3.554579494000000E+00   3.225484390100000E-01   1.094573675900000E+00   5.744161151100000E-01   0.000000000000000E+00   0.000000000000000E+00   0.000000000000000E+00   0.000000000000000E+00
   7.897481584600000E-01   3.554249883000000E+00   3.225472744700000E-01   1.115512153300000E+00   5.233274873600000E-01   0.000000000000000E+00   0.000000000000000E+00   0.000000000000000E+00   0.000000000000000E+00
   7.951796980100000E-01   3.554579508100000E+00   3.225484390800000E-01   1.094573813200000E+00   5.744153043500000E-01   0.000000000000000E+00   0.000000000000000E+00   0.000000000000000E+00   0.000000000000000E+00
   8.006112375500000E-01   3.554409675500000E+00   3.225478389900000E-01   1.105359981000000E+00   5.480988138800000E-01   0.000000000000000E+00   0.000000000000000E+00   0.000000000000000E+00   0.000000000000000E+00
   8.060427771000001E-01   3.554579526400000E+00   3.225484391800000E-01   1.094573990600000E+00   5.744142545100001E-01   0.000000000000000E+00   0.000000000000000E+00   0.000000000000000E+00   0.000000000000000E+00
   8.114743166400000E-01   3.554249765900000E+00   3.225472738500000E-01   1.115511017800000E+00   5.233342063000000E-01   0.000000000000000E+00   0.000000000000000E+00   0.000000000000000E+00   0.000000000000000E+00
   8.156151418299999E-01   3.554579544400000E+00   3.225484392800000E-01   1.094574164600000E+00   5.744132228600000E-01   0.000000000000000E+00   0.000000000000000E+00   0.000000000000000E+00   0.000000000000000E+00
   8.197559670100000E-01   3.554409624600000E+00   3.225478387300000E-01   1.105359489900000E+00   5.481017269500000E-01   0.000000000000000E+00   0.000000000000000E+00   0.000000000000000E+00   0.000000000000000E+00
   8.238967922000000E-01   3.554579568600000E+00   3.225484394000000E-01   1.094574396300000E+00   5.744118450200000E-01   0.000000000000000E+00   0.000000000000000E+00   0.000000000000000E+00   0.000000000000000E+00
   8.280376173800000E-01   3.554249611200000E+00   3.225472730400000E-01   1.115509535100000E+00   5.233430244600000E-01   0.000000000000000E+00   0.000000000000000E+00   0.000000000000000E+00   0.000000000000000E+00
   8.317840459800000E-01   3.554579590200000E+00   3.225484395200000E-01   1.094574603100000E+00   5.744106118400000E-01   0.000000000000000E+00   0.000000000000000E+00   0.000000000000000E+00   0.000000000000000E+00
   8.355304745800000E-01   3.554409563400000E+00   3.225478384000000E-01   1.105358906200000E+00   5.481052089500000E-01   0.000000000000000E+00   0.000000000000000E+00   0.000000000000000E+00   0.000000000000000E+00
   8.392769031700000E-01   3.554579617100000E+00   3.225484396600000E-01   1.094574857700000E+00   5.744090879500000E-01   0.000000000000000E+00   0.000000000000000E+00   0.000000000000000E+00   0.000000000000000E+00
   8.430233317700000E-01   3.554249439200000E+00   3.225472721300000E-01   1.115507905200000E+00   5.233527773900000E-01   0.000000000000000E+00   0.000000000000000E+00   0.000000000000000E+00   0.000000000000000E+00
   8.478782478800000E-01   3.554579637400000E+00   3.225484397600000E-01   1.094575048900000E+00   5.744079400700000E-01   0.000000000000000E+00   0.000000000000000E+00   0.000000000000000E+00   0.000000000000000E+00
   8.527331639900000E-01   3.554409506100000E+00   3.225478381000000E-01   1.105358366100000E+00   5.481084498100000E-01   0.000000000000000E+00   0.000000000000000E+00   0.000000000000000E+00   0.000000000000000E+00
   8.575880800900000E-01   3.554579658300000E+00   3.225484398700000E-01   1.094575244500000E+00   5.744067633900000E-01   0.000000000000000E+00   0.000000000000000E+00   0.000000000000000E+00   0.000000000000000E+00
   8.624429962000000E-01   3.554249305700000E+00   3.225472714300000E-01   1.115506653700000E+00   5.233603081700000E-01   0.000000000000000E+00   0.000000000000000E+00   0.000000000000000E+00   0.000000000000000E+00
   8.677027329500000E-01   3.554579675400000E+00   3.225484399600000E-01   1.094575403900000E+00   5.744058014300000E-01   0.000000000000000E+00   0.000000000000000E+00   0.000000000000000E+00   0.000000000000000E+00
   8.729624696900000E-01   3.554409457800000E+00   3.225478378500000E-01   1.105357915900000E+00   5.481111658900000E-01   0.000000000000000E+00   0.000000000000000E+00   0.000000000000000E+00   0.000000000000000E+00
   8.782222064300000E-01   3.554579694700000E+00   3.225484400600000E-01   1.094575583600000E+00   5.744047147400000E-01   0.000000000000000E+00   0.000000000000000E+00   0.000000000000000E+00   0.000000000000000E+00
   8.834819431800000E-01   3.554249181900000E+00   3.225472707900000E-01   1.115505503600000E+00   5.233672629700000E-01   0.000000000000000E+00   0.000000000000000E+00   0.000000000000000E+00   0.000000000000000E+00
   8.864749956200000E-01   3.554579717500000E+00   3.225484401800000E-01   1.094575793900000E+00   5.744034410800000E-01   0.000000000000000E+00   0.000000000000000E+00   0.000000000000000E+00   0.000000000000000E+00
   8.894680480700000E-01   3.554409393600000E+00   3.225478375200000E-01   1.105357322800000E+00   5.481147626400000E-01   0.000000000000000E+00   0.000000000000000E+00   0.000000000000000E+00   0.000000000000000E+00
   8.924611005100000E-01   3.554579751700000E+00   3.225484403600000E-01   1.094576107900000E+00   5.744015300999999E-01   0.000000000000000E+00   0.000000000000000E+00   0.000000000000000E+00   0.000000000000000E+00
   8.954541529600000E-01   3.554248962800000E+00   3.225472696400000E-01   1.115503493900000E+00   5.233794932300000E-01   0.000000000000000E+00   0.000000000000000E+00   0.000000000000000E+00   0.000000000000000E+00
   8.983482067500000E-01   3.554579781400000E+00   3.225484405200000E-01   1.094576378400000E+00   5.743998772600000E-01   0.000000000000000E+00   0.000000000000000E+00   0.000000000000000E+00   0.000000000000000E+00
   9.012422605500000E-01   3.554409309600000E+00   3.225478370800000E-01   1.105356559100000E+00   5.481194295300000E-01   0.000000000000000E+00   0.000000000000000E+00   0.000000000000000E+00   0.000000000000000E+00
   9.041363143500000E-01   3.554579817100000E+00   3.225484407000000E-01   1.094576700800000E+00   5.743978991299999E-01   0.000000000000000E+00   0.000000000000000E+00   0.000000000000000E+00   0.000000000000000E+00
   9.070303681400000E-01   3.554248734200000E+00   3.225472684500000E-01   1.115501431000000E+00   5.233921533200000E-01   0.000000000000000E+00   0.000000000000000E+00   0.000000000000000E+00   0.000000000000000E+00
   9.097367177700000E-01   3.554579848700000E+00   3.225484408700000E-01   1.094576983200000E+00   5.743961586200000E-01   0.000000000000000E+00   0.000000000000000E+00   0.000000000000000E+00   0.000000000000000E+00
   9.124430674000000E-01   3.554409220600000E+00   3.225478366100000E-01   1.105355761900000E+00   5.481243440300000E-01   0.000000000000000E+00   0.000000000000000E+00   0.000000000000000E+00   0.000000000000000E+00
   9.151494170300000E-01   3.554579887200000E+00   3.225484410700000E-01   1.094577325100000E+00   5.743940412500000E-01   0.000000000000000E+00   0.000000000000000E+00   0.000000000000000E+00   0.000000000000000E+00
   9.178557666600000E-01   3.554248487700000E+00   3.225472671600000E-01   1.115499242600000E+00   5.234057044800000E-01   0.000000000000000E+00   0.000000000000000E+00   0.000000000000000E+00   0.000000000000000E+00
   9.201914386400000E-01   3.554579922700000E+00   3.225484412600000E-01   1.094577637600000E+00   5.743920977700000E-01   0.000000000000000E+00   0.000000000000000E+00   0.000000000000000E+00   0.000000000000000E+00
   9.225271106200000E-01   3.554409120300000E+00   3.225478360900000E-01   1.105354880000000E+00   5.481298318400000E-01   0.000000000000000E+00   0.000000000000000E+00   0.000000000000000E+00   0.000000000000000E+00
   9.248627826000000E-01   3.554579967800000E+00   3.225484414900000E-01   1.094578030200000E+00   5.743896417100000E-01   0.000000000000000E+00   0.000000000000000E+00   0.000000000000000E+00   0.000000000000000E+00
   9.271984545800001E-01   3.554248199100000E+00   3.225472656500000E-01   1.115496729900000E+00   5.234214232300000E-01   0.000000000000000E+00   0.000000000000000E+00   0.000000000000000E+00   0.000000000000000E+00
   9.292951258700000E-01   3.554580008500000E+00   3.225484417000000E-01   1.094578381300000E+00   5.743874338600000E-01   0.000000000000000E+00   0.000000000000000E+00   0.000000000000000E+00   0.000000000000000E+00
   9.313917971700000E-01   3.554409005300000E+00   3.225478354900000E-01   1.105353889100000E+00   5.481360661200000E-01   0.000000000000000E+00   0.000000000000000E+00   0.000000000000000E+00   0.000000000000000E+00
   9.334884684600000E-01   3.554580059300000E+00   3.225484419700000E-01   1.094578814100000E+00   5.743846944500000E-01   0.000000000000000E+00   0.000000000000000E+00   0.000000000000000E+00   0.000000000000000E+00
   9.355851397500000E-01   3.554247874000000E+00   3.225472639500000E-01   1.115493960000000E+00   5.234389554400000E-01   0.000000000000000E+00   0.000000000000000E+00   0.000000000000000E+00   0.000000000000000E+00
   9.374496990200000E-01   3.554580105400000E+00   3.225484422100000E-01   1.094579202800000E+00   5.743822194800000E-01   0.000000000000000E+00   0.000000000000000E+00   0.000000000000000E+00   0.000000000000000E+00
   9.393142582800000E-01   3.554408875000000E+00   3.225478348100000E-01   1.105352792200000E+00   5.481430547100000E-01   0.000000000000000E+00   0.000000000000000E+00   0.000000000000000E+00   0.000000000000000E+00
   9.411788175500000E-01   3.554580163200000E+00   3.225484425100000E-01   1.094579683700000E+00   5.743791347400000E-01   0.000000000000000E+00   0.000000000000000E+00   0.000000000000000E+00   0.000000000000000E+00
   9.430433768099999E-01   3.554247503900000E+00   3.225472620300000E-01   1.115490882300000E+00   5.234586978000000E-01   0.000000000000000E+00   0.000000000000000E+00   0.000000000000000E+00   0.000000000000000E+00
   9.448945140100000E-01   3.554580212900000E+00   3.225484427700000E-01   1.094580091300000E+00   5.743765012499999E-01   0.000000000000000E+00   0.000000000000000E+00   0.000000000000000E+00   0.000000000000000E+00
   9.467456512200000E-01   3.554408734700000E+00   3.225478340800000E-01   1.105351641300000E+00   5.481504904900000E-01   0.000000000000000E+00   0.000000000000000E+00   0.000000000000000E+00   0.000000000000000E+00
   9.485967884199999E-01   3.554580271900000E+00   3.225484430800000E-01   1.094580569400000E+00   5.743733894700001E-01   0.000000000000000E+00   0.000000000000000E+00   0.000000000000000E+00   0.000000000000000E+00
   9.504479256200000E-01   3.554247126000000E+00   3.225472600600000E-01   1.115487822400000E+00   5.234786132400000E-01   0.000000000000000E+00   0.000000000000000E+00   0.000000000000000E+00   0.000000000000000E+00
   9.521451078299999E-01   3.554580324700000E+00   3.225484433500000E-01   1.094580991500000E+00   5.743706224600000E-01   0.000000000000000E+00   0.000000000000000E+00   0.000000000000000E+00   0.000000000000000E+00
   9.538422900300000E-01   3.554408585600000E+00   3.225478333000000E-01   1.105350450000000E+00   5.481583036500000E-01   0.000000000000000E+00   0.000000000000000E+00   0.000000000000000E+00   0.000000000000000E+00
   9.555394722300000E-01   3.554580390000000E+00   3.225484436900000E-01   1.094581505800000E+00   5.743672229800000E-01   0.000000000000000E+00   0.000000000000000E+00   0.000000000000000E+00   0.000000000000000E+00
   9.572366544299999E-01   3.554246708100000E+00   3.225472578800000E-01   1.115484531200000E+00   5.235003699800000E-01   0.000000000000000E+00   0.000000000000000E+00   0.000000000000000E+00   0.000000000000000E+00
   9.584015091600000E-01   3.554580458600000E+00   3.225484440500000E-01   1.094582039500000E+00   5.743636707300001E-01   0.000000000000000E+00   0.000000000000000E+00   0.000000000000000E+00   0.000000000000000E+00
   9.595663638900001E-01   3.554408391400000E+00   3.225478322900000E-01   1.105348946900000E+00   5.481683364400000E-01   0.000000000000000E+00   0.000000000000000E+00   0.000000000000000E+00   0.000000000000000E+00
   9.607312186200000E-01   3.554580555500000E+00   3.225484445500000E-01   1.094582775100000E+00   5.743587074399999E-01   0.000000000000000E+00   0.000000000000000E+00   0.000000000000000E+00   0.000000000000000E+00
   9.618960733500000E-01   3.554246088200000E+00   3.225472546600000E-01   1.115479823700000E+00   5.235321352600000E-01   0.000000000000000E+00   0.000000000000000E+00   0.000000000000000E+00   0.000000000000000E+00
   9.628462031900000E-01   3.554580648000000E+00   3.225484450300000E-01   1.094583464000000E+00   5.743540066000000E-01   0.000000000000000E+00   0.000000000000000E+00   0.000000000000000E+00   0.000000000000000E+00
   9.637963330400000E-01   3.554408129800000E+00   3.225478309300000E-01   1.105347005700000E+00   5.481816122700000E-01   0.000000000000000E+00   0.000000000000000E+00   0.000000000000000E+00   0.000000000000000E+00
   9.647464628900000E-01   3.554580769500000E+00   3.225484456600000E-01   1.094584343300000E+00   5.743479046400000E-01   0.000000000000000E+00   0.000000000000000E+00   0.000000000000000E+00   0.000000000000000E+00
   9.656965927300000E-01   3.554245310200000E+00   3.225472506300000E-01   1.115474196200000E+00   5.235711882000000E-01   0.000000000000000E+00   0.000000000000000E+00   0.000000000000000E+00   0.000000000000000E+00
   9.666475688300000E-01   3.554580874200000E+00   3.225484462000000E-01   1.094585079800000E+00   5.743427121600000E-01   0.000000000000000E+00   0.000000000000000E+00   0.000000000000000E+00   0.000000000000000E+00
   9.675985449200000E-01   3.554407834400000E+00   3.225478294000000E-01   1.105344926300000E+00   5.481962734300000E-01   0.000000000000000E+00   0.000000000000000E+00   0.000000000000000E+00   0.000000000000000E+00
   9.685495210200000E-01   3.554580998800000E+00   3.225484468500000E-01   1.094585933100000E+00   5.743365964600000E-01   0.000000000000000E+00   0.000000000000000E+00   0.000000000000000E+00   0.000000000000000E+00
   9.695004971100000E-01   3.554244512700000E+00   3.225472465000000E-01   1.115468735000000E+00   5.236103290400000E-01   0.000000000000000E+00   0.000000000000000E+00   0.000000000000000E+00   0.000000000000000E+00
   9.701494207800000E-01   3.554581130700000E+00   3.225484475300000E-01   1.094586816500000E+00   5.743301800000000E-01   0.000000000000000E+00   0.000000000000000E+00   0.000000000000000E+00   0.000000000000000E+00
   9.707983444400000E-01   3.554407460200000E+00   3.225478274700000E-01   1.105342445700000E+00   5.482144008299999E-01   0.000000000000000E+00   0.000000000000000E+00   0.000000000000000E+00   0.000000000000000E+00
   9.714472681000000E-01   3.554581319100000E+00   3.225484485000000E-01   1.094588020600000E+00   5.743211821000000E-01   0.000000000000000E+00   0.000000000000000E+00   0.000000000000000E+00   0.000000000000000E+00
   9.720961917700000E-01   3.554243306700000E+00   3.225472402700000E-01   1.115461029700000E+00   5.236679167100000E-01   0.000000000000000E+00   0.000000000000000E+00   0.000000000000000E+00   0.000000000000000E+00
   9.726780890700000E-01   3.554581491500000E+00   3.225484493900000E-01   1.094589078900000E+00   5.743130748100000E-01   0.000000000000000E+00   0.000000000000000E+00   0.000000000000000E+00   0.000000000000000E+00
   9.732599863700000E-01   3.554406972600000E+00   3.225478249500000E-01   1.105339464100000E+00   5.482372971000000E-01   0.000000000000000E+00   0.000000000000000E+00   0.000000000000000E+00   0.000000000000000E+00
   9.738418836700000E-01   3.554581710100000E+00   3.225484505200000E-01   1.094590354700000E+00   5.743029888100000E-01   0.000000000000000E+00   0.000000000000000E+00   0.000000000000000E+00   0.000000000000000E+00
   9.744237809700000E-01   3.554241907800000E+00   3.225472330600000E-01   1.115452865900000E+00   5.237324686800000E-01   0.000000000000000E+00   0.000000000000000E+00   0.000000000000000E+00   0.000000000000000E+00
   9.750756953400000E-01   3.554581889700000E+00   3.225484514500000E-01   1.094591350600000E+00   5.742948524900000E-01   0.000000000000000E+00   0.000000000000000E+00   0.000000000000000E+00   0.000000000000000E+00
   9.757276097200001E-01   3.554406466200000E+00   3.225478223400000E-01   1.105336645900000E+00   5.482602653000000E-01   0.000000000000000E+00   0.000000000000000E+00   0.000000000000000E+00   0.000000000000000E+00
   9.763795241000000E-01   3.554582092500000E+00   3.225484524900000E-01   1.094592427800000E+00   5.742858018600000E-01   0.000000000000000E+00   0.000000000000000E+00   0.000000000000000E+00   0.000000000000000E+00
   9.770314384800000E-01   3.554240609600000E+00   3.225472263800000E-01   1.115445972600000E+00   5.237903939200000E-01   0.000000000000000E+00   0.000000000000000E+00   0.000000000000000E+00   0.000000000000000E+00
   9.779107607700001E-01   3.554582245600000E+00   3.225484532700000E-01   1.094593200800000E+00   5.742790845700000E-01   0.000000000000000E+00   0.000000000000000E+00   0.000000000000000E+00   0.000000000000000E+00
   9.787900830600000E-01   3.554406035300000E+00   3.225478201300000E-01   1.105334451400000E+00   5.482792224000000E-01   0.000000000000000E+00   0.000000000000000E+00   0.000000000000000E+00   0.000000000000000E+00
   9.796694053500000E-01   3.554582400900000E+00   3.225484540700000E-01   1.094593960900000E+00   5.742723443600000E-01   0.000000000000000E+00   0.000000000000000E+00   0.000000000000000E+00   0.000000000000000E+00
   9.805487276400000E-01   3.554239616100000E+00   3.225472212800000E-01   1.115441108300000E+00   5.238335317700000E-01   0.000000000000000E+00   0.000000000000000E+00   0.000000000000000E+00   0.000000000000000E+00
   9.812277893700000E-01   3.554582554100000E+00   3.225484548600000E-01   1.094594688000000E+00   5.742657591100000E-01   0.000000000000000E+00   0.000000000000000E+00   0.000000000000000E+00   0.000000000000000E+00
   9.819068510900000E-01   3.554405601400000E+00   3.225478179000000E-01   1.105332409000000E+00   5.482978242900000E-01   0.000000000000000E+00   0.000000000000000E+00   0.000000000000000E+00   0.000000000000000E+00
   9.825859128100000E-01   3.554582761400000E+00   3.225484559200000E-01   1.094595622400000E+00   5.742569918000000E-01   0.000000000000000E+00   0.000000000000000E+00   0.000000000000000E+00   0.000000000000000E+00
   9.832649745299999E-01   3.554238289300000E+00   3.225472144900000E-01   1.115435129400000E+00   5.238896436300000E-01   0.000000000000000E+00   0.000000000000000E+00   0.000000000000000E+00   0.000000000000000E+00
   9.836940236300000E-01   3.554582991900000E+00   3.225484571000000E-01   1.094596624000000E+00   5.742473493300000E-01   0.000000000000000E+00   0.000000000000000E+00   0.000000000000000E+00   0.000000000000000E+00
   9.841230727300000E-01   3.554404945300000E+00   3.225478145500000E-01   1.105329620800000E+00   5.483250818700000E-01   0.000000000000000E+00   0.000000000000000E+00   0.000000000000000E+00   0.000000000000000E+00
   9.845521218200000E-01   3.554583335000000E+00   3.225484588500000E-01   1.094597984400000E+00   5.742333791200001E-01   0.000000000000000E+00   0.000000000000000E+00   0.000000000000000E+00   0.000000000000000E+00
   9.849811709200000E-01   3.554236093000000E+00   3.225472032600000E-01   1.115426427300000E+00   5.239790575300000E-01   0.000000000000000E+00   0.000000000000000E+00   0.000000000000000E+00   0.000000000000000E+00
   9.853655313500000E-01   3.554583651700000E+00   3.225484604700000E-01   1.094599143800000E+00   5.742207627500000E-01   0.000000000000000E+00   0.000000000000000E+00   0.000000000000000E+00   0.000000000000000E+00
   9.857498917800001E-01   3.554404048800000E+00   3.225478099700000E-01   1.105326365100000E+00   5.483607191800000E-01   0.000000000000000E+00   0.000000000000000E+00   0.000000000000000E+00   0.000000000000000E+00
   9.861342522200000E-01   3.554584057300000E+00   3.225484625400000E-01   1.094600483500000E+00   5.742050246600000E-01   0.000000000000000E+00   0.000000000000000E+00   0.000000000000000E+00   0.000000000000000E+00
   9.865186126500000E-01   3.554233496100000E+00   3.225471900300000E-01   1.115417859800000E+00   5.240797878500000E-01   0.000000000000000E+00   0.000000000000000E+00   0.000000000000000E+00   0.000000000000000E+00
   9.868986421900000E-01   3.554584414700000E+00   3.225484643500000E-01   1.094601545400000E+00   5.741915036000000E-01   0.000000000000000E+00   0.000000000000000E+00   0.000000000000000E+00   0.000000000000000E+00
   9.872786717399999E-01   3.554403039500000E+00   3.225478048400000E-01   1.105323370300000E+00   5.483988993500000E-01   0.000000000000000E+00   0.000000000000000E+00   0.000000000000000E+00   0.000000000000000E+00
   9.876587012800000E-01   3.554584850500000E+00   3.225484665700000E-01   1.094602698900000E+00   5.741754226500000E-01   0.000000000000000E+00   0.000000000000000E+00   0.000000000000000E+00   0.000000000000000E+00
   9.880387308300000E-01   3.554230705800000E+00   3.225471758600000E-01   1.115410484900000E+00   5.241827131000000E-01   0.000000000000000E+00   0.000000000000000E+00   0.000000000000000E+00   0.000000000000000E+00
   9.883324226200000E-01   3.554585286900000E+00   3.225484687800000E-01   1.094603733300000E+00   5.741596710300000E-01   0.000000000000000E+00   0.000000000000000E+00   0.000000000000000E+00   0.000000000000000E+00
   9.886261144100000E-01   3.554401798800000E+00   3.225477985500000E-01   1.105320516800000E+00   5.484434300700000E-01   0.000000000000000E+00   0.000000000000000E+00   0.000000000000000E+00   0.000000000000000E+00
   9.889198062100000E-01   3.554585891200000E+00   3.225484718400000E-01   1.094604909300000E+00   5.741386030300000E-01   0.000000000000000E+00   0.000000000000000E+00   0.000000000000000E+00   0.000000000000000E+00
   9.892134980000000E-01   3.554226836300000E+00   3.225471562700000E-01   1.115402975300000E+00   5.243175648600000E-01   0.000000000000000E+00   0.000000000000000E+00   0.000000000000000E+00   0.000000000000000E+00
   9.894800225700000E-01   3.554586451400000E+00   3.225484746700000E-01   1.094605799500000E+00   5.741196498000000E-01   0.000000000000000E+00   0.000000000000000E+00   0.000000000000000E+00   0.000000000000000E+00
   9.897465471400000E-01   3.554400211600000E+00   3.225477905300000E-01   1.105318044100000E+00   5.484969796600000E-01   0.000000000000000E+00   0.000000000000000E+00   0.000000000000000E+00   0.000000000000000E+00
   9.900130717100000E-01   3.554587173600000E+00   3.225484783200000E-01   1.094606654600000E+00   5.740960681800000E-01   0.000000000000000E+00   0.000000000000000E+00   0.000000000000000E+00   0.000000000000000E+00
   9.902795962800000E-01   3.554222211500000E+00   3.225471329300000E-01   1.115397526400000E+00   5.244685109500000E-01   0.000000000000000E+00   0.000000000000000E+00   0.000000000000000E+00   0.000000000000000E+00
   9.904979222300000E-01   3.554587881800000E+00   3.225484818900000E-01   1.094607252800000E+00   5.740736360699999E-01   0.000000000000000E+00   0.000000000000000E+00   0.000000000000000E+00   0.000000000000000E+00
   9.907162481800000E-01   3.554398196700000E+00   3.225477803800000E-01   1.105316472100000E+00   5.485604168300000E-01   0.000000000000000E+00   0.000000000000000E+00   0.000000000000000E+00   0.000000000000000E+00
   9.909345741300000E-01   3.554588849600000E+00   3.225484867500000E-01   1.094607623400000E+00   5.740442817200000E-01   0.000000000000000E+00   0.000000000000000E+00   0.000000000000000E+00   0.000000000000000E+00
   9.911529000800000E-01   3.554216011600000E+00   3.225471017700000E-01   1.115395202000000E+00   5.246564256100000E-01   0.000000000000000E+00   0.000000000000000E+00   0.000000000000000E+00   0.000000000000000E+00
   9.913442849500000E-01   3.554589773500000E+00   3.225484913900000E-01   1.094607622300000E+00   5.740172866100000E-01   0.000000000000000E+00   0.000000000000000E+00   0.000000000000000E+00   0.000000000000000E+00
   9.915356698300000E-01   3.554395572200000E+00   3.225477672100000E-01   1.105316597400000E+00   5.486367443600000E-01   0.000000000000000E+00   0.000000000000000E+00   0.000000000000000E+00   0.000000000000000E+00
   9.917270547000000E-01   3.554591004300000E+00   3.225484975500000E-01   1.094607059200000E+00   5.739829581700000E-01   0.000000000000000E+00   0.000000000000000E+00   0.000000000000000E+00   0.000000000000000E+00
   9.919184395800000E-01   3.554208125100000E+00   3.225470622800000E-01   1.115398883800000E+00   5.248762042800000E-01   0.000000000000000E+00   0.000000000000000E+00   0.000000000000000E+00   0.000000000000000E+00
   9.921342577400000E-01   3.554592052300000E+00   3.225485027900000E-01   1.094606131200000E+00   5.739550191600000E-01   0.000000000000000E+00   0.000000000000000E+00   0.000000000000000E+00   0.000000000000000E+00
   9.923500759000000E-01   3.554392625200000E+00   3.225477524900000E-01   1.105319119500000E+00   5.487155477600000E-01   0.000000000000000E+00   0.000000000000000E+00   0.000000000000000E+00   0.000000000000000E+00
   9.925658940700000E-01   3.554593268600000E+00   3.225485088600000E-01   1.094604662800000E+00   5.739237375900000E-01   0.000000000000000E+00   0.000000000000000E+00   0.000000000000000E+00   0.000000000000000E+00
   9.927817122300000E-01   3.554200333400000E+00   3.225470234100000E-01   1.115408341800000E+00   5.250764652500000E-01   0.000000000000000E+00   0.000000000000000E+00   0.000000000000000E+00   0.000000000000000E+00
   9.929564650900000E-01   3.554594477800000E+00   3.225485148800000E-01   1.094602850100000E+00   5.738936590200000E-01   0.000000000000000E+00   0.000000000000000E+00   0.000000000000000E+00   0.000000000000000E+00
   9.931312179400000E-01   3.554389177900000E+00   3.225477353100000E-01   1.105324492400000E+00   5.488007008700000E-01   0.000000000000000E+00   0.000000000000000E+00   0.000000000000000E+00   0.000000000000000E+00
   9.933059708000000E-01   3.554596158200000E+00   3.225485232400000E-01   1.094599657600000E+00   5.738538172300000E-01   0.000000000000000E+00   0.000000000000000E+00   0.000000000000000E+00   0.000000000000000E+00
   9.934807236500000E-01   3.554189563300000E+00   3.225469698500000E-01   1.115428898500000E+00   5.253315757000000E-01   0.000000000000000E+00   0.000000000000000E+00   0.000000000000000E+00   0.000000000000000E+00
   9.936155796400000E-01   3.554597888800000E+00   3.225485318400000E-01   1.094595837600000E+00   5.738143184700000E-01   0.000000000000000E+00   0.000000000000000E+00   0.000000000000000E+00   0.000000000000000E+00
   9.937504356300000E-01   3.554384217800000E+00   3.225477106900000E-01   1.105335841600000E+00   5.489127314000000E-01   0.000000000000000E+00   0.000000000000000E+00   0.000000000000000E+00   0.000000000000000E+00
   9.938852916200001E-01   3.554600394900000E+00   3.225485442500000E-01   1.094589166700000E+00   5.737604380700000E-01   0.000000000000000E+00   0.000000000000000E+00   0.000000000000000E+00   0.000000000000000E+00
   9.940201476100000E-01   3.554173484600000E+00   3.225468901800000E-01   1.115471901500000E+00   5.256767154600001E-01   0.000000000000000E+00   0.000000000000000E+00   0.000000000000000E+00   0.000000000000000E+00
   9.941336945500000E-01   3.554602901200000E+00   3.225485566600000E-01   1.094581605400000E+00   5.737091222000000E-01   0.000000000000000E+00   0.000000000000000E+00   0.000000000000000E+00   0.000000000000000E+00
   9.942472415000000E-01   3.554377049400000E+00   3.225476752400000E-01   1.105357891000000E+00   5.490582619600000E-01   0.000000000000000E+00   0.000000000000000E+00   0.000000000000000E+00   0.000000000000000E+00
   9.943607884500000E-01   3.554606435000000E+00   3.225485741000000E-01   1.094569397200000E+00   5.736412667800000E-01   0.000000000000000E+00   0.000000000000000E+00   0.000000000000000E+00   0.000000000000000E+00
   9.944743354000000E-01   3.554150788100000E+00   3.225467781300000E-01   1.115550644000000E+00   5.261115915100000E-01   0.000000000000000E+00   0.000000000000000E+00   0.000000000000000E+00   0.000000000000000E+00
   9.945751378900000E-01   3.554609922800000E+00   3.225485912900000E-01   1.094556105400000E+00   5.735778851500000E-01   0.000000000000000E+00   0.000000000000000E+00   0.000000000000000E+00   0.000000000000000E+00
   9.946759403800000E-01   3.554367091800000E+00   3.225476261700000E-01   1.105396251600000E+00   5.492379935300000E-01   0.000000000000000E+00   0.000000000000000E+00   0.000000000000000E+00   0.000000000000000E+00
   9.947767428700000E-01   3.554614765600000E+00   3.225486151200000E-01   1.094535746900000E+00   5.734954074800001E-01   0.000000000000000E+00   0.000000000000000E+00   0.000000000000000E+00   0.000000000000000E+00
   9.948775453499999E-01   3.554119653100000E+00   3.225466249800000E-01   1.115681990400000E+00   5.266404852400000E-01   0.000000000000000E+00   0.000000000000000E+00   0.000000000000000E+00   0.000000000000000E+00
   9.949678781400000E-01   3.554619572800000E+00   3.225486387300000E-01   1.094513981900000E+00   5.734180444600000E-01   0.000000000000000E+00   0.000000000000000E+00   0.000000000000000E+00   0.000000000000000E+00
   9.950582109300000E-01   3.554353357900000E+00   3.225475587300000E-01   1.105458921200000E+00   5.494575741500000E-01   0.000000000000000E+00   0.000000000000000E+00   0.000000000000000E+00   0.000000000000000E+00
   9.951485437100001E-01   3.554626288800000E+00   3.225486716700000E-01   1.094481238500000E+00   5.733167134100000E-01   0.000000000000000E+00   0.000000000000000E+00   0.000000000000000E+00   0.000000000000000E+00
   9.952388765000000E-01   3.554076421600000E+00   3.225464129900000E-01   1.115893351700000E+00   5.272907818200000E-01   0.000000000000000E+00   0.000000000000000E+00   0.000000000000000E+00   0.000000000000000E+00
   9.953205647800000E-01   3.554632998400000E+00   3.225487045300000E-01   1.094446619700000E+00   5.732210532200001E-01   0.000000000000000E+00   0.000000000000000E+00   0.000000000000000E+00   0.000000000000000E+00
   9.954022530600000E-01   3.554334177700000E+00   3.225474648200000E-01   1.105558457800000E+00   5.497293756000000E-01   0.000000000000000E+00   0.000000000000000E+00   0.000000000000000E+00   0.000000000000000E+00
   9.954839413400000E-01   3.554642430300000E+00   3.225487506500000E-01   1.094395124900000E+00   5.730946566000000E-01   0.000000000000000E+00   0.000000000000000E+00   0.000000000000000E+00   0.000000000000000E+00
   9.955656296099999E-01   3.554015619400000E+00   3.225461156700000E-01   1.116225996100000E+00   5.281027566900000E-01   0.000000000000000E+00   0.000000000000000E+00   0.000000000000000E+00   0.000000000000000E+00
   9.956510399900000E-01   3.554651355400000E+00   3.225487942400000E-01   1.094344129500000E+00   5.729818223199999E-01   0.000000000000000E+00   0.000000000000000E+00   0.000000000000000E+00   0.000000000000000E+00
   9.957364503700000E-01   3.554309003400000E+00   3.225473418600000E-01   1.105702299300000E+00   5.500478519100001E-01   0.000000000000000E+00   0.000000000000000E+00   0.000000000000000E+00   0.000000000000000E+00
   9.958218607400000E-01   3.554662878600000E+00   3.225488504600000E-01   1.094275846700000E+00   5.728428924900000E-01   0.000000000000000E+00   0.000000000000000E+00   0.000000000000000E+00   0.000000000000000E+00
   9.959072711200000E-01   3.553941363700000E+00   3.225457533600000E-01   1.116666428400000E+00   5.289952862900000E-01   0.000000000000000E+00   0.000000000000000E+00   0.000000000000000E+00   0.000000000000000E+00
   9.959967362500000E-01   3.554673712000000E+00   3.225489032800000E-01   1.094209676200000E+00   5.727184663300000E-01   0.000000000000000E+00   0.000000000000000E+00   0.000000000000000E+00   0.000000000000000E+00
   9.960862013900000E-01   3.554278483300000E+00   3.225471930900000E-01   1.105888884900000E+00   5.503989527099999E-01   0.000000000000000E+00   0.000000000000000E+00   0.000000000000000E+00   0.000000000000000E+00
   9.961756665300000E-01   3.554687635200000E+00   3.225489711400000E-01   1.094122603600000E+00   5.725649206400000E-01   0.000000000000000E+00   0.000000000000000E+00   0.000000000000000E+00   0.000000000000000E+00
   9.962651316600000E-01   3.553852270000000E+00   3.225453198000000E-01   1.117227177900000E+00   5.299813593500000E-01   0.000000000000000E+00   0.000000000000000E+00   0.000000000000000E+00   0.000000000000000E+00
   9.963271433400001E-01   3.554704597000000E+00   3.225490552700000E-01   1.094021240300000E+00   5.723948760899999E-01   0.000000000000000E+00   0.000000000000000E+00   0.000000000000000E+00   0.000000000000000E+00
   9.963891550200000E-01   3.554235870700000E+00   3.225469910400000E-01   1.106186593700000E+00   5.508893566100000E-01   0.000000000000000E+00   0.000000000000000E+00   0.000000000000000E+00   0.000000000000000E+00
   9.964511667000000E-01   3.554742666300000E+00   3.225492565100000E-01   1.093843072800000E+00   5.721214778900000E-01   0.000000000000000E+00   0.000000000000000E+00   0.000000000000000E+00   0.000000000000000E+00
   9.965131783800000E-01   3.553728785500000E+00   3.225447831100000E-01   1.118328562500000E+00   5.316798176000000E-01   0.000000000000000E+00   0.000000000000000E+00   0.000000000000000E+00   0.000000000000000E+00
   9.965695260200000E-01   3.554906443200000E+00   3.225502391700000E-01   1.093598834200000E+00   5.717807039600000E-01   0.000000000000000E+00   0.000000000000000E+00   0.000000000000000E+00   0.000000000000000E+00
   9.966258736700000E-01   3.554605387800000E+00   3.225494012800000E-01   1.106522537200000E+00   5.514144255400000E-01   0.000000000000000E+00   0.000000000000000E+00   0.000000000000000E+00   0.000000000000000E+00
   9.966822213200000E-01   3.556155795500000E+00   3.225579682600000E-01   1.092791409400000E+00   5.707524096300000E-01   0.000000000000000E+00   0.000000000000000E+00   0.000000000000000E+00   0.000000000000000E+00
   9.967385689700000E-01   3.557753582600000E+00   3.225702288400000E-01   1.118264697000000E+00   5.318323152000000E-01   0.000000000000000E+00   0.000000000000000E+00   0.000000000000000E+00   0.000000000000000E+00
   9.967959791800000E-01   3.568440999900000E+00   3.226354493400000E-01   1.087243275800000E+00   5.639711249600000E-01   0.000000000000000E+00   0.000000000000000E+00   0.000000000000000E+00   0.000000000000000E+00
   9.968533893800000E-01   3.596773630500000E+00   3.228133148000000E-01   1.089048303300000E+00   5.301330720800000E-01   0.000000000000000E+00   0.000000000000000E+00   0.000000000000000E+00   0.000000000000000E+00
   9.969107995900000E-01   3.681624548000000E+00   3.233502646000000E-01   1.041251470600000E+00   5.092274353500000E-01   0.000000000000000E+00   0.000000000000000E+00   0.000000000000000E+00   0.000000000000000E+00
   9.969682097900000E-01   3.886618901600000E+00   3.247021733100000E-01   9.974740945200000E-01   3.925913171500000E-01   0.000000000000000E+00   0.000000000000000E+00   0.000000000000000E+00   0.000000000000000E+00
   9.970276260900000E-01   4.292515561300000E+00   3.275675724500000E-01   8.629340496000000E-01   3.226424237200000E-01   0.000000000000000E+00   0.000000000000000E+00   0.000000000000000E+00   0.000000000000000E+00
   9.970870423800000E-01   4.854043074900000E+00   3.320542236800000E-01   7.711755463300000E-01   2.117647271100000E-01   0.000000000000000E+00   0.000000000000000E+00   0.000000000000000E+00   0.000000000000000E+00
   9.971464586800000E-01   5.473701326300000E+00   3.378652677000000E-01   6.750540965300000E-01   1.718402685600000E-01   0.000000000000000E+00   0.000000000000000E+00   0.000000000000000E+00   0.000000000000000E+00
   9.972058749800000E-01   6.070001768700000E+00   3.446178241600000E-01   6.393525465400000E-01   9.231694571000000E-02   0.000000000000000E+00   0.000000000000000E+00   0.000000000000000E+00   0.000000000000000E+00
   9.972742092500000E-01   6.676599592200000E+00   3.531700027300000E-01   5.639465012200000E-01   1.058399696100000E-01   0.000000000000000E+00   0.000000000000000E+00   0.000000000000000E+00   0.000000000000000E+00
   9.973425435200000E-01   7.184063249600000E+00   3.623027721300000E-01   5.397171087900000E-01   6.679795585300000E-02   0.000000000000000E+00   0.000000000000000E+00   0.000000000000000E+00   0.000000000000000E+00
   9.974108777800000E-01   7.600141346600000E+00   3.718579650100000E-01   4.976321921300000E-01   7.534070234500000E-02   0.000000000000000E+00   0.000000000000000E+00   0.000000000000000E+00   0.000000000000000E+00
   9.974792120500000E-01   7.937509137900000E+00   3.817285268100000E-01   4.995099000700000E-01   2.566371616100000E-02   0.000000000000000E+00   0.000000000000000E+00   0.000000000000000E+00   0.000000000000000E+00
   9.975456536500000E-01   8.206608975900000E+00   3.915765484700000E-01   4.542548343300000E-01   5.928878762300000E-02   0.000000000000000E+00   0.000000000000000E+00   0.000000000000000E+00   0.000000000000000E+00
   9.976120952600001E-01   8.428134490800000E+00   4.016247036600000E-01   4.501736857400000E-01   3.297094223800000E-02   0.000000000000000E+00   0.000000000000000E+00   0.000000000000000E+00   0.000000000000000E+00
   9.976785368600000E-01   8.613704110500001E+00   4.118514432400000E-01   4.212070086100000E-01   4.911168952300000E-02   0.000000000000000E+00   0.000000000000000E+00   0.000000000000000E+00   0.000000000000000E+00
   9.977449784700000E-01   8.770199256700000E+00   4.222323428300000E-01   4.326195433900000E-01   5.061593731300000E-03   0.000000000000000E+00   0.000000000000000E+00   0.000000000000000E+00   0.000000000000000E+00
   9.978320788700000E-01   8.944073725499999E+00   4.360609071200000E-01   3.891698334900000E-01   4.082406816800000E-02   0.000000000000000E+00   0.000000000000000E+00   0.000000000000000E+00   0.000000000000000E+00
   9.979191792800000E-01   9.089853952500000E+00   4.501100227100000E-01   3.861418935000000E-01   1.651725600600000E-02   0.000000000000000E+00   0.000000000000000E+00   0.000000000000000E+00   0.000000000000000E+00
   9.980062796800000E-01   9.216244269300001E+00   4.643682790000000E-01   3.572576110300000E-01   3.392680352500000E-02   0.000000000000000E+00   0.000000000000000E+00   0.000000000000000E+00   0.000000000000000E+00
   9.980933800900000E-01   9.327115311200000E+00   4.788188852000000E-01   3.684325851000000E-01  -8.758108792600000E-03   0.000000000000000E+00   0.000000000000000E+00   0.000000000000000E+00   0.000000000000000E+00
   9.981401109300000E-01   9.382495009699999E+00   4.866518572700000E-01   3.347388221400000E-01   2.976670075400000E-02   0.000000000000000E+00   0.000000000000000E+00   0.000000000000000E+00   0.000000000000000E+00
   9.981868417700001E-01   9.434319698900000E+00   4.945344505900000E-01   3.405861257200000E-01   8.022893611200000E-03   0.000000000000000E+00   0.000000000000000E+00   0.000000000000000E+00   0.000000000000000E+00
   9.982335726100000E-01   9.484140813500000E+00   5.024703060200000E-01   3.197451258300000E-01   2.727095267200000E-02   0.000000000000000E+00   0.000000000000000E+00   0.000000000000000E+00   0.000000000000000E+00
   9.982803034500000E-01   9.531025690900000E+00   5.104540173000000E-01   3.384927571900000E-01  -1.340099752700000E-02   0.000000000000000E+00   0.000000000000000E+00   0.000000000000000E+00   0.000000000000000E+00
   9.983283835200000E-01   9.578148844799999E+00   5.187238277000000E-01   3.050347544500000E-01   2.504307878500000E-02   0.000000000000000E+00   0.000000000000000E+00   0.000000000000000E+00   0.000000000000000E+00
   9.983764635900000E-01   9.622646878499999E+00   5.270429074200000E-01   3.111783042100000E-01   3.726320415100000E-03   0.000000000000000E+00   0.000000000000000E+00   0.000000000000000E+00   0.000000000000000E+00
   9.984245436600000E-01   9.665900891600000E+00   5.354152025200000E-01   2.905443014300000E-01   2.303765534300000E-02   0.000000000000000E+00   0.000000000000000E+00   0.000000000000000E+00   0.000000000000000E+00
   9.984726237300000E-01   9.706854077199999E+00   5.438357169100000E-01   3.095320290700000E-01  -1.709896307500000E-02   0.000000000000000E+00   0.000000000000000E+00   0.000000000000000E+00   0.000000000000000E+00
   9.985164589500000E-01   9.743807655399999E+00   5.515600947800000E-01   2.770402486900000E-01   2.133365463100000E-02   0.000000000000000E+00   0.000000000000000E+00   0.000000000000000E+00   0.000000000000000E+00
   9.985602941700000E-01   9.778901982400001E+00   5.593234030100001E-01   2.841507184100000E-01   4.603140468800000E-04   0.000000000000000E+00   0.000000000000000E+00   0.000000000000000E+00   0.000000000000000E+00
   9.986041294000000E-01   9.813403566300000E+00   5.671298654600000E-01   2.644291182200000E-01   1.986677570800000E-02   0.000000000000000E+00   0.000000000000000E+00   0.000000000000000E+00   0.000000000000000E+00
   9.986479646200001E-01   9.846178075499999E+00   5.749748855900000E-01   2.843022705000000E-01  -1.971231354300000E-02   0.000000000000000E+00   0.000000000000000E+00   0.000000000000000E+00   0.000000000000000E+00
   9.986890796000000E-01   9.876943104900000E+00   5.823736641100000E-01   2.524299039900000E-01   1.858707351400000E-02   0.000000000000000E+00   0.000000000000000E+00   0.000000000000000E+00   0.000000000000000E+00
   9.987301945700000E-01   9.906181298300000E+00   5.898057601900000E-01   2.601293849300000E-01  -1.949217512400000E-03   0.000000000000000E+00   0.000000000000000E+00   0.000000000000000E+00   0.000000000000000E+00
   9.987713095500000E-01   9.935116873400000E+00   5.972754852500000E-01   2.409946535700000E-01   1.745612046900000E-02   0.000000000000000E+00   0.000000000000000E+00   0.000000000000000E+00   0.000000000000000E+00
   9.988124245300000E-01   9.962593652000001E+00   6.047784656300000E-01   2.613924373200000E-01  -2.165465968200000E-02   0.000000000000000E+00   0.000000000000000E+00   0.000000000000000E+00   0.000000000000000E+00
   9.988489954600001E-01   9.987297630900001E+00   6.114854672200000E-01   2.303363756100000E-01   1.648385851500000E-02   0.000000000000000E+00   0.000000000000000E+00   0.000000000000000E+00   0.000000000000000E+00
   9.988855663900000E-01   1.001073500500000E+01   6.182181799899999E-01   2.387720732600000E-01  -3.739638667800000E-03   0.000000000000000E+00   0.000000000000000E+00   0.000000000000000E+00   0.000000000000000E+00
   9.989221373200000E-01   1.003410429100000E+01   6.249809214800000E-01   2.204147690800000E-01   1.563475887700000E-02   0.000000000000000E+00   0.000000000000000E+00   0.000000000000000E+00   0.000000000000000E+00
   9.989587082400000E-01   1.005624138700000E+01   6.317694666500000E-01   2.414716862300000E-01  -2.301448429800000E-02   0.000000000000000E+00   0.000000000000000E+00   0.000000000000000E+00   0.000000000000000E+00
   9.989900463600000E-01   1.007565367100000E+01   6.376122930000000E-01   2.112922335900000E-01   1.490788730800000E-02   0.000000000000000E+00   0.000000000000000E+00   0.000000000000000E+00   0.000000000000000E+00
   9.990213844700000E-01   1.009399020000000E+01   6.434734215100000E-01   2.204677926900000E-01  -5.024503084900000E-03   0.000000000000000E+00   0.000000000000000E+00   0.000000000000000E+00   0.000000000000000E+00
   9.990527225900000E-01   1.011243329200000E+01   6.493571236100000E-01   2.029408463400000E-01   1.427300751200000E-02   0.000000000000000E+00   0.000000000000000E+00   0.000000000000000E+00   0.000000000000000E+00
   9.990840607000000E-01   1.012981870100000E+01   6.552592571700000E-01   2.246487294100000E-01  -2.390952820800000E-02   0.000000000000000E+00   0.000000000000000E+00   0.000000000000000E+00   0.000000000000000E+00
   9.991122522200000E-01   1.014602518200000E+01   6.605897769000000E-01   1.950631020300000E-01   1.371266546900000E-02   0.000000000000000E+00   0.000000000000000E+00   0.000000000000000E+00   0.000000000000000E+00
   9.991404437300000E-01   1.016125088500000E+01   6.659347890000000E-01   2.046380590000000E-01  -5.959247281900000E-03   0.000000000000000E+00   0.000000000000000E+00   0.000000000000000E+00   0.000000000000000E+00
   9.991686352400000E-01   1.017666726300000E+01   6.712985107900000E-01   1.876468524200000E-01   1.320454952800000E-02   0.000000000000000E+00   0.000000000000000E+00   0.000000000000000E+00   0.000000000000000E+00
   9.991968267500000E-01   1.019111537500000E+01   6.766768671700000E-01   2.096574951800000E-01  -2.452831345200000E-02   0.000000000000000E+00   0.000000000000000E+00   0.000000000000000E+00   0.000000000000000E+00
   9.992202991400000E-01   1.020376993000000E+01   6.811709229300000E-01   1.808877813800000E-01   1.276573352600000E-02   0.000000000000000E+00   0.000000000000000E+00   0.000000000000000E+00   0.000000000000000E+00
   9.992437715200000E-01   1.021554552700000E+01   6.856744201100000E-01   1.910203489300000E-01  -6.630814729700000E-03   0.000000000000000E+00   0.000000000000000E+00   0.000000000000000E+00   0.000000000000000E+00
   9.992672439100000E-01   1.022760205600000E+01   6.901914987400000E-01   1.747754617300000E-01   1.237260683500000E-02   0.000000000000000E+00   0.000000000000000E+00   0.000000000000000E+00   0.000000000000000E+00
   9.992907163000000E-01   1.023878832500000E+01   6.947181320200000E-01   1.972173060800000E-01  -2.485691884900000E-02   0.000000000000000E+00   0.000000000000000E+00   0.000000000000000E+00   0.000000000000000E+00
   9.993108535700000E-01   1.024907730800000E+01   6.986140967100000E-01   1.691194317500000E-01   1.202593048800000E-02   0.000000000000000E+00   0.000000000000000E+00   0.000000000000000E+00   0.000000000000000E+00
   9.993309908400000E-01   1.025854778000000E+01   7.025164924000000E-01   1.795836107100000E-01  -7.088577932800000E-03   0.000000000000000E+00   0.000000000000000E+00   0.000000000000000E+00   0.000000000000000E+00
   9.993511281100000E-01   1.026834801900000E+01   7.064293918000000E-01   1.639159505900000E-01   1.170379086200000E-02   0.000000000000000E+00   0.000000000000000E+00   0.000000000000000E+00   0.000000000000000E+00
   9.993712653800000E-01   1.027733711500000E+01   7.103488133800000E-01   1.865451025500000E-01  -2.498750054400000E-02   0.000000000000000E+00   0.000000000000000E+00   0.000000000000000E+00   0.000000000000000E+00
   9.993887748200000E-01   1.028588139800000E+01   7.137669468100000E-01   1.590661753800000E-01   1.141664138700000E-02   0.000000000000000E+00   0.000000000000000E+00   0.000000000000000E+00   0.000000000000000E+00
   9.994062842600000E-01   1.029364933800000E+01   7.171894555100000E-01   1.697372345500000E-01  -7.399189277900000E-03   0.000000000000000E+00   0.000000000000000E+00   0.000000000000000E+00   0.000000000000000E+00
   9.994237937000000E-01   1.030177694700000E+01   7.206203564700000E-01   1.545689530300000E-01   1.114221529100000E-02   0.000000000000000E+00   0.000000000000000E+00   0.000000000000000E+00   0.000000000000000E+00
   9.994413031400000E-01   1.030913416300000E+01   7.240556923000000E-01   1.772554971400000E-01  -2.496536492700000E-02   0.000000000000000E+00   0.000000000000000E+00   0.000000000000000E+00   0.000000000000000E+00
   9.994652107999999E-01   1.032006947100000E+01   7.287610572000000E-01   1.492425954700000E-01   1.086044146700000E-02   0.000000000000000E+00   0.000000000000000E+00   0.000000000000000E+00   0.000000000000000E+00
   9.994891184500000E-01   1.033015125000000E+01   7.334767881499999E-01   1.589696512600000E-01  -7.723289425700000E-03   0.000000000000000E+00   0.000000000000000E+00   0.000000000000000E+00   0.000000000000000E+00
   9.995130261100000E-01   1.034050722100000E+01   7.382069265000000E-01   1.430997572600000E-01   1.055884598000000E-02   0.000000000000000E+00   0.000000000000000E+00   0.000000000000000E+00   0.000000000000000E+00
   9.995369337700000E-01   1.035001688600000E+01   7.429475911700000E-01   1.647662283200000E-01  -2.516445055900000E-02   0.000000000000000E+00   0.000000000000000E+00   0.000000000000000E+00   0.000000000000000E+00
   9.995530536200000E-01   1.035706234400000E+01   7.461538558100000E-01   1.379774811500000E-01   1.030886503100000E-02   0.000000000000000E+00   0.000000000000000E+00   0.000000000000000E+00   0.000000000000000E+00
   9.995691734800000E-01   1.036336214500000E+01   7.493636722500000E-01   1.485814879700000E-01  -7.985507097900000E-03   0.000000000000000E+00   0.000000000000000E+00   0.000000000000000E+00   0.000000000000000E+00
   9.995852933400000E-01   1.037003070200000E+01   7.525809636200000E-01   1.338695298100000E-01   1.008631721700000E-02   0.000000000000000E+00   0.000000000000000E+00   0.000000000000000E+00   0.000000000000000E+00
   9.996014132000000E-01   1.037596048600000E+01   7.558018819800000E-01   1.562146104800000E-01  -2.503142681900000E-02   0.000000000000000E+00   0.000000000000000E+00   0.000000000000000E+00   0.000000000000000E+00
   9.996162933000000E-01   1.038219582600000E+01   7.587832549600000E-01   1.299238555300000E-01   9.884872964900000E-03   0.000000000000000E+00   0.000000000000000E+00   0.000000000000000E+00   0.000000000000000E+00
   9.996311734000000E-01   1.038770700800000E+01   7.617674028500000E-01   1.405126853900000E-01  -8.099721318300000E-03   0.000000000000000E+00   0.000000000000000E+00   0.000000000000000E+00   0.000000000000000E+00
   9.996460534900000E-01   1.039359347600000E+01   7.647581874200000E-01   1.261431074700000E-01   9.682307103699999E-03   0.000000000000000E+00   0.000000000000000E+00   0.000000000000000E+00   0.000000000000000E+00
   9.996609335900000E-01   1.039876278500000E+01   7.677518148700000E-01   1.482920344900000E-01  -2.483021068600000E-02   0.000000000000000E+00   0.000000000000000E+00   0.000000000000000E+00   0.000000000000000E+00
   9.996756116700000E-01   1.040464378300000E+01   7.707127657200000E-01   1.223878237900000E-01   9.497384636100000E-03   0.000000000000000E+00   0.000000000000000E+00   0.000000000000000E+00   0.000000000000000E+00
   9.996902897400000E-01   1.040981217200000E+01   7.736764451300000E-01   1.328198181000000E-01  -8.176560231600001E-03   0.000000000000000E+00   0.000000000000000E+00   0.000000000000000E+00   0.000000000000000E+00
   9.997049678200000E-01   1.041535191700000E+01   7.766466586000000E-01   1.186616929300000E-01   9.308152835900000E-03   0.000000000000000E+00   0.000000000000000E+00   0.000000000000000E+00   0.000000000000000E+00
   9.997196458900000E-01   1.042018617900000E+01   7.796196740400000E-01   1.404772273700000E-01  -2.461329359400000E-02   0.000000000000000E+00   0.000000000000000E+00   0.000000000000000E+00   0.000000000000000E+00
   9.997303062200000E-01   1.042438218600000E+01   7.817845782700000E-01   1.154595380000000E-01   9.139576276000001E-03   0.000000000000000E+00   0.000000000000000E+00   0.000000000000000E+00   0.000000000000000E+00
   9.997409665500000E-01   1.042790762400000E+01   7.839499311800000E-01   1.261902106100000E-01  -8.174850596100000E-03   0.000000000000000E+00   0.000000000000000E+00   0.000000000000000E+00   0.000000000000000E+00
   9.997516268700000E-01   1.043182778500000E+01   7.861194465400000E-01   1.127832355100000E-01   8.965323296500001E-03   0.000000000000000E+00   0.000000000000000E+00   0.000000000000000E+00   0.000000000000000E+00
   9.997622872000000E-01   1.043508656200000E+01   7.882894633800001E-01   1.346140974100000E-01  -2.416887932500000E-02   0.000000000000000E+00   0.000000000000000E+00   0.000000000000000E+00   0.000000000000000E+00
   9.997732195300000E-01   1.043922732500000E+01   7.905205295200000E-01   1.100666672600000E-01   8.809197985500001E-03   0.000000000000000E+00   0.000000000000000E+00   0.000000000000000E+00   0.000000000000000E+00
   9.997841518700000E-01   1.044270895500000E+01   7.927522525800000E-01   1.205072691300000E-01  -8.111425583300001E-03   0.000000000000000E+00   0.000000000000000E+00   0.000000000000000E+00   0.000000000000000E+00
   9.997950842000000E-01   1.044657489800000E+01   7.949882720300000E-01   1.073167456300000E-01   8.643376957400001E-03   0.000000000000000E+00   0.000000000000000E+00   0.000000000000000E+00   0.000000000000000E+00
   9.998060165300000E-01   1.044979047600000E+01   7.972250035100000E-01   1.286315258500000E-01  -2.375257265500000E-02   0.000000000000000E+00   0.000000000000000E+00   0.000000000000000E+00   0.000000000000000E+00
   9.998142885800000E-01   1.045290839900000E+01   7.989217915600000E-01   1.049139723700000E-01   8.491652257499999E-03   0.000000000000000E+00   0.000000000000000E+00   0.000000000000000E+00   0.000000000000000E+00
   9.998225606300000E-01   1.045539639200000E+01   8.006180973900000E-01   1.154165269800000E-01  -7.998739512100001E-03   0.000000000000000E+00   0.000000000000000E+00   0.000000000000000E+00   0.000000000000000E+00
   9.998308326699999E-01   1.045827410000000E+01   8.023174638700000E-01   1.028645116200000E-01   8.323319120000000E-03   0.000000000000000E+00   0.000000000000000E+00   0.000000000000000E+00   0.000000000000000E+00
   9.998391047200000E-01   1.046053317500000E+01   8.040163991000000E-01   1.238964265900000E-01  -2.313522880500000E-02   0.000000000000000E+00   0.000000000000000E+00   0.000000000000000E+00   0.000000000000000E+00
   9.998471695400000E-01   1.046349119900000E+01   8.056770394600000E-01   1.008355294400000E-01   8.174763008100000E-03   0.000000000000000E+00   0.000000000000000E+00   0.000000000000000E+00   0.000000000000000E+00
   9.998552343700000E-01   1.046583707700000E+01   8.073371870300000E-01   1.110402317400000E-01  -7.833179643900000E-03   0.000000000000000E+00   0.000000000000000E+00   0.000000000000000E+00   0.000000000000000E+00
   9.998632991900001E-01   1.046856237900000E+01   8.090002863900000E-01   9.883768648300000E-02   8.011843365800001E-03   0.000000000000000E+00   0.000000000000000E+00   0.000000000000000E+00   0.000000000000000E+00
   9.998713640200000E-01   1.047068674100000E+01   8.106629432200000E-01   1.192695711700000E-01  -2.251845356700000E-02   0.000000000000000E+00   0.000000000000000E+00   0.000000000000000E+00   0.000000000000000E+00
   9.998781000600000E-01   1.047314628600000E+01   8.120552837600000E-01   9.701050362800000E-02   7.863633686399999E-03   0.000000000000000E+00   0.000000000000000E+00   0.000000000000000E+00   0.000000000000000E+00
   9.998848361100000E-01   1.047501687800000E+01   8.134467290600000E-01   1.070412692800000E-01  -7.633970476300000E-03   0.000000000000000E+00   0.000000000000000E+00   0.000000000000000E+00   0.000000000000000E+00
   9.998915721500000E-01   1.047726049200000E+01   8.148406157400000E-01   9.536560548700000E-02   7.694169135500000E-03   0.000000000000000E+00   0.000000000000000E+00   0.000000000000000E+00   0.000000000000000E+00
   9.998983081900000E-01   1.047892820600000E+01   8.162336595100000E-01   1.152428680800000E-01  -2.177292318600000E-02   0.000000000000000E+00   0.000000000000000E+00   0.000000000000000E+00   0.000000000000000E+00
   9.999038634400000E-01   1.048096599100000E+01   8.173856651100000E-01   9.387143701600000E-02   7.539177875000000E-03   0.000000000000000E+00   0.000000000000000E+00   0.000000000000000E+00   0.000000000000000E+00
   9.999094186800001E-01   1.048243935600000E+01   8.185365003800000E-01   1.036518159300000E-01  -7.370936814600000E-03   0.000000000000000E+00   0.000000000000000E+00   0.000000000000000E+00   0.000000000000000E+00
   9.999149739300000E-01   1.048427564300000E+01   8.196893780600000E-01   9.254442923700000E-02   7.357590150800000E-03   0.000000000000000E+00   0.000000000000000E+00   0.000000000000000E+00   0.000000000000000E+00
   9.999205291700000E-01   1.048556281000000E+01   8.208411425200000E-01   1.117249193700000E-01  -2.087910263800000E-02   0.000000000000000E+00   0.000000000000000E+00   0.000000000000000E+00   0.000000000000000E+00
   9.999250605000000E-01   1.048724774500000E+01   8.217833965700000E-01   9.134679709700000E-02   7.190737340200000E-03   0.000000000000000E+00   0.000000000000000E+00   0.000000000000000E+00   0.000000000000000E+00
   9.999295918200000E-01   1.048839499300000E+01   8.227243141500000E-01   1.007884139200000E-01  -7.038432893000000E-03   0.000000000000000E+00   0.000000000000000E+00   0.000000000000000E+00   0.000000000000000E+00
   9.999341231500000E-01   1.048989125500000E+01   8.236669643900000E-01   9.030139960200000E-02   6.991501966100000E-03   0.000000000000000E+00   0.000000000000000E+00   0.000000000000000E+00   0.000000000000000E+00
   9.999386544800000E-01   1.049086776800000E+01   8.246083418000000E-01   1.086210179300000E-01  -1.981516940600000E-02   0.000000000000000E+00   0.000000000000000E+00   0.000000000000000E+00   0.000000000000000E+00
   9.999422966000000E-01   1.049225370800000E+01   8.253674465100000E-01   8.936953705400000E-02   6.807481478200000E-03   0.000000000000000E+00   0.000000000000000E+00   0.000000000000000E+00   0.000000000000000E+00
   9.999459387300000E-01   1.049313178200000E+01   8.261251323000000E-01   9.837783559600000E-02  -6.628341240300000E-03   0.000000000000000E+00   0.000000000000000E+00   0.000000000000000E+00   0.000000000000000E+00
   9.999495808600000E-01   1.049434084600000E+01   8.268842989900000E-01   8.858678074699999E-02   6.584637811100000E-03   0.000000000000000E+00   0.000000000000000E+00   0.000000000000000E+00   0.000000000000000E+00
   9.999532229900000E-01   1.049506289700000E+01   8.276421136700000E-01   1.058687154800000E-01  -1.855145177900000E-02   0.000000000000000E+00   0.000000000000000E+00   0.000000000000000E+00   0.000000000000000E+00
   9.999561997100000E-01   1.049622164300000E+01   8.282636849400000E-01   8.790916613400000E-02   6.381488411200000E-03   0.000000000000000E+00   0.000000000000000E+00   0.000000000000000E+00   0.000000000000000E+00
   9.999591764400000E-01   1.049690551100000E+01   8.288838239700000E-01   9.639877438300000E-02  -6.138619052700000E-03   0.000000000000000E+00   0.000000000000000E+00   0.000000000000000E+00   0.000000000000000E+00
   9.999621531600000E-01   1.049789728300000E+01   8.295052256300000E-01   8.741200270799999E-02   6.136939767800000E-03   0.000000000000000E+00   0.000000000000000E+00   0.000000000000000E+00   0.000000000000000E+00
   9.999651298900000E-01   1.049843673600000E+01   8.301252411600000E-01   1.035435962900000E-01  -1.709992620000000E-02   0.000000000000000E+00   0.000000000000000E+00   0.000000000000000E+00   0.000000000000000E+00
   9.999675229900000E-01   1.049939046800000E+01   8.306256001800000E-01   8.712630153799999E-02   5.915530973600000E-03   0.000000000000000E+00   0.000000000000000E+00   0.000000000000000E+00   0.000000000000000E+00
   9.999699161000000E-01   1.049990419200000E+01   8.311245050700000E-01   9.513415397600000E-02  -5.561934034900000E-03   0.000000000000000E+00   0.000000000000000E+00   0.000000000000000E+00   0.000000000000000E+00
   9.999723092100000E-01   1.050069585900000E+01   8.316243970500000E-01   8.722838453300000E-02   5.650928322300000E-03   0.000000000000000E+00   0.000000000000000E+00   0.000000000000000E+00   0.000000000000000E+00
   9.999747023100000E-01   1.050107004300000E+01   8.321228102900000E-01   1.022893726600000E-01  -1.542458226300000E-02   0.000000000000000E+00   0.000000000000000E+00   0.000000000000000E+00   0.000000000000000E+00
   9.999765659400000E-01   1.050182014200000E+01   8.325124517300000E-01   8.787796494700000E-02   5.415650675500000E-03   0.000000000000000E+00   0.000000000000000E+00   0.000000000000000E+00   0.000000000000000E+00
   9.999784295700000E-01   1.050216580600000E+01   8.329005552700000E-01   9.565314979700000E-02  -4.865069328100000E-03   0.000000000000000E+00   0.000000000000000E+00   0.000000000000000E+00   0.000000000000000E+00
   9.999802932000000E-01   1.050274984600000E+01   8.332892534400000E-01   8.939797013600000E-02   5.139346649700000E-03   0.000000000000000E+00   0.000000000000000E+00   0.000000000000000E+00   0.000000000000000E+00
   9.999821568300000E-01   1.050295021600000E+01   8.336762700400000E-01   1.037542359400000E-01  -1.344968190600000E-02   0.000000000000000E+00   0.000000000000000E+00   0.000000000000000E+00   0.000000000000000E+00
   9.999835835300001E-01   1.050349216400000E+01   8.339735419700000E-01   9.212899422699999E-02   4.909131532300000E-03   0.000000000000000E+00   0.000000000000000E+00   0.000000000000000E+00   0.000000000000000E+00
   9.999850102200000E-01   1.050366544500000E+01   8.342691162900000E-01   1.002281458500000E-01  -3.993731202300000E-03   0.000000000000000E+00   0.000000000000000E+00   0.000000000000000E+00   0.000000000000000E+00
   9.999864369100000E-01   1.050402555700000E+01   8.345647598900000E-01   9.658818269800000E-02   4.653970411800000E-03   0.000000000000000E+00   0.000000000000000E+00   0.000000000000000E+00   0.000000000000000E+00
   9.999878636100000E-01   1.050403215600000E+01   8.348583937900000E-01   1.110853937500000E-01  -1.110461256200000E-02   0.000000000000000E+00   0.000000000000000E+00   0.000000000000000E+00   0.000000000000000E+00
   9.999889318500000E-01   1.050434025400000E+01   8.350786106000000E-01   1.034490038300000E-01   4.479858554700000E-03   0.000000000000000E+00   0.000000000000000E+00   0.000000000000000E+00   0.000000000000000E+00
   9.999900001000001E-01   1.050431265900000E+01   8.352968877200000E-01   1.129668907400000E-01  -2.849311993600000E-03   0.000000000000000E+00   0.000000000000000E+00   0.000000000000000E+00   0.000000000000000E+00
   9.999910683400000E-01   1.050440321100000E+01   8.355145541100000E-01   1.136238228600000E-01   4.331229648600000E-03   0.000000000000000E+00   0.000000000000000E+00   0.000000000000000E+00   0.000000000000000E+00
   9.999921365900000E-01   1.050415661300000E+01   8.357296976300000E-01   1.301732129300000E-01  -8.241997665899999E-03   0.000000000000000E+00   0.000000000000000E+00   0.000000000000000E+00   0.000000000000000E+00
   9.999929006300000E-01   1.050417485800000E+01   8.358831489000000E-01   1.285433579100000E-01   4.352784025400000E-03   0.000000000000000E+00   0.000000000000000E+00   0.000000000000000E+00   0.000000000000000E+00
   9.999936646699999E-01   1.050387820600000E+01   8.360343137800000E-01   1.417399170300000E-01  -1.161355451200000E-03   0.000000000000000E+00   0.000000000000000E+00   0.000000000000000E+00   0.000000000000000E+00
   9.999944287100000E-01   1.050359927700000E+01   8.361839750000000E-01   1.500303682600000E-01   4.560685967400000E-03   0.000000000000000E+00   0.000000000000000E+00   0.000000000000000E+00   0.000000000000000E+00
   9.999951927500000E-01   1.050295746300000E+01   8.363302709100000E-01   1.731583816900000E-01  -4.362670951400000E-03   0.000000000000000E+00   0.000000000000000E+00   0.000000000000000E+00   0.000000000000000E+00
   9.999957000300000E-01   1.050257911200000E+01   8.364260075500000E-01   1.814299988100000E-01   5.237857652400000E-03   0.000000000000000E+00   0.000000000000000E+00   0.000000000000000E+00   0.000000000000000E+00
   9.999962073100001E-01   1.050187171100000E+01   8.365189491800000E-01   2.032653115300000E-01   1.974976714000000E-03   0.000000000000000E+00   0.000000000000000E+00   0.000000000000000E+00   0.000000000000000E+00
   9.999967145899999E-01   1.050101405700000E+01   8.366091672300000E-01   2.264311033000000E-01   6.675925818900000E-03   0.000000000000000E+00   0.000000000000000E+00   0.000000000000000E+00   0.000000000000000E+00
   9.999972218700000E-01   1.049965353800000E+01   8.366945747500000E-01   2.670570137100000E-01   2.400253294600000E-03   0.000000000000000E+00   0.000000000000000E+00   0.000000000000000E+00   0.000000000000000E+00
   9.999975308600000E-01   1.049864705800000E+01   8.367439048799999E-01   2.936718440300000E-01   9.785200093100001E-03   0.000000000000000E+00   0.000000000000000E+00   0.000000000000000E+00   0.000000000000000E+00
   9.999978398400000E-01   1.049720387700000E+01   8.367895691300000E-01   3.357013603200000E-01   1.004349759800000E-02   0.000000000000000E+00   0.000000000000000E+00   0.000000000000000E+00   0.000000000000000E+00
   9.999981488300000E-01   1.049528443000000E+01   8.368306454200000E-01   3.905009991200000E-01   1.597240652400000E-02   0.000000000000000E+00   0.000000000000000E+00   0.000000000000000E+00   0.000000000000000E+00
   9.999984578200000E-01   1.049241632200000E+01   8.368641696300000E-01   4.755530695200000E-01   1.997839604200000E-02   0.000000000000000E+00   0.000000000000000E+00   0.000000000000000E+00   0.000000000000000E+00
   9.999986183400000E-01   1.049040383000000E+01   8.368773867800000E-01   5.343627211600001E-01   2.860170285200000E-02   0.000000000000000E+00   0.000000000000000E+00   0.000000000000000E+00   0.000000000000000E+00
   9.999987788500000E-01   1.048773179400000E+01   8.368860428800000E-01   6.146041750100000E-01   3.656593319700000E-02   0.000000000000000E+00   0.000000000000000E+00   0.000000000000000E+00   0.000000000000000E+00
   9.999989393700000E-01   1.048412064100000E+01   8.368883559100000E-01   7.234903707500000E-01   5.117081497800000E-02   0.000000000000000E+00   0.000000000000000E+00   0.000000000000000E+00   0.000000000000000E+00
   9.999990998900000E-01   1.047889433600000E+01   8.368806252000000E-01   8.831277602499999E-01   7.431629689300000E-02   0.000000000000000E+00   0.000000000000000E+00   0.000000000000000E+00   0.000000000000000E+00
   9.999991807000000E-01   1.047531112500000E+01   8.368710783700000E-01   9.927591033600000E-01   9.432227720000000E-02   0.000000000000000E+00   0.000000000000000E+00   0.000000000000000E+00   0.000000000000000E+00
   9.999992615200000E-01   1.047072361400000E+01   8.368558910300000E-01   1.133893860700000E+00   1.217676538900000E-01   0.000000000000000E+00   0.000000000000000E+00   0.000000000000000E+00   0.000000000000000E+00
   9.999993423300000E-01   1.046466774400000E+01   8.368327588400000E-01   1.320426235700000E+00   1.635630485200000E-01   0.000000000000000E+00   0.000000000000000E+00   0.000000000000000E+00   0.000000000000000E+00
   9.999994231400000E-01   1.045630511300000E+01   8.367976842100000E-01   1.578139303300000E+00   2.301354796800000E-01   0.000000000000000E+00   0.000000000000000E+00   0.000000000000000E+00   0.000000000000000E+00
   9.999994686700000E-01   1.045006164300000E+01   8.367702587400000E-01   1.770069757500000E+00   2.869796422200000E-01   0.000000000000000E+00   0.000000000000000E+00   0.000000000000000E+00   0.000000000000000E+00
   9.999995142100000E-01   1.044219007000000E+01   8.367349303200000E-01   2.011416576300000E+00   3.660945591400000E-01   0.000000000000000E+00   0.000000000000000E+00   0.000000000000000E+00   0.000000000000000E+00
   9.999995597400000E-01   1.043199432100000E+01   8.366886074900000E-01   2.322406287400000E+00   4.813184905300000E-01   0.000000000000000E+00   0.000000000000000E+00   0.000000000000000E+00   0.000000000000000E+00
   9.999996052700000E-01   1.041832430400000E+01   8.366262840200001E-01   2.736293373500000E+00   6.564514828900000E-01   0.000000000000000E+00   0.000000000000000E+00   0.000000000000000E+00   0.000000000000000E+00
   9.999996330000001E-01   1.040753111100000E+01   8.365772053400000E-01   3.060243933700000E+00   8.109907629400001E-01   0.000000000000000E+00   0.000000000000000E+00   0.000000000000000E+00   0.000000000000000E+00
   9.999996607200000E-01   1.039408362700000E+01   8.365163858700000E-01   3.460468851800000E+00   1.021647520700000E+00   0.000000000000000E+00   0.000000000000000E+00   0.000000000000000E+00   0.000000000000000E+00
   9.999996884500000E-01   1.037695680600000E+01   8.364395547000000E-01   3.964446447700000E+00   1.318376892300000E+00   0.000000000000000E+00   0.000000000000000E+00   0.000000000000000E+00   0.000000000000000E+00
   9.999997161800001E-01   1.035455143100000E+01   8.363401290200000E-01   4.614395045200000E+00   1.750599477200000E+00   0.000000000000000E+00   0.000000000000000E+00   0.000000000000000E+00   0.000000000000000E+00
   9.999997343200000E-01   1.033588605200000E+01   8.362581612000000E-01   5.147860563800000E+00   2.146589283100000E+00   0.000000000000000E+00   0.000000000000000E+00   0.000000000000000E+00   0.000000000000000E+00
   9.999997524699999E-01   1.031286072200000E+01   8.361580008500000E-01   5.796595423200000E+00   2.675885907700000E+00   0.000000000000000E+00   0.000000000000000E+00   0.000000000000000E+00   0.000000000000000E+00
   9.999997706100000E-01   1.028394668300000E+01   8.360335241100000E-01   6.596966370100000E+00   3.401230972500000E+00   0.000000000000000E+00   0.000000000000000E+00   0.000000000000000E+00   0.000000000000000E+00
   9.999997887600000E-01   1.024687275600000E+01   8.358757023500000E-01   7.601588331900000E+00   4.421297537800000E+00   0.000000000000000E+00   0.000000000000000E+00   0.000000000000000E+00   0.000000000000000E+00
   9.999998016300000E-01   1.021382508200000E+01   8.357364114400000E-01   8.477835851000000E+00   5.409315306400000E+00   0.000000000000000E+00   0.000000000000000E+00   0.000000000000000E+00   0.000000000000000E+00
   9.999998145100000E-01   1.017325873100000E+01   8.355669017100000E-01   9.530711003900000E+00   6.713721388400000E+00   0.000000000000000E+00   0.000000000000000E+00   0.000000000000000E+00   0.000000000000000E+00
   9.999998273800000E-01   1.012272529000000E+01   8.353576097199999E-01   1.080923259800000E+01   8.470073347900000E+00   0.000000000000000E+00   0.000000000000000E+00   0.000000000000000E+00   0.000000000000000E+00
   9.999998402600000E-01   1.005872623300000E+01   8.350949389500000E-01   1.238050056100000E+01   1.088308184100000E+01   0.000000000000000E+00   0.000000000000000E+00   0.000000000000000E+00   0.000000000000000E+00
   9.999998499900000E-01   9.998417348000000E+00   8.348493613000000E-01   1.381620200600000E+01   1.333212705100000E+01   0.000000000000000E+00   0.000000000000000E+00   0.000000000000000E+00   0.000000000000000E+00
   9.999998597300001E-01   9.924597720000000E+00   8.345508193100000E-01   1.551997795600000E+01   1.653676560000000E+01   0.000000000000000E+00   0.000000000000000E+00   0.000000000000000E+00   0.000000000000000E+00
   9.999998694700000E-01   9.833192489400000E+00   8.341836622300000E-01   1.755439172500000E+01   2.079314665100000E+01   0.000000000000000E+00   0.000000000000000E+00   0.000000000000000E+00   0.000000000000000E+00
   9.999998792000000E-01   9.718627045600000E+00   8.337265519600000E-01   1.999874536800000E+01   2.652917771900000E+01   0.000000000000000E+00   0.000000000000000E+00   0.000000000000000E+00   0.000000000000000E+00
   9.999998870500000E-01   9.604377892500001E+00   8.332733638000001E-01   2.233099790900000E+01   3.264668809000000E+01   0.000000000000000E+00   0.000000000000000E+00   0.000000000000000E+00   0.000000000000000E+00
   9.999998949000000E-01   9.464986673600000E+00   8.327232588600000E-01   2.504932938000000E+01   4.058644576800000E+01   0.000000000000000E+00   0.000000000000000E+00   0.000000000000000E+00   0.000000000000000E+00
   9.999999027499999E-01   9.293722892400000E+00   8.320506815599999E-01   2.821605851100000E+01   5.098436260100000E+01   0.000000000000000E+00   0.000000000000000E+00   0.000000000000000E+00   0.000000000000000E+00
   9.999999106000000E-01   9.082022782399999E+00   8.312231922200000E-01   3.189561821800000E+01   6.470050362900000E+01   0.000000000000000E+00   0.000000000000000E+00   0.000000000000000E+00   0.000000000000000E+00
   9.999999169800000E-01   8.872833686300000E+00   8.304087619700000E-01   3.530331311300000E+01   7.908417781300000E+01   0.000000000000000E+00   0.000000000000000E+00   0.000000000000000E+00   0.000000000000000E+00
   9.999999233600000E-01   8.623183571100000E+00   8.294400686000000E-01   3.910375826700000E+01   9.720798695000001E+01   0.000000000000000E+00   0.000000000000000E+00   0.000000000000000E+00   0.000000000000000E+00
   9.999999297400000E-01   8.325577107999999E+00   8.282888794000000E-01   4.329144707700000E+01   1.200293614600000E+02   0.000000000000000E+00   0.000000000000000E+00   0.000000000000000E+00   0.000000000000000E+00
   9.999999361200000E-01   7.972193897900000E+00   8.269257902600000E-01   4.782599588900000E+01   1.486554302300000E+02   0.000000000000000E+00   0.000000000000000E+00   0.000000000000000E+00   0.000000000000000E+00
   9.999999418000000E-01   7.604717643200000E+00   8.255116942900000E-01   5.208153466800000E+01   1.799951934200000E+02   0.000000000000000E+00   0.000000000000000E+00   0.000000000000000E+00   0.000000000000000E+00
   9.999999474800000E-01   7.183221438300000E+00   8.238928736300000E-01   5.642873639000000E+01   2.177235409800000E+02   0.000000000000000E+00   0.000000000000000E+00   0.000000000000000E+00   0.000000000000000E+00
   9.999999531600000E-01   6.706121079100000E+00   8.220634691900000E-01   6.070689195600000E+01   2.625077263300000E+02   0.000000000000000E+00   0.000000000000000E+00   0.000000000000000E+00   0.000000000000000E+00
   9.999999588400000E-01   6.175483323900000E+00   8.200313531900000E-01   6.470220355700000E+01   3.146912274400000E+02   0.000000000000000E+00   0.000000000000000E+00   0.000000000000000E+00   0.000000000000000E+00
   9.999999640400000E-01   5.648433663800000E+00   8.180146936800000E-01   6.789830538699999E+01   3.688107320000000E+02   0.000000000000000E+00   0.000000000000000E+00   0.000000000000000E+00   0.000000000000000E+00
   9.999999692400000E-01   5.091491890500000E+00   8.158845810100001E-01   7.044140460100000E+01   4.283245320700000E+02   0.000000000000000E+00   0.000000000000000E+00   0.000000000000000E+00   0.000000000000000E+00
   9.999999744400000E-01   4.517647654800000E+00   8.136898899500000E-01   7.214596905200000E+01   4.920042727600000E+02   0.000000000000000E+00   0.000000000000000E+00   0.000000000000000E+00   0.000000000000000E+00
   9.999999796400000E-01   3.942668158800000E+00   8.114899372900000E-01   7.286952537300000E+01   5.581015819600000E+02   0.000000000000000E+00   0.000000000000000E+00   0.000000000000000E+00   0.000000000000000E+00
   9.999999847300000E-01   3.395192217800000E+00   8.093933126800000E-01   7.255913750800001E+01   6.230660544300000E+02   0.000000000000000E+00   0.000000000000000E+00   0.000000000000000E+00   0.000000000000000E+00
   9.999999898200000E-01   2.877866091900000E+00   8.074092894800000E-01   7.125574081900000E+01   6.861503020200000E+02   0.000000000000000E+00   0.000000000000000E+00   0.000000000000000E+00   0.000000000000000E+00
   9.999999949100000E-01   2.402959696300000E+00   8.055842128000000E-01   6.904810935200000E+01   7.453587024900000E+02   0.000000000000000E+00   0.000000000000000E+00   0.000000000000000E+00   0.000000000000000E+00
   1.000000000000000E+00   1.978880643800000E+00   8.039499961900000E-01   6.608767538900000E+01   7.990408051600000E+02   0.000000000000000E+00   0.000000000000000E+00   0.000000000000000E+00   0.000000000000000E+00
