   0.000000000000000E+00   4.923419173500000E-01   9.999999955900000E-01   1.684027209200000E+00   1.822729059600000E+00   0.000000000000000E+00   0.000000000000000E+00   0.000000000000000E+00   0.000000000000000E+00
   4.181112405700000E-04   6.468569363400000E-01   8.644050284500000E-01   1.583470090500000E+00   1.629636298500000E+00   0.000000000000000E+00   0.000000000000000E+00   0.000000000000000E+00   0.000000000000000E+00
   8.362224811300000E-04   8.243891915200000E-01   7.549164799200000E-01   1.526419554400000E+00   1.409509721400000E+00   0.000000000000000E+00   0.000000000000000E+00   0.000000000000000E+00   0.000000000000000E+00
   1.254333721700000E-03   1.026276894700000E+00   6.660128526700000E-01   1.457467386900000E+00   1.281691560000000E+00   0.000000000000000E+00   0.000000000000000E+00   0.000000000000000E+00   0.000000000000000E+00
   1.672444962300000E-03   1.248168850200000E+00   5.936909403100000E-01   1.426124476300000E+00   1.101292455900000E+00   0.000000000000000E+00   0.000000000000000E+00   0.000000000000000E+00   0.000000000000000E+00
   2.041921951500000E-03   1.459575695300000E+00   5.412100862000000E-01   1.364375735100000E+00   1.058878500200000E+00   0.000000000000000E+00   0.000000000000000E+00   0.000000000000000E+00   0.000000000000000E+00
   2.411398940800000E-03   1.678854513800000E+00   4.977297026800000E-01   1.337115568200000E+00   9.500220039900000E-01   0.000000000000000E+00   0.000000000000000E+00   0.000000000000000E+00   0.000000000000000E+00
   2.780875930100000E-03   1.902414035600000E+00   4.619133275600000E-01   1.292003277700000E+00   9.066558666500000E-01   0.000000000000000E+00   0.000000000000000E+00   0.000000000000000E+00   0.000000000000000E+00
   3.150352919400000E-03   2.122640449500000E+00   4.326139407600000E-01   1.281154323800000E+00   7.937758045700000E-01   0.000000000000000E+00   0.000000000000000E+00   0.000000000000000E+00   0.000000000000000E+00
   3.701029668900000E-03   2.435321215400000E+00   3.989604073700000E-01   1.219796233700000E+00   7.721550026100000E-01   0.000000000000000E+00   0.000000000000000E+00   0.000000000000000E+00   0.000000000000000E+00
   4.251706418400000E-03   2.711020147700000E+00   3.748189811700000E-01   1.196903434000000E+00   6.882433696600000E-01   0.000000000000000E+00   0.000000000000000E+00   0.000000000000000E+00   0.000000000000000E+00
   4.802383168000000E-03   2.940820674300000E+00   3.578580174000000E-01   1.159921617200000E+00   6.724991123100000E-01   0.000000000000000E+00   0.000000000000000E+00   0.000000000000000E+00   0.000000000000000E+00
   5.353059917500000E-03   3.119802801300000E+00   3.461535505700000E-01   1.160737683000000E+00   5.895287551100000E-01   0.000000000000000E+00   0.000000000000000E+00   0.000000000000000E+00   0.000000000000000E+00
   6.004756965900000E-03   3.275204923200000E+00   3.370659626000000E-01   1.123479084400000E+00   6.165683879900000E-01   0.000000000000000E+00   0.000000000000000E+00   0.000000000000000E+00   0.000000000000000E+00
   6.656454014300000E-03   3.378454177400000E+00   3.314112458800000E-01   1.123303443600000E+00   5.737903023399999E-01   0.000000000000000E+00   0.000000000000000E+00   0.000000000000000E+00   0.000000000000000E+00
   7.308151062700000E-03   3.445719012500000E+00   3.279350594800000E-01   1.105700274100000E+00   5.904740725099999E-01   0.000000000000000E+00   0.000000000000000E+00   0.000000000000000E+00   0.000000000000000E+00
   7.959848111099999E-03   3.487424141200000E+00   3.258077468500000E-01   1.122125238500000E+00   5.323818629500000E-01   0.000000000000000E+00   0.000000000000000E+00   0.000000000000000E+00   0.000000000000000E+00
   9.299606734800001E-03   3.530876538500000E+00   3.236935856500000E-01   1.097014772700000E+00   5.779970655400000E-01   0.000000000000000E+00   0.000000000000000E+00   0.000000000000000E+00   0.000000000000000E+00
   1.063936535900000E-02   3.545765018100000E+00   3.229634387400000E-01   1.106173695400000E+00   5.491161332700000E-01   0.000000000000000E+00   0.000000000000000E+00   0.000000000000000E+00   0.000000000000000E+00
   1.197912398200000E-02   3.551447085600000E+00   3.226985380800000E-01   1.094935604600000E+00   5.750323080100000E-01   0.000000000000000E+00   0.000000000000000E+00   0.000000000000000E+00   0.000000000000000E+00
   1.331888260600000E-02   3.553196729300000E+00   3.225997133000000E-01   1.115457413600000E+00   5.229036380900000E-01   0.000000000000000E+00   0.000000000000000E+00   0.000000000000000E+00   0.000000000000000E+00
   1.760319607900000E-02   3.554614942300000E+00   3.225461862500000E-01   1.094616874000000E+00   5.745763034300000E-01   0.000000000000000E+00   0.000000000000000E+00   0.000000000000000E+00   0.000000000000000E+00
   2.188750955300000E-02   3.554351348800000E+00   3.225513556400000E-01   1.105305199400000E+00   5.478917786700001E-01   0.000000000000000E+00   0.000000000000000E+00   0.000000000000000E+00   0.000000000000000E+00
   2.617182302600000E-02   3.554583443500000E+00   3.225476966700000E-01   1.094620484900000E+00   5.745796759700000E-01   0.000000000000000E+00   0.000000000000000E+00   0.000000000000000E+00   0.000000000000000E+00
   3.045613649900000E-02   3.554227596800000E+00   3.225502580700000E-01   1.115350666200000E+00   5.227633031600000E-01   0.000000000000000E+00   0.000000000000000E+00   0.000000000000000E+00   0.000000000000000E+00
   4.264884057400000E-02   3.554581203500000E+00   3.225478038900000E-01   1.094620960200000E+00   5.745793436300000E-01   0.000000000000000E+00   0.000000000000000E+00   0.000000000000000E+00   0.000000000000000E+00
   5.484154464900000E-02   3.554410840700000E+00   3.225485023100000E-01   1.105298495200000E+00   5.478851042400000E-01   0.000000000000000E+00   0.000000000000000E+00   0.000000000000000E+00   0.000000000000000E+00
   6.703424872300000E-02   3.554575964000000E+00   3.225480551600000E-01   1.094621641200000E+00   5.745796943700000E-01   0.000000000000000E+00   0.000000000000000E+00   0.000000000000000E+00   0.000000000000000E+00
   7.922695279800000E-02   3.554265673300000E+00   3.225484320100000E-01   1.115345849500000E+00   5.227604078500000E-01   0.000000000000000E+00   0.000000000000000E+00   0.000000000000000E+00   0.000000000000000E+00
   9.758544407100000E-02   3.554573875200000E+00   3.225481553000000E-01   1.094621959800000E+00   5.745797109200000E-01   0.000000000000000E+00   0.000000000000000E+00   0.000000000000000E+00   0.000000000000000E+00
   1.159439353400000E-01   3.554417980200000E+00   3.225481599700000E-01   1.105297470500000E+00   5.478848797000000E-01   0.000000000000000E+00   0.000000000000000E+00   0.000000000000000E+00   0.000000000000000E+00
   1.343024266200000E-01   3.554572353500000E+00   3.225482282500000E-01   1.094622214600000E+00   5.745796635000000E-01   0.000000000000000E+00   0.000000000000000E+00   0.000000000000000E+00   0.000000000000000E+00
   1.526609178900000E-01   3.554275962200000E+00   3.225479387700000E-01   1.115344163300000E+00   5.227606325600000E-01   0.000000000000000E+00   0.000000000000000E+00   0.000000000000000E+00   0.000000000000000E+00
   1.701974728300000E-01   3.554571408100000E+00   3.225482735600000E-01   1.094622398100000E+00   5.745795680800000E-01   0.000000000000000E+00   0.000000000000000E+00   0.000000000000000E+00   0.000000000000000E+00
   1.877340277700000E-01   3.554420697600000E+00   3.225480297400000E-01   1.105296947500000E+00   5.478851422500000E-01   0.000000000000000E+00   0.000000000000000E+00   0.000000000000000E+00   0.000000000000000E+00
   2.052705827100000E-01   3.554570632200000E+00   3.225483107300000E-01   1.094622582500000E+00   5.745794014600000E-01   0.000000000000000E+00   0.000000000000000E+00   0.000000000000000E+00   0.000000000000000E+00
   2.228071376600000E-01   3.554281236800000E+00   3.225476860800000E-01   1.115342952500000E+00   5.227616547800000E-01   0.000000000000000E+00   0.000000000000000E+00   0.000000000000000E+00   0.000000000000000E+00
   2.410049274000000E-01   3.554570181300000E+00   3.225483323100000E-01   1.094622716400000E+00   5.745792342400000E-01   0.000000000000000E+00   0.000000000000000E+00   0.000000000000000E+00   0.000000000000000E+00
   2.592027171500000E-01   3.554422023900000E+00   3.225479662400000E-01   1.105296563800000E+00   5.478856067800000E-01   0.000000000000000E+00   0.000000000000000E+00   0.000000000000000E+00   0.000000000000000E+00
   2.774005069000000E-01   3.554569815500000E+00   3.225483498100000E-01   1.094622855500000E+00   5.745790189800000E-01   0.000000000000000E+00   0.000000000000000E+00   0.000000000000000E+00   0.000000000000000E+00
   2.955982966500000E-01   3.554283711800000E+00   3.225475676800000E-01   1.115342048700000E+00   5.227630132200000E-01   0.000000000000000E+00   0.000000000000000E+00   0.000000000000000E+00   0.000000000000000E+00
   3.139166524600000E-01   3.554569596100000E+00   3.225483602900000E-01   1.094622964300000E+00   5.745788236700000E-01   0.000000000000000E+00   0.000000000000000E+00   0.000000000000000E+00   0.000000000000000E+00
   3.322350082700000E-01   3.554422662900000E+00   3.225479357100000E-01   1.105296254900000E+00   5.478861554600000E-01   0.000000000000000E+00   0.000000000000000E+00   0.000000000000000E+00   0.000000000000000E+00
   3.505533640900000E-01   3.554569415800000E+00   3.225483688900000E-01   1.094623084000000E+00   5.745785836300000E-01   0.000000000000000E+00   0.000000000000000E+00   0.000000000000000E+00   0.000000000000000E+00
   3.688717199000000E-01   3.554284930900000E+00   3.225475095200000E-01   1.115341275900000E+00   5.227645401600000E-01   0.000000000000000E+00   0.000000000000000E+00   0.000000000000000E+00   0.000000000000000E+00
   3.806238819300000E-01   3.554569268100000E+00   3.225483759200000E-01   1.094623209300000E+00   5.745783156700000E-01   0.000000000000000E+00   0.000000000000000E+00   0.000000000000000E+00   0.000000000000000E+00
   3.923760439700000E-01   3.554423041600000E+00   3.225479176900000E-01   1.105295905000000E+00   5.478869175400000E-01   0.000000000000000E+00   0.000000000000000E+00   0.000000000000000E+00   0.000000000000000E+00
   4.041282060100000E-01   3.554569158600000E+00   3.225483810900000E-01   1.094623378600000E+00   5.745779169600000E-01   0.000000000000000E+00   0.000000000000000E+00   0.000000000000000E+00   0.000000000000000E+00
   4.158803680400000E-01   3.554285732900000E+00   3.225474715400000E-01   1.115340182300000E+00   5.227670773999999E-01   0.000000000000000E+00   0.000000000000000E+00   0.000000000000000E+00   0.000000000000000E+00
   4.279990344800000E-01   3.554569104200000E+00   3.225483836400000E-01   1.094623516500000E+00   5.745775778600000E-01   0.000000000000000E+00   0.000000000000000E+00   0.000000000000000E+00   0.000000000000000E+00
   4.401177009300000E-01   3.554423208300000E+00   3.225479098800000E-01   1.105295514100000E+00   5.478878731400000E-01   0.000000000000000E+00   0.000000000000000E+00   0.000000000000000E+00   0.000000000000000E+00
   4.522363673700000E-01   3.554569066700000E+00   3.225483853600000E-01   1.094623673700000E+00   5.745771813800000E-01   0.000000000000000E+00   0.000000000000000E+00   0.000000000000000E+00   0.000000000000000E+00
   4.643550338100000E-01   3.554286004000000E+00   3.225474590300000E-01   1.115339172900000E+00   5.227696103300000E-01   0.000000000000000E+00   0.000000000000000E+00   0.000000000000000E+00   0.000000000000000E+00
   4.766544737000000E-01   3.554569047300000E+00   3.225483862300000E-01   1.094623805200000E+00   5.745768451200000E-01   0.000000000000000E+00   0.000000000000000E+00   0.000000000000000E+00   0.000000000000000E+00
   4.889539135900000E-01   3.554423267000000E+00   3.225479072500000E-01   1.105295142700000E+00   5.478888220300000E-01   0.000000000000000E+00   0.000000000000000E+00   0.000000000000000E+00   0.000000000000000E+00
   5.012533534800000E-01   3.554569033400000E+00   3.225483868200000E-01   1.094623957700000E+00   5.745764511900000E-01   0.000000000000000E+00   0.000000000000000E+00   0.000000000000000E+00   0.000000000000000E+00
   5.135527933700000E-01   3.554286103400000E+00   3.225474547300000E-01   1.115338195400000E+00   5.227721299400000E-01   0.000000000000000E+00   0.000000000000000E+00   0.000000000000000E+00   0.000000000000000E+00
   5.234069607200000E-01   3.554569024600000E+00   3.225483871700000E-01   1.094624103000000E+00   5.745760741900000E-01   0.000000000000000E+00   0.000000000000000E+00   0.000000000000000E+00   0.000000000000000E+00
   5.332611280700000E-01   3.554423291700000E+00   3.225479062700000E-01   1.105294732400000E+00   5.478898865600000E-01   0.000000000000000E+00   0.000000000000000E+00   0.000000000000000E+00   0.000000000000000E+00
   5.431152954200000E-01   3.554569018200000E+00   3.225483873900000E-01   1.094624292300000E+00   5.745755809700001E-01   0.000000000000000E+00   0.000000000000000E+00   0.000000000000000E+00   0.000000000000000E+00
   5.529694627700000E-01   3.554286150800000E+00   3.225474530600000E-01   1.115336983300000E+00   5.227752856100000E-01   0.000000000000000E+00   0.000000000000000E+00   0.000000000000000E+00   0.000000000000000E+00
   5.621680951400000E-01   3.554569014400000E+00   3.225483874900000E-01   1.094624458800000E+00   5.745751465500000E-01   0.000000000000000E+00   0.000000000000000E+00   0.000000000000000E+00   0.000000000000000E+00
   5.713667274999999E-01   3.554423302900000E+00   3.225479059600000E-01   1.105294262400000E+00   5.478911130900000E-01   0.000000000000000E+00   0.000000000000000E+00   0.000000000000000E+00   0.000000000000000E+00
   5.805653598600000E-01   3.554569011100000E+00   3.225483875400000E-01   1.094624661200000E+00   5.745746176900000E-01   0.000000000000000E+00   0.000000000000000E+00   0.000000000000000E+00   0.000000000000000E+00
   5.897639922300000E-01   3.554286173400000E+00   3.225474526100000E-01   1.115335687800000E+00   5.227786700100000E-01   0.000000000000000E+00   0.000000000000000E+00   0.000000000000000E+00   0.000000000000000E+00
   6.005551800100000E-01   3.554569009100000E+00   3.225483875600000E-01   1.094624820500000E+00   5.745742012800000E-01   0.000000000000000E+00   0.000000000000000E+00   0.000000000000000E+00   0.000000000000000E+00
   6.113463678000000E-01   3.554423309000000E+00   3.225479058900000E-01   1.105293812600000E+00   5.478922888200000E-01   0.000000000000000E+00   0.000000000000000E+00   0.000000000000000E+00   0.000000000000000E+00
   6.221375555899999E-01   3.554569007100000E+00   3.225483875700000E-01   1.094624992900000E+00   5.745737503800000E-01   0.000000000000000E+00   0.000000000000000E+00   0.000000000000000E+00   0.000000000000000E+00
   6.329287433700000E-01   3.554286186500000E+00   3.225474525300000E-01   1.115334584200000E+00   5.227815556800000E-01   0.000000000000000E+00   0.000000000000000E+00   0.000000000000000E+00   0.000000000000000E+00
   6.410219668500000E-01   3.554569005300000E+00   3.225483875800000E-01   1.094625163800000E+00   5.745733032300000E-01   0.000000000000000E+00   0.000000000000000E+00   0.000000000000000E+00   0.000000000000000E+00
   6.491151903300000E-01   3.554423314200000E+00   3.225479058800000E-01   1.105293329900000E+00   5.478935513500000E-01   0.000000000000000E+00   0.000000000000000E+00   0.000000000000000E+00   0.000000000000000E+00
   6.572084138199999E-01   3.554569002900000E+00   3.225483875700000E-01   1.094625393700000E+00   5.745727020200000E-01   0.000000000000000E+00   0.000000000000000E+00   0.000000000000000E+00   0.000000000000000E+00
   6.653016373000000E-01   3.554286201600000E+00   3.225474525200000E-01   1.115333113300000E+00   5.227854034300000E-01   0.000000000000000E+00   0.000000000000000E+00   0.000000000000000E+00   0.000000000000000E+00
   6.735423827600000E-01   3.554569001000000E+00   3.225483875700000E-01   1.094625587300000E+00   5.745721955700001E-01   0.000000000000000E+00   0.000000000000000E+00   0.000000000000000E+00   0.000000000000000E+00
   6.817831282200000E-01   3.554423319600000E+00   3.225479058900000E-01   1.105292783300000E+00   5.478949813300000E-01   0.000000000000000E+00   0.000000000000000E+00   0.000000000000000E+00   0.000000000000000E+00
   6.900238736900000E-01   3.554568998800000E+00   3.225483875700000E-01   1.094625812900000E+00   5.745716051400001E-01   0.000000000000000E+00   0.000000000000000E+00   0.000000000000000E+00   0.000000000000000E+00
   6.982646191500000E-01   3.554286215700000E+00   3.225474525500000E-01   1.115331668900000E+00   5.227891821500000E-01   0.000000000000000E+00   0.000000000000000E+00   0.000000000000000E+00   0.000000000000000E+00
   7.072503773800000E-01   3.554568997000000E+00   3.225483875600000E-01   1.094625996800000E+00   5.745711241000000E-01   0.000000000000000E+00   0.000000000000000E+00   0.000000000000000E+00   0.000000000000000E+00
   7.162361356100000E-01   3.554423324700000E+00   3.225479059000000E-01   1.105292264200000E+00   5.478963395699999E-01   0.000000000000000E+00   0.000000000000000E+00   0.000000000000000E+00   0.000000000000000E+00
   7.252218938400000E-01   3.554568995000000E+00   3.225483875600000E-01   1.094626203700000E+00   5.745705826600001E-01   0.000000000000000E+00   0.000000000000000E+00   0.000000000000000E+00   0.000000000000000E+00
   7.342076520700000E-01   3.554286228600000E+00   3.225474525900000E-01   1.115330344600000E+00   5.227926473900000E-01   0.000000000000000E+00   0.000000000000000E+00   0.000000000000000E+00   0.000000000000000E+00
   7.427849229500000E-01   3.554568993300000E+00   3.225483875500000E-01   1.094626383800000E+00   5.745701114800000E-01   0.000000000000000E+00   0.000000000000000E+00   0.000000000000000E+00   0.000000000000000E+00
   7.513621938300000E-01   3.554423329600000E+00   3.225479059100000E-01   1.105291755800000E+00   5.478976699300000E-01   0.000000000000000E+00   0.000000000000000E+00   0.000000000000000E+00   0.000000000000000E+00
   7.599394647200000E-01   3.554568991200000E+00   3.225483875500000E-01   1.094626600500000E+00   5.745695442900000E-01   0.000000000000000E+00   0.000000000000000E+00   0.000000000000000E+00   0.000000000000000E+00
   7.685167356000000E-01   3.554286242100000E+00   3.225474526200000E-01   1.115328957400000E+00   5.227962774400000E-01   0.000000000000000E+00   0.000000000000000E+00   0.000000000000000E+00   0.000000000000000E+00
   7.745633441999999E-01   3.554568989000000E+00   3.225483875400000E-01   1.094626823300000E+00   5.745689613000000E-01   0.000000000000000E+00   0.000000000000000E+00   0.000000000000000E+00   0.000000000000000E+00
   7.806099528000000E-01   3.554423335700000E+00   3.225479059300000E-01   1.105291126800000E+00   5.478993160100000E-01   0.000000000000000E+00   0.000000000000000E+00   0.000000000000000E+00   0.000000000000000E+00
   7.866565613900000E-01   3.554568986000000E+00   3.225483875300000E-01   1.094627130700000E+00   5.745681567699999E-01   0.000000000000000E+00   0.000000000000000E+00   0.000000000000000E+00   0.000000000000000E+00
   7.927031699900000E-01   3.554286261100000E+00   3.225474526700000E-01   1.115326990100000E+00   5.228014264000000E-01   0.000000000000000E+00   0.000000000000000E+00   0.000000000000000E+00   0.000000000000000E+00
   7.973279528100000E-01   3.554568983100000E+00   3.225483875300000E-01   1.094627432100000E+00   5.745673678400000E-01   0.000000000000000E+00   0.000000000000000E+00   0.000000000000000E+00   0.000000000000000E+00
   8.019527356300000E-01   3.554423343900000E+00   3.225479059500000E-01   1.105290275800000E+00   5.479015435700000E-01   0.000000000000000E+00   0.000000000000000E+00   0.000000000000000E+00   0.000000000000000E+00
   8.065775184500000E-01   3.554568979200000E+00   3.225483875200000E-01   1.094627833900000E+00   5.745663160800000E-01   0.000000000000000E+00   0.000000000000000E+00   0.000000000000000E+00   0.000000000000000E+00
   8.112023012700000E-01   3.554286285900000E+00   3.225474527300000E-01   1.115324418600000E+00   5.228081576600000E-01   0.000000000000000E+00   0.000000000000000E+00   0.000000000000000E+00   0.000000000000000E+00
   8.164223137300000E-01   3.554568976100000E+00   3.225483875100000E-01   1.094628155900000E+00   5.745654730999999E-01   0.000000000000000E+00   0.000000000000000E+00   0.000000000000000E+00   0.000000000000000E+00
   8.216423261900000E-01   3.554423352700000E+00   3.225479059700000E-01   1.105289366600000E+00   5.479039237500000E-01   0.000000000000000E+00   0.000000000000000E+00   0.000000000000000E+00   0.000000000000000E+00
   8.268623386500000E-01   3.554568972700000E+00   3.225483875000000E-01   1.094628511800000E+00   5.745645413700000E-01   0.000000000000000E+00   0.000000000000000E+00   0.000000000000000E+00   0.000000000000000E+00
   8.320823511100000E-01   3.554286307900000E+00   3.225474527900000E-01   1.115322141000000E+00   5.228141207400000E-01   0.000000000000000E+00   0.000000000000000E+00   0.000000000000000E+00   0.000000000000000E+00
   8.373476533999999E-01   3.554568969800000E+00   3.225483874900000E-01   1.094628812900000E+00   5.745637528400001E-01   0.000000000000000E+00   0.000000000000000E+00   0.000000000000000E+00   0.000000000000000E+00
   8.426129556800001E-01   3.554423360900000E+00   3.225479059900000E-01   1.105288516300000E+00   5.479061501800000E-01   0.000000000000000E+00   0.000000000000000E+00   0.000000000000000E+00   0.000000000000000E+00
   8.478782579600000E-01   3.554568966400000E+00   3.225483874800000E-01   1.094629165700000E+00   5.745628292200000E-01   0.000000000000000E+00   0.000000000000000E+00   0.000000000000000E+00   0.000000000000000E+00
   8.531435602400000E-01   3.554286329600000E+00   3.225474528500000E-01   1.115319883600000E+00   5.228200319600000E-01   0.000000000000000E+00   0.000000000000000E+00   0.000000000000000E+00   0.000000000000000E+00
   8.562710766200000E-01   3.554568962500000E+00   3.225483874700000E-01   1.094629567900000E+00   5.745617758500000E-01   0.000000000000000E+00   0.000000000000000E+00   0.000000000000000E+00   0.000000000000000E+00
   8.593985930000000E-01   3.554423371800000E+00   3.225479060200000E-01   1.105287380600000E+00   5.479091243100001E-01   0.000000000000000E+00   0.000000000000000E+00   0.000000000000000E+00   0.000000000000000E+00
   8.625261093800000E-01   3.554568956800000E+00   3.225483874600000E-01   1.094630161500000E+00   5.745602210900000E-01   0.000000000000000E+00   0.000000000000000E+00   0.000000000000000E+00   0.000000000000000E+00
   8.656536257500000E-01   3.554286366100000E+00   3.225474529400000E-01   1.115316084600000E+00   5.228299824300000E-01   0.000000000000000E+00   0.000000000000000E+00   0.000000000000000E+00   0.000000000000000E+00
   8.682281574800000E-01   3.554568951500000E+00   3.225483874400000E-01   1.094630720100000E+00   5.745587577300000E-01   0.000000000000000E+00   0.000000000000000E+00   0.000000000000000E+00   0.000000000000000E+00
   8.708026892000000E-01   3.554423386900000E+00   3.225479060600000E-01   1.105285803400000E+00   5.479132561100000E-01   0.000000000000000E+00   0.000000000000000E+00   0.000000000000000E+00   0.000000000000000E+00
   8.733772209300000E-01   3.554568944600000E+00   3.225483874300000E-01   1.094631440800000E+00   5.745568693600001E-01   0.000000000000000E+00   0.000000000000000E+00   0.000000000000000E+00   0.000000000000000E+00
   8.759517526500000E-01   3.554286410300000E+00   3.225474530600000E-01   1.115311472000000E+00   5.228420679700000E-01   0.000000000000000E+00   0.000000000000000E+00   0.000000000000000E+00   0.000000000000000E+00
   8.778602230500000E-01   3.554568937700000E+00   3.225483874100000E-01   1.094632160200000E+00   5.745549843100000E-01   0.000000000000000E+00   0.000000000000000E+00   0.000000000000000E+00   0.000000000000000E+00
   8.797686934500000E-01   3.554423406300000E+00   3.225479061100000E-01   1.105283772400000E+00   5.479185784500000E-01   0.000000000000000E+00   0.000000000000000E+00   0.000000000000000E+00   0.000000000000000E+00
   8.816771638499999E-01   3.554568928400000E+00   3.225483873900000E-01   1.094633131800000E+00   5.745524374900000E-01   0.000000000000000E+00   0.000000000000000E+00   0.000000000000000E+00   0.000000000000000E+00
   8.835856342500000E-01   3.554286469600000E+00   3.225474532100000E-01   1.115305253600000E+00   5.228583676300000E-01   0.000000000000000E+00   0.000000000000000E+00   0.000000000000000E+00   0.000000000000000E+00
   8.851924436200000E-01   3.554568919800000E+00   3.225483873600000E-01   1.094634034900000E+00   5.745500697800000E-01   0.000000000000000E+00   0.000000000000000E+00   0.000000000000000E+00   0.000000000000000E+00
   8.867992530000000E-01   3.554423430600000E+00   3.225479061700000E-01   1.105281222700000E+00   5.479252636400000E-01   0.000000000000000E+00   0.000000000000000E+00   0.000000000000000E+00   0.000000000000000E+00
   8.884060623700000E-01   3.554568908900000E+00   3.225483873400000E-01   1.094635187900000E+00   5.745470457000000E-01   0.000000000000000E+00   0.000000000000000E+00   0.000000000000000E+00   0.000000000000000E+00
   8.900128717500000E-01   3.554286539600000E+00   3.225474533900000E-01   1.115297874000000E+00   5.228777217500000E-01   0.000000000000000E+00   0.000000000000000E+00   0.000000000000000E+00   0.000000000000000E+00
   8.916349926300000E-01   3.554568899700000E+00   3.225483873100000E-01   1.094636163000000E+00   5.745444877600000E-01   0.000000000000000E+00   0.000000000000000E+00   0.000000000000000E+00   0.000000000000000E+00
   8.932571135100000E-01   3.554423456700000E+00   3.225479062400000E-01   1.105278469700000E+00   5.479324860500000E-01   0.000000000000000E+00   0.000000000000000E+00   0.000000000000000E+00   0.000000000000000E+00
   8.948792343800001E-01   3.554568888900000E+00   3.225483872800000E-01   1.094637304100000E+00   5.745414931600000E-01   0.000000000000000E+00   0.000000000000000E+00   0.000000000000000E+00   0.000000000000000E+00
   8.965013552600000E-01   3.554286608600000E+00   3.225474535600000E-01   1.115290570700000E+00   5.228968872000000E-01   0.000000000000000E+00   0.000000000000000E+00   0.000000000000000E+00   0.000000000000000E+00
   8.981645152500000E-01   3.554568879900000E+00   3.225483872600000E-01   1.094638261700000E+00   5.745389795500000E-01   0.000000000000000E+00   0.000000000000000E+00   0.000000000000000E+00   0.000000000000000E+00
   8.998276752300000E-01   3.554423482100000E+00   3.225479063000000E-01   1.105275765900000E+00   5.479395833400000E-01   0.000000000000000E+00   0.000000000000000E+00   0.000000000000000E+00   0.000000000000000E+00
   9.014908352200000E-01   3.554568869400000E+00   3.225483872400000E-01   1.094639373700000E+00   5.745360597300000E-01   0.000000000000000E+00   0.000000000000000E+00   0.000000000000000E+00   0.000000000000000E+00
   9.031539952099999E-01   3.554286675300000E+00   3.225474537300000E-01   1.115283454000000E+00   5.229155740600000E-01   0.000000000000000E+00   0.000000000000000E+00   0.000000000000000E+00   0.000000000000000E+00
   9.050496496000000E-01   3.554568861200000E+00   3.225483872100000E-01   1.094640260500000E+00   5.745337304400000E-01   0.000000000000000E+00   0.000000000000000E+00   0.000000000000000E+00   0.000000000000000E+00
   9.069453039800000E-01   3.554423505500000E+00   3.225479063600000E-01   1.105273261900000E+00   5.479461602500000E-01   0.000000000000000E+00   0.000000000000000E+00   0.000000000000000E+00   0.000000000000000E+00
   9.088409583700000E-01   3.554568852100000E+00   3.225483871900000E-01   1.094641235300000E+00   5.745311694400000E-01   0.000000000000000E+00   0.000000000000000E+00   0.000000000000000E+00   0.000000000000000E+00
   9.107366127600000E-01   3.554286733600000E+00   3.225474538800000E-01   1.115277215400000E+00   5.229319644600000E-01   0.000000000000000E+00   0.000000000000000E+00   0.000000000000000E+00   0.000000000000000E+00
   9.126512963900000E-01   3.554568844400000E+00   3.225483871700000E-01   1.094642059400000E+00   5.745290036900000E-01   0.000000000000000E+00   0.000000000000000E+00   0.000000000000000E+00   0.000000000000000E+00
   9.145659800200000E-01   3.554423527200000E+00   3.225479064200000E-01   1.105270934900000E+00   5.479522753100000E-01   0.000000000000000E+00   0.000000000000000E+00   0.000000000000000E+00   0.000000000000000E+00
   9.164806636500000E-01   3.554568835400000E+00   3.225483871500000E-01   1.094643023700000E+00   5.745264688000000E-01   0.000000000000000E+00   0.000000000000000E+00   0.000000000000000E+00   0.000000000000000E+00
   9.183953472800001E-01   3.554286790900000E+00   3.225474540200000E-01   1.115271043600000E+00   5.229481877500000E-01   0.000000000000000E+00   0.000000000000000E+00   0.000000000000000E+00   0.000000000000000E+00
   9.204660805100000E-01   3.554568828100000E+00   3.225483871300000E-01   1.094643812200000E+00   5.745243956100000E-01   0.000000000000000E+00   0.000000000000000E+00   0.000000000000000E+00   0.000000000000000E+00
   9.225368137400000E-01   3.554423547800000E+00   3.225479064700000E-01   1.105268708600000E+00   5.479581290800000E-01   0.000000000000000E+00   0.000000000000000E+00   0.000000000000000E+00   0.000000000000000E+00
   9.246075469700000E-01   3.554568819900000E+00   3.225483871100000E-01   1.094644703200000E+00   5.745220523200000E-01   0.000000000000000E+00   0.000000000000000E+00   0.000000000000000E+00   0.000000000000000E+00
   9.266782801900000E-01   3.554286843500000E+00   3.225474541500000E-01   1.115265341200000E+00   5.229631847700000E-01   0.000000000000000E+00   0.000000000000000E+00   0.000000000000000E+00   0.000000000000000E+00
   9.293138757100000E-01   3.554568813700000E+00   3.225483871000000E-01   1.094645379100000E+00   5.745202742000000E-01   0.000000000000000E+00   0.000000000000000E+00   0.000000000000000E+00   0.000000000000000E+00
   9.319494712400000E-01   3.554423565400000E+00   3.225479065100000E-01   1.105266800000000E+00   5.479631497500000E-01   0.000000000000000E+00   0.000000000000000E+00   0.000000000000000E+00   0.000000000000000E+00
   9.345850667600000E-01   3.554568807200000E+00   3.225483870800000E-01   1.094646078700000E+00   5.745184335200000E-01   0.000000000000000E+00   0.000000000000000E+00   0.000000000000000E+00   0.000000000000000E+00
   9.372206622800000E-01   3.554286884700000E+00   3.225474542500000E-01   1.115260863900000E+00   5.229749651300000E-01   0.000000000000000E+00   0.000000000000000E+00   0.000000000000000E+00   0.000000000000000E+00
   9.390553762200000E-01   3.554568800600000E+00   3.225483870600000E-01   1.094646803000000E+00   5.745165276000000E-01   0.000000000000000E+00   0.000000000000000E+00   0.000000000000000E+00   0.000000000000000E+00
   9.408900901600000E-01   3.554423584200000E+00   3.225479065600000E-01   1.105264755200000E+00   5.479685310000000E-01   0.000000000000000E+00   0.000000000000000E+00   0.000000000000000E+00   0.000000000000000E+00
   9.427248041000000E-01   3.554568791400000E+00   3.225483870400000E-01   1.094647807300000E+00   5.745138840300000E-01   0.000000000000000E+00   0.000000000000000E+00   0.000000000000000E+00   0.000000000000000E+00
   9.445595180400000E-01   3.554286943600000E+00   3.225474544000000E-01   1.115254436600000E+00   5.229918840200000E-01   0.000000000000000E+00   0.000000000000000E+00   0.000000000000000E+00   0.000000000000000E+00
   9.459153518400000E-01   3.554568782200000E+00   3.225483870200000E-01   1.094648811300000E+00   5.745112404600000E-01   0.000000000000000E+00   0.000000000000000E+00   0.000000000000000E+00   0.000000000000000E+00
   9.472711856500000E-01   3.554423610000000E+00   3.225479066200000E-01   1.105261920600000E+00   5.479759949300000E-01   0.000000000000000E+00   0.000000000000000E+00   0.000000000000000E+00   0.000000000000000E+00
   9.486270194600001E-01   3.554568769900000E+00   3.225483869900000E-01   1.094650168900000E+00   5.745076642800000E-01   0.000000000000000E+00   0.000000000000000E+00   0.000000000000000E+00   0.000000000000000E+00
   9.499828532700000E-01   3.554287022600000E+00   3.225474545900000E-01   1.115245747700000E+00   5.230147715700000E-01   0.000000000000000E+00   0.000000000000000E+00   0.000000000000000E+00   0.000000000000000E+00
   9.510912082400000E-01   3.554568758200000E+00   3.225483869600000E-01   1.094651451100000E+00   5.745042857100000E-01   0.000000000000000E+00   0.000000000000000E+00   0.000000000000000E+00   0.000000000000000E+00
   9.521995632200000E-01   3.554423642800000E+00   3.225479067000000E-01   1.105258300700000E+00   5.479855341500000E-01   0.000000000000000E+00   0.000000000000000E+00   0.000000000000000E+00   0.000000000000000E+00
   9.533079181900000E-01   3.554568743300000E+00   3.225483869200000E-01   1.094653109800000E+00   5.744999127400000E-01   0.000000000000000E+00   0.000000000000000E+00   0.000000000000000E+00   0.000000000000000E+00
   9.544162731700000E-01   3.554287118400000E+00   3.225474548200000E-01   1.115235132100000E+00   5.230427586000000E-01   0.000000000000000E+00   0.000000000000000E+00   0.000000000000000E+00   0.000000000000000E+00
   9.554735090299999E-01   3.554568730300000E+00   3.225483868900000E-01   1.094654552700000E+00   5.744961066499999E-01   0.000000000000000E+00   0.000000000000000E+00   0.000000000000000E+00   0.000000000000000E+00
   9.565307448800000E-01   3.554423679400000E+00   3.225479067900000E-01   1.105254226600000E+00   5.479962806699999E-01   0.000000000000000E+00   0.000000000000000E+00   0.000000000000000E+00   0.000000000000000E+00
   9.575879807400000E-01   3.554568714800000E+00   3.225483868500000E-01   1.094656289100000E+00   5.744915242400001E-01   0.000000000000000E+00   0.000000000000000E+00   0.000000000000000E+00   0.000000000000000E+00
   9.586452165900000E-01   3.554287217600000E+00   3.225474550600000E-01   1.115224019200000E+00   5.230720860200000E-01   0.000000000000000E+00   0.000000000000000E+00   0.000000000000000E+00   0.000000000000000E+00
   9.598272864900000E-01   3.554568702400000E+00   3.225483868300000E-01   1.094657686100000E+00   5.744878357200000E-01   0.000000000000000E+00   0.000000000000000E+00   0.000000000000000E+00   0.000000000000000E+00
   9.610093563900000E-01   3.554423714400000E+00   3.225479068700000E-01   1.105250282100000E+00   5.480066955100000E-01   0.000000000000000E+00   0.000000000000000E+00   0.000000000000000E+00   0.000000000000000E+00
   9.621914262900000E-01   3.554568688700000E+00   3.225483867900000E-01   1.094659236900000E+00   5.744837389600000E-01   0.000000000000000E+00   0.000000000000000E+00   0.000000000000000E+00   0.000000000000000E+00
   9.633734961900000E-01   3.554287305300000E+00   3.225474552700000E-01   1.115214093800000E+00   5.230983053000000E-01   0.000000000000000E+00   0.000000000000000E+00   0.000000000000000E+00   0.000000000000000E+00
   9.646734654600000E-01   3.554568677700000E+00   3.225483867700000E-01   1.094660494500000E+00   5.744804153000000E-01   0.000000000000000E+00   0.000000000000000E+00   0.000000000000000E+00   0.000000000000000E+00
   9.659734347200000E-01   3.554423745700000E+00   3.225479069500000E-01   1.105246731100000E+00   5.480160801000000E-01   0.000000000000000E+00   0.000000000000000E+00   0.000000000000000E+00   0.000000000000000E+00
   9.672734039899999E-01   3.554568665300000E+00   3.225483867400000E-01   1.094661902900000E+00   5.744766914800000E-01   0.000000000000000E+00   0.000000000000000E+00   0.000000000000000E+00   0.000000000000000E+00
   9.685733732600000E-01   3.554287384200000E+00   3.225474554600000E-01   1.115205080100000E+00   5.231221377500000E-01   0.000000000000000E+00   0.000000000000000E+00   0.000000000000000E+00   0.000000000000000E+00
   9.694253025700000E-01   3.554568652100000E+00   3.225483867100000E-01   1.094663414100000E+00   5.744726944700000E-01   0.000000000000000E+00   0.000000000000000E+00   0.000000000000000E+00   0.000000000000000E+00
   9.702772318700000E-01   3.554423782800000E+00   3.225479070300000E-01   1.105242465200000E+00   5.480273649900000E-01   0.000000000000000E+00   0.000000000000000E+00   0.000000000000000E+00   0.000000000000000E+00
   9.711291611800000E-01   3.554568633500000E+00   3.225483866600000E-01   1.094665559800000E+00   5.744670147700000E-01   0.000000000000000E+00   0.000000000000000E+00   0.000000000000000E+00   0.000000000000000E+00
   9.719810904800000E-01   3.554287503100000E+00   3.225474557300000E-01   1.115191347300000E+00   5.231584878400000E-01   0.000000000000000E+00   0.000000000000000E+00   0.000000000000000E+00   0.000000000000000E+00
   9.729933504300000E-01   3.554568619100000E+00   3.225483866300000E-01   1.094667237600000E+00   5.744625706099999E-01   0.000000000000000E+00   0.000000000000000E+00   0.000000000000000E+00   0.000000000000000E+00
   9.740056103800000E-01   3.554423823600000E+00   3.225479071300000E-01   1.105237727500000E+00   5.480399136100000E-01   0.000000000000000E+00   0.000000000000000E+00   0.000000000000000E+00   0.000000000000000E+00
   9.750178703200000E-01   3.554568603700000E+00   3.225483866000000E-01   1.094669040300000E+00   5.744577928400000E-01   0.000000000000000E+00   0.000000000000000E+00   0.000000000000000E+00   0.000000000000000E+00
   9.760301302700000E-01   3.554287601700000E+00   3.225474559600000E-01   1.115179809800000E+00   5.231890656100000E-01   0.000000000000000E+00   0.000000000000000E+00   0.000000000000000E+00   0.000000000000000E+00
   9.766529298300000E-01   3.554568586600000E+00   3.225483865600000E-01   1.094671050600000E+00   5.744524628300000E-01   0.000000000000000E+00   0.000000000000000E+00   0.000000000000000E+00   0.000000000000000E+00
   9.772757293800000E-01   3.554423871700000E+00   3.225479072400000E-01   1.105232053700000E+00   5.480549615000000E-01   0.000000000000000E+00   0.000000000000000E+00   0.000000000000000E+00   0.000000000000000E+00
   9.778985289400000E-01   3.554568562100000E+00   3.225483865000000E-01   1.094673974400000E+00   5.744447018000000E-01   0.000000000000000E+00   0.000000000000000E+00   0.000000000000000E+00   0.000000000000000E+00
   9.785213285000000E-01   3.554287758900000E+00   3.225474563100000E-01   1.115161097200000E+00   5.232387363200000E-01   0.000000000000000E+00   0.000000000000000E+00   0.000000000000000E+00   0.000000000000000E+00
   9.790099016100000E-01   3.554568538600000E+00   3.225483864500000E-01   1.094676797800000E+00   5.744372010700000E-01   0.000000000000000E+00   0.000000000000000E+00   0.000000000000000E+00   0.000000000000000E+00
   9.794984747200000E-01   3.554423937900000E+00   3.225479073800000E-01   1.105224084200000E+00   5.480761385300000E-01   0.000000000000000E+00   0.000000000000000E+00   0.000000000000000E+00   0.000000000000000E+00
   9.799870478400000E-01   3.554568508100000E+00   3.225483863800000E-01   1.094680513600000E+00   5.744273156600000E-01   0.000000000000000E+00   0.000000000000000E+00   0.000000000000000E+00   0.000000000000000E+00
   9.804756209500000E-01   3.554287953900000E+00   3.225474567300000E-01   1.115137316200000E+00   5.233020032100000E-01   0.000000000000000E+00   0.000000000000000E+00   0.000000000000000E+00   0.000000000000000E+00
   9.810504854200000E-01   3.554568484600000E+00   3.225483863300000E-01   1.094683429600000E+00   5.744195472500000E-01   0.000000000000000E+00   0.000000000000000E+00   0.000000000000000E+00   0.000000000000000E+00
   9.816253499000001E-01   3.554424004500000E+00   3.225479075200000E-01   1.105215849100000E+00   5.480980739500000E-01   0.000000000000000E+00   0.000000000000000E+00   0.000000000000000E+00   0.000000000000000E+00
   9.822002143700000E-01   3.554568459400000E+00   3.225483862800000E-01   1.094686577400000E+00   5.744111523600000E-01   0.000000000000000E+00   0.000000000000000E+00   0.000000000000000E+00   0.000000000000000E+00
   9.827750788500000E-01   3.554288114500000E+00   3.225474570600000E-01   1.115117169900000E+00   5.233557306200000E-01   0.000000000000000E+00   0.000000000000000E+00   0.000000000000000E+00   0.000000000000000E+00
   9.832313592600000E-01   3.554568435600000E+00   3.225483862300000E-01   1.094689596700000E+00   5.744030920300000E-01   0.000000000000000E+00   0.000000000000000E+00   0.000000000000000E+00   0.000000000000000E+00
   9.836876396699999E-01   3.554424071500000E+00   3.225479076600000E-01   1.105207326600000E+00   5.481208310000000E-01   0.000000000000000E+00   0.000000000000000E+00   0.000000000000000E+00   0.000000000000000E+00
   9.841439200900000E-01   3.554568405100000E+00   3.225483861700000E-01   1.094693549200000E+00   5.743925238199999E-01   0.000000000000000E+00   0.000000000000000E+00   0.000000000000000E+00   0.000000000000000E+00
   9.846002005000000E-01   3.554288310200000E+00   3.225474574600000E-01   1.115091874700000E+00   5.234233675000000E-01   0.000000000000000E+00   0.000000000000000E+00   0.000000000000000E+00   0.000000000000000E+00
   9.849410707000000E-01   3.554568375200000E+00   3.225483861100000E-01   1.094697470800000E+00   5.743820240500001E-01   0.000000000000000E+00   0.000000000000000E+00   0.000000000000000E+00   0.000000000000000E+00
   9.852819409100000E-01   3.554424155400000E+00   3.225479078200000E-01   1.105196259200000E+00   5.481504742600000E-01   0.000000000000000E+00   0.000000000000000E+00   0.000000000000000E+00   0.000000000000000E+00
   9.856228111100001E-01   3.554568336100000E+00   3.225483860400000E-01   1.094702737200000E+00   5.743678918200000E-01   0.000000000000000E+00   0.000000000000000E+00   0.000000000000000E+00   0.000000000000000E+00
   9.859636813200000E-01   3.554288559800000E+00   3.225474579200000E-01   1.115058170500000E+00   5.235138145400000E-01   0.000000000000000E+00   0.000000000000000E+00   0.000000000000000E+00   0.000000000000000E+00
   9.863252411100000E-01   3.554568304900000E+00   3.225483859800000E-01   1.094707073600000E+00   5.743562296000000E-01   0.000000000000000E+00   0.000000000000000E+00   0.000000000000000E+00   0.000000000000000E+00
   9.866868009100001E-01   3.554424243700000E+00   3.225479079800000E-01   1.105184014100000E+00   5.481834037200000E-01   0.000000000000000E+00   0.000000000000000E+00   0.000000000000000E+00   0.000000000000000E+00
   9.870483607000000E-01   3.554568270200000E+00   3.225483859300000E-01   1.094712012400000E+00   5.743429200000000E-01   0.000000000000000E+00   0.000000000000000E+00   0.000000000000000E+00   0.000000000000000E+00
   9.874099205000000E-01   3.554288781500000E+00   3.225474582900000E-01   1.115026562500000E+00   5.235989967000000E-01   0.000000000000000E+00   0.000000000000000E+00   0.000000000000000E+00   0.000000000000000E+00
   9.877393599500000E-01   3.554568240300000E+00   3.225483858800000E-01   1.094716404000000E+00   5.743310608100000E-01   0.000000000000000E+00   0.000000000000000E+00   0.000000000000000E+00   0.000000000000000E+00
   9.880687994100000E-01   3.554424328100000E+00   3.225479081100000E-01   1.105171617000000E+00   5.482168874300000E-01   0.000000000000000E+00   0.000000000000000E+00   0.000000000000000E+00   0.000000000000000E+00
   9.883982388600000E-01   3.554568204700000E+00   3.225483858300000E-01   1.094721794200000E+00   5.743164680800000E-01   0.000000000000000E+00   0.000000000000000E+00   0.000000000000000E+00   0.000000000000000E+00
   9.887276783200000E-01   3.554289008800000E+00   3.225474586300000E-01   1.114992066000000E+00   5.236923910800000E-01   0.000000000000000E+00   0.000000000000000E+00   0.000000000000000E+00   0.000000000000000E+00
   9.890367722300000E-01   3.554568174700000E+00   3.225483857900000E-01   1.094726512800000E+00   5.743036621399999E-01   0.000000000000000E+00   0.000000000000000E+00   0.000000000000000E+00   0.000000000000000E+00
   9.893458661400000E-01   3.554424412800000E+00   3.225479082300000E-01   1.105158296000000E+00   5.482530446700000E-01   0.000000000000000E+00   0.000000000000000E+00   0.000000000000000E+00   0.000000000000000E+00
   9.896549600500000E-01   3.554568139800000E+00   3.225483857400000E-01   1.094732221800000E+00   5.742881243500000E-01   0.000000000000000E+00   0.000000000000000E+00   0.000000000000000E+00   0.000000000000000E+00
   9.899640539700000E-01   3.554289231700000E+00   3.225474588900000E-01   1.114955529200000E+00   5.237918341700000E-01   0.000000000000000E+00   0.000000000000000E+00   0.000000000000000E+00   0.000000000000000E+00
   9.902846596000000E-01   3.554568112200000E+00   3.225483857200000E-01   1.094736971200000E+00   5.742751605500001E-01   0.000000000000000E+00   0.000000000000000E+00   0.000000000000000E+00   0.000000000000000E+00
   9.906052652400000E-01   3.554424491000000E+00   3.225479083000000E-01   1.105144885000000E+00   5.482896489500000E-01   0.000000000000000E+00   0.000000000000000E+00   0.000000000000000E+00   0.000000000000000E+00
   9.909258708799999E-01   3.554568081700000E+00   3.225483856900000E-01   1.094742438700000E+00   5.742601943300000E-01   0.000000000000000E+00   0.000000000000000E+00   0.000000000000000E+00   0.000000000000000E+00
   9.912464765200000E-01   3.554289426300000E+00   3.225474590500000E-01   1.114920537800000E+00   5.238876191300000E-01   0.000000000000000E+00   0.000000000000000E+00   0.000000000000000E+00   0.000000000000000E+00
   9.915165692200000E-01   3.554568054800000E+00   3.225483856700000E-01   1.094747504900000E+00   5.742462887499999E-01   0.000000000000000E+00   0.000000000000000E+00   0.000000000000000E+00   0.000000000000000E+00
   9.917866619200000E-01   3.554424566300000E+00   3.225479083500000E-01   1.105130587600000E+00   5.483289097900000E-01   0.000000000000000E+00   0.000000000000000E+00   0.000000000000000E+00   0.000000000000000E+00
   9.920567546200000E-01   3.554568022900000E+00   3.225483856600000E-01   1.094753946700000E+00   5.742285390200000E-01   0.000000000000000E+00   0.000000000000000E+00   0.000000000000000E+00   0.000000000000000E+00
   9.923268473200000E-01   3.554289629900000E+00   3.225474591100000E-01   1.114879312000000E+00   5.240012193800000E-01   0.000000000000000E+00   0.000000000000000E+00   0.000000000000000E+00   0.000000000000000E+00
   9.925584712200000E-01   3.554567995700000E+00   3.225483856700000E-01   1.094759853600000E+00   5.742122052600001E-01   0.000000000000000E+00   0.000000000000000E+00   0.000000000000000E+00   0.000000000000000E+00
   9.927900951200000E-01   3.554424642400000E+00   3.225479083400000E-01   1.105113918600000E+00   5.483750267400000E-01   0.000000000000000E+00   0.000000000000000E+00   0.000000000000000E+00   0.000000000000000E+00
   9.930217190200000E-01   3.554567964800000E+00   3.225483856800000E-01   1.094767296000000E+00   5.741915255600000E-01   0.000000000000000E+00   0.000000000000000E+00   0.000000000000000E+00   0.000000000000000E+00
   9.932533429200000E-01   3.554289827200000E+00   3.225474589900000E-01   1.114831684000000E+00   5.241335728500000E-01   0.000000000000000E+00   0.000000000000000E+00   0.000000000000000E+00   0.000000000000000E+00
   9.934750672600000E-01   3.554567941100000E+00   3.225483857200000E-01   1.094773730000000E+00   5.741735621600000E-01   0.000000000000000E+00   0.000000000000000E+00   0.000000000000000E+00   0.000000000000000E+00
   9.936967915900000E-01   3.554424709100000E+00   3.225479082500000E-01   1.105095755800000E+00   5.484257468900000E-01   0.000000000000000E+00   0.000000000000000E+00   0.000000000000000E+00   0.000000000000000E+00
   9.939185159200000E-01   3.554567916500000E+00   3.225483857700000E-01   1.094781420500000E+00   5.741519750800000E-01   0.000000000000000E+00   0.000000000000000E+00   0.000000000000000E+00   0.000000000000000E+00
   9.941402402600000E-01   3.554289983100000E+00   3.225474586200000E-01   1.114782468800000E+00   5.242717343800000E-01   0.000000000000000E+00   0.000000000000000E+00   0.000000000000000E+00   0.000000000000000E+00
   9.943123614800000E-01   3.554567896400000E+00   3.225483858500000E-01   1.094788860800000E+00   5.741309873700000E-01   0.000000000000000E+00   0.000000000000000E+00   0.000000000000000E+00   0.000000000000000E+00
   9.944844827000000E-01   3.554424763300000E+00   3.225479080300000E-01   1.105074776300000E+00   5.484850042300000E-01   0.000000000000000E+00   0.000000000000000E+00   0.000000000000000E+00   0.000000000000000E+00
   9.946566039200000E-01   3.554567877600000E+00   3.225483859800000E-01   1.094798632900000E+00   5.741031948600001E-01   0.000000000000000E+00   0.000000000000000E+00   0.000000000000000E+00   0.000000000000000E+00
   9.948287251300000E-01   3.554290101300000E+00   3.225474577500000E-01   1.114719936400000E+00   5.244496162500000E-01   0.000000000000000E+00   0.000000000000000E+00   0.000000000000000E+00   0.000000000000000E+00
   9.949618396900000E-01   3.554567866200000E+00   3.225483861400000E-01   1.094808087300000E+00   5.740761137000000E-01   0.000000000000000E+00   0.000000000000000E+00   0.000000000000000E+00   0.000000000000000E+00
   9.950949542400001E-01   3.554424790500000E+00   3.225479075400000E-01   1.105048133800000E+00   5.485614699600000E-01   0.000000000000000E+00   0.000000000000000E+00   0.000000000000000E+00   0.000000000000000E+00
   9.952280688000000E-01   3.554567865700000E+00   3.225483864300000E-01   1.094820479500000E+00   5.740401838900000E-01   0.000000000000000E+00   0.000000000000000E+00   0.000000000000000E+00   0.000000000000000E+00
   9.953611833500000E-01   3.554290099600000E+00   3.225474558900000E-01   1.114640648700000E+00   5.246795906300000E-01   0.000000000000000E+00   0.000000000000000E+00   0.000000000000000E+00   0.000000000000000E+00
   9.954683039300000E-01   3.554567878600000E+00   3.225483867700000E-01   1.094832163700000E+00   5.740059318000000E-01   0.000000000000000E+00   0.000000000000000E+00   0.000000000000000E+00   0.000000000000000E+00
   9.955754245100000E-01   3.554424746300000E+00   3.225479065500000E-01   1.105015224500000E+00   5.486581941400001E-01   0.000000000000000E+00   0.000000000000000E+00   0.000000000000000E+00   0.000000000000000E+00
   9.956825450800000E-01   3.554567921200000E+00   3.225483873300000E-01   1.094847137400000E+00   5.739612492800000E-01   0.000000000000000E+00   0.000000000000000E+00   0.000000000000000E+00   0.000000000000000E+00
   9.957896656600000E-01   3.554289816700000E+00   3.225474522300000E-01   1.114544867900000E+00   5.249656111800000E-01   0.000000000000000E+00   0.000000000000000E+00   0.000000000000000E+00   0.000000000000000E+00
   9.958815483100000E-01   3.554567984900000E+00   3.225483879700000E-01   1.094860696500000E+00   5.739200816800000E-01   0.000000000000000E+00   0.000000000000000E+00   0.000000000000000E+00   0.000000000000000E+00
   9.959734309500000E-01   3.554424556700000E+00   3.225479047100000E-01   1.104977041100000E+00   5.487744632800000E-01   0.000000000000000E+00   0.000000000000000E+00   0.000000000000000E+00   0.000000000000000E+00
   9.960653135899999E-01   3.554568107200000E+00   3.225483889700000E-01   1.094877469500000E+00   5.738678507600000E-01   0.000000000000000E+00   0.000000000000000E+00   0.000000000000000E+00   0.000000000000000E+00
   9.961571962400000E-01   3.554289017400000E+00   3.225474457100000E-01   1.114437618100000E+00   5.252999887499999E-01   0.000000000000000E+00   0.000000000000000E+00   0.000000000000000E+00   0.000000000000000E+00
   9.962465266400000E-01   3.554568252800000E+00   3.225483900300000E-01   1.094891573600000E+00   5.738227130000000E-01   0.000000000000000E+00   0.000000000000000E+00   0.000000000000000E+00   0.000000000000000E+00
   9.963358570400001E-01   3.554424142000000E+00   3.225479017000000E-01   1.104937262300000E+00   5.489019402799999E-01   0.000000000000000E+00   0.000000000000000E+00   0.000000000000000E+00   0.000000000000000E+00
   9.964251874500000E-01   3.554568479000000E+00   3.225483915500000E-01   1.094907917200000E+00   5.737686916400000E-01   0.000000000000000E+00   0.000000000000000E+00   0.000000000000000E+00   0.000000000000000E+00
   9.965145178500000E-01   3.554287548700000E+00   3.225474359000000E-01   1.114333150700000E+00   5.256458590899999E-01   0.000000000000000E+00   0.000000000000000E+00   0.000000000000000E+00   0.000000000000000E+00
   9.965970544100000E-01   3.554568731500000E+00   3.225483931400000E-01   1.094921928800000E+00   5.737206954300000E-01   0.000000000000000E+00   0.000000000000000E+00   0.000000000000000E+00   0.000000000000000E+00
   9.966795909800000E-01   3.554423416400000E+00   3.225478971300000E-01   1.104897818200000E+00   5.490375293200001E-01   0.000000000000000E+00   0.000000000000000E+00   0.000000000000000E+00   0.000000000000000E+00
   9.967621275400000E-01   3.554569119200000E+00   3.225483954700000E-01   1.094938369900000E+00   5.736616749000000E-01   0.000000000000000E+00   0.000000000000000E+00   0.000000000000000E+00   0.000000000000000E+00
   9.968446641099999E-01   3.554285036600000E+00   3.225474208400000E-01   1.114228137900000E+00   5.260238018300000E-01   0.000000000000000E+00   0.000000000000000E+00   0.000000000000000E+00   0.000000000000000E+00
   9.969309368900000E-01   3.554569517900000E+00   3.225483977800000E-01   1.094951398800000E+00   5.736122555499999E-01   0.000000000000000E+00   0.000000000000000E+00   0.000000000000000E+00   0.000000000000000E+00
   9.970172096800000E-01   3.554422293500000E+00   3.225478906400000E-01   1.104861013100000E+00   5.491770762800000E-01   0.000000000000000E+00   0.000000000000000E+00   0.000000000000000E+00   0.000000000000000E+00
   9.971034824700000E-01   3.554570064400000E+00   3.225484008500000E-01   1.094965640200000E+00   5.735549786500000E-01   0.000000000000000E+00   0.000000000000000E+00   0.000000000000000E+00   0.000000000000000E+00
   9.971897552500000E-01   3.554281506300000E+00   3.225474010000000E-01   1.114137225600000E+00   5.263906067500000E-01   0.000000000000000E+00   0.000000000000000E+00   0.000000000000000E+00   0.000000000000000E+00
   9.972641337100000E-01   3.554570653700000E+00   3.225484041000000E-01   1.094977987900000E+00   5.735019585500000E-01   0.000000000000000E+00   0.000000000000000E+00   0.000000000000000E+00   0.000000000000000E+00
   9.973385121600000E-01   3.554420587800000E+00   3.225478812800000E-01   1.104826493900000E+00   5.493270216900000E-01   0.000000000000000E+00   0.000000000000000E+00   0.000000000000000E+00   0.000000000000000E+00
   9.974128906200000E-01   3.554571558800000E+00   3.225484089700000E-01   1.094992264200000E+00   5.734341068400000E-01   0.000000000000000E+00   0.000000000000000E+00   0.000000000000000E+00   0.000000000000000E+00
   9.974872690700000E-01   3.554275651400000E+00   3.225473695000000E-01   1.114046322600000E+00   5.268253207400000E-01   0.000000000000000E+00   0.000000000000000E+00   0.000000000000000E+00   0.000000000000000E+00
   9.975423554000000E-01   3.554572611300000E+00   3.225484145600000E-01   1.095005316800000E+00   5.733655082800000E-01   0.000000000000000E+00   0.000000000000000E+00   0.000000000000000E+00   0.000000000000000E+00
   9.975974417400000E-01   3.554417452500000E+00   3.225478647100000E-01   1.104790961600000E+00   5.495217013600000E-01   0.000000000000000E+00   0.000000000000000E+00   0.000000000000000E+00   0.000000000000000E+00
   9.976525280700000E-01   3.554574439300000E+00   3.225484240700000E-01   1.095019702700000E+00   5.732704177100000E-01   0.000000000000000E+00   0.000000000000000E+00   0.000000000000000E+00   0.000000000000000E+00
   9.977076144000000E-01   3.554263758900000E+00   3.225473077200000E-01   1.113955814200000E+00   5.274354480800000E-01   0.000000000000000E+00   0.000000000000000E+00   0.000000000000000E+00   0.000000000000000E+00
   9.977595348400000E-01   3.554576434500000E+00   3.225484343200000E-01   1.095029239300000E+00   5.731847601500000E-01   0.000000000000000E+00   0.000000000000000E+00   0.000000000000000E+00   0.000000000000000E+00
   9.978114552800000E-01   3.554411774400000E+00   3.225478356600000E-01   1.104764859300000E+00   5.497642788100000E-01   0.000000000000000E+00   0.000000000000000E+00   0.000000000000000E+00   0.000000000000000E+00
   9.978633757199999E-01   3.554579535300000E+00   3.225484501400000E-01   1.095035939900000E+00   5.730770955000000E-01   0.000000000000000E+00   0.000000000000000E+00   0.000000000000000E+00   0.000000000000000E+00
   9.979152961600000E-01   3.554244388600000E+00   3.225472099200000E-01   1.113915282600000E+00   5.281267412100000E-01   0.000000000000000E+00   0.000000000000000E+00   0.000000000000000E+00   0.000000000000000E+00
   9.979625852100000E-01   3.554583508700000E+00   3.225484709100000E-01   1.095036746100000E+00   5.729766764599999E-01   0.000000000000000E+00   0.000000000000000E+00   0.000000000000000E+00   0.000000000000000E+00
   9.980098742500000E-01   3.554404073500000E+00   3.225477993200000E-01   1.104762867800000E+00   5.500475388900000E-01   0.000000000000000E+00   0.000000000000000E+00   0.000000000000000E+00   0.000000000000000E+00
   9.980571633000000E-01   3.554592936000000E+00   3.225485232000000E-01   1.095027722600000E+00   5.728438491500000E-01   0.000000000000000E+00   0.000000000000000E+00   0.000000000000000E+00   0.000000000000000E+00
   9.981044523400000E-01   3.554223445900000E+00   3.225471216900000E-01   1.113960847300000E+00   5.289605759600000E-01   0.000000000000000E+00   0.000000000000000E+00   0.000000000000000E+00   0.000000000000000E+00
   9.981572862300000E-01   3.554632432000000E+00   3.225487624800000E-01   1.094998196800000E+00   5.727125275400000E-01   0.000000000000000E+00   0.000000000000000E+00   0.000000000000000E+00   0.000000000000000E+00
   9.982101201200000E-01   3.554498924300000E+00   3.225484092000000E-01   1.104754992600000E+00   5.503066960000000E-01   0.000000000000000E+00   0.000000000000000E+00   0.000000000000000E+00   0.000000000000000E+00
   9.982629540100000E-01   3.554916758100000E+00   3.225505246500000E-01   1.094851191100000E+00   5.724294532200001E-01   0.000000000000000E+00   0.000000000000000E+00   0.000000000000000E+00   0.000000000000000E+00
   9.983157879000000E-01   3.555102073700000E+00   3.225526560100000E-01   1.113725786200000E+00   5.293269996500000E-01   0.000000000000000E+00   0.000000000000000E+00   0.000000000000000E+00   0.000000000000000E+00
   9.983591533800000E-01   3.556891887700000E+00   3.225628284000000E-01   1.093957211600000E+00   5.712390385900000E-01   0.000000000000000E+00   0.000000000000000E+00   0.000000000000000E+00   0.000000000000000E+00
   9.984025188600000E-01   3.559817679200000E+00   3.225815948800000E-01   1.102525882700000E+00   5.478336896900000E-01   0.000000000000000E+00   0.000000000000000E+00   0.000000000000000E+00   0.000000000000000E+00
   9.984458843500000E-01   3.567579220100000E+00   3.226294988200000E-01   1.089259939500000E+00   5.653771610900000E-01   0.000000000000000E+00   0.000000000000000E+00   0.000000000000000E+00   0.000000000000000E+00
   9.984892498300000E-01   3.584999992300000E+00   3.227397159800000E-01   1.101240543300000E+00   5.148205988900000E-01   0.000000000000000E+00   0.000000000000000E+00   0.000000000000000E+00   0.000000000000000E+00
   9.985278852400000E-01   3.620121763200000E+00   3.229601901200000E-01   1.067175808500000E+00   5.386210606000000E-01   0.000000000000000E+00   0.000000000000000E+00   0.000000000000000E+00   0.000000000000000E+00
   9.985665206500000E-01   3.689172100600000E+00   3.234008810500000E-01   1.050222248900000E+00   4.857640919000000E-01   0.000000000000000E+00   0.000000000000000E+00   0.000000000000000E+00   0.000000000000000E+00
   9.986051560600000E-01   3.816876524200000E+00   3.242334321300000E-01   9.945623671100000E-01   4.551838953700000E-01   0.000000000000000E+00   0.000000000000000E+00   0.000000000000000E+00   0.000000000000000E+00
   9.986437914700000E-01   4.022491320500000E+00   3.256313522500000E-01   9.522244994000000E-01   3.493002568000000E-01   0.000000000000000E+00   0.000000000000000E+00   0.000000000000000E+00   0.000000000000000E+00
   9.986809419500000E-01   4.301449541500000E+00   3.276366146300000E-01   8.622595307000001E-01   3.208152729100000E-01   0.000000000000000E+00   0.000000000000000E+00   0.000000000000000E+00   0.000000000000000E+00
   9.987180924200000E-01   4.642116035100000E+00   3.302854145800000E-01   8.050178479500000E-01   2.408724579300000E-01   0.000000000000000E+00   0.000000000000000E+00   0.000000000000000E+00   0.000000000000000E+00
   9.987552429000000E-01   5.020173230500000E+00   3.335115485300000E-01   7.340600942900000E-01   2.127988721600000E-01   0.000000000000000E+00   0.000000000000000E+00   0.000000000000000E+00   0.000000000000000E+00
   9.987923933800000E-01   5.409236982400000E+00   3.372105750400000E-01   7.044296556700000E-01   1.379953717800000E-01   0.000000000000000E+00   0.000000000000000E+00   0.000000000000000E+00   0.000000000000000E+00
   9.988274677100000E-01   5.770341036800000E+00   3.410533550100000E-01   6.441092968800000E-01   1.504338894100000E-01   0.000000000000000E+00   0.000000000000000E+00   0.000000000000000E+00   0.000000000000000E+00
   9.988625420400000E-01   6.113416097300000E+00   3.451628313600000E-01   6.222918770300000E-01   1.110945457800000E-01   0.000000000000000E+00   0.000000000000000E+00   0.000000000000000E+00   0.000000000000000E+00
   9.988976163700000E-01   6.433721761300000E+00   3.494913121200000E-01   5.840395796700000E-01   1.151768707600000E-01   0.000000000000000E+00   0.000000000000000E+00   0.000000000000000E+00   0.000000000000000E+00
   9.989326906900000E-01   6.727578430500000E+00   3.539947984100000E-01   5.821259932900000E-01   6.560908549900001E-02   0.000000000000000E+00   0.000000000000000E+00   0.000000000000000E+00   0.000000000000000E+00
   9.989632653500000E-01   6.963035386400000E+00   3.580442485800000E-01   5.434245697900000E-01   9.439351832400000E-02   0.000000000000000E+00   0.000000000000000E+00   0.000000000000000E+00   0.000000000000000E+00
   9.989938400100000E-01   7.178399367900000E+00   3.621873529300000E-01   5.389521573400000E-01   6.809779361100000E-02   0.000000000000000E+00   0.000000000000000E+00   0.000000000000000E+00   0.000000000000000E+00
   9.990244146700000E-01   7.375661240800000E+00   3.664155370800000E-01   5.141389720500000E-01   8.098527517500000E-02   0.000000000000000E+00   0.000000000000000E+00   0.000000000000000E+00   0.000000000000000E+00
   9.990549893300000E-01   7.555065210300000E+00   3.707151054700000E-01   5.229852385200000E-01   3.909093302500000E-02   0.000000000000000E+00   0.000000000000000E+00   0.000000000000000E+00   0.000000000000000E+00
   9.990807999700000E-01   7.694780114900000E+00   3.743985862300000E-01   4.919820376100000E-01   7.175893759800001E-02   0.000000000000000E+00   0.000000000000000E+00   0.000000000000000E+00   0.000000000000000E+00
   9.991066106199999E-01   7.823404670900000E+00   3.781224495900000E-01   4.939708663200000E-01   4.958971225500000E-02   0.000000000000000E+00   0.000000000000000E+00   0.000000000000000E+00   0.000000000000000E+00
   9.991324212700000E-01   7.942749632300000E+00   3.818869230700000E-01   4.745396213100000E-01   6.503495085200001E-02   0.000000000000000E+00   0.000000000000000E+00   0.000000000000000E+00   0.000000000000000E+00
   9.991582319100000E-01   8.052648879900000E+00   3.856855359200000E-01   4.879120184200000E-01   2.635971004900000E-02   0.000000000000000E+00   0.000000000000000E+00   0.000000000000000E+00   0.000000000000000E+00
   9.991866212400000E-01   8.164985054900001E+00   3.899054625500000E-01   4.583553821000000E-01   5.926385463500000E-02   0.000000000000000E+00   0.000000000000000E+00   0.000000000000000E+00   0.000000000000000E+00
   9.992150105599999E-01   8.267878789199999E+00   3.941612280800000E-01   4.615290319300000E-01   3.837661399900000E-02   0.000000000000000E+00   0.000000000000000E+00   0.000000000000000E+00   0.000000000000000E+00
   9.992433998900000E-01   8.363176320599999E+00   3.984539644700000E-01   4.431393684900000E-01   5.422023453500000E-02   0.000000000000000E+00   0.000000000000000E+00   0.000000000000000E+00   0.000000000000000E+00
   9.992717892200000E-01   8.450730403100000E+00   4.027781314900000E-01   4.572963372800000E-01   1.688188904700000E-02   0.000000000000000E+00   0.000000000000000E+00   0.000000000000000E+00   0.000000000000000E+00
   9.993011077100000E-01   8.535145677699999E+00   4.072797896400000E-01   4.290451743000000E-01   4.988918564700000E-02   0.000000000000000E+00   0.000000000000000E+00   0.000000000000000E+00   0.000000000000000E+00
   9.993304262000000E-01   8.612844830900000E+00   4.118114485100000E-01   4.332220407200000E-01   2.998430773000000E-02   0.000000000000000E+00   0.000000000000000E+00   0.000000000000000E+00   0.000000000000000E+00
   9.993597446900000E-01   8.685429026000000E+00   4.163750463800000E-01   4.158050913200000E-01   4.608817980200000E-02   0.000000000000000E+00   0.000000000000000E+00   0.000000000000000E+00   0.000000000000000E+00
   9.993890631900000E-01   8.752553852400000E+00   4.209659729800000E-01   4.306038383000000E-01   9.833692709600000E-03   0.000000000000000E+00   0.000000000000000E+00   0.000000000000000E+00   0.000000000000000E+00
   9.994074321800001E-01   8.792932063100000E+00   4.238588317700000E-01   4.056827192200000E-01   4.333435052700000E-02   0.000000000000000E+00   0.000000000000000E+00   0.000000000000000E+00   0.000000000000000E+00
   9.994258011800000E-01   8.831155391699999E+00   4.267605224200000E-01   4.127033651100000E-01   2.474931627500000E-02   0.000000000000000E+00   0.000000000000000E+00   0.000000000000000E+00   0.000000000000000E+00
   9.994441701700000E-01   8.868253216199999E+00   4.296740864900000E-01   3.982180787800000E-01   4.134439758700000E-02   0.000000000000000E+00   0.000000000000000E+00   0.000000000000000E+00   0.000000000000000E+00
   9.994625391700001E-01   8.903413702700000E+00   4.325960818500000E-01   4.153391910000000E-01   6.711789171100000E-03   0.000000000000000E+00   0.000000000000000E+00   0.000000000000000E+00   0.000000000000000E+00
   9.994802226300000E-01   8.936730014200000E+00   4.354210881700000E-01   3.911218981800000E-01   3.953630395200000E-02   0.000000000000000E+00   0.000000000000000E+00   0.000000000000000E+00   0.000000000000000E+00
   9.994979060900000E-01   8.968373887000000E+00   4.382533997800000E-01   3.983336925000000E-01   2.154316116500000E-02   0.000000000000000E+00   0.000000000000000E+00   0.000000000000000E+00   0.000000000000000E+00
   9.995155895500000E-01   8.999324345800000E+00   4.410960818000000E-01   3.843612038200000E-01   3.785680755700000E-02   0.000000000000000E+00   0.000000000000000E+00   0.000000000000000E+00   0.000000000000000E+00
   9.995332730199999E-01   9.028748131900000E+00   4.439458079700000E-01   4.014792661700000E-01   4.196936365300000E-03   0.000000000000000E+00   0.000000000000000E+00   0.000000000000000E+00   0.000000000000000E+00
   9.995521508500000E-01   9.059861076100001E+00   4.470002866300000E-01   3.775458543400000E-01   3.624686111800000E-02   0.000000000000000E+00   0.000000000000000E+00   0.000000000000000E+00   0.000000000000000E+00
   9.995710286800000E-01   9.089447624700000E+00   4.500627299200000E-01   3.845471850900000E-01   1.871315634100000E-02   0.000000000000000E+00   0.000000000000000E+00   0.000000000000000E+00   0.000000000000000E+00
   9.995899065100000E-01   9.118467315500000E+00   4.531361705900000E-01   3.706819689500000E-01   3.467611461700000E-02   0.000000000000000E+00   0.000000000000000E+00   0.000000000000000E+00   0.000000000000000E+00
   9.996087843500000E-01   9.146091841900001E+00   4.562173394500000E-01   3.874428254100000E-01   1.805035102400000E-03   0.000000000000000E+00   0.000000000000000E+00   0.000000000000000E+00   0.000000000000000E+00
   9.996286756400000E-01   9.175032377000001E+00   4.594766683600000E-01   3.637916757500000E-01   3.317653797300000E-02   0.000000000000000E+00   0.000000000000000E+00   0.000000000000000E+00   0.000000000000000E+00
   9.996485669300000E-01   9.202601159800000E+00   4.627444895900000E-01   3.706181608400000E-01   1.606163814600000E-02   0.000000000000000E+00   0.000000000000000E+00   0.000000000000000E+00   0.000000000000000E+00
   9.996684582299999E-01   9.229733935400001E+00   4.660237904500000E-01   3.568791803600000E-01   3.172002014600000E-02   0.000000000000000E+00   0.000000000000000E+00   0.000000000000000E+00   0.000000000000000E+00
   9.996883495200000E-01   9.255608118100000E+00   4.693113884500000E-01   3.733090200100000E-01  -4.356036506000000E-04   0.000000000000000E+00   0.000000000000000E+00   0.000000000000000E+00   0.000000000000000E+00
   9.997027278400000E-01   9.274461619000000E+00   4.716960924600000E-01   3.510491223600000E-01   3.052152856900000E-02   0.000000000000000E+00   0.000000000000000E+00   0.000000000000000E+00   0.000000000000000E+00
   9.997171061600000E-01   9.292452258300001E+00   4.740841655900000E-01   3.587463827600000E-01   1.403403809700000E-02   0.000000000000000E+00   0.000000000000000E+00   0.000000000000000E+00   0.000000000000000E+00
   9.997314844900000E-01   9.310457800100000E+00   4.764785949000000E-01   3.462495945300000E-01   2.952005902800000E-02   0.000000000000000E+00   0.000000000000000E+00   0.000000000000000E+00   0.000000000000000E+00
   9.997458628100000E-01   9.327639065700000E+00   4.788763611700000E-01   3.632579734500000E-01  -1.556672363300000E-03   0.000000000000000E+00   0.000000000000000E+00   0.000000000000000E+00   0.000000000000000E+00
   9.997596413800000E-01   9.344469118699999E+00   4.811811426800000E-01   3.416078659200000E-01   2.858940188600000E-02   0.000000000000000E+00   0.000000000000000E+00   0.000000000000000E+00   0.000000000000000E+00
   9.997734199600000E-01   9.360526499300001E+00   4.834887813300000E-01   3.492325158300000E-01   1.260007167600000E-02   0.000000000000000E+00   0.000000000000000E+00   0.000000000000000E+00   0.000000000000000E+00
   9.997871985300000E-01   9.376664560100000E+00   4.858021973000000E-01   3.371284037300000E-01   2.769341941600000E-02   0.000000000000000E+00   0.000000000000000E+00   0.000000000000000E+00   0.000000000000000E+00
   9.998009771100000E-01   9.392060353800000E+00   4.881184627300000E-01   3.538246184900000E-01  -2.473759106700000E-03   0.000000000000000E+00   0.000000000000000E+00   0.000000000000000E+00   0.000000000000000E+00
   9.998113324200000E-01   9.404040948700001E+00   4.898642203400000E-01   3.332585113900000E-01   2.692447043100000E-02   0.000000000000000E+00   0.000000000000000E+00   0.000000000000000E+00   0.000000000000000E+00
   9.998216877400000E-01   9.415400359900000E+00   4.916108232200000E-01   3.412073859700000E-01   1.154291273900000E-02   0.000000000000000E+00   0.000000000000000E+00   0.000000000000000E+00   0.000000000000000E+00
   9.998320430600000E-01   9.426961020500000E+00   4.933611125400000E-01   3.299913340700000E-01   2.623677195100000E-02   0.000000000000000E+00   0.000000000000000E+00   0.000000000000000E+00   0.000000000000000E+00
   9.998423983800000E-01   9.437919526900000E+00   4.951122764900000E-01   3.466517426600000E-01  -2.744572075600000E-03   0.000000000000000E+00   0.000000000000000E+00   0.000000000000000E+00   0.000000000000000E+00
   9.998507164800000E-01   9.447199409700000E+00   4.965227182200000E-01   3.270754871200000E-01   2.562668911500000E-02   0.000000000000000E+00   0.000000000000000E+00   0.000000000000000E+00   0.000000000000000E+00
   9.998590345900000E-01   9.455930352499999E+00   4.979331395000000E-01   3.350195729700000E-01   1.090975414200000E-02   0.000000000000000E+00   0.000000000000000E+00   0.000000000000000E+00   0.000000000000000E+00
   9.998673526900000E-01   9.464903056900001E+00   4.993462769600000E-01   3.245199383400000E-01   2.504728276400000E-02   0.000000000000000E+00   0.000000000000000E+00   0.000000000000000E+00   0.000000000000000E+00
   9.998756707899999E-01   9.473343888000000E+00   5.007594384000000E-01   3.407627125200000E-01  -2.602509376200000E-03   0.000000000000000E+00   0.000000000000000E+00   0.000000000000000E+00   0.000000000000000E+00
   9.998826948000000E-01   9.480969469000000E+00   5.019559181600000E-01   3.221801833700000E-01   2.452461627600000E-02   0.000000000000000E+00   0.000000000000000E+00   0.000000000000000E+00   0.000000000000000E+00
   9.998897188200000E-01   9.488092644400000E+00   5.031519725000000E-01   3.299252566300000E-01   1.053657007100000E-02   0.000000000000000E+00   0.000000000000000E+00   0.000000000000000E+00   0.000000000000000E+00
   9.998967428300000E-01   9.495468472200001E+00   5.043502153600000E-01   3.200735254000000E-01   2.400798243100000E-02   0.000000000000000E+00   0.000000000000000E+00   0.000000000000000E+00   0.000000000000000E+00
   9.999037668400000E-01   9.502359158399999E+00   5.055480859000000E-01   3.356639007300000E-01  -2.185748165200000E-03   0.000000000000000E+00   0.000000000000000E+00   0.000000000000000E+00   0.000000000000000E+00
   9.999094985900000E-01   9.508464874300000E+00   5.065282087200000E-01   3.181758675000000E-01   2.354300913000000E-02   0.000000000000000E+00   0.000000000000000E+00   0.000000000000000E+00   0.000000000000000E+00
   9.999152303300000E-01   9.514110441400000E+00   5.075076005400000E-01   3.256522212800000E-01   1.036799649400000E-02   0.000000000000000E+00   0.000000000000000E+00   0.000000000000000E+00   0.000000000000000E+00
   9.999209620700000E-01   9.520010402900001E+00   5.084887345800000E-01   3.165088378400000E-01   2.307404814400000E-02   0.000000000000000E+00   0.000000000000000E+00   0.000000000000000E+00   0.000000000000000E+00
   9.999266938200000E-01   9.525468946900000E+00   5.094691999199999E-01   3.312991468800000E-01  -1.463841335500000E-03   0.000000000000000E+00   0.000000000000000E+00   0.000000000000000E+00   0.000000000000000E+00
   9.999313995800000E-01   9.530415903500000E+00   5.102764123900000E-01   3.150017123400000E-01   2.265080951600000E-02   0.000000000000000E+00   0.000000000000000E+00   0.000000000000000E+00   0.000000000000000E+00
   9.999361053500000E-01   9.534941036399999E+00   5.110827394500000E-01   3.220895626300000E-01   1.038639205800000E-02   0.000000000000000E+00   0.000000000000000E+00   0.000000000000000E+00   0.000000000000000E+00
   9.999408111200000E-01   9.539712411700000E+00   5.118904926800000E-01   3.136818708500000E-01   2.221165855000000E-02   0.000000000000000E+00   0.000000000000000E+00   0.000000000000000E+00   0.000000000000000E+00
   9.999455168800000E-01   9.544082648000000E+00   5.126974312200000E-01   3.274856112400000E-01  -4.737441938100000E-04   0.000000000000000E+00   0.000000000000000E+00   0.000000000000000E+00   0.000000000000000E+00
   9.999492543900000E-01   9.547985078300000E+00   5.133402325000000E-01   3.125098541300000E-01   2.181438560300000E-02   0.000000000000000E+00   0.000000000000000E+00   0.000000000000000E+00   0.000000000000000E+00
   9.999529919100000E-01   9.551504540900000E+00   5.139820681800000E-01   3.191155009900000E-01   1.057749244700000E-02   0.000000000000000E+00   0.000000000000000E+00   0.000000000000000E+00   0.000000000000000E+00
   9.999567294200000E-01   9.555255919700000E+00   5.146250650300001E-01   3.115181700900000E-01   2.139119809300000E-02   0.000000000000000E+00   0.000000000000000E+00   0.000000000000000E+00   0.000000000000000E+00
   9.999604669300000E-01   9.558647874700000E+00   5.152671775500000E-01   3.241445779900000E-01   8.211099430499999E-04   0.000000000000000E+00   0.000000000000000E+00   0.000000000000000E+00   0.000000000000000E+00
   9.999633444000000E-01   9.561649815699999E+00   5.157631275100000E-01   3.106548100100000E-01   2.100611895400000E-02   0.000000000000000E+00   0.000000000000000E+00   0.000000000000000E+00   0.000000000000000E+00
   9.999662218800000E-01   9.564309821800000E+00   5.162581066000000E-01   3.166570217800000E-01   1.094622578500000E-02   0.000000000000000E+00   0.000000000000000E+00   0.000000000000000E+00   0.000000000000000E+00
   9.999690993600000E-01   9.567181110500000E+00   5.167540276300000E-01   3.099583691000000E-01   2.058447221600000E-02   0.000000000000000E+00   0.000000000000000E+00   0.000000000000000E+00   0.000000000000000E+00
   9.999719768300001E-01   9.569737649600000E+00   5.172490717400000E-01   3.211724811200000E-01   2.451975275700000E-03   0.000000000000000E+00   0.000000000000000E+00   0.000000000000000E+00   0.000000000000000E+00
   9.999742244499999E-01   9.572083380000000E+00   5.176371058000000E-01   3.093484645200000E-01   2.020324280800000E-02   0.000000000000000E+00   0.000000000000000E+00   0.000000000000000E+00   0.000000000000000E+00
   9.999764720700000E-01   9.574131243200000E+00   5.180242381600000E-01   3.146092303900000E-01   1.147113800600000E-02   0.000000000000000E+00   0.000000000000000E+00   0.000000000000000E+00   0.000000000000000E+00
   9.999787196800000E-01   9.576363663200000E+00   5.184121356300000E-01   3.088776474400000E-01   1.978138315900000E-02   0.000000000000000E+00   0.000000000000000E+00   0.000000000000000E+00   0.000000000000000E+00
   9.999809673000000E-01   9.578327451500000E+00   5.187992288700000E-01   3.184929604200000E-01   4.342043581200000E-03   0.000000000000000E+00   0.000000000000000E+00   0.000000000000000E+00   0.000000000000000E+00
   9.999826310300000E-01   9.580070519400000E+00   5.190868382800000E-01   3.085424290100000E-01   1.940144331000000E-02   0.000000000000000E+00   0.000000000000000E+00   0.000000000000000E+00   0.000000000000000E+00
   9.999842947599999E-01   9.581560420600001E+00   5.193736288900000E-01   3.130480735100000E-01   1.215492769300000E-02   0.000000000000000E+00   0.000000000000000E+00   0.000000000000000E+00   0.000000000000000E+00
   9.999859584900000E-01   9.583196662600001E+00   5.196609635600000E-01   3.085862722600000E-01   1.900098971500000E-02   0.000000000000000E+00   0.000000000000000E+00   0.000000000000000E+00   0.000000000000000E+00
   9.999876222200000E-01   9.584598748499999E+00   5.199474844400001E-01   3.168570964200000E-01   6.609954409900000E-03   0.000000000000000E+00   0.000000000000000E+00   0.000000000000000E+00   0.000000000000000E+00
   9.999888014200000E-01   9.585800219499999E+00   5.201512295700000E-01   3.096090321800000E-01   1.872894388800000E-02   0.000000000000000E+00   0.000000000000000E+00   0.000000000000000E+00   0.000000000000000E+00
   9.999899806300000E-01   9.586768974700000E+00   5.203540591300000E-01   3.143438986000000E-01   1.323757875200000E-02   0.000000000000000E+00   0.000000000000000E+00   0.000000000000000E+00   0.000000000000000E+00
   9.999911598400000E-01   9.587792050799999E+00   5.205568460800000E-01   3.131468922200000E-01   1.866228548800000E-02   0.000000000000000E+00   0.000000000000000E+00   0.000000000000000E+00   0.000000000000000E+00
   9.999923390400000E-01   9.588535206300000E+00   5.207582129400000E-01   3.231804470700000E-01   9.918083992000001E-03   0.000000000000000E+00   0.000000000000000E+00   0.000000000000000E+00   0.000000000000000E+00
   9.999931660100000E-01   9.589101442400001E+00   5.208991097500000E-01   3.224228065800000E-01   1.924244241300000E-02   0.000000000000000E+00   0.000000000000000E+00   0.000000000000000E+00   0.000000000000000E+00
   9.999939929900000E-01   9.589359216900000E+00   5.210382911200000E-01   3.326648456200000E-01   1.615941064500000E-02   0.000000000000000E+00   0.000000000000000E+00   0.000000000000000E+00   0.000000000000000E+00
   9.999948199599999E-01   9.589428134900000E+00   5.211757836699999E-01   3.427529559200000E-01   2.103997528000000E-02   0.000000000000000E+00   0.000000000000000E+00   0.000000000000000E+00   0.000000000000000E+00
   9.999956469300000E-01   9.588933287000000E+00   5.213096217300000E-01   3.670498100700000E-01   1.741678904400000E-02   0.000000000000000E+00   0.000000000000000E+00   0.000000000000000E+00   0.000000000000000E+00
   9.999961007800000E-01   9.588447026600001E+00   5.213812152600000E-01   3.803934906000000E-01   2.504482352600000E-02   0.000000000000000E+00   0.000000000000000E+00   0.000000000000000E+00   0.000000000000000E+00
   9.999965546200000E-01   9.587536822900001E+00   5.214501811300000E-01   4.050997519800000E-01   2.582392836200000E-02   0.000000000000000E+00   0.000000000000000E+00   0.000000000000000E+00   0.000000000000000E+00
   9.999970084699999E-01   9.586165152200000E+00   5.215159136999999E-01   4.371419120800000E-01   3.213213433300000E-02   0.000000000000000E+00   0.000000000000000E+00   0.000000000000000E+00   0.000000000000000E+00
   9.999974623200000E-01   9.583943166299999E+00   5.215762900100001E-01   4.884700216600000E-01   3.664646664400000E-02   0.000000000000000E+00   0.000000000000000E+00   0.000000000000000E+00   0.000000000000000E+00
   9.999977180600000E-01   9.582190433199999E+00   5.216070578799999E-01   5.263762023400000E-01   4.549276747500000E-02   0.000000000000000E+00   0.000000000000000E+00   0.000000000000000E+00   0.000000000000000E+00
   9.999979738000000E-01   9.579812497800001E+00   5.216341276100001E-01   5.792835577400000E-01   5.384086611000000E-02   0.000000000000000E+00   0.000000000000000E+00   0.000000000000000E+00   0.000000000000000E+00
   9.999982295299999E-01   9.576569507000000E+00   5.216561050400000E-01   6.512453416300000E-01   6.834240116600000E-02   0.000000000000000E+00   0.000000000000000E+00   0.000000000000000E+00   0.000000000000000E+00
   9.999984852700000E-01   9.571908011300000E+00   5.216701480100000E-01   7.569172970800000E-01   9.037567608600000E-02   0.000000000000000E+00   0.000000000000000E+00   0.000000000000000E+00   0.000000000000000E+00
   9.999986203400000E-01   9.568583007499999E+00   5.216728667500000E-01   8.329893725000000E-01   1.096466188000000E-01   0.000000000000000E+00   0.000000000000000E+00   0.000000000000000E+00   0.000000000000000E+00
   9.999987554100001E-01   9.564343978700000E+00   5.216707997800000E-01   9.316625916700000E-01   1.357649721500000E-01   0.000000000000000E+00   0.000000000000000E+00   0.000000000000000E+00   0.000000000000000E+00
   9.999988904700000E-01   9.558787350199999E+00   5.216620137300000E-01   1.062843228600000E+00   1.749576763200000E-01   0.000000000000000E+00   0.000000000000000E+00   0.000000000000000E+00   0.000000000000000E+00
   9.999990255400000E-01   9.551190971100000E+00   5.216431639500000E-01   1.245240887900000E+00   2.365150146600000E-01   0.000000000000000E+00   0.000000000000000E+00   0.000000000000000E+00   0.000000000000000E+00
   9.999991016699999E-01   9.545568881399999E+00   5.216260972400000E-01   1.381741522800000E+00   2.885677657600000E-01   0.000000000000000E+00   0.000000000000000E+00   0.000000000000000E+00   0.000000000000000E+00
   9.999991778000000E-01   9.538533924699999E+00   5.216024013500000E-01   1.554024725700000E+00   3.605149700800000E-01   0.000000000000000E+00   0.000000000000000E+00   0.000000000000000E+00   0.000000000000000E+00
   9.999992539200000E-01   9.529495525500000E+00   5.215694997900000E-01   1.776839177400000E+00   4.646225059300000E-01   0.000000000000000E+00   0.000000000000000E+00   0.000000000000000E+00   0.000000000000000E+00
   9.999993300500000E-01   9.517480176299999E+00   5.215232193000000E-01   2.074581942900000E+00   6.219773266400000E-01   0.000000000000000E+00   0.000000000000000E+00   0.000000000000000E+00   0.000000000000000E+00
   9.999993764800000E-01   9.508041049099999E+00   5.214856769200000E-01   2.308758248800000E+00   7.605561805400000E-01   0.000000000000000E+00   0.000000000000000E+00   0.000000000000000E+00   0.000000000000000E+00
   9.999994229100000E-01   9.496335929300001E+00   5.214382934000000E-01   2.598939693900000E+00   9.490944261499999E-01   0.000000000000000E+00   0.000000000000000E+00   0.000000000000000E+00   0.000000000000000E+00
   9.999994693399999E-01   9.481494349800000E+00   5.213774795400000E-01   2.965460408500000E+00   1.214312503300000E+00   0.000000000000000E+00   0.000000000000000E+00   0.000000000000000E+00   0.000000000000000E+00
   9.999995157700000E-01   9.462156692300001E+00   5.212976905300000E-01   3.439694033000000E+00   1.600360715800000E+00   0.000000000000000E+00   0.000000000000000E+00   0.000000000000000E+00   0.000000000000000E+00
   9.999995462400000E-01   9.446040011799999E+00   5.212310421400000E-01   3.831217062200000E+00   1.955235252600000E+00   0.000000000000000E+00   0.000000000000000E+00   0.000000000000000E+00   0.000000000000000E+00
   9.999995767099999E-01   9.426183815700000E+00   5.211489651600000E-01   4.308637668700000E+00   2.430110344200000E+00   0.000000000000000E+00   0.000000000000000E+00   0.000000000000000E+00   0.000000000000000E+00
   9.999996071800000E-01   9.401268838400000E+00   5.210462117300000E-01   4.899196730500000E+00   3.081881445500000E+00   0.000000000000000E+00   0.000000000000000E+00   0.000000000000000E+00   0.000000000000000E+00
   9.999996376600000E-01   9.369329963800000E+00   5.209150198000000E-01   5.642381486400000E+00   4.000161117900000E+00   0.000000000000000E+00   0.000000000000000E+00   0.000000000000000E+00   0.000000000000000E+00
   9.999996596500000E-01   9.340317562099999E+00   5.207963931100000E-01   6.303900500900000E+00   4.908502875400000E+00   0.000000000000000E+00   0.000000000000000E+00   0.000000000000000E+00   0.000000000000000E+00
   9.999996816400000E-01   9.304552865500000E+00   5.206508404100000E-01   7.102469104000000E+00   6.115467464700000E+00   0.000000000000000E+00   0.000000000000000E+00   0.000000000000000E+00   0.000000000000000E+00
   9.999997036300000E-01   9.259774031899999E+00   5.204695734800000E-01   8.076559024100000E+00   7.752153198200000E+00   0.000000000000000E+00   0.000000000000000E+00   0.000000000000000E+00   0.000000000000000E+00
   9.999997256199999E-01   9.202725087899999E+00   5.202400014300000E-01   9.278944936600000E+00   1.001754997400000E+01   0.000000000000000E+00   0.000000000000000E+00   0.000000000000000E+00   0.000000000000000E+00
   9.999997424800000E-01   9.147843591899999E+00   5.200203665100001E-01   1.039748830600000E+01   1.236794761000000E+01   0.000000000000000E+00   0.000000000000000E+00   0.000000000000000E+00   0.000000000000000E+00
   9.999997593300000E-01   9.080100780000000E+00   5.197506238400000E-01   1.173127813700000E+01   1.547301837500000E+01   0.000000000000000E+00   0.000000000000000E+00   0.000000000000000E+00   0.000000000000000E+00
   9.999997761900000E-01   8.995461016200000E+00   5.194153412600000E-01   1.333029895300000E+01   1.963717525300000E+01   0.000000000000000E+00   0.000000000000000E+00   0.000000000000000E+00   0.000000000000000E+00
   9.999997930500000E-01   8.888369474299999E+00   5.189933460100000E-01   1.525726015300000E+01   2.530121785800000E+01   0.000000000000000E+00   0.000000000000000E+00   0.000000000000000E+00   0.000000000000000E+00
   9.999998065200000E-01   8.781607709699999E+00   5.185746071600000E-01   1.708214808900000E+01   3.133280543800000E+01   0.000000000000000E+00   0.000000000000000E+00   0.000000000000000E+00   0.000000000000000E+00
   9.999998200000000E-01   8.650602477500000E+00   5.180628893400000E-01   1.920510573500000E+01   3.918946327400000E+01   0.000000000000000E+00   0.000000000000000E+00   0.000000000000000E+00   0.000000000000000E+00
   9.999998334800000E-01   8.488834488900000E+00   5.174335324000000E-01   2.166787848000000E+01   4.949733340900000E+01   0.000000000000000E+00   0.000000000000000E+00   0.000000000000000E+00   0.000000000000000E+00
   9.999998469600000E-01   8.288117905000000E+00   5.166556408300000E-01   2.450891325600000E+01   6.308603629200000E+01   0.000000000000000E+00   0.000000000000000E+00   0.000000000000000E+00   0.000000000000000E+00
   9.999998582400000E-01   8.082959565600000E+00   5.158631650800000E-01   2.719562056900000E+01   7.776164332800001E+01   0.000000000000000E+00   0.000000000000000E+00   0.000000000000000E+00   0.000000000000000E+00
   9.999998695300000E-01   7.836841065900000E+00   5.149151684900000E-01   3.016217372200000E+01   9.626835535900000E+01   0.000000000000000E+00   0.000000000000000E+00   0.000000000000000E+00   0.000000000000000E+00
   9.999998808100000E-01   7.542625403900000E+00   5.137848660900000E-01   3.338127112100000E+01   1.194992717200000E+02   0.000000000000000E+00   0.000000000000000E+00   0.000000000000000E+00   0.000000000000000E+00
   9.999998920900000E-01   7.193423474300000E+00   5.124464583400000E-01   3.678925358400000E+01   1.484066277400000E+02   0.000000000000000E+00   0.000000000000000E+00   0.000000000000000E+00   0.000000000000000E+00
   9.999999021400000E-01   6.831771041100000E+00   5.110630082700000E-01   3.989348119200000E+01   1.796461083400000E+02   0.000000000000000E+00   0.000000000000000E+00   0.000000000000000E+00   0.000000000000000E+00
   9.999999121800000E-01   6.420105809200000E+00   5.094906758600000E-01   4.294441611700000E+01   2.165827681200000E+02   0.000000000000000E+00   0.000000000000000E+00   0.000000000000000E+00   0.000000000000000E+00
   9.999999222300000E-01   5.959525854200000E+00   5.077337060400000E-01   4.579391868800000E+01   2.593752557500000E+02   0.000000000000000E+00   0.000000000000000E+00   0.000000000000000E+00   0.000000000000000E+00
   9.999999322699999E-01   5.455246280100000E+00   5.058117893800000E-01   4.826590442400000E+01   3.077156906900000E+02   0.000000000000000E+00   0.000000000000000E+00   0.000000000000000E+00   0.000000000000000E+00
   9.999999407600000E-01   5.001814632400000E+00   5.040845788200000E-01   4.992810114700000E+01   3.522696359200000E+02   0.000000000000000E+00   0.000000000000000E+00   0.000000000000000E+00   0.000000000000000E+00
   9.999999492600000E-01   4.532685414400000E+00   5.022979045900000E-01   5.109142876000000E+01   3.992187780200000E+02   0.000000000000000E+00   0.000000000000000E+00   0.000000000000000E+00   0.000000000000000E+00
   9.999999577499999E-01   4.058186186300000E+00   5.004905694100000E-01   5.168165127800000E+01   4.473357361300000E+02   0.000000000000000E+00   0.000000000000000E+00   0.000000000000000E+00   0.000000000000000E+00
   9.999999662500000E-01   3.589550775000000E+00   4.987047818600000E-01   5.165882281400000E+01   4.951854147000000E+02   0.000000000000000E+00   0.000000000000000E+00   0.000000000000000E+00   0.000000000000000E+00
   9.999999746800000E-01   3.140737797200000E+00   4.969931752800000E-01   5.103016733300000E+01   5.409593100200000E+02   0.000000000000000E+00   0.000000000000000E+00   0.000000000000000E+00   0.000000000000000E+00
   9.999999831200000E-01   2.718206778900000E+00   4.953799195600000E-01   4.983984137600000E+01   5.835703085900000E+02   0.000000000000000E+00   0.000000000000000E+00   0.000000000000000E+00   0.000000000000000E+00
   9.999999915600000E-01   2.329331125200000E+00   4.938928259700000E-01   4.816166213200000E+01   6.218475545600000E+02   0.000000000000000E+00   0.000000000000000E+00   0.000000000000000E+00   0.000000000000000E+00
   1.000000000000000E+00   1.978880643800000E+00   4.925499720100000E-01   4.609295871400000E+01   6.549327077299999E+02   0.000000000000000E+00   0.000000000000000E+00   0.000000000000000E+00   0.000000000000000E+00
