   0.000000000000000E+00   4.923209111900000E-01   9.999999955900000E-01   1.683988202600000E+00   1.822684324400000E+00   0.000000000000000E+00   0.000000000000000E+00   0.000000000000000E+00   0.000000000000000E+00
   4.161350659300000E-04   6.460790401600000E-01   8.649798296200000E-01   1.583827056700000E+00   1.630672020400000E+00   0.000000000000000E+00   0.000000000000000E+00   0.000000000000000E+00   0.000000000000000E+00
   8.322701318700000E-04   8.225855739700000E-01   7.558479495200000E-01   1.526997713600000E+00   1.411121855300000E+00   0.000000000000000E+00   0.000000000000000E+00   0.000000000000000E+00   0.000000000000000E+00
   1.248405197800000E-03   1.023272214400000E+00   6.671494190900000E-01   1.458254409500000E+00   1.283689396600000E+00   0.000000000000000E+00   0.000000000000000E+00   0.000000000000000E+00   0.000000000000000E+00
   1.664540263700000E-03   1.243762568000000E+00   5.949233600800000E-01   1.427020725100000E+00   1.103464189100000E+00   0.000000000000000E+00   0.000000000000000E+00   0.000000000000000E+00   0.000000000000000E+00
   2.062363956200000E-03   1.471549839400000E+00   5.385822316400000E-01   1.362203881400000E+00   1.054034842800000E+00   0.000000000000000E+00   0.000000000000000E+00   0.000000000000000E+00   0.000000000000000E+00
   2.460187648600000E-03   1.708234116600000E+00   4.925872563700000E-01   1.332359829700000E+00   9.400996540200000E-01   0.000000000000000E+00   0.000000000000000E+00   0.000000000000000E+00   0.000000000000000E+00
   2.858011341000000E-03   1.948937548100000E+00   4.552939231900000E-01   1.285195725900000E+00   8.932526006700000E-01   0.000000000000000E+00   0.000000000000000E+00   0.000000000000000E+00   0.000000000000000E+00
   3.255835033400000E-03   2.184376488400000E+00   4.253060529300000E-01   1.272760556700000E+00   7.781543527600000E-01   0.000000000000000E+00   0.000000000000000E+00   0.000000000000000E+00   0.000000000000000E+00
   3.793800276100000E-03   2.484750959600000E+00   3.942966253200000E-01   1.213643850100000E+00   7.614387641700000E-01   0.000000000000000E+00   0.000000000000000E+00   0.000000000000000E+00   0.000000000000000E+00
   4.331765518700000E-03   2.747412212000000E+00   3.719568646000000E-01   1.192633487600000E+00   6.812138021500000E-01   0.000000000000000E+00   0.000000000000000E+00   0.000000000000000E+00   0.000000000000000E+00
   4.869730761300000E-03   2.965460619800000E+00   3.561786353500000E-01   1.157164424600000E+00   6.681447377000000E-01   0.000000000000000E+00   0.000000000000000E+00   0.000000000000000E+00   0.000000000000000E+00
   5.407696004000000E-03   3.135009921000000E+00   3.452186331600000E-01   1.159078721200000E+00   5.870053918100000E-01   0.000000000000000E+00   0.000000000000000E+00   0.000000000000000E+00   0.000000000000000E+00
   6.085761667400000E-03   3.290578788000000E+00   3.362062566500000E-01   1.121857622300000E+00   6.141546945200000E-01   0.000000000000000E+00   0.000000000000000E+00   0.000000000000000E+00   0.000000000000000E+00
   6.763827330900000E-03   3.391647734500000E+00   3.307149384100000E-01   1.121932841700000E+00   5.717924686500000E-01   0.000000000000000E+00   0.000000000000000E+00   0.000000000000000E+00   0.000000000000000E+00
   7.441892994300000E-03   3.456053129800000E+00   3.274098474600000E-01   1.104641116800000E+00   5.889411275000001E-01   0.000000000000000E+00   0.000000000000000E+00   0.000000000000000E+00   0.000000000000000E+00
   8.119958657800000E-03   3.495059322700000E+00   3.254288670000000E-01   1.121341944800000E+00   5.312686540600000E-01   0.000000000000000E+00   0.000000000000000E+00   0.000000000000000E+00   0.000000000000000E+00
   9.570844181300000E-03   3.535436705300000E+00   3.234721003300000E-01   1.096554872600000E+00   5.773389603400000E-01   0.000000000000000E+00   0.000000000000000E+00   0.000000000000000E+00   0.000000000000000E+00
   1.102172970500000E-02   3.547920048200000E+00   3.228597440900000E-01   1.105953804900000E+00   5.488069620600000E-01   0.000000000000000E+00   0.000000000000000E+00   0.000000000000000E+00   0.000000000000000E+00
   1.247261522800000E-02   3.552397083900000E+00   3.226528497900000E-01   1.094841506900000E+00   5.748962804700000E-01   0.000000000000000E+00   0.000000000000000E+00   0.000000000000000E+00   0.000000000000000E+00
   1.392350075200000E-02   3.553586563700000E+00   3.225810419000000E-01   1.115412220600000E+00   5.228469266900000E-01   0.000000000000000E+00   0.000000000000000E+00   0.000000000000000E+00   0.000000000000000E+00
   1.914122325000000E-02   3.554629839700000E+00   3.225454618100000E-01   1.094617038100000E+00   5.745745141800001E-01   0.000000000000000E+00   0.000000000000000E+00   0.000000000000000E+00   0.000000000000000E+00
   2.435894574900000E-02   3.554359891500000E+00   3.225509582600000E-01   1.105302224400000E+00   5.478899752600001E-01   0.000000000000000E+00   0.000000000000000E+00   0.000000000000000E+00   0.000000000000000E+00
   2.957666824700000E-02   3.554587812300000E+00   3.225474775600000E-01   1.094621635900000E+00   5.745796007600000E-01   0.000000000000000E+00   0.000000000000000E+00   0.000000000000000E+00   0.000000000000000E+00
   3.479439074500000E-02   3.554224600500000E+00   3.225504345500000E-01   1.115345572700000E+00   5.227615251200000E-01   0.000000000000000E+00   0.000000000000000E+00   0.000000000000000E+00   0.000000000000000E+00
   4.977189963000000E-02   3.554582787200000E+00   3.225477184600000E-01   1.094622348600000E+00   5.745797868200000E-01   0.000000000000000E+00   0.000000000000000E+00   0.000000000000000E+00   0.000000000000000E+00
   6.474940851400000E-02   3.554408750900000E+00   3.225486148200000E-01   1.105296715500000E+00   5.478844855800000E-01   0.000000000000000E+00   0.000000000000000E+00   0.000000000000000E+00   0.000000000000000E+00
   7.972691739800000E-02   3.554577644600000E+00   3.225479650800000E-01   1.094622992300000E+00   5.745801988800000E-01   0.000000000000000E+00   0.000000000000000E+00   0.000000000000000E+00   0.000000000000000E+00
   9.470442628300001E-02   3.554260368700000E+00   3.225487191700000E-01   1.115341164400000E+00   5.227584789900001E-01   0.000000000000000E+00   0.000000000000000E+00   0.000000000000000E+00   0.000000000000000E+00
   1.149382345600000E-01   3.554575237400000E+00   3.225480805100000E-01   1.094623327700000E+00   5.745803037300000E-01   0.000000000000000E+00   0.000000000000000E+00   0.000000000000000E+00   0.000000000000000E+00
   1.351720428300000E-01   3.554416427900000E+00   3.225482467000000E-01   1.105295679900000E+00   5.478840635000000E-01   0.000000000000000E+00   0.000000000000000E+00   0.000000000000000E+00   0.000000000000000E+00
   1.554058511000000E-01   3.554573385900000E+00   3.225481692700000E-01   1.094623607000000E+00   5.745803288100000E-01   0.000000000000000E+00   0.000000000000000E+00   0.000000000000000E+00   0.000000000000000E+00
   1.756396593800000E-01   3.554272765200000E+00   3.225481248200000E-01   1.115339321300000E+00   5.227582401500001E-01   0.000000000000000E+00   0.000000000000000E+00   0.000000000000000E+00   0.000000000000000E+00
   2.011383839500000E-01   3.554572376700000E+00   3.225482176500000E-01   1.094623779400000E+00   5.745802903700000E-01   0.000000000000000E+00   0.000000000000000E+00   0.000000000000000E+00   0.000000000000000E+00
   2.266371085200000E-01   3.554419484600000E+00   3.225481001700000E-01   1.105295172300000E+00   5.478841424000001E-01   0.000000000000000E+00   0.000000000000000E+00   0.000000000000000E+00   0.000000000000000E+00
   2.521358330900000E-01   3.554571536000000E+00   3.225482579300000E-01   1.094623937700000E+00   5.745802202700000E-01   0.000000000000000E+00   0.000000000000000E+00   0.000000000000000E+00   0.000000000000000E+00
   2.776345576600000E-01   3.554278299300000E+00   3.225478596000000E-01   1.115338292700000E+00   5.227586666900000E-01   0.000000000000000E+00   0.000000000000000E+00   0.000000000000000E+00   0.000000000000000E+00
   2.940912544200000E-01   3.554570793100000E+00   3.225482935300000E-01   1.094624092300000E+00   5.745801202900001E-01   0.000000000000000E+00   0.000000000000000E+00   0.000000000000000E+00   0.000000000000000E+00
   3.105479511800000E-01   3.554421424900000E+00   3.225480072200000E-01   1.105294751800000E+00   5.478844472500000E-01   0.000000000000000E+00   0.000000000000000E+00   0.000000000000000E+00   0.000000000000000E+00
   3.270046479500000E-01   3.554570125500000E+00   3.225483254900000E-01   1.094624273500000E+00   5.745799207800000E-01   0.000000000000000E+00   0.000000000000000E+00   0.000000000000000E+00   0.000000000000000E+00
   3.434613447100000E-01   3.554282874900000E+00   3.225476405100000E-01   1.115337102400000E+00   5.227599001500000E-01   0.000000000000000E+00   0.000000000000000E+00   0.000000000000000E+00   0.000000000000000E+00
   3.602443795800000E-01   3.554569742200000E+00   3.225483438300000E-01   1.094624408000000E+00   5.745797272800000E-01   0.000000000000000E+00   0.000000000000000E+00   0.000000000000000E+00   0.000000000000000E+00
   3.770274144400000E-01   3.554422552800000E+00   3.225479532600000E-01   1.105294367300000E+00   5.478849870800000E-01   0.000000000000000E+00   0.000000000000000E+00   0.000000000000000E+00   0.000000000000000E+00
   3.938104493000000E-01   3.554569438900000E+00   3.225483583200000E-01   1.094624550300000E+00   5.745794813600000E-01   0.000000000000000E+00   0.000000000000000E+00   0.000000000000000E+00   0.000000000000000E+00
   4.105934841700000E-01   3.554284948100000E+00   3.225475414500000E-01   1.115336178800000E+00   5.227614551400001E-01   0.000000000000000E+00   0.000000000000000E+00   0.000000000000000E+00   0.000000000000000E+00
   4.244557054800000E-01   3.554569237200000E+00   3.225483679300000E-01   1.094624675500000E+00   5.745792383800000E-01   0.000000000000000E+00   0.000000000000000E+00   0.000000000000000E+00   0.000000000000000E+00
   4.383179268000000E-01   3.554423111600000E+00   3.225479266200000E-01   1.105294014800000E+00   5.478856746600000E-01   0.000000000000000E+00   0.000000000000000E+00   0.000000000000000E+00   0.000000000000000E+00
   4.521801481100000E-01   3.554569082100000E+00   3.225483753000000E-01   1.094624826300000E+00   5.745789102900000E-01   0.000000000000000E+00   0.000000000000000E+00   0.000000000000000E+00   0.000000000000000E+00
   4.660423694300000E-01   3.554286041800000E+00   3.225474894500000E-01   1.115335203300000E+00   5.227635404700000E-01   0.000000000000000E+00   0.000000000000000E+00   0.000000000000000E+00   0.000000000000000E+00
   4.753145361600000E-01   3.554568969600000E+00   3.225483806200000E-01   1.094624981000000E+00   5.745785549500000E-01   0.000000000000000E+00   0.000000000000000E+00   0.000000000000000E+00   0.000000000000000E+00
   4.845867029000000E-01   3.554423401800000E+00   3.225479129200000E-01   1.105293580800000E+00   5.478866819100000E-01   0.000000000000000E+00   0.000000000000000E+00   0.000000000000000E+00   0.000000000000000E+00
   4.938588696400000E-01   3.554568901000000E+00   3.225483838000000E-01   1.094625190000000E+00   5.745780410700000E-01   0.000000000000000E+00   0.000000000000000E+00   0.000000000000000E+00   0.000000000000000E+00
   5.031310363700000E-01   3.554286588100000E+00   3.225474639500000E-01   1.115333855000000E+00   5.227668138500000E-01   0.000000000000000E+00   0.000000000000000E+00   0.000000000000000E+00   0.000000000000000E+00
   5.124335749100000E-01   3.554568869900000E+00   3.225483852000000E-01   1.094625364600000E+00   5.745776011400000E-01   0.000000000000000E+00   0.000000000000000E+00   0.000000000000000E+00   0.000000000000000E+00
   5.217361134400000E-01   3.554423500100000E+00   3.225479084600000E-01   1.105293086800000E+00   5.478879225800000E-01   0.000000000000000E+00   0.000000000000000E+00   0.000000000000000E+00   0.000000000000000E+00
   5.310386519700000E-01   3.554568851000000E+00   3.225483860000000E-01   1.094625567900000E+00   5.745770819000000E-01   0.000000000000000E+00   0.000000000000000E+00   0.000000000000000E+00   0.000000000000000E+00
   5.403411905100000E-01   3.554286735600000E+00   3.225474575700000E-01   1.115332551300000E+00   5.227701331800000E-01   0.000000000000000E+00   0.000000000000000E+00   0.000000000000000E+00   0.000000000000000E+00
   5.492773067100000E-01   3.554568841500000E+00   3.225483863600000E-01   1.094625743500000E+00   5.745766305200000E-01   0.000000000000000E+00   0.000000000000000E+00   0.000000000000000E+00   0.000000000000000E+00
   5.582134229100000E-01   3.554423529100000E+00   3.225479073400000E-01   1.105292590700000E+00   5.478891967300000E-01   0.000000000000000E+00   0.000000000000000E+00   0.000000000000000E+00   0.000000000000000E+00
   5.671495391100000E-01   3.554568835100000E+00   3.225483865500000E-01   1.094625953700000E+00   5.745760881300001E-01   0.000000000000000E+00   0.000000000000000E+00   0.000000000000000E+00   0.000000000000000E+00
   5.760856553200000E-01   3.554286784300000E+00   3.225474559700000E-01   1.115331204900000E+00   5.227736033900000E-01   0.000000000000000E+00   0.000000000000000E+00   0.000000000000000E+00   0.000000000000000E+00
   5.892406663300001E-01   3.554568832100000E+00   3.225483866200000E-01   1.094626103600000E+00   5.745757008100000E-01   0.000000000000000E+00   0.000000000000000E+00   0.000000000000000E+00   0.000000000000000E+00
   6.023956773400000E-01   3.554423538900000E+00   3.225479071000000E-01   1.105292167300000E+00   5.478902901500000E-01   0.000000000000000E+00   0.000000000000000E+00   0.000000000000000E+00   0.000000000000000E+00
   6.155506883500000E-01   3.554568829600000E+00   3.225483866600000E-01   1.094626246200000E+00   5.745753321200000E-01   0.000000000000000E+00   0.000000000000000E+00   0.000000000000000E+00   0.000000000000000E+00
   6.287056993600000E-01   3.554286800800000E+00   3.225474556700000E-01   1.115330292100000E+00   5.227759629399999E-01   0.000000000000000E+00   0.000000000000000E+00   0.000000000000000E+00   0.000000000000000E+00
   6.390774392500000E-01   3.554568827600000E+00   3.225483866800000E-01   1.094626383700000E+00   5.745749766400000E-01   0.000000000000000E+00   0.000000000000000E+00   0.000000000000000E+00   0.000000000000000E+00
   6.494491791400000E-01   3.554423544700000E+00   3.225479070300000E-01   1.105291779200000E+00   5.478912938600000E-01   0.000000000000000E+00   0.000000000000000E+00   0.000000000000000E+00   0.000000000000000E+00
   6.598209190300000E-01   3.554568825300000E+00   3.225483866900000E-01   1.094626564500000E+00   5.745745089099999E-01   0.000000000000000E+00   0.000000000000000E+00   0.000000000000000E+00   0.000000000000000E+00
   6.701926589200000E-01   3.554286816000000E+00   3.225474555700000E-01   1.115329135000000E+00   5.227789563400000E-01   0.000000000000000E+00   0.000000000000000E+00   0.000000000000000E+00   0.000000000000000E+00
   6.782902238100000E-01   3.554568823200000E+00   3.225483867000000E-01   1.094626739700000E+00   5.745740555000000E-01   0.000000000000000E+00   0.000000000000000E+00   0.000000000000000E+00   0.000000000000000E+00
   6.863877886999999E-01   3.554423550600000E+00   3.225479070200000E-01   1.105291284500000E+00   5.478925740700000E-01   0.000000000000000E+00   0.000000000000000E+00   0.000000000000000E+00   0.000000000000000E+00
   6.944853535900000E-01   3.554568820600000E+00   3.225483867000000E-01   1.094626971200000E+00   5.745734564000000E-01   0.000000000000000E+00   0.000000000000000E+00   0.000000000000000E+00   0.000000000000000E+00
   7.025829184800000E-01   3.554286832800000E+00   3.225474555700000E-01   1.115327653500000E+00   5.227827905800000E-01   0.000000000000000E+00   0.000000000000000E+00   0.000000000000000E+00   0.000000000000000E+00
   7.103764995200000E-01   3.554568818400000E+00   3.225483866900000E-01   1.094627171800000E+00   5.745729372400000E-01   0.000000000000000E+00   0.000000000000000E+00   0.000000000000000E+00   0.000000000000000E+00
   7.181700805600000E-01   3.554423556800000E+00   3.225479070300000E-01   1.105290718100000E+00   5.478940399200000E-01   0.000000000000000E+00   0.000000000000000E+00   0.000000000000000E+00   0.000000000000000E+00
   7.259636616000000E-01   3.554568815800000E+00   3.225483866900000E-01   1.094627412200000E+00   5.745723148000000E-01   0.000000000000000E+00   0.000000000000000E+00   0.000000000000000E+00   0.000000000000000E+00
   7.337572426400000E-01   3.554286849400000E+00   3.225474556000000E-01   1.115326114400000E+00   5.227867741800000E-01   0.000000000000000E+00   0.000000000000000E+00   0.000000000000000E+00   0.000000000000000E+00
   7.405871643600000E-01   3.554568813500000E+00   3.225483866800000E-01   1.094627631100000E+00   5.745717484200000E-01   0.000000000000000E+00   0.000000000000000E+00   0.000000000000000E+00   0.000000000000000E+00
   7.474170860800000E-01   3.554423563400000E+00   3.225479070500000E-01   1.105290100400000E+00   5.478956391100001E-01   0.000000000000000E+00   0.000000000000000E+00   0.000000000000000E+00   0.000000000000000E+00
   7.542470078000000E-01   3.554568810600000E+00   3.225483866700000E-01   1.094627905400000E+00   5.745710382100000E-01   0.000000000000000E+00   0.000000000000000E+00   0.000000000000000E+00   0.000000000000000E+00
   7.610769295199999E-01   3.554286868100000E+00   3.225474556500000E-01   1.115324358600000E+00   5.227913195200000E-01   0.000000000000000E+00   0.000000000000000E+00   0.000000000000000E+00   0.000000000000000E+00
   7.673705352700000E-01   3.554568808000000E+00   3.225483866600000E-01   1.094628148500000E+00   5.745704088400000E-01   0.000000000000000E+00   0.000000000000000E+00   0.000000000000000E+00   0.000000000000000E+00
   7.736641410200000E-01   3.554423570700000E+00   3.225479070700000E-01   1.105289413900000E+00   5.478974161600000E-01   0.000000000000000E+00   0.000000000000000E+00   0.000000000000000E+00   0.000000000000000E+00
   7.799577467800000E-01   3.554568804800000E+00   3.225483866600000E-01   1.094628446200000E+00   5.745696381700000E-01   0.000000000000000E+00   0.000000000000000E+00   0.000000000000000E+00   0.000000000000000E+00
   7.862513525300000E-01   3.554286888400000E+00   3.225474557100000E-01   1.115322453500000E+00   5.227962517600000E-01   0.000000000000000E+00   0.000000000000000E+00   0.000000000000000E+00   0.000000000000000E+00
   7.923161767100000E-01   3.554568802100000E+00   3.225483866500000E-01   1.094628704000000E+00   5.745689707900000E-01   0.000000000000000E+00   0.000000000000000E+00   0.000000000000000E+00   0.000000000000000E+00
   7.983810008800000E-01   3.554423578400000E+00   3.225479070900000E-01   1.105288686100000E+00   5.478993005500000E-01   0.000000000000000E+00   0.000000000000000E+00   0.000000000000000E+00   0.000000000000000E+00
   8.044458250600000E-01   3.554568798800000E+00   3.225483866400000E-01   1.094629012800000E+00   5.745681711300000E-01   0.000000000000000E+00   0.000000000000000E+00   0.000000000000000E+00   0.000000000000000E+00
   8.105106492300000E-01   3.554286909400000E+00   3.225474557700000E-01   1.115320476900000E+00   5.228013695800000E-01   0.000000000000000E+00   0.000000000000000E+00   0.000000000000000E+00   0.000000000000000E+00
   8.167345619400000E-01   3.554568796000000E+00   3.225483866300000E-01   1.094629271900000E+00   5.745675001300000E-01   0.000000000000000E+00   0.000000000000000E+00   0.000000000000000E+00   0.000000000000000E+00
   8.229584746500000E-01   3.554423586200000E+00   3.225479071100000E-01   1.105287954400000E+00   5.479011951100000E-01   0.000000000000000E+00   0.000000000000000E+00   0.000000000000000E+00   0.000000000000000E+00
   8.291823873600001E-01   3.554568792800000E+00   3.225483866200000E-01   1.094629572800000E+00   5.745667209899999E-01   0.000000000000000E+00   0.000000000000000E+00   0.000000000000000E+00   0.000000000000000E+00
   8.354063000600001E-01   3.554286929900000E+00   3.225474558300000E-01   1.115318551300000E+00   5.228063561200000E-01   0.000000000000000E+00   0.000000000000000E+00   0.000000000000000E+00   0.000000000000000E+00
   8.393769713600000E-01   3.554568789300000E+00   3.225483866100000E-01   1.094629901100000E+00   5.745658708300000E-01   0.000000000000000E+00   0.000000000000000E+00   0.000000000000000E+00   0.000000000000000E+00
   8.433476426500000E-01   3.554423596000000E+00   3.225479071400000E-01   1.105287027500000E+00   5.479035955000000E-01   0.000000000000000E+00   0.000000000000000E+00   0.000000000000000E+00   0.000000000000000E+00
   8.473183139500000E-01   3.554568784300000E+00   3.225483866000000E-01   1.094630372600000E+00   5.745646496900000E-01   0.000000000000000E+00   0.000000000000000E+00   0.000000000000000E+00   0.000000000000000E+00
   8.512889852400000E-01   3.554286961900000E+00   3.225474559200000E-01   1.115315533700000E+00   5.228141714500000E-01   0.000000000000000E+00   0.000000000000000E+00   0.000000000000000E+00   0.000000000000000E+00
   8.544850847900000E-01   3.554568779600000E+00   3.225483865800000E-01   1.094630821900000E+00   5.745634860100000E-01   0.000000000000000E+00   0.000000000000000E+00   0.000000000000000E+00   0.000000000000000E+00
   8.576811843500000E-01   3.554423609500000E+00   3.225479071700000E-01   1.105285759000000E+00   5.479068811300000E-01   0.000000000000000E+00   0.000000000000000E+00   0.000000000000000E+00   0.000000000000000E+00
   8.608772839000000E-01   3.554568773400000E+00   3.225483865700000E-01   1.094631407400000E+00   5.745619691700000E-01   0.000000000000000E+00   0.000000000000000E+00   0.000000000000000E+00   0.000000000000000E+00
   8.640733834500000E-01   3.554287001600000E+00   3.225474560300000E-01   1.115311786100000E+00   5.228238792400000E-01   0.000000000000000E+00   0.000000000000000E+00   0.000000000000000E+00   0.000000000000000E+00
   8.669773230300000E-01   3.554568767800000E+00   3.225483865500000E-01   1.094631930100000E+00   5.745606151100000E-01   0.000000000000000E+00   0.000000000000000E+00   0.000000000000000E+00   0.000000000000000E+00
   8.698812626100000E-01   3.554423625100000E+00   3.225479072200000E-01   1.105284283300000E+00   5.479107043200000E-01   0.000000000000000E+00   0.000000000000000E+00   0.000000000000000E+00   0.000000000000000E+00
   8.727852021800000E-01   3.554568761000000E+00   3.225483865300000E-01   1.094632574300000E+00   5.745589459800000E-01   0.000000000000000E+00   0.000000000000000E+00   0.000000000000000E+00   0.000000000000000E+00
   8.756891417600000E-01   3.554287045200000E+00   3.225474561500000E-01   1.115307663200000E+00   5.228345617000000E-01   0.000000000000000E+00   0.000000000000000E+00   0.000000000000000E+00   0.000000000000000E+00
   8.787743891599999E-01   3.554568755400000E+00   3.225483865200000E-01   1.094633105700000E+00   5.745575690400000E-01   0.000000000000000E+00   0.000000000000000E+00   0.000000000000000E+00   0.000000000000000E+00
   8.818596365600000E-01   3.554423641000000E+00   3.225479072600000E-01   1.105282783000000E+00   5.479145921600000E-01   0.000000000000000E+00   0.000000000000000E+00   0.000000000000000E+00   0.000000000000000E+00
   8.849448839600000E-01   3.554568749000000E+00   3.225483865000000E-01   1.094633711700000E+00   5.745559983000000E-01   0.000000000000000E+00   0.000000000000000E+00   0.000000000000000E+00   0.000000000000000E+00
   8.880301313600000E-01   3.554287086100000E+00   3.225474562700000E-01   1.115303784300000E+00   5.228446144800000E-01   0.000000000000000E+00   0.000000000000000E+00   0.000000000000000E+00   0.000000000000000E+00
   8.906176895900000E-01   3.554568743100000E+00   3.225483864800000E-01   1.094634276400000E+00   5.745545348900000E-01   0.000000000000000E+00   0.000000000000000E+00   0.000000000000000E+00   0.000000000000000E+00
   8.932052478200000E-01   3.554423657800000E+00   3.225479073100000E-01   1.105281188800000E+00   5.479187240800000E-01   0.000000000000000E+00   0.000000000000000E+00   0.000000000000000E+00   0.000000000000000E+00
   8.957928060400000E-01   3.554568735500000E+00   3.225483864600000E-01   1.094634998700000E+00   5.745526624100000E-01   0.000000000000000E+00   0.000000000000000E+00   0.000000000000000E+00   0.000000000000000E+00
   8.983803642700000E-01   3.554287134800000E+00   3.225474564000000E-01   1.115299161300000E+00   5.228565983700000E-01   0.000000000000000E+00   0.000000000000000E+00   0.000000000000000E+00   0.000000000000000E+00
   9.005458619100000E-01   3.554568728400000E+00   3.225483864400000E-01   1.094635672300000E+00   5.745509158700000E-01   0.000000000000000E+00   0.000000000000000E+00   0.000000000000000E+00   0.000000000000000E+00
   9.027113595600000E-01   3.554423677800000E+00   3.225479073700000E-01   1.105279286800000E+00   5.479236554000000E-01   0.000000000000000E+00   0.000000000000000E+00   0.000000000000000E+00   0.000000000000000E+00
   9.048768572000000E-01   3.554568719300000E+00   3.225483864200000E-01   1.094636535000000E+00   5.745486789699999E-01   0.000000000000000E+00   0.000000000000000E+00   0.000000000000000E+00   0.000000000000000E+00
   9.070423548500000E-01   3.554287192700000E+00   3.225474565600000E-01   1.115293640400000E+00   5.228709144900000E-01   0.000000000000000E+00   0.000000000000000E+00   0.000000000000000E+00   0.000000000000000E+00
   9.094424141000000E-01   3.554568712000000E+00   3.225483864000000E-01   1.094637232200000E+00   5.745468707700000E-01   0.000000000000000E+00   0.000000000000000E+00   0.000000000000000E+00   0.000000000000000E+00
   9.118424733600000E-01   3.554423698400000E+00   3.225479074200000E-01   1.105277318200000E+00   5.479287609600000E-01   0.000000000000000E+00   0.000000000000000E+00   0.000000000000000E+00   0.000000000000000E+00
   9.142425326100000E-01   3.554568703900000E+00   3.225483863700000E-01   1.094638010100000E+00   5.745448530000000E-01   0.000000000000000E+00   0.000000000000000E+00   0.000000000000000E+00   0.000000000000000E+00
   9.166425918700000E-01   3.554287244900000E+00   3.225474567100000E-01   1.115288661900000E+00   5.228838282500000E-01   0.000000000000000E+00   0.000000000000000E+00   0.000000000000000E+00   0.000000000000000E+00
   9.187421567800000E-01   3.554568696400000E+00   3.225483863500000E-01   1.094638718400000E+00   5.745430153600000E-01   0.000000000000000E+00   0.000000000000000E+00   0.000000000000000E+00   0.000000000000000E+00
   9.208417217000000E-01   3.554423719300000E+00   3.225479074800000E-01   1.105275318200000E+00   5.479339495300000E-01   0.000000000000000E+00   0.000000000000000E+00   0.000000000000000E+00   0.000000000000000E+00
   9.229412866100000E-01   3.554568687200000E+00   3.225483863300000E-01   1.094639607200000E+00   5.745407093700000E-01   0.000000000000000E+00   0.000000000000000E+00   0.000000000000000E+00   0.000000000000000E+00
   9.250408515300000E-01   3.554287304300000E+00   3.225474568700000E-01   1.115282974100000E+00   5.228985865400000E-01   0.000000000000000E+00   0.000000000000000E+00   0.000000000000000E+00   0.000000000000000E+00
   9.267534064400000E-01   3.554568678400000E+00   3.225483863000000E-01   1.094640447700000E+00   5.745385280800001E-01   0.000000000000000E+00   0.000000000000000E+00   0.000000000000000E+00   0.000000000000000E+00
   9.284659613400000E-01   3.554423744100000E+00   3.225479075500000E-01   1.105272945100000E+00   5.479401083300000E-01   0.000000000000000E+00   0.000000000000000E+00   0.000000000000000E+00   0.000000000000000E+00
   9.301785162500000E-01   3.554568667100000E+00   3.225483862700000E-01   1.094641536500000E+00   5.745357018300000E-01   0.000000000000000E+00   0.000000000000000E+00   0.000000000000000E+00   0.000000000000000E+00
   9.318910711600000E-01   3.554287376800000E+00   3.225474570800000E-01   1.115276005700000E+00   5.229166745700000E-01   0.000000000000000E+00   0.000000000000000E+00   0.000000000000000E+00   0.000000000000000E+00
   9.338433111100000E-01   3.554568658000000E+00   3.225483862500000E-01   1.094642404800000E+00   5.745334473700000E-01   0.000000000000000E+00   0.000000000000000E+00   0.000000000000000E+00   0.000000000000000E+00
   9.357955510600000E-01   3.554423769500000E+00   3.225479076200000E-01   1.105270493200000E+00   5.479464739500000E-01   0.000000000000000E+00   0.000000000000000E+00   0.000000000000000E+00   0.000000000000000E+00
   9.377477910100001E-01   3.554568648100000E+00   3.225483862200000E-01   1.094643359300000E+00   5.745309688700000E-01   0.000000000000000E+00   0.000000000000000E+00   0.000000000000000E+00   0.000000000000000E+00
   9.397000309700000E-01   3.554287440200000E+00   3.225474572500000E-01   1.115269897300000E+00   5.229325369700000E-01   0.000000000000000E+00   0.000000000000000E+00   0.000000000000000E+00   0.000000000000000E+00
   9.406228392100000E-01   3.554568635000000E+00   3.225483861800000E-01   1.094644622800000E+00   5.745276873400000E-01   0.000000000000000E+00   0.000000000000000E+00   0.000000000000000E+00   0.000000000000000E+00
   9.415456474500000E-01   3.554423806500000E+00   3.225479077200000E-01   1.105266926600000E+00   5.479557383500000E-01   0.000000000000000E+00   0.000000000000000E+00   0.000000000000000E+00   0.000000000000000E+00
   9.424684557000000E-01   3.554568614200000E+00   3.225483861200000E-01   1.094646639900000E+00   5.745224463100000E-01   0.000000000000000E+00   0.000000000000000E+00   0.000000000000000E+00   0.000000000000000E+00
   9.433912639399999E-01   3.554287573400000E+00   3.225474576200000E-01   1.115256988200000E+00   5.229660796000000E-01   0.000000000000000E+00   0.000000000000000E+00   0.000000000000000E+00   0.000000000000000E+00
   9.449646941099999E-01   3.554568600300000E+00   3.225483860900000E-01   1.094647998700000E+00   5.745189137200000E-01   0.000000000000000E+00   0.000000000000000E+00   0.000000000000000E+00   0.000000000000000E+00
   9.465381242899999E-01   3.554423845900000E+00   3.225479078300000E-01   1.105263088900000E+00   5.479657136300000E-01   0.000000000000000E+00   0.000000000000000E+00   0.000000000000000E+00   0.000000000000000E+00
   9.481115544600000E-01   3.554568588100000E+00   3.225483860500000E-01   1.094649180400000E+00   5.745158413500000E-01   0.000000000000000E+00   0.000000000000000E+00   0.000000000000000E+00   0.000000000000000E+00
   9.496849846300000E-01   3.554287651000000E+00   3.225474578300000E-01   1.115249425700000E+00   5.229857427900000E-01   0.000000000000000E+00   0.000000000000000E+00   0.000000000000000E+00   0.000000000000000E+00
   9.507664516200000E-01   3.554568575500000E+00   3.225483860200000E-01   1.094650412800000E+00   5.745126363000000E-01   0.000000000000000E+00   0.000000000000000E+00   0.000000000000000E+00   0.000000000000000E+00
   9.518479186100000E-01   3.554423881600000E+00   3.225479079300000E-01   1.105259609600000E+00   5.479747626500000E-01   0.000000000000000E+00   0.000000000000000E+00   0.000000000000000E+00   0.000000000000000E+00
   9.529293855900000E-01   3.554568558000000E+00   3.225483859700000E-01   1.094652130200000E+00   5.745081682199999E-01   0.000000000000000E+00   0.000000000000000E+00   0.000000000000000E+00   0.000000000000000E+00
   9.540108525800000E-01   3.554287763200000E+00   3.225474581400000E-01   1.115238434400000E+00   5.230143385400000E-01   0.000000000000000E+00   0.000000000000000E+00   0.000000000000000E+00   0.000000000000000E+00
   9.555167466500000E-01   3.554568545200000E+00   3.225483859400000E-01   1.094653383400000E+00   5.745049064700000E-01   0.000000000000000E+00   0.000000000000000E+00   0.000000000000000E+00   0.000000000000000E+00
   9.570226407300000E-01   3.554423917600000E+00   3.225479080300000E-01   1.105256070700000E+00   5.479839727900000E-01   0.000000000000000E+00   0.000000000000000E+00   0.000000000000000E+00   0.000000000000000E+00
   9.585285348100000E-01   3.554568532700000E+00   3.225483859000000E-01   1.094654615500000E+00   5.745016990800000E-01   0.000000000000000E+00   0.000000000000000E+00   0.000000000000000E+00   0.000000000000000E+00
   9.600344288900000E-01   3.554287843300000E+00   3.225474583500000E-01   1.115230549300000E+00   5.230348658200000E-01   0.000000000000000E+00   0.000000000000000E+00   0.000000000000000E+00   0.000000000000000E+00
   9.613762115000000E-01   3.554568521500000E+00   3.225483858700000E-01   1.094655726300000E+00   5.744988065800000E-01   0.000000000000000E+00   0.000000000000000E+00   0.000000000000000E+00   0.000000000000000E+00
   9.627179941100000E-01   3.554423949300000E+00   3.225479081100000E-01   1.105252934400000E+00   5.479921397200000E-01   0.000000000000000E+00   0.000000000000000E+00   0.000000000000000E+00   0.000000000000000E+00
   9.640597767300000E-01   3.554568507500000E+00   3.225483858300000E-01   1.094657107700000E+00   5.744952082800000E-01   0.000000000000000E+00   0.000000000000000E+00   0.000000000000000E+00   0.000000000000000E+00
   9.654015593400000E-01   3.554287932500000E+00   3.225474586000000E-01   1.115221708200000E+00   5.230578949300000E-01   0.000000000000000E+00   0.000000000000000E+00   0.000000000000000E+00   0.000000000000000E+00
   9.667272675800000E-01   3.554568495600000E+00   3.225483858000000E-01   1.094658288400000E+00   5.744921318000000E-01   0.000000000000000E+00   0.000000000000000E+00   0.000000000000000E+00   0.000000000000000E+00
   9.680529758100000E-01   3.554423982900000E+00   3.225479082000000E-01   1.105249600600000E+00   5.480008262300000E-01   0.000000000000000E+00   0.000000000000000E+00   0.000000000000000E+00   0.000000000000000E+00
   9.693786840500001E-01   3.554568481600000E+00   3.225483857600000E-01   1.094659685100000E+00   5.744884913500000E-01   0.000000000000000E+00   0.000000000000000E+00   0.000000000000000E+00   0.000000000000000E+00
   9.707043922900001E-01   3.554288022300000E+00   3.225474588400000E-01   1.115212769100000E+00   5.230811938100000E-01   0.000000000000000E+00   0.000000000000000E+00   0.000000000000000E+00   0.000000000000000E+00
   9.717808885600000E-01   3.554568468300000E+00   3.225483857300000E-01   1.094661009200000E+00   5.744850394300000E-01   0.000000000000000E+00   0.000000000000000E+00   0.000000000000000E+00   0.000000000000000E+00
   9.728573848299999E-01   3.554424020400000E+00   3.225479083000000E-01   1.105245862500000E+00   5.480105725000000E-01   0.000000000000000E+00   0.000000000000000E+00   0.000000000000000E+00   0.000000000000000E+00
   9.739338811000000E-01   3.554568451200000E+00   3.225483856800000E-01   1.094662727300000E+00   5.744805582300000E-01   0.000000000000000E+00   0.000000000000000E+00   0.000000000000000E+00   0.000000000000000E+00
   9.750103773800000E-01   3.554288132100000E+00   3.225474591300000E-01   1.115201773300000E+00   5.231098734800000E-01   0.000000000000000E+00   0.000000000000000E+00   0.000000000000000E+00   0.000000000000000E+00
   9.756972786700000E-01   3.554568432500000E+00   3.225483856300000E-01   1.094664600900000E+00   5.744756699600000E-01   0.000000000000000E+00   0.000000000000000E+00   0.000000000000000E+00   0.000000000000000E+00
   9.763841799600000E-01   3.554424072900000E+00   3.225479084400000E-01   1.105240573800000E+00   5.480243732300000E-01   0.000000000000000E+00   0.000000000000000E+00   0.000000000000000E+00   0.000000000000000E+00
   9.770710812500000E-01   3.554568405900000E+00   3.225483855600000E-01   1.094667289000000E+00   5.744686515900000E-01   0.000000000000000E+00   0.000000000000000E+00   0.000000000000000E+00   0.000000000000000E+00
   9.777579825400000E-01   3.554288302300000E+00   3.225474595800000E-01   1.115184569200000E+00   5.231547910900000E-01   0.000000000000000E+00   0.000000000000000E+00   0.000000000000000E+00   0.000000000000000E+00
   9.783124524800000E-01   3.554568380800000E+00   3.225483855000000E-01   1.094669844500000E+00   5.744619758800000E-01   0.000000000000000E+00   0.000000000000000E+00   0.000000000000000E+00   0.000000000000000E+00
   9.788669224100000E-01   3.554424143900000E+00   3.225479086300000E-01   1.105233359700000E+00   5.480432210300000E-01   0.000000000000000E+00   0.000000000000000E+00   0.000000000000000E+00   0.000000000000000E+00
   9.794213923500000E-01   3.554568348300000E+00   3.225483854100000E-01   1.094673167000000E+00   5.744532886800000E-01   0.000000000000000E+00   0.000000000000000E+00   0.000000000000000E+00   0.000000000000000E+00
   9.799758622800000E-01   3.554288509900000E+00   3.225474601300000E-01   1.115163304800000E+00   5.232103893200000E-01   0.000000000000000E+00   0.000000000000000E+00   0.000000000000000E+00   0.000000000000000E+00
   9.804541398500000E-01   3.554568318800000E+00   3.225483853300000E-01   1.094676212500000E+00   5.744453198800000E-01   0.000000000000000E+00   0.000000000000000E+00   0.000000000000000E+00   0.000000000000000E+00
   9.809324174200000E-01   3.554424227200000E+00   3.225479088500000E-01   1.105224762000000E+00   5.480657199200000E-01   0.000000000000000E+00   0.000000000000000E+00   0.000000000000000E+00   0.000000000000000E+00
   9.814106949900000E-01   3.554568281900000E+00   3.225483852400000E-01   1.094680053700000E+00   5.744352588900000E-01   0.000000000000000E+00   0.000000000000000E+00   0.000000000000000E+00   0.000000000000000E+00
   9.818889725600000E-01   3.554288746000000E+00   3.225474607400000E-01   1.115138721200000E+00   5.232747798400000E-01   0.000000000000000E+00   0.000000000000000E+00   0.000000000000000E+00   0.000000000000000E+00
   9.823922296099999E-01   3.554568251600000E+00   3.225483851600000E-01   1.094683232800000E+00   5.744269238000000E-01   0.000000000000000E+00   0.000000000000000E+00   0.000000000000000E+00   0.000000000000000E+00
   9.828954866700000E-01   3.554424312600000E+00   3.225479090700000E-01   1.105215785400000E+00   5.480892547700000E-01   0.000000000000000E+00   0.000000000000000E+00   0.000000000000000E+00   0.000000000000000E+00
   9.833987437200000E-01   3.554568217300000E+00   3.225483850700000E-01   1.094686872500000E+00   5.744173720700000E-01   0.000000000000000E+00   0.000000000000000E+00   0.000000000000000E+00   0.000000000000000E+00
   9.839020007800000E-01   3.554288965700000E+00   3.225474613000000E-01   1.115115427200000E+00   5.233359111200000E-01   0.000000000000000E+00   0.000000000000000E+00   0.000000000000000E+00   0.000000000000000E+00
   9.844016736200000E-01   3.554568188300000E+00   3.225483850000000E-01   1.094689972800000E+00   5.744092279800000E-01   0.000000000000000E+00   0.000000000000000E+00   0.000000000000000E+00   0.000000000000000E+00
   9.849013464600000E-01   3.554424394400000E+00   3.225479092700000E-01   1.105207031700000E+00   5.481122497900000E-01   0.000000000000000E+00   0.000000000000000E+00   0.000000000000000E+00   0.000000000000000E+00
   9.854010193000000E-01   3.554568154500000E+00   3.225483849200000E-01   1.094693627800000E+00   5.743996172400000E-01   0.000000000000000E+00   0.000000000000000E+00   0.000000000000000E+00   0.000000000000000E+00
   9.859006921400000E-01   3.554289182200000E+00   3.225474618300000E-01   1.115092035500000E+00   5.233974200900000E-01   0.000000000000000E+00   0.000000000000000E+00   0.000000000000000E+00   0.000000000000000E+00
   9.862628813300000E-01   3.554568120600000E+00   3.225483848300000E-01   1.094697319400000E+00   5.743899016600000E-01   0.000000000000000E+00   0.000000000000000E+00   0.000000000000000E+00   0.000000000000000E+00
   9.866250705200000E-01   3.554424489700000E+00   3.225479095100000E-01   1.105196612800000E+00   5.481396782700000E-01   0.000000000000000E+00   0.000000000000000E+00   0.000000000000000E+00   0.000000000000000E+00
   9.869872597100000E-01   3.554568075200000E+00   3.225483847200000E-01   1.094702343600000E+00   5.743766580400000E-01   0.000000000000000E+00   0.000000000000000E+00   0.000000000000000E+00   0.000000000000000E+00
   9.873494489000000E-01   3.554289472500000E+00   3.225474625400000E-01   1.115059881300000E+00   5.234821797400000E-01   0.000000000000000E+00   0.000000000000000E+00   0.000000000000000E+00   0.000000000000000E+00
   9.876315152500000E-01   3.554568031800000E+00   3.225483846200000E-01   1.094707211400000E+00   5.743638095600000E-01   0.000000000000000E+00   0.000000000000000E+00   0.000000000000000E+00   0.000000000000000E+00
   9.879135816100000E-01   3.554424611800000E+00   3.225479098000000E-01   1.105182874800000E+00   5.481759514200000E-01   0.000000000000000E+00   0.000000000000000E+00   0.000000000000000E+00   0.000000000000000E+00
   9.881956479700000E-01   3.554567975800000E+00   3.225483844900000E-01   1.094713631000000E+00   5.743468290900000E-01   0.000000000000000E+00   0.000000000000000E+00   0.000000000000000E+00   0.000000000000000E+00
   9.884777143200000E-01   3.554289830600000E+00   3.225474633800000E-01   1.115018797200000E+00   5.235908559000000E-01   0.000000000000000E+00   0.000000000000000E+00   0.000000000000000E+00   0.000000000000000E+00
   9.887420625500000E-01   3.554567927800000E+00   3.225483843800000E-01   1.094719254800000E+00   5.743319235500000E-01   0.000000000000000E+00   0.000000000000000E+00   0.000000000000000E+00   0.000000000000000E+00
   9.890064107800000E-01   3.554424747200000E+00   3.225479101100000E-01   1.105166998300000E+00   5.482180361200000E-01   0.000000000000000E+00   0.000000000000000E+00   0.000000000000000E+00   0.000000000000000E+00
   9.892707590000001E-01   3.554567871100000E+00   3.225483842500000E-01   1.094726063900000E+00   5.743138345300000E-01   0.000000000000000E+00   0.000000000000000E+00   0.000000000000000E+00   0.000000000000000E+00
   9.895351072300000E-01   3.554290193300000E+00   3.225474641800000E-01   1.114975220300000E+00   5.237066270500000E-01   0.000000000000000E+00   0.000000000000000E+00   0.000000000000000E+00   0.000000000000000E+00
   9.897875428800000E-01   3.554567823200000E+00   3.225483841500000E-01   1.094731969700000E+00   5.742981084800000E-01   0.000000000000000E+00   0.000000000000000E+00   0.000000000000000E+00   0.000000000000000E+00
   9.900399785200000E-01   3.554424882300000E+00   3.225479104000000E-01   1.105150325200000E+00   5.482624380300000E-01   0.000000000000000E+00   0.000000000000000E+00   0.000000000000000E+00   0.000000000000000E+00
   9.902924141700000E-01   3.554567767400000E+00   3.225483840300000E-01   1.094739053300000E+00   5.742791966600000E-01   0.000000000000000E+00   0.000000000000000E+00   0.000000000000000E+00   0.000000000000000E+00
   9.905448498200000E-01   3.554290550200000E+00   3.225474649100000E-01   1.114929886600000E+00   5.238276644900000E-01   0.000000000000000E+00   0.000000000000000E+00   0.000000000000000E+00   0.000000000000000E+00
   9.907886988100000E-01   3.554567720800000E+00   3.225483839400000E-01   1.094745159300000E+00   5.742628512400000E-01   0.000000000000000E+00   0.000000000000000E+00   0.000000000000000E+00   0.000000000000000E+00
   9.910325477900001E-01   3.554425013700000E+00   3.225479106500000E-01   1.105133086600000E+00   5.483085890800000E-01   0.000000000000000E+00   0.000000000000000E+00   0.000000000000000E+00   0.000000000000000E+00
   9.912763967800000E-01   3.554567667200000E+00   3.225483838400000E-01   1.094752439800000E+00   5.742433043700000E-01   0.000000000000000E+00   0.000000000000000E+00   0.000000000000000E+00   0.000000000000000E+00
   9.915202457600000E-01   3.554290892800000E+00   3.225474655400000E-01   1.114883293200000E+00   5.239527666400000E-01   0.000000000000000E+00   0.000000000000000E+00   0.000000000000000E+00   0.000000000000000E+00
   9.917177637900000E-01   3.554567618200000E+00   3.225483837600000E-01   1.094759330200000E+00   5.742247535200000E-01   0.000000000000000E+00   0.000000000000000E+00   0.000000000000000E+00   0.000000000000000E+00
   9.919152818100000E-01   3.554425150900000E+00   3.225479108900000E-01   1.105113644800000E+00   5.483609615700000E-01   0.000000000000000E+00   0.000000000000000E+00   0.000000000000000E+00   0.000000000000000E+00
   9.921127998300000E-01   3.554567558300000E+00   3.225483836700000E-01   1.094768241400000E+00   5.742006612600000E-01   0.000000000000000E+00   0.000000000000000E+00   0.000000000000000E+00   0.000000000000000E+00
   9.923103178500000E-01   3.554291275500000E+00   3.225474661300000E-01   1.114826265600000E+00   5.241069613600000E-01   0.000000000000000E+00   0.000000000000000E+00   0.000000000000000E+00   0.000000000000000E+00
   9.924923965300000E-01   3.554567508500000E+00   3.225483836000000E-01   1.094776098900000E+00   5.741793315200000E-01   0.000000000000000E+00   0.000000000000000E+00   0.000000000000000E+00   0.000000000000000E+00
   9.926744752200000E-01   3.554425290900000E+00   3.225479110700000E-01   1.105091466800000E+00   5.484211843400000E-01   0.000000000000000E+00   0.000000000000000E+00   0.000000000000000E+00   0.000000000000000E+00
   9.928565539000000E-01   3.554567452100000E+00   3.225483835400000E-01   1.094785663700000E+00   5.741532398300000E-01   0.000000000000000E+00   0.000000000000000E+00   0.000000000000000E+00   0.000000000000000E+00
   9.930386325800000E-01   3.554291635000000E+00   3.225474665000000E-01   1.114765056300000E+00   5.242739541500000E-01   0.000000000000000E+00   0.000000000000000E+00   0.000000000000000E+00   0.000000000000000E+00
   9.931832368900000E-01   3.554567402300000E+00   3.225483835000000E-01   1.094794799300000E+00   5.741282051900000E-01   0.000000000000000E+00   0.000000000000000E+00   0.000000000000000E+00   0.000000000000000E+00
   9.933278412000000E-01   3.554425429000000E+00   3.225479111600000E-01   1.105065703300000E+00   5.484918618600000E-01   0.000000000000000E+00   0.000000000000000E+00   0.000000000000000E+00   0.000000000000000E+00
   9.934724455100000E-01   3.554567345300000E+00   3.225483835000000E-01   1.094806681700000E+00   5.740954051300000E-01   0.000000000000000E+00   0.000000000000000E+00   0.000000000000000E+00   0.000000000000000E+00
   9.936170498100000E-01   3.554291996300000E+00   3.225474665300000E-01   1.114689021600000E+00   5.244838875300000E-01   0.000000000000000E+00   0.000000000000000E+00   0.000000000000000E+00   0.000000000000000E+00
   9.937390344300000E-01   3.554567300300000E+00   3.225483835300000E-01   1.094817635700000E+00   5.740649603100000E-01   0.000000000000000E+00   0.000000000000000E+00   0.000000000000000E+00   0.000000000000000E+00
   9.938610190400000E-01   3.554425553000000E+00   3.225479110600000E-01   1.105034812800000E+00   5.485778188700000E-01   0.000000000000000E+00   0.000000000000000E+00   0.000000000000000E+00   0.000000000000000E+00
   9.939830036600000E-01   3.554567256000000E+00   3.225483836300000E-01   1.094831467700000E+00   5.740261330100001E-01   0.000000000000000E+00   0.000000000000000E+00   0.000000000000000E+00   0.000000000000000E+00
   9.941049882700000E-01   3.554292274700000E+00   3.225474658600000E-01   1.114600519800000E+00   5.247324066200000E-01   0.000000000000000E+00   0.000000000000000E+00   0.000000000000000E+00   0.000000000000000E+00
   9.942349663700000E-01   3.554567232200000E+00   3.225483837700000E-01   1.094842737000000E+00   5.739941589200001E-01   0.000000000000000E+00   0.000000000000000E+00   0.000000000000000E+00   0.000000000000000E+00
   9.943649444800000E-01   3.554425622300000E+00   3.225479106600000E-01   1.105002981100000E+00   5.486681041200000E-01   0.000000000000000E+00   0.000000000000000E+00   0.000000000000000E+00   0.000000000000000E+00
   9.944949225800001E-01   3.554567217400000E+00   3.225483839900000E-01   1.094855440200000E+00   5.739577444100000E-01   0.000000000000000E+00   0.000000000000000E+00   0.000000000000000E+00   0.000000000000000E+00
   9.946249006800000E-01   3.554292364800000E+00   3.225474644100000E-01   1.114519241300000E+00   5.249654826400000E-01   0.000000000000000E+00   0.000000000000000E+00   0.000000000000000E+00   0.000000000000000E+00
   9.947784284500000E-01   3.554567218500000E+00   3.225483842300000E-01   1.094865287400000E+00   5.739291653100000E-01   0.000000000000000E+00   0.000000000000000E+00   0.000000000000000E+00   0.000000000000000E+00
   9.949319562100000E-01   3.554425623500000E+00   3.225479100200000E-01   1.104975142500000E+00   5.487488004700000E-01   0.000000000000000E+00   0.000000000000000E+00   0.000000000000000E+00   0.000000000000000E+00
   9.950854839700000E-01   3.554567229400000E+00   3.225483845300000E-01   1.094875808000000E+00   5.738983309300000E-01   0.000000000000000E+00   0.000000000000000E+00   0.000000000000000E+00   0.000000000000000E+00
   9.952390117300000E-01   3.554292291400000E+00   3.225474624700000E-01   1.114451924700000E+00   5.251628388400000E-01   0.000000000000000E+00   0.000000000000000E+00   0.000000000000000E+00   0.000000000000000E+00
   9.953810633600000E-01   3.554567249600000E+00   3.225483848500000E-01   1.094885012900000E+00   5.738710534900000E-01   0.000000000000000E+00   0.000000000000000E+00   0.000000000000000E+00   0.000000000000000E+00
   9.955231150000000E-01   3.554425564800000E+00   3.225479091200000E-01   1.104949173500000E+00   5.488258246100000E-01   0.000000000000000E+00   0.000000000000000E+00   0.000000000000000E+00   0.000000000000000E+00
   9.956651666300000E-01   3.554567288800000E+00   3.225483853000000E-01   1.094896117700000E+00   5.738376970900000E-01   0.000000000000000E+00   0.000000000000000E+00   0.000000000000000E+00   0.000000000000000E+00
   9.958072182700000E-01   3.554292035600000E+00   3.225474595300000E-01   1.114380876400000E+00   5.253763429400000E-01   0.000000000000000E+00   0.000000000000000E+00   0.000000000000000E+00   0.000000000000000E+00
   9.959126393700000E-01   3.554567341800000E+00   3.225483858200000E-01   1.094907069400000E+00   5.738043954199999E-01   0.000000000000000E+00   0.000000000000000E+00   0.000000000000000E+00   0.000000000000000E+00
   9.960180604700000E-01   3.554425402700000E+00   3.225479075800000E-01   1.104918371700000E+00   5.489198840600000E-01   0.000000000000000E+00   0.000000000000000E+00   0.000000000000000E+00   0.000000000000000E+00
   9.961234815800000E-01   3.554567446400000E+00   3.225483866900000E-01   1.094921546000000E+00   5.737593465800001E-01   0.000000000000000E+00   0.000000000000000E+00   0.000000000000000E+00   0.000000000000000E+00
   9.962289026800000E-01   3.554291355500000E+00   3.225474539500000E-01   1.114288289800000E+00   5.256647205500000E-01   0.000000000000000E+00   0.000000000000000E+00   0.000000000000000E+00   0.000000000000000E+00
   9.963684091200000E-01   3.554567553400000E+00   3.225483874700000E-01   1.094932090400000E+00   5.737256557700000E-01   0.000000000000000E+00   0.000000000000000E+00   0.000000000000000E+00   0.000000000000000E+00
   9.965079155500000E-01   3.554425114500000E+00   3.225479054400000E-01   1.104888483500000E+00   5.490149805600000E-01   0.000000000000000E+00   0.000000000000000E+00   0.000000000000000E+00   0.000000000000000E+00
   9.966474219800000E-01   3.554567679400000E+00   3.225483883500000E-01   1.094942603400000E+00   5.736914789499999E-01   0.000000000000000E+00   0.000000000000000E+00   0.000000000000000E+00   0.000000000000000E+00
   9.967869284100001E-01   3.554290542900000E+00   3.225474483000000E-01   1.114221039300000E+00   5.258834852800000E-01   0.000000000000000E+00   0.000000000000000E+00   0.000000000000000E+00   0.000000000000000E+00
   9.968986517400000E-01   3.554567819600000E+00   3.225483892800000E-01   1.094952478300000E+00   5.736587522100000E-01   0.000000000000000E+00   0.000000000000000E+00   0.000000000000000E+00   0.000000000000000E+00
   9.970103750700000E-01   3.554424706100000E+00   3.225479027400000E-01   1.104860715800000E+00   5.491074366799999E-01   0.000000000000000E+00   0.000000000000000E+00   0.000000000000000E+00   0.000000000000000E+00
   9.971220984000000E-01   3.554568042700000E+00   3.225483906900000E-01   1.094965022800000E+00   5.736158454300000E-01   0.000000000000000E+00   0.000000000000000E+00   0.000000000000000E+00   0.000000000000000E+00
   9.972338217300000E-01   3.554289102700000E+00   3.225474392000000E-01   1.114140829200000E+00   5.261581636700000E-01   0.000000000000000E+00   0.000000000000000E+00   0.000000000000000E+00   0.000000000000000E+00
   9.972956835300000E-01   3.554568341300000E+00   3.225483925400000E-01   1.094979707000000E+00   5.735645582900000E-01   0.000000000000000E+00   0.000000000000000E+00   0.000000000000000E+00   0.000000000000000E+00
   9.973575453300000E-01   3.554423771200000E+00   3.225478971000000E-01   1.104820073000000E+00   5.492526677600000E-01   0.000000000000000E+00   0.000000000000000E+00   0.000000000000000E+00   0.000000000000000E+00
   9.974194071400000E-01   3.554568972600000E+00   3.225483962000000E-01   1.095000440200000E+00   5.734861334500000E-01   0.000000000000000E+00   0.000000000000000E+00   0.000000000000000E+00   0.000000000000000E+00
   9.974812689400000E-01   3.554285047200000E+00   3.225474157900000E-01   1.114008665600000E+00   5.266606066000000E-01   0.000000000000000E+00   0.000000000000000E+00   0.000000000000000E+00   0.000000000000000E+00
   9.975387524300000E-01   3.554569749400000E+00   3.225484005800000E-01   1.095017420600000E+00   5.734161563700000E-01   0.000000000000000E+00   0.000000000000000E+00   0.000000000000000E+00   0.000000000000000E+00
   9.975962359200000E-01   3.554421970700000E+00   3.225478872400000E-01   1.104772312500000E+00   5.494502993900000E-01   0.000000000000000E+00   0.000000000000000E+00   0.000000000000000E+00   0.000000000000000E+00
   9.976537194100000E-01   3.554571510200000E+00   3.225484106400000E-01   1.095035841000000E+00   5.733292210700000E-01   0.000000000000000E+00   0.000000000000000E+00   0.000000000000000E+00   0.000000000000000E+00
   9.977112029000000E-01   3.554280214900000E+00   3.225473916500000E-01   1.113888866400000E+00   5.272144247000000E-01   0.000000000000000E+00   0.000000000000000E+00   0.000000000000000E+00   0.000000000000000E+00
   9.977659625600001E-01   3.554579379500000E+00   3.225484585300000E-01   1.095047205400000E+00   5.732488273100000E-01   0.000000000000000E+00   0.000000000000000E+00   0.000000000000000E+00   0.000000000000000E+00
   9.978207222100000E-01   3.554440031900000E+00   3.225480030500000E-01   1.104723042600000E+00   5.496560139900000E-01   0.000000000000000E+00   0.000000000000000E+00   0.000000000000000E+00   0.000000000000000E+00
   9.978754818700000E-01   3.554637564600000E+00   3.225488191300000E-01   1.095036679000000E+00   5.731237374800000E-01   0.000000000000000E+00   0.000000000000000E+00   0.000000000000000E+00   0.000000000000000E+00
   9.979302415200000E-01   3.554462914000000E+00   3.225485422800000E-01   1.113714666800000E+00   5.277179854500000E-01   0.000000000000000E+00   0.000000000000000E+00   0.000000000000000E+00   0.000000000000000E+00
   9.979675771400000E-01   3.554999542400000E+00   3.225510718500000E-01   1.094891140600000E+00   5.728288147600000E-01   0.000000000000000E+00   0.000000000000000E+00   0.000000000000000E+00   0.000000000000000E+00
   9.980049127600000E-01   3.555311192900000E+00   3.225534387200000E-01   1.104309930800000E+00   5.494749753800000E-01   0.000000000000000E+00   0.000000000000000E+00   0.000000000000000E+00   0.000000000000000E+00
   9.980422483900000E-01   3.556491848800000E+00   3.225603660100000E-01   1.094246988800000E+00   5.718799757300000E-01   0.000000000000000E+00   0.000000000000000E+00   0.000000000000000E+00   0.000000000000000E+00
   9.980795840100000E-01   3.558323078400000E+00   3.225726370800000E-01   1.111981107900000E+00   5.266019525400000E-01   0.000000000000000E+00   0.000000000000000E+00   0.000000000000000E+00   0.000000000000000E+00
   9.981137771200000E-01   3.562762644600000E+00   3.225994847200000E-01   1.091515612000000E+00   5.683973084000000E-01   0.000000000000000E+00   0.000000000000000E+00   0.000000000000000E+00   0.000000000000000E+00
   9.981479702200000E-01   3.570635888500000E+00   3.226491168900000E-01   1.097670943500000E+00   5.417356789200000E-01   0.000000000000000E+00   0.000000000000000E+00   0.000000000000000E+00   0.000000000000000E+00
   9.981821633300000E-01   3.586603190400000E+00   3.227486750700000E-01   1.081297062600000E+00   5.558000865200000E-01   0.000000000000000E+00   0.000000000000000E+00   0.000000000000000E+00   0.000000000000000E+00
   9.982163564400000E-01   3.616620383000000E+00   3.229387213400000E-01   1.087458799000000E+00   4.979372172200000E-01   0.000000000000000E+00   0.000000000000000E+00   0.000000000000000E+00   0.000000000000000E+00
   9.982581066600000E-01   3.690507925600000E+00   3.234089954600000E-01   1.039710404400000E+00   5.063741620600000E-01   0.000000000000000E+00   0.000000000000000E+00   0.000000000000000E+00   0.000000000000000E+00
   9.982998568800000E-01   3.831920027800000E+00   3.243344175300000E-01   9.997223029500000E-01   4.288498290100000E-01   0.000000000000000E+00   0.000000000000000E+00   0.000000000000000E+00   0.000000000000000E+00
   9.983416071000000E-01   4.068148889300000E+00   3.259492527800000E-01   9.194613042899999E-01   3.761329565200000E-01   0.000000000000000E+00   0.000000000000000E+00   0.000000000000000E+00   0.000000000000000E+00
   9.983833573200001E-01   4.399230108900000E+00   3.283757476700000E-01   8.618536955300000E-01   2.626570943300000E-01   0.000000000000000E+00   0.000000000000000E+00   0.000000000000000E+00   0.000000000000000E+00
   9.984208727800000E-01   4.758782886200000E+00   3.312453915400000E-01   7.742484842000000E-01   2.442617942000000E-01   0.000000000000000E+00   0.000000000000000E+00   0.000000000000000E+00   0.000000000000000E+00
   9.984583882400000E-01   5.146382182000000E+00   3.346661952200000E-01   7.274368739600000E-01   1.800932887500000E-01   0.000000000000000E+00   0.000000000000000E+00   0.000000000000000E+00   0.000000000000000E+00
   9.984959037000000E-01   5.538943393600000E+00   3.385387587100000E-01   6.686360604400000E-01   1.662867236200000E-01   0.000000000000000E+00   0.000000000000000E+00   0.000000000000000E+00   0.000000000000000E+00
   9.985334191600000E-01   5.918014281700000E+00   3.427648813800000E-01   6.507324515400000E-01   1.035506942600000E-01   0.000000000000000E+00   0.000000000000000E+00   0.000000000000000E+00   0.000000000000000E+00
   9.985711649100000E-01   6.276850795900000E+00   3.473039398500000E-01   5.970678016300000E-01   1.223632700400000E-01   0.000000000000000E+00   0.000000000000000E+00   0.000000000000000E+00   0.000000000000000E+00
   9.986089106700000E-01   6.606315747900000E+00   3.520674258800000E-01   5.812835779200000E-01   8.859274965900001E-02   0.000000000000000E+00   0.000000000000000E+00   0.000000000000000E+00   0.000000000000000E+00
   9.986466564199999E-01   6.905808799700000E+00   3.570168428700000E-01   5.475362753700000E-01   9.638030294100000E-02   0.000000000000000E+00   0.000000000000000E+00   0.000000000000000E+00   0.000000000000000E+00
   9.986844021700000E-01   7.174703947700000E+00   3.621157554700000E-01   5.497761118500000E-01   5.031457016500000E-02   0.000000000000000E+00   0.000000000000000E+00   0.000000000000000E+00   0.000000000000000E+00
   9.987299267400001E-01   7.462607447600000E+00   3.684372638300000E-01   5.080154386900000E-01   7.841527020899999E-02   0.000000000000000E+00   0.000000000000000E+00   0.000000000000000E+00   0.000000000000000E+00
   9.987754513100000E-01   7.713011541900000E+00   3.749108542600000E-01   5.018076674500001E-01   5.243326555600000E-02   0.000000000000000E+00   0.000000000000000E+00   0.000000000000000E+00   0.000000000000000E+00
   9.988209758800000E-01   7.931505828600000E+00   3.815171935400000E-01   4.752492850400000E-01   6.545237518200001E-02   0.000000000000000E+00   0.000000000000000E+00   0.000000000000000E+00   0.000000000000000E+00
   9.988665004500000E-01   8.121542194300000E+00   3.882351187000000E-01   4.831792071600000E-01   2.411506340500000E-02   0.000000000000000E+00   0.000000000000000E+00   0.000000000000000E+00   0.000000000000000E+00
   9.988935444500000E-01   8.223556466800000E+00   3.922765069100000E-01   4.538599369600000E-01   5.792826109900000E-02   0.000000000000000E+00   0.000000000000000E+00   0.000000000000000E+00   0.000000000000000E+00
   9.989205884400000E-01   8.317394243400001E+00   3.963489260500000E-01   4.578096942100000E-01   3.696171916500000E-02   0.000000000000000E+00   0.000000000000000E+00   0.000000000000000E+00   0.000000000000000E+00
   9.989476324300000E-01   8.404762153200000E+00   4.004540399800000E-01   4.397290837900000E-01   5.332175989400000E-02   0.000000000000000E+00   0.000000000000000E+00   0.000000000000000E+00   0.000000000000000E+00
   9.989746764200000E-01   8.485358257700000E+00   4.045866719100000E-01   4.547345901800000E-01   1.556211449400000E-02   0.000000000000000E+00   0.000000000000000E+00   0.000000000000000E+00   0.000000000000000E+00
   9.989996479700000E-01   8.555525556999999E+00   4.084302465800000E-01   4.272195511800000E-01   4.951147521200000E-02   0.000000000000000E+00   0.000000000000000E+00   0.000000000000000E+00   0.000000000000000E+00
   9.990246195100000E-01   8.620782604600000E+00   4.122946932900000E-01   4.326287379400000E-01   2.963070862400000E-02   0.000000000000000E+00   0.000000000000000E+00   0.000000000000000E+00   0.000000000000000E+00
   9.990495910500000E-01   8.682490271000001E+00   4.161826124500000E-01   4.159907713300000E-01   4.627507109100000E-02   0.000000000000000E+00   0.000000000000000E+00   0.000000000000000E+00   0.000000000000000E+00
   9.990745626000000E-01   8.740055001500000E+00   4.200897801100000E-01   4.320841084800000E-01   9.772972718400001E-03   0.000000000000000E+00   0.000000000000000E+00   0.000000000000000E+00   0.000000000000000E+00
   9.990962921800000E-01   8.788188367700000E+00   4.235089556300000E-01   4.060523503800000E-01   4.356630837400000E-02   0.000000000000000E+00   0.000000000000000E+00   0.000000000000000E+00   0.000000000000000E+00
   9.991180217700000E-01   8.833488182600000E+00   4.269412218900000E-01   4.125995515200000E-01   2.453547055900000E-02   0.000000000000000E+00   0.000000000000000E+00   0.000000000000000E+00   0.000000000000000E+00
   9.991397513600000E-01   8.877086507000000E+00   4.303896241800000E-01   3.972084965100000E-01   4.124885938700000E-02   0.000000000000000E+00   0.000000000000000E+00   0.000000000000000E+00   0.000000000000000E+00
   9.991614809400000E-01   8.918201527800001E+00   4.338504135800000E-01   4.141863838400000E-01   5.885083584500000E-03   0.000000000000000E+00   0.000000000000000E+00   0.000000000000000E+00   0.000000000000000E+00
   9.991855790000000E-01   8.962515553099999E+00   4.377076859300000E-01   3.882310148200000E-01   3.902848877800000E-02   0.000000000000000E+00   0.000000000000000E+00   0.000000000000000E+00   0.000000000000000E+00
   9.992096770600000E-01   9.004271789600001E+00   4.415798229700000E-01   3.945597579900000E-01   2.043715986000000E-02   0.000000000000000E+00   0.000000000000000E+00   0.000000000000000E+00   0.000000000000000E+00
   9.992337751300000E-01   9.044585638899999E+00   4.454698712800000E-01   3.791242709700000E-01   3.688000643500000E-02   0.000000000000000E+00   0.000000000000000E+00   0.000000000000000E+00   0.000000000000000E+00
   9.992578731900000E-01   9.082669292000000E+00   4.493741236200000E-01   3.957913920600000E-01   2.223076048500000E-03   0.000000000000000E+00   0.000000000000000E+00   0.000000000000000E+00   0.000000000000000E+00
   9.992840510300000E-01   9.123073104900000E+00   4.536360878900000E-01   3.699347864600000E-01   3.483623339900000E-02   0.000000000000000E+00   0.000000000000000E+00   0.000000000000000E+00   0.000000000000000E+00
   9.993102288700000E-01   9.161263076099999E+00   4.579144210600000E-01   3.760990135300000E-01   1.664179995900000E-02   0.000000000000000E+00   0.000000000000000E+00   0.000000000000000E+00   0.000000000000000E+00
   9.993364067100000E-01   9.198319174800000E+00   4.622121629800000E-01   3.606602686100000E-01   3.287238656100000E-02   0.000000000000000E+00   0.000000000000000E+00   0.000000000000000E+00   0.000000000000000E+00
   9.993625845500000E-01   9.233438565700000E+00   4.665256998600000E-01   3.770583639100000E-01  -1.155922588200000E-03   0.000000000000000E+00   0.000000000000000E+00   0.000000000000000E+00   0.000000000000000E+00
   9.993845511200000E-01   9.262590778900000E+00   4.701611829000000E-01   3.523661518400000E-01   3.120048321600000E-02   0.000000000000000E+00   0.000000000000000E+00   0.000000000000000E+00   0.000000000000000E+00
   9.994065177000000E-01   9.290355602200000E+00   4.738068438500000E-01   3.593801924300000E-01   1.357004604000000E-02   0.000000000000000E+00   0.000000000000000E+00   0.000000000000000E+00   0.000000000000000E+00
   9.994284842700000E-01   9.317713045400000E+00   4.774658357700000E-01   3.449745844400000E-01   2.975357827900000E-02   0.000000000000000E+00   0.000000000000000E+00   0.000000000000000E+00   0.000000000000000E+00
   9.994504508499999E-01   9.343795739100001E+00   4.811347774600000E-01   3.620330012100000E-01  -3.431167458300000E-03   0.000000000000000E+00   0.000000000000000E+00   0.000000000000000E+00   0.000000000000000E+00
   9.994698523600000E-01   9.366937995200001E+00   4.843874591900000E-01   3.381500834800000E-01   2.847373077800000E-02   0.000000000000000E+00   0.000000000000000E+00   0.000000000000000E+00   0.000000000000000E+00
   9.994892538700000E-01   9.389030359800000E+00   4.876472887000000E-01   3.455894358800000E-01   1.131798728400000E-02   0.000000000000000E+00   0.000000000000000E+00   0.000000000000000E+00   0.000000000000000E+00
   9.995086553800000E-01   9.411012351700000E+00   4.909174292700000E-01   3.318622766100000E-01   2.731767841100000E-02   0.000000000000000E+00   0.000000000000000E+00   0.000000000000000E+00   0.000000000000000E+00
   9.995280568900000E-01   9.432002150000001E+00   4.941946064700000E-01   3.491782948900000E-01  -5.077232586300000E-03   0.000000000000000E+00   0.000000000000000E+00   0.000000000000000E+00   0.000000000000000E+00
   9.995497738600000E-01   9.455738159699999E+00   4.978760694700000E-01   3.252958581000000E-01   2.617593077200000E-02   0.000000000000000E+00   0.000000000000000E+00   0.000000000000000E+00   0.000000000000000E+00
   9.995714908300000E-01   9.478424401000000E+00   5.015666413500000E-01   3.323315364600000E-01   9.337388546200000E-03   0.000000000000000E+00   0.000000000000000E+00   0.000000000000000E+00   0.000000000000000E+00
   9.995932078000000E-01   9.500989330700000E+00   5.052694307600000E-01   3.184683556800000E-01   2.503163130900000E-02   0.000000000000000E+00   0.000000000000000E+00   0.000000000000000E+00   0.000000000000000E+00
   9.996149247600000E-01   9.522564013800000E+00   5.089812214000000E-01   3.352628915300000E-01  -6.800680568200000E-03   0.000000000000000E+00   0.000000000000000E+00   0.000000000000000E+00   0.000000000000000E+00
   9.996301134100000E-01   9.537984631200001E+00   5.115857028300000E-01   3.127577735700000E-01   2.409670662000000E-02   0.000000000000000E+00   0.000000000000000E+00   0.000000000000000E+00   0.000000000000000E+00
   9.996453020600000E-01   9.552669853599999E+00   5.141935768600000E-01   3.207281082000000E-01   7.785371577900000E-03   0.000000000000000E+00   0.000000000000000E+00   0.000000000000000E+00   0.000000000000000E+00
   9.996604907000000E-01   9.567511504400001E+00   5.168079284600000E-01   3.081255191100000E-01   2.332189401300000E-02   0.000000000000000E+00   0.000000000000000E+00   0.000000000000000E+00   0.000000000000000E+00
   9.996756793500000E-01   9.581638820100000E+00   5.194256670100000E-01   3.256013206800000E-01  -7.581245417500000E-03   0.000000000000000E+00   0.000000000000000E+00   0.000000000000000E+00   0.000000000000000E+00
   9.996907295500000E-01   9.596133923000000E+00   5.220270445900000E-01   3.035528520700000E-01   2.259163922000000E-02   0.000000000000000E+00   0.000000000000000E+00   0.000000000000000E+00   0.000000000000000E+00
   9.997057797500000E-01   9.609931343000000E+00   5.246316719100000E-01   3.113862851600000E-01   6.692909753400000E-03   0.000000000000000E+00   0.000000000000000E+00   0.000000000000000E+00   0.000000000000000E+00
   9.997208299500000E-01   9.623904826300000E+00   5.272425760000000E-01   2.990473048500000E-01   2.187692728400000E-02   0.000000000000000E+00   0.000000000000000E+00   0.000000000000000E+00   0.000000000000000E+00
   9.997358801500000E-01   9.637198951700000E+00   5.298567353100000E-01   3.161935656500000E-01  -8.268770732400000E-03   0.000000000000000E+00   0.000000000000000E+00   0.000000000000000E+00   0.000000000000000E+00
   9.997494643400000E-01   9.649695627400000E+00   5.322227918800000E-01   2.947972133100000E-01   2.122566730800000E-02   0.000000000000000E+00   0.000000000000000E+00   0.000000000000000E+00   0.000000000000000E+00
   9.997630485300000E-01   9.661553678000001E+00   5.345911463000000E-01   3.026752099100000E-01   5.761807627300000E-03   0.000000000000000E+00   0.000000000000000E+00   0.000000000000000E+00   0.000000000000000E+00
   9.997766327199999E-01   9.673626555400000E+00   5.369647595600000E-01   2.908056692300000E-01   2.060621771300000E-02   0.000000000000000E+00   0.000000000000000E+00   0.000000000000000E+00   0.000000000000000E+00
   9.997902169100000E-01   9.685075924900000E+00   5.393406934300000E-01   3.077652251500000E-01  -8.722507326500000E-03   0.000000000000000E+00   0.000000000000000E+00   0.000000000000000E+00   0.000000000000000E+00
   9.998002898900000E-01   9.694057801500000E+00   5.411070964700000E-01   2.873642796900000E-01   2.007149847500000E-02   0.000000000000000E+00   0.000000000000000E+00   0.000000000000000E+00   0.000000000000000E+00
   9.998103628800000E-01   9.702478771599999E+00   5.428739945500000E-01   2.955249223100000E-01   5.129412198700000E-03   0.000000000000000E+00   0.000000000000000E+00   0.000000000000000E+00   0.000000000000000E+00
   9.998204358600000E-01   9.711167752500000E+00   5.446442651200000E-01   2.844734174000000E-01   1.958357050100000E-02   0.000000000000000E+00   0.000000000000000E+00   0.000000000000000E+00   0.000000000000000E+00
   9.998305088500000E-01   9.719309070400000E+00   5.464150697000000E-01   3.013775045700000E-01  -8.688806111500001E-03   0.000000000000000E+00   0.000000000000000E+00   0.000000000000000E+00   0.000000000000000E+00
   9.998386838100000E-01   9.726445129700000E+00   5.478558234499999E-01   2.818737551300000E-01   1.914711944500000E-02   0.000000000000000E+00   0.000000000000000E+00   0.000000000000000E+00   0.000000000000000E+00
   9.998468587700000E-01   9.733061658200000E+00   5.492963662400000E-01   2.899909352700000E-01   4.791832185100000E-03   0.000000000000000E+00   0.000000000000000E+00   0.000000000000000E+00   0.000000000000000E+00
   9.998550337300000E-01   9.739958885200000E+00   5.507394740200000E-01   2.795769788200000E-01   1.872103297700000E-02   0.000000000000000E+00   0.000000000000000E+00   0.000000000000000E+00   0.000000000000000E+00
   9.998632086800000E-01   9.746350546300000E+00   5.521824174700000E-01   2.960545734900000E-01  -8.358673225599999E-03   0.000000000000000E+00   0.000000000000000E+00   0.000000000000000E+00   0.000000000000000E+00
   9.998704517200000E-01   9.752556145900000E+00   5.534640728200000E-01   2.774182130900000E-01   1.833328097500000E-02   0.000000000000000E+00   0.000000000000000E+00   0.000000000000000E+00   0.000000000000000E+00
   9.998776947600000E-01   9.758271473900001E+00   5.547452674500000E-01   2.852954680200000E-01   4.613595048000000E-03   0.000000000000000E+00   0.000000000000000E+00   0.000000000000000E+00   0.000000000000000E+00
   9.998849378000000E-01   9.764264276900001E+00   5.560286631900000E-01   2.754154303500000E-01   1.793941343900000E-02   0.000000000000000E+00   0.000000000000000E+00   0.000000000000000E+00   0.000000000000000E+00
   9.998921808400000E-01   9.769781405500000E+00   5.573116487599999E-01   2.912577457500000E-01  -7.882979768500000E-03   0.000000000000000E+00   0.000000000000000E+00   0.000000000000000E+00   0.000000000000000E+00
   9.998983125399999E-01   9.774967440499999E+00   5.584005283400000E-01   2.735747005400000E-01   1.758293648600000E-02   0.000000000000000E+00   0.000000000000000E+00   0.000000000000000E+00   0.000000000000000E+00
   9.999044442500000E-01   9.779693592699999E+00   5.594886969400000E-01   2.811949725700000E-01   4.553426334900000E-03   0.000000000000000E+00   0.000000000000000E+00   0.000000000000000E+00   0.000000000000000E+00
   9.999105759500000E-01   9.784691808700000E+00   5.605786906100000E-01   2.719161190600000E-01   1.721608893200000E-02   0.000000000000000E+00   0.000000000000000E+00   0.000000000000000E+00   0.000000000000000E+00
   9.999167076500000E-01   9.789246134400001E+00   5.616680294900001E-01   2.870475208700000E-01  -7.211004543200000E-03   0.000000000000000E+00   0.000000000000000E+00   0.000000000000000E+00   0.000000000000000E+00
   9.999217131800000E-01   9.793450934000001E+00   5.625596324100000E-01   2.704193903900000E-01   1.688405873700000E-02   0.000000000000000E+00   0.000000000000000E+00   0.000000000000000E+00   0.000000000000000E+00
   9.999267187000001E-01   9.797227053600000E+00   5.634503362900000E-01   2.777220497100000E-01   4.627841184000000E-03   0.000000000000000E+00   0.000000000000000E+00   0.000000000000000E+00   0.000000000000000E+00
   9.999317242300000E-01   9.801265659900000E+00   5.643425342700000E-01   2.691083750600000E-01   1.653411660000000E-02   0.000000000000000E+00   0.000000000000000E+00   0.000000000000000E+00   0.000000000000000E+00
   9.999367297600000E-01   9.804893761600001E+00   5.652338970300000E-01   2.833915935000000E-01  -6.302836165800000E-03   0.000000000000000E+00   0.000000000000000E+00   0.000000000000000E+00   0.000000000000000E+00
   9.999407791100000E-01   9.808287352000001E+00   5.659570004200000E-01   2.679311566100000E-01   1.621677150600000E-02   0.000000000000000E+00   0.000000000000000E+00   0.000000000000000E+00   0.000000000000000E+00
   9.999448284500000E-01   9.811284633800000E+00   5.666791140200000E-01   2.748150336600000E-01   4.837870741200000E-03   0.000000000000000E+00   0.000000000000000E+00   0.000000000000000E+00   0.000000000000000E+00
   9.999488778000000E-01   9.814529682200000E+00   5.674024666900001E-01   2.669167476900000E-01   1.587307900900000E-02   0.000000000000000E+00   0.000000000000000E+00   0.000000000000000E+00   0.000000000000000E+00
   9.999529271499999E-01   9.817399150100000E+00   5.681249020000000E-01   2.801734747700000E-01  -5.156564946500000E-03   0.000000000000000E+00   0.000000000000000E+00   0.000000000000000E+00   0.000000000000000E+00
   9.999561045599999E-01   9.820070536899999E+00   5.686934950200000E-01   2.660223208700000E-01   1.555962648800000E-02   0.000000000000000E+00   0.000000000000000E+00   0.000000000000000E+00   0.000000000000000E+00
   9.999592819699999E-01   9.822380730200001E+00   5.692610730500000E-01   2.723865658400000E-01   5.183729464700000E-03   0.000000000000000E+00   0.000000000000000E+00   0.000000000000000E+00   0.000000000000000E+00
   9.999624593899999E-01   9.824919373600000E+00   5.698296756800000E-01   2.652823609100000E-01   1.521091366900000E-02   0.000000000000000E+00   0.000000000000000E+00   0.000000000000000E+00   0.000000000000000E+00
   9.999656367999999E-01   9.827120828600000E+00   5.703973467600000E-01   2.773106188100000E-01  -3.735964216600000E-03   0.000000000000000E+00   0.000000000000000E+00   0.000000000000000E+00   0.000000000000000E+00
   9.999681564500000E-01   9.829248348000000E+00   5.708489887400000E-01   2.646265990300000E-01   1.489450762200000E-02   0.000000000000000E+00   0.000000000000000E+00   0.000000000000000E+00   0.000000000000000E+00
   9.999706760900000E-01   9.831053234100001E+00   5.712996620600000E-01   2.703465718800000E-01   5.656161488600000E-03   0.000000000000000E+00   0.000000000000000E+00   0.000000000000000E+00   0.000000000000000E+00
   9.999731957400000E-01   9.833062542700000E+00   5.717511890800000E-01   2.640973632400000E-01   1.453787769600000E-02   0.000000000000000E+00   0.000000000000000E+00   0.000000000000000E+00   0.000000000000000E+00
   9.999757153900000E-01   9.834775925800001E+00   5.722018390600000E-01   2.747043903400000E-01  -2.084485571600000E-03   0.000000000000000E+00   0.000000000000000E+00   0.000000000000000E+00   0.000000000000000E+00
   9.999776746200000E-01   9.836440660499999E+00   5.725535033800000E-01   2.636484491800000E-01   1.421517308400000E-02   0.000000000000000E+00   0.000000000000000E+00   0.000000000000000E+00   0.000000000000000E+00
   9.999796338400000E-01   9.837824242700000E+00   5.729042802800000E-01   2.686459316400000E-01   6.242412929900000E-03   0.000000000000000E+00   0.000000000000000E+00   0.000000000000000E+00   0.000000000000000E+00
   9.999815930600000E-01   9.839382676200000E+00   5.732557404100000E-01   2.633767750600000E-01   1.385337138000000E-02   0.000000000000000E+00   0.000000000000000E+00   0.000000000000000E+00   0.000000000000000E+00
   9.999835522900000E-01   9.840685720900000E+00   5.736063816300000E-01   2.725101361200000E-01  -1.938649733500000E-04   0.000000000000000E+00   0.000000000000000E+00   0.000000000000000E+00   0.000000000000000E+00
   9.999849704500000E-01   9.841895363300001E+00   5.738611324600000E-01   2.634328268100000E-01   1.353883663600000E-02   0.000000000000000E+00   0.000000000000000E+00   0.000000000000000E+00   0.000000000000000E+00
   9.999863886200000E-01   9.842860598100000E+00   5.741150297199999E-01   2.679374231000000E-01   7.008823189600000E-03   0.000000000000000E+00   0.000000000000000E+00   0.000000000000000E+00   0.000000000000000E+00
   9.999878067800000E-01   9.843950699500001E+00   5.743693009300000E-01   2.643591878300000E-01   1.323466059700000E-02   0.000000000000000E+00   0.000000000000000E+00   0.000000000000000E+00   0.000000000000000E+00
   9.999892249500000E-01   9.844802257300000E+00   5.746225956700000E-01   2.728823083300000E-01   2.176122992200000E-03   0.000000000000000E+00   0.000000000000000E+00   0.000000000000000E+00   0.000000000000000E+00
   9.999902241100000E-01   9.845575148400000E+00   5.748014714200000E-01   2.672200092800000E-01   1.311055285300000E-02   0.000000000000000E+00   0.000000000000000E+00   0.000000000000000E+00   0.000000000000000E+00
   9.999912232800000E-01   9.846110399700001E+00   5.749792639300000E-01   2.729370977300000E-01   8.322375886300000E-03   0.000000000000000E+00   0.000000000000000E+00   0.000000000000000E+00   0.000000000000000E+00
   9.999922224500000E-01   9.846665492500000E+00   5.751566954500000E-01   2.738324670100000E-01   1.324382571500000E-02   0.000000000000000E+00   0.000000000000000E+00   0.000000000000000E+00   0.000000000000000E+00
   9.999932216200000E-01   9.846928697099999E+00   5.753324116800000E-01   2.855950214400000E-01   5.721673005800000E-03   0.000000000000000E+00   0.000000000000000E+00   0.000000000000000E+00   0.000000000000000E+00
   9.999939239100000E-01   9.847128820300000E+00   5.754553130800000E-01   2.874367511300000E-01   1.401796928300000E-02   0.000000000000000E+00   0.000000000000000E+00   0.000000000000000E+00   0.000000000000000E+00
   9.999946262100000E-01   9.847028830199999E+00   5.755763622600000E-01   2.996782809400000E-01   1.149974359200000E-02   0.000000000000000E+00   0.000000000000000E+00   0.000000000000000E+00   0.000000000000000E+00
   9.999953284999999E-01   9.846740018400000E+00   5.756955622100000E-01   3.124880118200000E-01   1.585790441000000E-02   0.000000000000000E+00   0.000000000000000E+00   0.000000000000000E+00   0.000000000000000E+00
   9.999960308000000E-01   9.845943555900000E+00   5.758111908200000E-01   3.385135452800000E-01   1.292532866300000E-02   0.000000000000000E+00   0.000000000000000E+00   0.000000000000000E+00   0.000000000000000E+00
   9.999964672300000E-01   9.845214424300000E+00   5.758808953200000E-01   3.558749505000000E-01   1.976013268300000E-02   0.000000000000000E+00   0.000000000000000E+00   0.000000000000000E+00   0.000000000000000E+00
   9.999969036700000E-01   9.844034799799999E+00   5.759475676200000E-01   3.852504805500000E-01   2.089819992000000E-02   0.000000000000000E+00   0.000000000000000E+00   0.000000000000000E+00   0.000000000000000E+00
   9.999973401100000E-01   9.842323882800001E+00   5.760103214300000E-01   4.244803470400000E-01   2.720768548800000E-02   0.000000000000000E+00   0.000000000000000E+00   0.000000000000000E+00   0.000000000000000E+00
   9.999977765400000E-01   9.839632244900001E+00   5.760665748300000E-01   4.871649303000000E-01   3.268590199200000E-02   0.000000000000000E+00   0.000000000000000E+00   0.000000000000000E+00   0.000000000000000E+00
   9.999980001700000E-01   9.837718303000001E+00   5.760918131400000E-01   5.302615814700000E-01   4.136417574800000E-02   0.000000000000000E+00   0.000000000000000E+00   0.000000000000000E+00   0.000000000000000E+00
   9.999982238000000E-01   9.835177384000000E+00   5.761132295900000E-01   5.893796364000000E-01   4.996999426700000E-02   0.000000000000000E+00   0.000000000000000E+00   0.000000000000000E+00   0.000000000000000E+00
   9.999984474300000E-01   9.831760141600000E+00   5.761293694300000E-01   6.694731248800000E-01   6.468857170599999E-02   0.000000000000000E+00   0.000000000000000E+00   0.000000000000000E+00   0.000000000000000E+00
   9.999986710600000E-01   9.826905226799999E+00   5.761373190400000E-01   7.861207685100000E-01   8.739125483300000E-02   0.000000000000000E+00   0.000000000000000E+00   0.000000000000000E+00   0.000000000000000E+00
   9.999987883600000E-01   9.823487584300000E+00   5.761366823000000E-01   8.692490358000000E-01   1.069353520100000E-01   0.000000000000000E+00   0.000000000000000E+00   0.000000000000000E+00   0.000000000000000E+00
   9.999989056700000E-01   9.819153030500001E+00   5.761311882600000E-01   9.764207650000000E-01   1.335741248900000E-01   0.000000000000000E+00   0.000000000000000E+00   0.000000000000000E+00   0.000000000000000E+00
   9.999990229700000E-01   9.813496464600000E+00   5.761188893000000E-01   1.118151780600000E+00   1.734302703800000E-01   0.000000000000000E+00   0.000000000000000E+00   0.000000000000000E+00   0.000000000000000E+00
   9.999991402700000E-01   9.805799545599999E+00   5.760964456200000E-01   1.313873353900000E+00   2.358723736000000E-01   0.000000000000000E+00   0.000000000000000E+00   0.000000000000000E+00   0.000000000000000E+00
   9.999992068300000E-01   9.800082319200000E+00   5.760771815800000E-01   1.460592935200000E+00   2.888346594400000E-01   0.000000000000000E+00   0.000000000000000E+00   0.000000000000000E+00   0.000000000000000E+00
   9.999992733900001E-01   9.792940280800000E+00   5.760511954000000E-01   1.645105584400000E+00   3.619384502500000E-01   0.000000000000000E+00   0.000000000000000E+00   0.000000000000000E+00   0.000000000000000E+00
   9.999993399500000E-01   9.783782598800000E+00   5.760159031400000E-01   1.882760483300000E+00   4.674011755000000E-01   0.000000000000000E+00   0.000000000000000E+00   0.000000000000000E+00   0.000000000000000E+00
   9.999994065100000E-01   9.771641353200000E+00   5.759671460300000E-01   2.198719879300000E+00   6.261307979500000E-01   0.000000000000000E+00   0.000000000000000E+00   0.000000000000000E+00   0.000000000000000E+00
   9.999994472900000E-01   9.762079167900000E+00   5.759278680800000E-01   2.447384547300000E+00   7.660312839600000E-01   0.000000000000000E+00   0.000000000000000E+00   0.000000000000000E+00   0.000000000000000E+00
   9.999994880800001E-01   9.750240755100000E+00   5.758786710900000E-01   2.754549680000000E+00   9.558256744700000E-01   0.000000000000000E+00   0.000000000000000E+00   0.000000000000000E+00   0.000000000000000E+00
   9.999995288700000E-01   9.735262572200000E+00   5.758159877400000E-01   3.141133966700000E+00   1.221770261000000E+00   0.000000000000000E+00   0.000000000000000E+00   0.000000000000000E+00   0.000000000000000E+00
   9.999995696500000E-01   9.715803951300000E+00   5.757343405699999E-01   3.639189051700000E+00   1.606988861900000E+00   0.000000000000000E+00   0.000000000000000E+00   0.000000000000000E+00   0.000000000000000E+00
   9.999995965100000E-01   9.699577520600000E+00   5.756663064799999E-01   4.050234105300000E+00   1.960671973600000E+00   0.000000000000000E+00   0.000000000000000E+00   0.000000000000000E+00   0.000000000000000E+00
   9.999996233700000E-01   9.679631604500001E+00   5.755828873300000E-01   4.550008912200000E+00   2.432256778600000E+00   0.000000000000000E+00   0.000000000000000E+00   0.000000000000000E+00   0.000000000000000E+00
   9.999996502200000E-01   9.654673832400000E+00   5.754789338500000E-01   5.166270988400000E+00   3.076716703600000E+00   0.000000000000000E+00   0.000000000000000E+00   0.000000000000000E+00   0.000000000000000E+00
   9.999996770800000E-01   9.622789744700000E+00   5.753468720700000E-01   5.939053960700000E+00   3.980167452700000E+00   0.000000000000000E+00   0.000000000000000E+00   0.000000000000000E+00   0.000000000000000E+00
   9.999996963000000E-01   9.594194717500001E+00   5.752291075200000E-01   6.618411667400000E+00   4.860948980300000E+00   0.000000000000000E+00   0.000000000000000E+00   0.000000000000000E+00   0.000000000000000E+00
   9.999997155200000E-01   9.559127487800000E+00   5.750854774400000E-01   7.434797153200000E+00   6.023144477000000E+00   0.000000000000000E+00   0.000000000000000E+00   0.000000000000000E+00   0.000000000000000E+00
   9.999997347300000E-01   9.515481911900000E+00   5.749077859300000E-01   8.425883313100000E+00   7.586728722000000E+00   0.000000000000000E+00   0.000000000000000E+00   0.000000000000000E+00   0.000000000000000E+00
   9.999997539500000E-01   9.460251809600001E+00   5.746843900800001E-01   9.643053314900000E+00   9.732274850300000E+00   0.000000000000000E+00   0.000000000000000E+00   0.000000000000000E+00   0.000000000000000E+00
   9.999997688000000E-01   9.406997020300000E+00   5.744702683800000E-01   1.078020023600000E+01   1.196047196600000E+01   0.000000000000000E+00   0.000000000000000E+00   0.000000000000000E+00   0.000000000000000E+00
   9.999997836500000E-01   9.341555733300000E+00   5.742085706500000E-01   1.213291727100000E+01   1.488866285500000E+01   0.000000000000000E+00   0.000000000000000E+00   0.000000000000000E+00   0.000000000000000E+00
   9.999997985000000E-01   9.260173803200001E+00   5.738849199700000E-01   1.375143240000000E+01   1.879463503000000E+01   0.000000000000000E+00   0.000000000000000E+00   0.000000000000000E+00   0.000000000000000E+00
   9.999998133500000E-01   9.157694811400001E+00   5.734796339900000E-01   1.569919341800000E+01   2.407998428300000E+01   0.000000000000000E+00   0.000000000000000E+00   0.000000000000000E+00   0.000000000000000E+00
   9.999998260400000E-01   9.048122574600001E+00   5.730484964700000E-01   1.768155116100000E+01   3.012939064500000E+01   0.000000000000000E+00   0.000000000000000E+00   0.000000000000000E+00   0.000000000000000E+00
   9.999998387400000E-01   8.912177272299999E+00   5.725160599900000E-01   2.001375779500000E+01   3.813098452100000E+01   0.000000000000000E+00   0.000000000000000E+00   0.000000000000000E+00   0.000000000000000E+00
   9.999998514300000E-01   8.742211046900000E+00   5.718533648000000E-01   2.275212714500000E+01   4.881208265700000E+01   0.000000000000000E+00   0.000000000000000E+00   0.000000000000000E+00   0.000000000000000E+00
   9.999998641300000E-01   8.528390689100000E+00   5.710232654900000E-01   2.595190097400000E+01   6.316310750700000E+01   0.000000000000000E+00   0.000000000000000E+00   0.000000000000000E+00   0.000000000000000E+00
   9.999998733800000E-01   8.338126291200000E+00   5.702871771500000E-01   2.859608101100000E+01   7.667316393300000E+01   0.000000000000000E+00   0.000000000000000E+00   0.000000000000000E+00   0.000000000000000E+00
   9.999998826299999E-01   8.112641763299999E+00   5.694172490300000E-01   3.150942624800000E+01   9.346786398300000E+01   0.000000000000000E+00   0.000000000000000E+00   0.000000000000000E+00   0.000000000000000E+00
   9.999998918800000E-01   7.845980104100000E+00   5.683911039500000E-01   3.467713898200000E+01   1.142910325000000E+02   0.000000000000000E+00   0.000000000000000E+00   0.000000000000000E+00   0.000000000000000E+00
   9.999999011300000E-01   7.532129103800000E+00   5.671861983000001E-01   3.805840233700000E+01   1.399622076800000E+02   0.000000000000000E+00   0.000000000000000E+00   0.000000000000000E+00   0.000000000000000E+00
   9.999999111600000E-01   7.132077922300000E+00   5.656536912900000E-01   4.187882218600000E+01   1.742577596400000E+02   0.000000000000000E+00   0.000000000000000E+00   0.000000000000000E+00   0.000000000000000E+00
   9.999999211900000E-01   6.665540489300000E+00   5.638699218600000E-01   4.570307519300000E+01   2.161734808600000E+02   0.000000000000000E+00   0.000000000000000E+00   0.000000000000000E+00   0.000000000000000E+00
   9.999999312200000E-01   6.132493607200000E+00   5.618349782900000E-01   4.931246813600000E+01   2.662018781300000E+02   0.000000000000000E+00   0.000000000000000E+00   0.000000000000000E+00   0.000000000000000E+00
   9.999999412600000E-01   5.539670422900000E+00   5.595743074200000E-01   5.242912812800000E+01   3.241085406700000E+02   0.000000000000000E+00   0.000000000000000E+00   0.000000000000000E+00   0.000000000000000E+00
   9.999999486100000E-01   5.075288106600000E+00   5.578044500800000E-01   5.423130980200000E+01   3.708755929400000E+02   0.000000000000000E+00   0.000000000000000E+00   0.000000000000000E+00   0.000000000000000E+00
   9.999999559700000E-01   4.595199002700000E+00   5.559750389400000E-01   5.550391373500000E+01   4.203105074600000E+02   0.000000000000000E+00   0.000000000000000E+00   0.000000000000000E+00   0.000000000000000E+00
   9.999999633200000E-01   4.109828572900000E+00   5.541252492500000E-01   5.616605323100000E+01   4.711956253600000E+02   0.000000000000000E+00   0.000000000000000E+00   0.000000000000000E+00   0.000000000000000E+00
   9.999999706800000E-01   3.630540295900000E+00   5.522977834400000E-01   5.617217839200000E+01   5.220903676600000E+02   0.000000000000000E+00   0.000000000000000E+00   0.000000000000000E+00   0.000000000000000E+00
   9.999999780100000E-01   3.170071570500000E+00   5.505406178900000E-01   5.552307063300000E+01   5.712943253500000E+02   0.000000000000000E+00   0.000000000000000E+00   0.000000000000000E+00   0.000000000000000E+00
   9.999999853400000E-01   2.736658871300000E+00   5.488846843300000E-01   5.426178139800000E+01   6.175152580500001E+02   0.000000000000000E+00   0.000000000000000E+00   0.000000000000000E+00   0.000000000000000E+00
   9.999999926699999E-01   2.337936781700000E+00   5.473587882500000E-01   5.246506100400000E+01   6.595104294000000E+02   0.000000000000000E+00   0.000000000000000E+00   0.000000000000000E+00   0.000000000000000E+00
   1.000000000000000E+00   1.978880643800000E+00   5.459817941600000E-01   5.023614031400000E+01   6.963439738800000E+02   0.000000000000000E+00   0.000000000000000E+00   0.000000000000000E+00   0.000000000000000E+00
