   0.000000000000000E+00   4.918670443100000E-01   9.999999955900000E-01   1.682941671900000E+00   1.821452431100000E+00   0.000000000000000E+00   0.000000000000000E+00   0.000000000000000E+00   0.000000000000000E+00
   3.623767035900000E-04   6.250970037200000E-01   8.808386155400000E-01   1.593642395700000E+00   1.659308820500000E+00   0.000000000000000E+00   0.000000000000000E+00   0.000000000000000E+00   0.000000000000000E+00
   7.247534071800000E-04   7.743830707400000E-01   7.819031432300000E-01   1.543045946100000E+00   1.456287202800000E+00   0.000000000000000E+00   0.000000000000000E+00   0.000000000000000E+00   0.000000000000000E+00
   1.087130110800000E-03   9.431617323800000E-01   6.993797752299999E-01   1.480195229800000E+00   1.340229378100000E+00   0.000000000000000E+00   0.000000000000000E+00   0.000000000000000E+00   0.000000000000000E+00
   1.449506814400000E-03   1.126494937800000E+00   6.303775317900000E-01   1.452142638900000E+00   1.165514545300000E+00   0.000000000000000E+00   0.000000000000000E+00   0.000000000000000E+00   0.000000000000000E+00
   1.775272673500000E-03   1.306491955900000E+00   5.780978328000000E-01   1.394045914000000E+00   1.126260449000000E+00   0.000000000000000E+00   0.000000000000000E+00   0.000000000000000E+00   0.000000000000000E+00
   2.101038532600000E-03   1.493658964100000E+00   5.336855855000000E-01   1.368384640900000E+00   1.017655670200000E+00   0.000000000000000E+00   0.000000000000000E+00   0.000000000000000E+00   0.000000000000000E+00
   2.426804391700000E-03   1.688657555200000E+00   4.960959657800000E-01   1.325230565500000E+00   9.740440045800000E-01   0.000000000000000E+00   0.000000000000000E+00   0.000000000000000E+00   0.000000000000000E+00
   2.752570250800000E-03   1.883853057800000E+00   4.644053975900000E-01   1.314578460200000E+00   8.590554154400000E-01   0.000000000000000E+00   0.000000000000000E+00   0.000000000000000E+00   0.000000000000000E+00
   3.285135160900000E-03   2.202403771200000E+00   4.233575959700000E-01   1.250075338100000E+00   8.263516923899999E-01   0.000000000000000E+00   0.000000000000000E+00   0.000000000000000E+00   0.000000000000000E+00
   3.817700071100000E-03   2.496531640400000E+00   3.931340241500000E-01   1.222559567300000E+00   7.318231233400000E-01   0.000000000000000E+00   0.000000000000000E+00   0.000000000000000E+00   0.000000000000000E+00
   4.350264981200000E-03   2.756429222500000E+00   3.713214632700000E-01   1.181126222600000E+00   7.064856788700000E-01   0.000000000000000E+00   0.000000000000000E+00   0.000000000000000E+00   0.000000000000000E+00
   4.882829891300000E-03   2.967826765600000E+00   3.558477595100000E-01   1.177198647500000E+00   6.155455045100000E-01   0.000000000000000E+00   0.000000000000000E+00   0.000000000000000E+00   0.000000000000000E+00
   5.729313137700000E-03   3.217342351900000E+00   3.403935638100000E-01   1.129680586800000E+00   6.257077807000000E-01   0.000000000000000E+00   0.000000000000000E+00   0.000000000000000E+00   0.000000000000000E+00
   6.575796384200000E-03   3.367539446800000E+00   3.319736038200000E-01   1.124395365700000E+00   5.755700916499999E-01   0.000000000000000E+00   0.000000000000000E+00   0.000000000000000E+00   0.000000000000000E+00
   7.422279630700000E-03   3.454659676700000E+00   3.274883443100000E-01   1.104807243000000E+00   5.890420023400000E-01   0.000000000000000E+00   0.000000000000000E+00   0.000000000000000E+00   0.000000000000000E+00
   8.268762877200001E-03   3.501179156600000E+00   3.251151521600000E-01   1.120640611700000E+00   5.307540767000000E-01   0.000000000000000E+00   0.000000000000000E+00   0.000000000000000E+00   0.000000000000000E+00
   1.116146258900000E-02   3.550814387500000E+00   3.227302543300000E-01   1.095021395700000E+00   5.750150207300000E-01   0.000000000000000E+00   0.000000000000000E+00   0.000000000000000E+00   0.000000000000000E+00
   1.405416230100000E-02   3.552387331600000E+00   3.226448376100000E-01   1.105476853500000E+00   5.483132570700000E-01   0.000000000000000E+00   0.000000000000000E+00   0.000000000000000E+00   0.000000000000000E+00
   1.694686201200000E-02   3.554449838400000E+00   3.225544120600000E-01   1.094654274700000E+00   5.744899832700000E-01   0.000000000000000E+00   0.000000000000000E+00   0.000000000000000E+00   0.000000000000000E+00
   1.983956172400000E-02   3.553479677200000E+00   3.225858156500000E-01   1.115355607400000E+00   5.232484300900000E-01   0.000000000000000E+00   0.000000000000000E+00   0.000000000000000E+00   0.000000000000000E+00
   2.962410746000000E-02   3.554719708200000E+00   3.225412528100000E-01   1.094627374900000E+00   5.744501884900000E-01   0.000000000000000E+00   0.000000000000000E+00   0.000000000000000E+00   0.000000000000000E+00
   3.940865319500000E-02   3.554274661900000E+00   3.225549142200000E-01   1.105285774700000E+00   5.480465008900000E-01   0.000000000000000E+00   0.000000000000000E+00   0.000000000000000E+00   0.000000000000000E+00
   4.919319893100000E-02   3.554645091300000E+00   3.225448321900000E-01   1.094635070400000E+00   5.744603606399999E-01   0.000000000000000E+00   0.000000000000000E+00   0.000000000000000E+00   0.000000000000000E+00
   5.897774466700000E-02   3.554063813500000E+00   3.225577933700000E-01   1.115295605700000E+00   5.231680650400000E-01   0.000000000000000E+00   0.000000000000000E+00   0.000000000000000E+00   0.000000000000000E+00
   8.225239680500000E-02   3.554624592200000E+00   3.225458154800000E-01   1.094637240600000E+00   5.744629867800000E-01   0.000000000000000E+00   0.000000000000000E+00   0.000000000000000E+00   0.000000000000000E+00
   1.055270489400000E-01   3.554360194000000E+00   3.225508111900000E-01   1.105276858400000E+00   5.480351263500000E-01   0.000000000000000E+00   0.000000000000000E+00   0.000000000000000E+00   0.000000000000000E+00
   1.288017010800000E-01   3.554610729900000E+00   3.225464804800000E-01   1.094638710200000E+00   5.744647565100000E-01   0.000000000000000E+00   0.000000000000000E+00   0.000000000000000E+00   0.000000000000000E+00
   1.520763532200000E-01   3.554155602400000E+00   3.225533901100000E-01   1.115285890500000E+00   5.231562991699999E-01   0.000000000000000E+00   0.000000000000000E+00   0.000000000000000E+00   0.000000000000000E+00
   1.733442523400000E-01   3.554601241100000E+00   3.225469356700000E-01   1.094639730900000E+00   5.744659236700000E-01   0.000000000000000E+00   0.000000000000000E+00   0.000000000000000E+00   0.000000000000000E+00
   1.946121514700000E-01   3.554386984700000E+00   3.225495259900000E-01   1.105273976600000E+00   5.480318310200000E-01   0.000000000000000E+00   0.000000000000000E+00   0.000000000000000E+00   0.000000000000000E+00
   2.158800505900000E-01   3.554592772700000E+00   3.225473419200000E-01   1.094640663200000E+00   5.744669007700000E-01   0.000000000000000E+00   0.000000000000000E+00   0.000000000000000E+00   0.000000000000000E+00
   2.371479497100000E-01   3.554212058000000E+00   3.225506818000000E-01   1.115279695700000E+00   5.231497224200000E-01   0.000000000000000E+00   0.000000000000000E+00   0.000000000000000E+00   0.000000000000000E+00
   2.594265231600000E-01   3.554587569200000E+00   3.225475915500000E-01   1.094641253100000E+00   5.744674502300000E-01   0.000000000000000E+00   0.000000000000000E+00   0.000000000000000E+00   0.000000000000000E+00
   2.817050966000000E-01   3.554402141100000E+00   3.225487988900000E-01   1.105272264400000E+00   5.480302131200000E-01   0.000000000000000E+00   0.000000000000000E+00   0.000000000000000E+00   0.000000000000000E+00
   3.039836700500000E-01   3.554583081000000E+00   3.225478068700000E-01   1.094641780400000E+00   5.744678681199999E-01   0.000000000000000E+00   0.000000000000000E+00   0.000000000000000E+00   0.000000000000000E+00
   3.262622434900000E-01   3.554241870500000E+00   3.225492515700000E-01   1.115276210700000E+00   5.231468922200000E-01   0.000000000000000E+00   0.000000000000000E+00   0.000000000000000E+00   0.000000000000000E+00
   3.463369229400000E-01   3.554580017000000E+00   3.225479538600000E-01   1.094642156400000E+00   5.744681052900000E-01   0.000000000000000E+00   0.000000000000000E+00   0.000000000000000E+00   0.000000000000000E+00
   3.664116023900000E-01   3.554410773400000E+00   3.225483847500000E-01   1.105271204600000E+00   5.480295461500000E-01   0.000000000000000E+00   0.000000000000000E+00   0.000000000000000E+00   0.000000000000000E+00
   3.864862818400000E-01   3.554577322900000E+00   3.225480831200000E-01   1.094642511100000E+00   5.744682416000000E-01   0.000000000000000E+00   0.000000000000000E+00   0.000000000000000E+00   0.000000000000000E+00
   4.065609612900000E-01   3.554259922300000E+00   3.225483855000000E-01   1.115273859500000E+00   5.231459039100000E-01   0.000000000000000E+00   0.000000000000000E+00   0.000000000000000E+00   0.000000000000000E+00
   4.215268848200000E-01   3.554575294700000E+00   3.225481804300000E-01   1.094642798100000E+00   5.744682838000000E-01   0.000000000000000E+00   0.000000000000000E+00   0.000000000000000E+00   0.000000000000000E+00
   4.364928083500000E-01   3.554416228100000E+00   3.225481230400000E-01   1.105270421600000E+00   5.480294659600000E-01   0.000000000000000E+00   0.000000000000000E+00   0.000000000000000E+00   0.000000000000000E+00
   4.514587318800000E-01   3.554573628700000E+00   3.225482603700000E-01   1.094643077400000E+00   5.744681877400000E-01   0.000000000000000E+00   0.000000000000000E+00   0.000000000000000E+00   0.000000000000000E+00
   4.664246554100000E-01   3.554271511400000E+00   3.225478294100000E-01   1.115271979000000E+00   5.231463859300000E-01   0.000000000000000E+00   0.000000000000000E+00   0.000000000000000E+00   0.000000000000000E+00
   4.805473148800000E-01   3.554572659800000E+00   3.225483068800000E-01   1.094643272400000E+00   5.744680335900000E-01   0.000000000000000E+00   0.000000000000000E+00   0.000000000000000E+00   0.000000000000000E+00
   4.946699743500000E-01   3.554419038100000E+00   3.225479881800000E-01   1.105269863400000E+00   5.480298906200000E-01   0.000000000000000E+00   0.000000000000000E+00   0.000000000000000E+00   0.000000000000000E+00
   5.087926338300000E-01   3.554571935600000E+00   3.225483416400000E-01   1.094643463300000E+00   5.744677827000000E-01   0.000000000000000E+00   0.000000000000000E+00   0.000000000000000E+00   0.000000000000000E+00
   5.229152933000000E-01   3.554276602700000E+00   3.225475850100000E-01   1.115270711500000E+00   5.231479262299999E-01   0.000000000000000E+00   0.000000000000000E+00   0.000000000000000E+00   0.000000000000000E+00
   5.382860507400000E-01   3.554571560500000E+00   3.225483596600000E-01   1.094643597200000E+00   5.744675472500000E-01   0.000000000000000E+00   0.000000000000000E+00   0.000000000000000E+00   0.000000000000000E+00
   5.536568081800000E-01   3.554420178900000E+00   3.225479333900000E-01   1.105269477100000E+00   5.480305437100000E-01   0.000000000000000E+00   0.000000000000000E+00   0.000000000000000E+00   0.000000000000000E+00
   5.690275656200000E-01   3.554571279800000E+00   3.225483731500000E-01   1.094643733700000E+00   5.744672616499999E-01   0.000000000000000E+00   0.000000000000000E+00   0.000000000000000E+00   0.000000000000000E+00
   5.843983230599999E-01   3.554278546800000E+00   3.225474915900000E-01   1.115269822800000E+00   5.231497329400000E-01   0.000000000000000E+00   0.000000000000000E+00   0.000000000000000E+00   0.000000000000000E+00
   5.959598603600000E-01   3.554571087000000E+00   3.225483824200000E-01   1.094643860300000E+00   5.744669667100000E-01   0.000000000000000E+00   0.000000000000000E+00   0.000000000000000E+00   0.000000000000000E+00
   6.075213976700000E-01   3.554420698100000E+00   3.225479084200000E-01   1.105269122200000E+00   5.480313800900000E-01   0.000000000000000E+00   0.000000000000000E+00   0.000000000000000E+00   0.000000000000000E+00
   6.190829349800000E-01   3.554570952100000E+00   3.225483889200000E-01   1.094644017700000E+00   5.744665528900000E-01   0.000000000000000E+00   0.000000000000000E+00   0.000000000000000E+00   0.000000000000000E+00
   6.306444722900000E-01   3.554279542000000E+00   3.225474436400000E-01   1.115268801900000E+00   5.231523625200000E-01   0.000000000000000E+00   0.000000000000000E+00   0.000000000000000E+00   0.000000000000000E+00
   6.384266221700000E-01   3.554570862500000E+00   3.225483932600000E-01   1.094644178700000E+00   5.744661081600000E-01   0.000000000000000E+00   0.000000000000000E+00   0.000000000000000E+00   0.000000000000000E+00
   6.462087720500000E-01   3.554420929500000E+00   3.225478972200000E-01   1.105268669900000E+00   5.480326389200000E-01   0.000000000000000E+00   0.000000000000000E+00   0.000000000000000E+00   0.000000000000000E+00
   6.539909219300000E-01   3.554570818800000E+00   3.225483954000000E-01   1.094644396700000E+00   5.744654709100000E-01   0.000000000000000E+00   0.000000000000000E+00   0.000000000000000E+00   0.000000000000000E+00
   6.617730718100000E-01   3.554279932900000E+00   3.225474245700000E-01   1.115267395400000E+00   5.231564249700000E-01   0.000000000000000E+00   0.000000000000000E+00   0.000000000000000E+00   0.000000000000000E+00
   6.710747374700000E-01   3.554570804000000E+00   3.225483961500000E-01   1.094644564900000E+00   5.744649707300000E-01   0.000000000000000E+00   0.000000000000000E+00   0.000000000000000E+00   0.000000000000000E+00
   6.803764031300000E-01   3.554420984300000E+00   3.225478944800000E-01   1.105268193700000E+00   5.480340493500000E-01   0.000000000000000E+00   0.000000000000000E+00   0.000000000000000E+00   0.000000000000000E+00
   6.896780687900000E-01   3.554570795800000E+00   3.225483965900000E-01   1.094644744300000E+00   5.744644335000000E-01   0.000000000000000E+00   0.000000000000000E+00   0.000000000000000E+00   0.000000000000000E+00
   6.989797344499999E-01   3.554279999600000E+00   3.225474211100000E-01   1.115266245500000E+00   5.231598611300000E-01   0.000000000000000E+00   0.000000000000000E+00   0.000000000000000E+00   0.000000000000000E+00
   7.072214816600000E-01   3.554570792100000E+00   3.225483968000000E-01   1.094644906200000E+00   5.744639469600000E-01   0.000000000000000E+00   0.000000000000000E+00   0.000000000000000E+00   0.000000000000000E+00
   7.154632288700000E-01   3.554420995400000E+00   3.225478938400000E-01   1.105267736400000E+00   5.480354230000000E-01   0.000000000000000E+00   0.000000000000000E+00   0.000000000000000E+00   0.000000000000000E+00
   7.237049760700000E-01   3.554570790700000E+00   3.225483969200000E-01   1.094645107900000E+00   5.744633395199999E-01   0.000000000000000E+00   0.000000000000000E+00   0.000000000000000E+00   0.000000000000000E+00
   7.319467232800000E-01   3.554280013400000E+00   3.225474201400000E-01   1.115264954400000E+00   5.231637481000000E-01   0.000000000000000E+00   0.000000000000000E+00   0.000000000000000E+00   0.000000000000000E+00
   7.391463969600000E-01   3.554570790400000E+00   3.225483969700000E-01   1.094645291600000E+00   5.744627856700000E-01   0.000000000000000E+00   0.000000000000000E+00   0.000000000000000E+00   0.000000000000000E+00
   7.463460706300000E-01   3.554420996400000E+00   3.225478936700000E-01   1.105267217800000E+00   5.480369867700000E-01   0.000000000000000E+00   0.000000000000000E+00   0.000000000000000E+00   0.000000000000000E+00
   7.535457443100000E-01   3.554570790900000E+00   3.225483970100000E-01   1.094645522100000E+00   5.744620899900000E-01   0.000000000000000E+00   0.000000000000000E+00   0.000000000000000E+00   0.000000000000000E+00
   7.607454179900000E-01   3.554280011600000E+00   3.225474198700000E-01   1.115263478900000E+00   5.231682002900000E-01   0.000000000000000E+00   0.000000000000000E+00   0.000000000000000E+00   0.000000000000000E+00
   7.672962011800000E-01   3.554570791600000E+00   3.225483970200000E-01   1.094645727700000E+00   5.744614693300000E-01   0.000000000000000E+00   0.000000000000000E+00   0.000000000000000E+00   0.000000000000000E+00
   7.738469843700000E-01   3.554420994700000E+00   3.225478936100000E-01   1.105266637400000E+00   5.480387392100000E-01   0.000000000000000E+00   0.000000000000000E+00   0.000000000000000E+00   0.000000000000000E+00
   7.803977675600000E-01   3.554570792500000E+00   3.225483970400000E-01   1.094645980800000E+00   5.744607046400000E-01   0.000000000000000E+00   0.000000000000000E+00   0.000000000000000E+00   0.000000000000000E+00
   7.869485507500000E-01   3.554280005700000E+00   3.225474197700000E-01   1.115261858600000E+00   5.231730942100000E-01   0.000000000000000E+00   0.000000000000000E+00   0.000000000000000E+00   0.000000000000000E+00
   7.922929501100000E-01   3.554570793500000E+00   3.225483970500000E-01   1.094646220300000E+00   5.744599812900000E-01   0.000000000000000E+00   0.000000000000000E+00   0.000000000000000E+00   0.000000000000000E+00
   7.976373494700000E-01   3.554420991900000E+00   3.225478935800000E-01   1.105265961400000E+00   5.480407816300000E-01   0.000000000000000E+00   0.000000000000000E+00   0.000000000000000E+00   0.000000000000000E+00
   8.029817488300000E-01   3.554570794800000E+00   3.225483970600000E-01   1.094646530400000E+00   5.744590439500000E-01   0.000000000000000E+00   0.000000000000000E+00   0.000000000000000E+00   0.000000000000000E+00
   8.083261481800000E-01   3.554279997500000E+00   3.225474196700000E-01   1.115259873900000E+00   5.231790931800000E-01   0.000000000000000E+00   0.000000000000000E+00   0.000000000000000E+00   0.000000000000000E+00
   8.129793001600000E-01   3.554570796000000E+00   3.225483970800000E-01   1.094646813400000E+00   5.744581880100000E-01   0.000000000000000E+00   0.000000000000000E+00   0.000000000000000E+00   0.000000000000000E+00
   8.176324521300000E-01   3.554420988600000E+00   3.225478935400000E-01   1.105265162200000E+00   5.480431984000000E-01   0.000000000000000E+00   0.000000000000000E+00   0.000000000000000E+00   0.000000000000000E+00
   8.222856041000000E-01   3.554570797500000E+00   3.225483970900000E-01   1.094647169300000E+00   5.744571113700000E-01   0.000000000000000E+00   0.000000000000000E+00   0.000000000000000E+00   0.000000000000000E+00
   8.269387560700000E-01   3.554279987700000E+00   3.225474195700000E-01   1.115257596100000E+00   5.231859836700000E-01   0.000000000000000E+00   0.000000000000000E+00   0.000000000000000E+00   0.000000000000000E+00
   8.305053757800001E-01   3.554570799000000E+00   3.225483971100000E-01   1.094647517800000E+00   5.744560568100000E-01   0.000000000000000E+00   0.000000000000000E+00   0.000000000000000E+00   0.000000000000000E+00
   8.340719954900000E-01   3.554420984300000E+00   3.225478935000000E-01   1.105264178400000E+00   5.480461760000001E-01   0.000000000000000E+00   0.000000000000000E+00   0.000000000000000E+00   0.000000000000000E+00
   8.376386152000000E-01   3.554570801100000E+00   3.225483971300000E-01   1.094647981700000E+00   5.744546521000000E-01   0.000000000000000E+00   0.000000000000000E+00   0.000000000000000E+00   0.000000000000000E+00
   8.412052349000000E-01   3.554279974700000E+00   3.225474194300000E-01   1.115254627300000E+00   5.231949737900000E-01   0.000000000000000E+00   0.000000000000000E+00   0.000000000000000E+00   0.000000000000000E+00
   8.448645181800000E-01   3.554570802800000E+00   3.225483971500000E-01   1.094648370800000E+00   5.744534731800000E-01   0.000000000000000E+00   0.000000000000000E+00   0.000000000000000E+00   0.000000000000000E+00
   8.485238014599999E-01   3.554420979400000E+00   3.225478934500000E-01   1.105263079700000E+00   5.480495047300000E-01   0.000000000000000E+00   0.000000000000000E+00   0.000000000000000E+00   0.000000000000000E+00
   8.521830847300000E-01   3.554570804800000E+00   3.225483971700000E-01   1.094648822400000E+00   5.744521039500000E-01   0.000000000000000E+00   0.000000000000000E+00   0.000000000000000E+00   0.000000000000000E+00
   8.558423680100000E-01   3.554279961700000E+00   3.225474193000000E-01   1.115251736700000E+00   5.232037368500000E-01   0.000000000000000E+00   0.000000000000000E+00   0.000000000000000E+00   0.000000000000000E+00
   8.597726711900000E-01   3.554570806500000E+00   3.225483971800000E-01   1.094649192900000E+00   5.744509802000000E-01   0.000000000000000E+00   0.000000000000000E+00   0.000000000000000E+00   0.000000000000000E+00
   8.637029743600000E-01   3.554420974600000E+00   3.225478934000000E-01   1.105262033700000E+00   5.480526776700000E-01   0.000000000000000E+00   0.000000000000000E+00   0.000000000000000E+00   0.000000000000000E+00
   8.676332775400000E-01   3.554570808500000E+00   3.225483972000000E-01   1.094649613000000E+00   5.744497053099999E-01   0.000000000000000E+00   0.000000000000000E+00   0.000000000000000E+00   0.000000000000000E+00
   8.715635807100000E-01   3.554279949200000E+00   3.225474191800000E-01   1.115249048300000E+00   5.232118961700000E-01   0.000000000000000E+00   0.000000000000000E+00   0.000000000000000E+00   0.000000000000000E+00
   8.750352515099999E-01   3.554570810200000E+00   3.225483972200000E-01   1.094649993400000E+00   5.744485500299999E-01   0.000000000000000E+00   0.000000000000000E+00   0.000000000000000E+00   0.000000000000000E+00
   8.785069223000000E-01   3.554420969600000E+00   3.225478933500000E-01   1.105260959500000E+00   5.480559396300000E-01   0.000000000000000E+00   0.000000000000000E+00   0.000000000000000E+00   0.000000000000000E+00
   8.819785931000000E-01   3.554570812500000E+00   3.225483972400000E-01   1.094650468500000E+00   5.744471066200000E-01   0.000000000000000E+00   0.000000000000000E+00   0.000000000000000E+00   0.000000000000000E+00
   8.854502638900000E-01   3.554279934800000E+00   3.225474190300000E-01   1.115246007900000E+00   5.232211340200000E-01   0.000000000000000E+00   0.000000000000000E+00   0.000000000000000E+00   0.000000000000000E+00
   8.888263610800000E-01   3.554570814500000E+00   3.225483972600000E-01   1.094650877800000E+00   5.744458623000001E-01   0.000000000000000E+00   0.000000000000000E+00   0.000000000000000E+00   0.000000000000000E+00
   8.922024582700000E-01   3.554420964100000E+00   3.225478932900000E-01   1.105259803900000E+00   5.480594530000000E-01   0.000000000000000E+00   0.000000000000000E+00   0.000000000000000E+00   0.000000000000000E+00
   8.955785554600000E-01   3.554570816800000E+00   3.225483972900000E-01   1.094651365700000E+00   5.744443779200000E-01   0.000000000000000E+00   0.000000000000000E+00   0.000000000000000E+00   0.000000000000000E+00
   8.989546526500000E-01   3.554279919600000E+00   3.225474188800000E-01   1.115242885000000E+00   5.232306341100000E-01   0.000000000000000E+00   0.000000000000000E+00   0.000000000000000E+00   0.000000000000000E+00
   9.018645427500001E-01   3.554570819000000E+00   3.225483973100000E-01   1.094651813500000E+00   5.744430150600000E-01   0.000000000000000E+00   0.000000000000000E+00   0.000000000000000E+00   0.000000000000000E+00
   9.047744328500000E-01   3.554420957800000E+00   3.225478932300000E-01   1.105258539700000E+00   5.480633010700000E-01   0.000000000000000E+00   0.000000000000000E+00   0.000000000000000E+00   0.000000000000000E+00
   9.076843229500000E-01   3.554570821900000E+00   3.225483973400000E-01   1.094652378900000E+00   5.744412927100000E-01   0.000000000000000E+00   0.000000000000000E+00   0.000000000000000E+00   0.000000000000000E+00
   9.105942130500000E-01   3.554279901500000E+00   3.225474187100000E-01   1.115239266300000E+00   5.232416571800000E-01   0.000000000000000E+00   0.000000000000000E+00   0.000000000000000E+00   0.000000000000000E+00
   9.130949474300000E-01   3.554570824500000E+00   3.225483973600000E-01   1.094652898500000E+00   5.744397088700000E-01   0.000000000000000E+00   0.000000000000000E+00   0.000000000000000E+00   0.000000000000000E+00
   9.155956818100000E-01   3.554420950400000E+00   3.225478931600000E-01   1.105257072800000E+00   5.480677731000000E-01   0.000000000000000E+00   0.000000000000000E+00   0.000000000000000E+00   0.000000000000000E+00
   9.180964161900000E-01   3.554570827900000E+00   3.225483973900000E-01   1.094653555400000E+00   5.744377045100000E-01   0.000000000000000E+00   0.000000000000000E+00   0.000000000000000E+00   0.000000000000000E+00
   9.205971505700000E-01   3.554279879800000E+00   3.225474185000000E-01   1.115235061900000E+00   5.232544850800001E-01   0.000000000000000E+00   0.000000000000000E+00   0.000000000000000E+00   0.000000000000000E+00
   9.229202309900000E-01   3.554570830900000E+00   3.225483974200000E-01   1.094654134700000E+00   5.744359355699999E-01   0.000000000000000E+00   0.000000000000000E+00   0.000000000000000E+00   0.000000000000000E+00
   9.252433114000000E-01   3.554420941800000E+00   3.225478930800000E-01   1.105255437200000E+00   5.480727677800000E-01   0.000000000000000E+00   0.000000000000000E+00   0.000000000000000E+00   0.000000000000000E+00
   9.275663918200000E-01   3.554570834700000E+00   3.225483974600000E-01   1.094654840800000E+00   5.744337776800000E-01   0.000000000000000E+00   0.000000000000000E+00   0.000000000000000E+00   0.000000000000000E+00
   9.298894722400000E-01   3.554279855600000E+00   3.225474182700000E-01   1.115230543400000E+00   5.232682955700000E-01   0.000000000000000E+00   0.000000000000000E+00   0.000000000000000E+00   0.000000000000000E+00
   9.317650898199999E-01   3.554570838400000E+00   3.225483974900000E-01   1.094655511900000E+00   5.744317245700000E-01   0.000000000000000E+00   0.000000000000000E+00   0.000000000000000E+00   0.000000000000000E+00
   9.336407073900000E-01   3.554420931400000E+00   3.225478929800000E-01   1.105253542400000E+00   5.480785648700000E-01   0.000000000000000E+00   0.000000000000000E+00   0.000000000000000E+00   0.000000000000000E+00
   9.355163249700000E-01   3.554570843200000E+00   3.225483975400000E-01   1.094656384700000E+00   5.744290515100000E-01   0.000000000000000E+00   0.000000000000000E+00   0.000000000000000E+00   0.000000000000000E+00
   9.373919425500000E-01   3.554279824500000E+00   3.225474179900000E-01   1.115224957800000E+00   5.232854031800001E-01   0.000000000000000E+00   0.000000000000000E+00   0.000000000000000E+00   0.000000000000000E+00
   9.391276315000000E-01   3.554570847600000E+00   3.225483975800000E-01   1.094657155600000E+00   5.744266876400000E-01   0.000000000000000E+00   0.000000000000000E+00   0.000000000000000E+00   0.000000000000000E+00
   9.408633204500000E-01   3.554420919000000E+00   3.225478928700000E-01   1.105251365800000E+00   5.480852393600000E-01   0.000000000000000E+00   0.000000000000000E+00   0.000000000000000E+00   0.000000000000000E+00
   9.425990094000000E-01   3.554570853100000E+00   3.225483976300000E-01   1.094658096600000E+00   5.744237986000000E-01   0.000000000000000E+00   0.000000000000000E+00   0.000000000000000E+00   0.000000000000000E+00
   9.443346983499999E-01   3.554279789300000E+00   3.225474176700000E-01   1.115218935700000E+00   5.233038930600000E-01   0.000000000000000E+00   0.000000000000000E+00   0.000000000000000E+00   0.000000000000000E+00
   9.458302779100000E-01   3.554570858300000E+00   3.225483976700000E-01   1.094658959600000E+00   5.744211455700000E-01   0.000000000000000E+00   0.000000000000000E+00   0.000000000000000E+00   0.000000000000000E+00
   9.473258574600000E-01   3.554420904500000E+00   3.225478927400000E-01   1.105248929300000E+00   5.480927303599999E-01   0.000000000000000E+00   0.000000000000000E+00   0.000000000000000E+00   0.000000000000000E+00
   9.488214370100000E-01   3.554570864900000E+00   3.225483977300000E-01   1.094660048800000E+00   5.744177920500000E-01   0.000000000000000E+00   0.000000000000000E+00   0.000000000000000E+00   0.000000000000000E+00
   9.503170165600000E-01   3.554279746700000E+00   3.225474172900000E-01   1.115211964700000E+00   5.233253555800000E-01   0.000000000000000E+00   0.000000000000000E+00   0.000000000000000E+00   0.000000000000000E+00
   9.516752725600000E-01   3.554570871000000E+00   3.225483977800000E-01   1.094661020200000E+00   5.744147971600000E-01   0.000000000000000E+00   0.000000000000000E+00   0.000000000000000E+00   0.000000000000000E+00
   9.530335285500000E-01   3.554420887200000E+00   3.225478925900000E-01   1.105246187000000E+00   5.481011866000000E-01   0.000000000000000E+00   0.000000000000000E+00   0.000000000000000E+00   0.000000000000000E+00
   9.543917845400000E-01   3.554570878700000E+00   3.225483978500000E-01   1.094662216000000E+00   5.744111037500000E-01   0.000000000000000E+00   0.000000000000000E+00   0.000000000000000E+00   0.000000000000000E+00
   9.557500405400000E-01   3.554279697300000E+00   3.225474168700000E-01   1.115204311400000E+00   5.233489934300000E-01   0.000000000000000E+00   0.000000000000000E+00   0.000000000000000E+00   0.000000000000000E+00
   9.574223830600000E-01   3.554570884800000E+00   3.225483979000000E-01   1.094663135500000E+00   5.744082587800000E-01   0.000000000000000E+00   0.000000000000000E+00   0.000000000000000E+00   0.000000000000000E+00
   9.590947255800000E-01   3.554420870000000E+00   3.225478924400000E-01   1.105243590300000E+00   5.481092193200000E-01   0.000000000000000E+00   0.000000000000000E+00   0.000000000000000E+00   0.000000000000000E+00
   9.607670681100000E-01   3.554570891400000E+00   3.225483979600000E-01   1.094664104000000E+00   5.744052583600000E-01   0.000000000000000E+00   0.000000000000000E+00   0.000000000000000E+00   0.000000000000000E+00
   9.624394106300000E-01   3.554279655200000E+00   3.225474165100000E-01   1.115198113100000E+00   5.233681961500000E-01   0.000000000000000E+00   0.000000000000000E+00   0.000000000000000E+00   0.000000000000000E+00
   9.634231324700000E-01   3.554570899100000E+00   3.225483980200000E-01   1.094665214300000E+00   5.744018151000000E-01   0.000000000000000E+00   0.000000000000000E+00   0.000000000000000E+00   0.000000000000000E+00
   9.644068543100000E-01   3.554420848200000E+00   3.225478922600000E-01   1.105240457400000E+00   5.481189420200000E-01   0.000000000000000E+00   0.000000000000000E+00   0.000000000000000E+00   0.000000000000000E+00
   9.653905761500000E-01   3.554570910800000E+00   3.225483981200000E-01   1.094666855000000E+00   5.743967128700000E-01   0.000000000000000E+00   0.000000000000000E+00   0.000000000000000E+00   0.000000000000000E+00
   9.663742979900000E-01   3.554279579800000E+00   3.225474158900000E-01   1.115187612500000E+00   5.234008505000000E-01   0.000000000000000E+00   0.000000000000000E+00   0.000000000000000E+00   0.000000000000000E+00
   9.672750539700000E-01   3.554570921600000E+00   3.225483982100000E-01   1.094668310700000E+00   5.743921754200000E-01   0.000000000000000E+00   0.000000000000000E+00   0.000000000000000E+00   0.000000000000000E+00
   9.681758099500000E-01   3.554420817600000E+00   3.225478920100000E-01   1.105236347700000E+00   5.481317538300000E-01   0.000000000000000E+00   0.000000000000000E+00   0.000000000000000E+00   0.000000000000000E+00
   9.690765659300000E-01   3.554570935400000E+00   3.225483983200000E-01   1.094670094300000E+00   5.743866010100001E-01   0.000000000000000E+00   0.000000000000000E+00   0.000000000000000E+00   0.000000000000000E+00
   9.699773219100000E-01   3.554279491700000E+00   3.225474151800000E-01   1.115176198100000E+00   5.234365268400000E-01   0.000000000000000E+00   0.000000000000000E+00   0.000000000000000E+00   0.000000000000000E+00
   9.709861828000000E-01   3.554570946900000E+00   3.225483984100000E-01   1.094671525300000E+00   5.743821155900000E-01   0.000000000000000E+00   0.000000000000000E+00   0.000000000000000E+00   0.000000000000000E+00
   9.719950436900000E-01   3.554420785300000E+00   3.225478917500000E-01   1.105232306300000E+00   5.481444183200000E-01   0.000000000000000E+00   0.000000000000000E+00   0.000000000000000E+00   0.000000000000000E+00
   9.730039045900000E-01   3.554570960000000E+00   3.225483985100000E-01   1.094673110200000E+00   5.743771364100000E-01   0.000000000000000E+00   0.000000000000000E+00   0.000000000000000E+00   0.000000000000000E+00
   9.740127654800000E-01   3.554279407800000E+00   3.225474145200000E-01   1.115166054800000E+00   5.234683936800000E-01   0.000000000000000E+00   0.000000000000000E+00   0.000000000000000E+00   0.000000000000000E+00
   9.749030923200001E-01   3.554570972200000E+00   3.225483986100000E-01   1.094674544000000E+00   5.743726214900000E-01   0.000000000000000E+00   0.000000000000000E+00   0.000000000000000E+00   0.000000000000000E+00
   9.757934191500000E-01   3.554420750700000E+00   3.225478914900000E-01   1.105228258900000E+00   5.481571666300000E-01   0.000000000000000E+00   0.000000000000000E+00   0.000000000000000E+00   0.000000000000000E+00
   9.766837459900000E-01   3.554570988000000E+00   3.225483987300000E-01   1.094676331300000E+00   5.743669768700000E-01   0.000000000000000E+00   0.000000000000000E+00   0.000000000000000E+00   0.000000000000000E+00
   9.775740728200000E-01   3.554279306700000E+00   3.225474137400000E-01   1.115154616500000E+00   5.235045193700000E-01   0.000000000000000E+00   0.000000000000000E+00   0.000000000000000E+00   0.000000000000000E+00
   9.783103576500000E-01   3.554571003300000E+00   3.225483988500000E-01   1.094678005300000E+00   5.743616758300000E-01   0.000000000000000E+00   0.000000000000000E+00   0.000000000000000E+00   0.000000000000000E+00
   9.790466424800000E-01   3.554420707300000E+00   3.225478911600000E-01   1.105223534200000E+00   5.481721348900001E-01   0.000000000000000E+00   0.000000000000000E+00   0.000000000000000E+00   0.000000000000000E+00
   9.797829273000001E-01   3.554571023800000E+00   3.225483990000000E-01   1.094680153900000E+00   5.743548464500000E-01   0.000000000000000E+00   0.000000000000000E+00   0.000000000000000E+00   0.000000000000000E+00
   9.805192121300000E-01   3.554279175500000E+00   3.225474127700000E-01   1.115140865500000E+00   5.235482276300000E-01   0.000000000000000E+00   0.000000000000000E+00   0.000000000000000E+00   0.000000000000000E+00
   9.811996259100000E-01   3.554571042600000E+00   3.225483991400000E-01   1.094682049300000E+00   5.743488012600000E-01   0.000000000000000E+00   0.000000000000000E+00   0.000000000000000E+00   0.000000000000000E+00
   9.818800396900000E-01   3.554420654200000E+00   3.225478907700000E-01   1.105218183700000E+00   5.481892040600000E-01   0.000000000000000E+00   0.000000000000000E+00   0.000000000000000E+00   0.000000000000000E+00
   9.825604534700000E-01   3.554571066500000E+00   3.225483993100000E-01   1.094684358600000E+00   5.743414060399999E-01   0.000000000000000E+00   0.000000000000000E+00   0.000000000000000E+00   0.000000000000000E+00
   9.832408672500000E-01   3.554279022500000E+00   3.225474116500000E-01   1.115126086500000E+00   5.235955572900000E-01   0.000000000000000E+00   0.000000000000000E+00   0.000000000000000E+00   0.000000000000000E+00
   9.836790202900000E-01   3.554571093200000E+00   3.225483995000000E-01   1.094686857100000E+00   5.743333800100000E-01   0.000000000000000E+00   0.000000000000000E+00   0.000000000000000E+00   0.000000000000000E+00
   9.841171733200000E-01   3.554420577600000E+00   3.225478902200000E-01   1.105211139900000E+00   5.482118695300000E-01   0.000000000000000E+00   0.000000000000000E+00   0.000000000000000E+00   0.000000000000000E+00
   9.845553263600000E-01   3.554571134000000E+00   3.225483997900000E-01   1.094690409800000E+00   5.743218846600000E-01   0.000000000000000E+00   0.000000000000000E+00   0.000000000000000E+00   0.000000000000000E+00
   9.849934794000000E-01   3.554278761100000E+00   3.225474098100000E-01   1.115103349900000E+00   5.236691286900000E-01   0.000000000000000E+00   0.000000000000000E+00   0.000000000000000E+00   0.000000000000000E+00
   9.852996540800000E-01   3.554571178100000E+00   3.225484001000000E-01   1.094694062800000E+00   5.743100014400000E-01   0.000000000000000E+00   0.000000000000000E+00   0.000000000000000E+00   0.000000000000000E+00
   9.856058287500000E-01   3.554420450700000E+00   3.225478893400000E-01   1.105200845900000E+00   5.482454297400000E-01   0.000000000000000E+00   0.000000000000000E+00   0.000000000000000E+00   0.000000000000000E+00
   9.859120034200000E-01   3.554571244600000E+00   3.225484005500000E-01   1.094699073800000E+00   5.742935244900000E-01   0.000000000000000E+00   0.000000000000000E+00   0.000000000000000E+00   0.000000000000000E+00
   9.862181780900000E-01   3.554278334600000E+00   3.225474069200000E-01   1.115071283100000E+00   5.237745846100000E-01   0.000000000000000E+00   0.000000000000000E+00   0.000000000000000E+00   0.000000000000000E+00
   9.867239837700000E-01   3.554571294100000E+00   3.225484008800000E-01   1.094702457000000E+00   5.742822690600000E-01   0.000000000000000E+00   0.000000000000000E+00   0.000000000000000E+00   0.000000000000000E+00
   9.872297894399999E-01   3.554420314000000E+00   3.225478884300000E-01   1.105191267700000E+00   5.482771999100000E-01   0.000000000000000E+00   0.000000000000000E+00   0.000000000000000E+00   0.000000000000000E+00
   9.877355951200000E-01   3.554571339400000E+00   3.225484011700000E-01   1.094705446200000E+00   5.742722779300000E-01   0.000000000000000E+00   0.000000000000000E+00   0.000000000000000E+00   0.000000000000000E+00
   9.882414007900000E-01   3.554278044800000E+00   3.225474050200000E-01   1.115052152800000E+00   5.238385286200000E-01   0.000000000000000E+00   0.000000000000000E+00   0.000000000000000E+00   0.000000000000000E+00
   9.885199659700000E-01   3.554571395000000E+00   3.225484015400000E-01   1.094709009900000E+00   5.742603161499999E-01   0.000000000000000E+00   0.000000000000000E+00   0.000000000000000E+00   0.000000000000000E+00
   9.887985311400000E-01   3.554420152600000E+00   3.225478873900000E-01   1.105181241900000E+00   5.483109896500000E-01   0.000000000000000E+00   0.000000000000000E+00   0.000000000000000E+00   0.000000000000000E+00
   9.890770963200000E-01   3.554571487200000E+00   3.225484021200000E-01   1.094714349500000E+00   5.742421381600000E-01   0.000000000000000E+00   0.000000000000000E+00   0.000000000000000E+00   0.000000000000000E+00
   9.893556614900000E-01   3.554277454200000E+00   3.225474012600000E-01   1.115017984200000E+00   5.239548728400000E-01   0.000000000000000E+00   0.000000000000000E+00   0.000000000000000E+00   0.000000000000000E+00
   9.895966638200000E-01   3.554571577500000E+00   3.225484026900000E-01   1.094719191000000E+00   5.742254603900000E-01   0.000000000000000E+00   0.000000000000000E+00   0.000000000000000E+00   0.000000000000000E+00
   9.898376661600000E-01   3.554419895500000E+00   3.225478857800000E-01   1.105167591100000E+00   5.483580892700000E-01   0.000000000000000E+00   0.000000000000000E+00   0.000000000000000E+00   0.000000000000000E+00
   9.900786684900000E-01   3.554571701200000E+00   3.225484034500000E-01   1.094725213000000E+00   5.742043818900000E-01   0.000000000000000E+00   0.000000000000000E+00   0.000000000000000E+00   0.000000000000000E+00
   9.903196708300001E-01   3.554276661300000E+00   3.225473963800000E-01   1.114979452200000E+00   5.240897836100000E-01   0.000000000000000E+00   0.000000000000000E+00   0.000000000000000E+00   0.000000000000000E+00
   9.905363820600001E-01   3.554571820600000E+00   3.225484041700000E-01   1.094730545900000E+00   5.741854264200000E-01   0.000000000000000E+00   0.000000000000000E+00   0.000000000000000E+00   0.000000000000000E+00
   9.907530932900001E-01   3.554419555900000E+00   3.225478837200000E-01   1.105152553800000E+00   5.484116215000000E-01   0.000000000000000E+00   0.000000000000000E+00   0.000000000000000E+00   0.000000000000000E+00
   9.909698045200001E-01   3.554571981600000E+00   3.225484051300000E-01   1.094737040400000E+00   5.741618868400000E-01   0.000000000000000E+00   0.000000000000000E+00   0.000000000000000E+00   0.000000000000000E+00
   9.911865157600001E-01   3.554275629000000E+00   3.225473902300000E-01   1.114937899900000E+00   5.242404494600000E-01   0.000000000000000E+00   0.000000000000000E+00   0.000000000000000E+00   0.000000000000000E+00
   9.914272841200000E-01   3.554572122900000E+00   3.225484059600000E-01   1.094742189600000E+00   5.741428285200000E-01   0.000000000000000E+00   0.000000000000000E+00   0.000000000000000E+00   0.000000000000000E+00
   9.916680524800000E-01   3.554419159300000E+00   3.225478813900000E-01   1.105137997100000E+00   5.484654250100000E-01   0.000000000000000E+00   0.000000000000000E+00   0.000000000000000E+00   0.000000000000000E+00
   9.919088208400000E-01   3.554572290900000E+00   3.225484069400000E-01   1.094747838300000E+00   5.741215376900000E-01   0.000000000000000E+00   0.000000000000000E+00   0.000000000000000E+00   0.000000000000000E+00
   9.921495892000000E-01   3.554274552300000E+00   3.225473839800000E-01   1.114901758400000E+00   5.243767206600000E-01   0.000000000000000E+00   0.000000000000000E+00   0.000000000000000E+00   0.000000000000000E+00
   9.923694970800000E-01   3.554572450500000E+00   3.225484078500000E-01   1.094752783000000E+00   5.741025357000000E-01   0.000000000000000E+00   0.000000000000000E+00   0.000000000000000E+00   0.000000000000000E+00
   9.925894049700000E-01   3.554418706300000E+00   3.225478787900000E-01   1.105124056000000E+00   5.485190900400000E-01   0.000000000000000E+00   0.000000000000000E+00   0.000000000000000E+00   0.000000000000000E+00
   9.928093128500000E-01   3.554572661600000E+00   3.225484090500000E-01   1.094758737300000E+00   5.740790967400000E-01   0.000000000000000E+00   0.000000000000000E+00   0.000000000000000E+00   0.000000000000000E+00
   9.930292207300000E-01   3.554273198600000E+00   3.225473763000000E-01   1.114863664900000E+00   5.245267442300000E-01   0.000000000000000E+00   0.000000000000000E+00   0.000000000000000E+00   0.000000000000000E+00
   9.931724084300000E-01   3.554572901900000E+00   3.225484104100000E-01   1.094765047900000E+00   5.740537746400000E-01   0.000000000000000E+00   0.000000000000000E+00   0.000000000000000E+00   0.000000000000000E+00
   9.933155961300000E-01   3.554418007800000E+00   3.225478748700000E-01   1.105106404300000E+00   5.485906889900000E-01   0.000000000000000E+00   0.000000000000000E+00   0.000000000000000E+00   0.000000000000000E+00
   9.934587838200000E-01   3.554573287100000E+00   3.225484125400000E-01   1.094773683500000E+00   5.740174749600000E-01   0.000000000000000E+00   0.000000000000000E+00   0.000000000000000E+00   0.000000000000000E+00
   9.936019715200000E-01   3.554270725600000E+00   3.225473626000000E-01   1.114808454100000E+00   5.247591193900000E-01   0.000000000000000E+00   0.000000000000000E+00   0.000000000000000E+00   0.000000000000000E+00
   9.937451442400000E-01   3.554573649300000E+00   3.225484145200000E-01   1.094780737100000E+00   5.739864380800000E-01   0.000000000000000E+00   0.000000000000000E+00   0.000000000000000E+00   0.000000000000000E+00
   9.938883169500000E-01   3.554416983700000E+00   3.225478692700000E-01   1.105086500400000E+00   5.486783345700000E-01   0.000000000000000E+00   0.000000000000000E+00   0.000000000000000E+00   0.000000000000000E+00
   9.940314896700000E-01   3.554574118600000E+00   3.225484170600000E-01   1.094788679000000E+00   5.739496908300000E-01   0.000000000000000E+00   0.000000000000000E+00   0.000000000000000E+00   0.000000000000000E+00
   9.941746623900000E-01   3.554267712700000E+00   3.225473462900000E-01   1.114757691600000E+00   5.249943673500000E-01   0.000000000000000E+00   0.000000000000000E+00   0.000000000000000E+00   0.000000000000000E+00
   9.942723821900000E-01   3.554574649400000E+00   3.225484199100000E-01   1.094796680100000E+00   5.739109787100000E-01   0.000000000000000E+00   0.000000000000000E+00   0.000000000000000E+00   0.000000000000000E+00
   9.943701019900000E-01   3.554415431300000E+00   3.225478609600000E-01   1.105064346200000E+00   5.487879462600000E-01   0.000000000000000E+00   0.000000000000000E+00   0.000000000000000E+00   0.000000000000000E+00
   9.944678218000000E-01   3.554575512500000E+00   3.225484244800000E-01   1.094806885700000E+00   5.738561622200000E-01   0.000000000000000E+00   0.000000000000000E+00   0.000000000000000E+00   0.000000000000000E+00
   9.945655416000000E-01   3.554262156500000E+00   3.225473168900000E-01   1.114692620800000E+00   5.253454363600000E-01   0.000000000000000E+00   0.000000000000000E+00   0.000000000000000E+00   0.000000000000000E+00
   9.946834435000000E-01   3.554576284500000E+00   3.225484285200000E-01   1.094814002500000E+00   5.738129652000000E-01   0.000000000000000E+00   0.000000000000000E+00   0.000000000000000E+00   0.000000000000000E+00
   9.948013454000000E-01   3.554413281800000E+00   3.225478497000000E-01   1.105044005600000E+00   5.489097443900000E-01   0.000000000000000E+00   0.000000000000000E+00   0.000000000000000E+00   0.000000000000000E+00
   9.949192473000000E-01   3.554577191200000E+00   3.225484332400000E-01   1.094820923000000E+00   5.737664040000000E-01   0.000000000000000E+00   0.000000000000000E+00   0.000000000000000E+00   0.000000000000000E+00
   9.950371491900000E-01   3.554256332000000E+00   3.225472866400000E-01   1.114648497500000E+00   5.256435945200000E-01   0.000000000000000E+00   0.000000000000000E+00   0.000000000000000E+00   0.000000000000000E+00
   9.951473243800000E-01   3.554578073200000E+00   3.225484377900000E-01   1.094826338100000E+00   5.737249250899999E-01   0.000000000000000E+00   0.000000000000000E+00   0.000000000000000E+00   0.000000000000000E+00
   9.952574995600000E-01   3.554410772400000E+00   3.225478367600000E-01   1.105028864000000E+00   5.490269844500000E-01   0.000000000000000E+00   0.000000000000000E+00   0.000000000000000E+00   0.000000000000000E+00
   9.953676747400000E-01   3.554579271700000E+00   3.225484439300000E-01   1.094831928500000E+00   5.736736969100000E-01   0.000000000000000E+00   0.000000000000000E+00   0.000000000000000E+00   0.000000000000000E+00
   9.954778499300000E-01   3.554248630900000E+00   3.225472471600000E-01   1.114612963500000E+00   5.259716968900000E-01   0.000000000000000E+00   0.000000000000000E+00   0.000000000000000E+00   0.000000000000000E+00
   9.955407721800000E-01   3.554580776300000E+00   3.225484516200000E-01   1.094837643300000E+00   5.736131565100000E-01   0.000000000000000E+00   0.000000000000000E+00   0.000000000000000E+00   0.000000000000000E+00
   9.956036944400000E-01   3.554406238200000E+00   3.225478136800000E-01   1.105014975000000E+00   5.491997650400000E-01   0.000000000000000E+00   0.000000000000000E+00   0.000000000000000E+00   0.000000000000000E+00
   9.956666167000000E-01   3.554583562800000E+00   3.225484657000000E-01   1.094842015700000E+00   5.735190799600000E-01   0.000000000000000E+00   0.000000000000000E+00   0.000000000000000E+00   0.000000000000000E+00
   9.957295389600000E-01   3.554230580500000E+00   3.225471559800000E-01   1.114586665600000E+00   5.265754527199999E-01   0.000000000000000E+00   0.000000000000000E+00   0.000000000000000E+00   0.000000000000000E+00
   9.957895604600000E-01   3.554586455500000E+00   3.225484802300000E-01   1.094842176100000E+00   5.734341087400000E-01   0.000000000000000E+00   0.000000000000000E+00   0.000000000000000E+00   0.000000000000000E+00
   9.958495819600000E-01   3.554397969700000E+00   3.225477722200000E-01   1.105015353800000E+00   5.494404492300000E-01   0.000000000000000E+00   0.000000000000000E+00   0.000000000000000E+00   0.000000000000000E+00
   9.959096034600000E-01   3.554590662500000E+00   3.225485012400000E-01   1.094836873600000E+00   5.733270454000000E-01   0.000000000000000E+00   0.000000000000000E+00   0.000000000000000E+00   0.000000000000000E+00
   9.959696249600000E-01   3.554203477800000E+00   3.225470209300000E-01   1.114623212600000E+00   5.272632166600000E-01   0.000000000000000E+00   0.000000000000000E+00   0.000000000000000E+00   0.000000000000000E+00
   9.960269106400000E-01   3.554595206200000E+00   3.225485240300000E-01   1.094826691600000E+00   5.732289316500000E-01   0.000000000000000E+00   0.000000000000000E+00   0.000000000000000E+00   0.000000000000000E+00
   9.960841963300000E-01   3.554386131100000E+00   3.225477142800000E-01   1.105044888900000E+00   5.497180698400000E-01   0.000000000000000E+00   0.000000000000000E+00   0.000000000000000E+00   0.000000000000000E+00
   9.961414820100000E-01   3.554603269500000E+00   3.225485661200000E-01   1.094805447100000E+00   5.731025375900000E-01   0.000000000000000E+00   0.000000000000000E+00   0.000000000000000E+00   0.000000000000000E+00
   9.961987677000000E-01   3.554168697100000E+00   3.225468571900000E-01   1.114755898100000E+00   5.280670614500000E-01   0.000000000000000E+00   0.000000000000000E+00   0.000000000000000E+00   0.000000000000000E+00
   9.962482184400000E-01   3.554625852800000E+00   3.225486978200000E-01   1.094771407300000E+00   5.729713807500000E-01   0.000000000000000E+00   0.000000000000000E+00   0.000000000000000E+00   0.000000000000000E+00
   9.962976691700000E-01   3.554412664600000E+00   3.225479058300000E-01   1.105105828300000E+00   5.500438559800001E-01   0.000000000000000E+00   0.000000000000000E+00   0.000000000000000E+00   0.000000000000000E+00
   9.963471199100000E-01   3.554745264600000E+00   3.225494274500000E-01   1.094673251700000E+00   5.727429938900001E-01   0.000000000000000E+00   0.000000000000000E+00   0.000000000000000E+00   0.000000000000000E+00
   9.963965706500000E-01   3.554440030700000E+00   3.225486410200000E-01   1.114939880400000E+00   5.289808652700000E-01   0.000000000000000E+00   0.000000000000000E+00   0.000000000000000E+00   0.000000000000000E+00
   9.964403941800000E-01   3.555489073300000E+00   3.225540465800000E-01   1.094290800300000E+00   5.721807288700000E-01   0.000000000000000E+00   0.000000000000000E+00   0.000000000000000E+00   0.000000000000000E+00
   9.964842177100000E-01   3.556399292200000E+00   3.225603314300000E-01   1.104405371600000E+00   5.494436653000000E-01   0.000000000000000E+00   0.000000000000000E+00   0.000000000000000E+00   0.000000000000000E+00
   9.965280412500001E-01   3.559622657300000E+00   3.225797892500000E-01   1.092387254000000E+00   5.697394030000000E-01   0.000000000000000E+00   0.000000000000000E+00   0.000000000000000E+00   0.000000000000000E+00
   9.965718647800000E-01   3.566078184600000E+00   3.226214133300000E-01   1.110533947400000E+00   5.242630888900000E-01   0.000000000000000E+00   0.000000000000000E+00   0.000000000000000E+00   0.000000000000000E+00
   9.966150842100000E-01   3.583299723700000E+00   3.227282102000000E-01   1.082120879400000E+00   5.571530941600000E-01   0.000000000000000E+00   0.000000000000000E+00   0.000000000000000E+00   0.000000000000000E+00
   9.966583036500000E-01   3.620959964900000E+00   3.229657898700000E-01   1.077444999700000E+00   5.170339910500000E-01   0.000000000000000E+00   0.000000000000000E+00   0.000000000000000E+00   0.000000000000000E+00
   9.967015230800000E-01   3.703460174200000E+00   3.234917714300000E-01   1.034259414700000E+00   5.004902513900000E-01   0.000000000000000E+00   0.000000000000000E+00   0.000000000000000E+00   0.000000000000000E+00
   9.967447425100000E-01   3.861083466000000E+00   3.245298288300000E-01   1.001403413300000E+00   3.989609469000000E-01   0.000000000000000E+00   0.000000000000000E+00   0.000000000000000E+00   0.000000000000000E+00
   9.967840617000000E-01   4.095594213800000E+00   3.261417910400000E-01   9.117477414800000E-01   3.689244088200000E-01   0.000000000000000E+00   0.000000000000000E+00   0.000000000000000E+00   0.000000000000000E+00
   9.968233808900000E-01   4.412935946600000E+00   3.284797511800000E-01   8.494529833700000E-01   2.787166040200000E-01   0.000000000000000E+00   0.000000000000000E+00   0.000000000000000E+00   0.000000000000000E+00
   9.968627000800000E-01   4.791850624700000E+00   3.315242770800000E-01   7.683969247800000E-01   2.400405959700000E-01   0.000000000000000E+00   0.000000000000000E+00   0.000000000000000E+00   0.000000000000000E+00
   9.969020192600000E-01   5.199640660700000E+00   3.351674587800000E-01   7.321045064800000E-01   1.557956199100000E-01   0.000000000000000E+00   0.000000000000000E+00   0.000000000000000E+00   0.000000000000000E+00
   9.969558026999999E-01   5.757437132100000E+00   3.409092144900000E-01   6.449078896700000E-01   1.513860830200000E-01   0.000000000000000E+00   0.000000000000000E+00   0.000000000000000E+00   0.000000000000000E+00
   9.970095861300000E-01   6.275665717500000E+00   3.472899483300000E-01   6.088008692600000E-01   1.028291271900000E-01   0.000000000000000E+00   0.000000000000000E+00   0.000000000000000E+00   0.000000000000000E+00
   9.970633695600000E-01   6.736747432800000E+00   3.541373267100000E-01   5.596852296100000E-01   1.028653588500000E-01   0.000000000000000E+00   0.000000000000000E+00   0.000000000000000E+00   0.000000000000000E+00
   9.971171529900000E-01   7.135292583900000E+00   3.613261890500000E-01   5.542656560500000E-01   5.075305068800000E-02   0.000000000000000E+00   0.000000000000000E+00   0.000000000000000E+00   0.000000000000000E+00
   9.972173578400000E-01   7.730439785300000E+00   3.753973353800000E-01   4.888937642200000E-01   7.110325057300000E-02   0.000000000000000E+00   0.000000000000000E+00   0.000000000000000E+00   0.000000000000000E+00
   9.973175626900000E-01   8.169796370500000E+00   3.901041217100000E-01   4.697899002600000E-01   4.018584236800000E-02   0.000000000000000E+00   0.000000000000000E+00   0.000000000000000E+00   0.000000000000000E+00
   9.974177675300000E-01   8.498895127899999E+00   4.052896939000000E-01   4.314207810600000E-01   5.137214193900000E-02   0.000000000000000E+00   0.000000000000000E+00   0.000000000000000E+00   0.000000000000000E+00
   9.975179723800000E-01   8.750912526400001E+00   4.208563033000000E-01   4.332804271300000E-01   7.575630501100000E-03   0.000000000000000E+00   0.000000000000000E+00   0.000000000000000E+00   0.000000000000000E+00
   9.975978754900000E-01   8.914625267700000E+00   4.335118304800000E-01   3.926289121300000E-01   4.097735328600000E-02   0.000000000000000E+00   0.000000000000000E+00   0.000000000000000E+00   0.000000000000000E+00
   9.976777786100000E-01   9.053244928200000E+00   4.463555331000000E-01   3.899640256800000E-01   1.820652074100000E-02   0.000000000000000E+00   0.000000000000000E+00   0.000000000000000E+00   0.000000000000000E+00
   9.977576817200000E-01   9.174199879300000E+00   4.593787157000000E-01   3.629062233000000E-01   3.439544037300000E-02   0.000000000000000E+00   0.000000000000000E+00   0.000000000000000E+00   0.000000000000000E+00
   9.978375848400000E-01   9.280701576300000E+00   4.725665064100000E-01   3.735958449400000E-01  -5.561780923300000E-03   0.000000000000000E+00   0.000000000000000E+00   0.000000000000000E+00   0.000000000000000E+00
   9.979036391200000E-01   9.361448007600000E+00   4.835927052400000E-01   3.380515877200000E-01   2.969813062900000E-02   0.000000000000000E+00   0.000000000000000E+00   0.000000000000000E+00   0.000000000000000E+00
   9.979696934100000E-01   9.435525078100000E+00   4.947216780600000E-01   3.399871048400000E-01   8.743568436300000E-03   0.000000000000000E+00   0.000000000000000E+00   0.000000000000000E+00   0.000000000000000E+00
   9.980357476900000E-01   9.505097572800000E+00   5.059551748000000E-01   3.168598397400000E-01   2.620390265600000E-02   0.000000000000000E+00   0.000000000000000E+00   0.000000000000000E+00   0.000000000000000E+00
   9.981018019700000E-01   9.569750830300000E+00   5.172863587099999E-01   3.312549044600000E-01  -1.234195840600000E-02   0.000000000000000E+00   0.000000000000000E+00   0.000000000000000E+00   0.000000000000000E+00
   9.981637725400000E-01   9.627951386199999E+00   5.280098753200000E-01   2.972244761700000E-01   2.335564325800000E-02   0.000000000000000E+00   0.000000000000000E+00   0.000000000000000E+00   0.000000000000000E+00
   9.982257431100000E-01   9.682608899700000E+00   5.388159874600000E-01   3.006882027700000E-01   3.123173789000000E-03   0.000000000000000E+00   0.000000000000000E+00   0.000000000000000E+00   0.000000000000000E+00
   9.982877136800000E-01   9.735175711400000E+00   5.497080506299999E-01   2.788833918700000E-01   2.099767045400000E-02   0.000000000000000E+00   0.000000000000000E+00   0.000000000000000E+00   0.000000000000000E+00
   9.983496842500000E-01   9.784742352800000E+00   5.606808657500000E-01   2.946051249100000E-01  -1.684254411000000E-02   0.000000000000000E+00   0.000000000000000E+00   0.000000000000000E+00   0.000000000000000E+00
   9.983995637700001E-01   9.823888753600000E+00   5.695758374400000E-01   2.627962716100000E-01   1.915379378100000E-02   0.000000000000000E+00   0.000000000000000E+00   0.000000000000000E+00   0.000000000000000E+00
   9.984494432900000E-01   9.861055341700000E+00   5.785214495300000E-01   2.684703018300000E-01  -4.816848210100000E-04   0.000000000000000E+00   0.000000000000000E+00   0.000000000000000E+00   0.000000000000000E+00
   9.984993228000000E-01   9.897454063600000E+00   5.875217705200000E-01   2.487562153900000E-01   1.769456974600000E-02   0.000000000000000E+00   0.000000000000000E+00   0.000000000000000E+00   0.000000000000000E+00
   9.985492023200000E-01   9.932012181199999E+00   5.965724270900000E-01   2.665377471300000E-01  -1.950608810200000E-02   0.000000000000000E+00   0.000000000000000E+00   0.000000000000000E+00   0.000000000000000E+00
   9.985905221800000E-01   9.960605462300000E+00   6.041128629300000E-01   2.361412375100000E-01   1.650141494900000E-02   0.000000000000000E+00   0.000000000000000E+00   0.000000000000000E+00   0.000000000000000E+00
   9.986318420400000E-01   9.987784098600001E+00   6.116869105900000E-01   2.432158224000000E-01  -2.749191536800000E-03   0.000000000000000E+00   0.000000000000000E+00   0.000000000000000E+00   0.000000000000000E+00
   9.986731619000000E-01   1.001470529800000E+01   6.192987711300000E-01   2.248645065400000E-01   1.551388145400000E-02   0.000000000000000E+00   0.000000000000000E+00   0.000000000000000E+00   0.000000000000000E+00
   9.987144817600000E-01   1.004026083900000E+01   6.269442890400000E-01   2.439779465600000E-01  -2.119137955300000E-02   0.000000000000000E+00   0.000000000000000E+00   0.000000000000000E+00   0.000000000000000E+00
   9.987535646700000E-01   1.006467398400000E+01   6.342123537000000E-01   2.140178690900000E-01   1.464254097800000E-02   0.000000000000000E+00   0.000000000000000E+00   0.000000000000000E+00   0.000000000000000E+00
   9.987926475800000E-01   1.008782321500000E+01   6.415102959600000E-01   2.215103396000000E-01  -4.353988470700000E-03   0.000000000000000E+00   0.000000000000000E+00   0.000000000000000E+00   0.000000000000000E+00
   9.988317304900000E-01   1.011085360300000E+01   6.488423692300000E-01   2.035737383100000E-01   1.386258204200000E-02   0.000000000000000E+00   0.000000000000000E+00   0.000000000000000E+00   0.000000000000000E+00
   9.988708133999999E-01   1.013264828300000E+01   6.562044848000000E-01   2.230798616600000E-01  -2.246157641900000E-02   0.000000000000000E+00   0.000000000000000E+00   0.000000000000000E+00   0.000000000000000E+00
   9.989132343100000E-01   1.015660356000000E+01   6.642356976500000E-01   1.927767721900000E-01   1.312821363700000E-02   0.000000000000000E+00   0.000000000000000E+00   0.000000000000000E+00   0.000000000000000E+00
   9.989556552200000E-01   1.017924537100000E+01   6.723029281500000E-01   1.999132837100000E-01  -5.688675603800000E-03   0.000000000000000E+00   0.000000000000000E+00   0.000000000000000E+00   0.000000000000000E+00
   9.989980761300000E-01   1.020171701700000E+01   6.804105210100000E-01   1.816239012100000E-01   1.243193490900000E-02   0.000000000000000E+00   0.000000000000000E+00   0.000000000000000E+00   0.000000000000000E+00
   9.990404970300000E-01   1.022290120400000E+01   6.885544993800000E-01   2.007611840000000E-01  -2.360207369700000E-02   0.000000000000000E+00   0.000000000000000E+00   0.000000000000000E+00   0.000000000000000E+00
   9.990890986800000E-01   1.024737562600000E+01   6.979365225200000E-01   1.697421183900000E-01   1.176627404800000E-02   0.000000000000000E+00   0.000000000000000E+00   0.000000000000000E+00   0.000000000000000E+00
   9.991377003300000E-01   1.027039285600000E+01   7.073675775200000E-01   1.761420044400000E-01  -6.904417092700000E-03   0.000000000000000E+00   0.000000000000000E+00   0.000000000000000E+00   0.000000000000000E+00
   9.991863019800000E-01   1.029309213100000E+01   7.168521376400000E-01   1.571322830800000E-01   1.113083819700000E-02   0.000000000000000E+00   0.000000000000000E+00   0.000000000000000E+00   0.000000000000000E+00
   9.992349036300000E-01   1.031436306900000E+01   7.263865433200000E-01   1.754948746300000E-01  -2.466728530100000E-02   0.000000000000000E+00   0.000000000000000E+00   0.000000000000000E+00   0.000000000000000E+00
   9.992618042300000E-01   1.032649292100000E+01   7.316887668099999E-01   1.473908177900000E-01   1.067730445800000E-02   0.000000000000000E+00   0.000000000000000E+00   0.000000000000000E+00   0.000000000000000E+00
   9.992887048300000E-01   1.033772806300000E+01   7.370047931200000E-01   1.565907396000000E-01  -7.687333789400000E-03   0.000000000000000E+00   0.000000000000000E+00   0.000000000000000E+00   0.000000000000000E+00
   9.993156054400000E-01   1.034918590700000E+01   7.423386768900000E-01   1.404749645800000E-01   1.035653650700000E-02   0.000000000000000E+00   0.000000000000000E+00   0.000000000000000E+00   0.000000000000000E+00
   9.993425060400000E-01   1.035975584500000E+01   7.476865638400000E-01   1.615104477000000E-01  -2.495495075600000E-02   0.000000000000000E+00   0.000000000000000E+00   0.000000000000000E+00   0.000000000000000E+00
   9.993653710900000E-01   1.036936825000000E+01   7.522479139100000E-01   1.340927890900000E-01   1.007779590100000E-02   0.000000000000000E+00   0.000000000000000E+00   0.000000000000000E+00   0.000000000000000E+00
   9.993882361400001E-01   1.037815762300000E+01   7.568188212400000E-01   1.437338852400000E-01  -8.062132634399999E-03   0.000000000000000E+00   0.000000000000000E+00   0.000000000000000E+00   0.000000000000000E+00
   9.994111011800000E-01   1.038723252300000E+01   7.614032614800000E-01   1.282389933300000E-01   9.822788534800000E-03   0.000000000000000E+00   0.000000000000000E+00   0.000000000000000E+00   0.000000000000000E+00
   9.994339662300000E-01   1.039549011300000E+01   7.659974091400000E-01   1.496039879400000E-01  -2.506398495400000E-02   0.000000000000000E+00   0.000000000000000E+00   0.000000000000000E+00   0.000000000000000E+00
   9.994531261700000E-01   1.040307973000000E+01   7.698591764700000E-01   1.228690617100000E-01   9.599928067599999E-03   0.000000000000000E+00   0.000000000000000E+00   0.000000000000000E+00   0.000000000000000E+00
   9.994722861000001E-01   1.040990187300000E+01   7.737271307900000E-01   1.328766605300000E-01  -8.298200715600000E-03   0.000000000000000E+00   0.000000000000000E+00   0.000000000000000E+00   0.000000000000000E+00
   9.994914460400000E-01   1.041705502400000E+01   7.776051760800000E-01   1.179796877300000E-01   9.390455354100000E-03   0.000000000000000E+00   0.000000000000000E+00   0.000000000000000E+00   0.000000000000000E+00
   9.995106059700000E-01   1.042344585300000E+01   7.814895090200000E-01   1.395801117400000E-01  -2.502034059500000E-02   0.000000000000000E+00   0.000000000000000E+00   0.000000000000000E+00   0.000000000000000E+00
   9.995314429700000E-01   1.043116288000000E+01   7.857267362000000E-01   1.128734662800000E-01   9.194045500400001E-03   0.000000000000000E+00   0.000000000000000E+00   0.000000000000000E+00   0.000000000000000E+00
   9.995522799800000E-01   1.043809840100000E+01   7.899718797100000E-01   1.225481354900000E-01  -8.477515434500000E-03   0.000000000000000E+00   0.000000000000000E+00   0.000000000000000E+00   0.000000000000000E+00
   9.995731169800000E-01   1.044534160000000E+01   7.942288302300000E-01   1.075516412900000E-01   8.995659447900000E-03   0.000000000000000E+00   0.000000000000000E+00   0.000000000000000E+00   0.000000000000000E+00
   9.995939539799999E-01   1.045180833100000E+01   7.984938359200000E-01   1.287178268800000E-01  -2.500515096700000E-02   0.000000000000000E+00   0.000000000000000E+00   0.000000000000000E+00   0.000000000000000E+00
   9.996115378400000E-01   1.045794554600000E+01   8.021037608300000E-01   1.026501674800000E-01   8.821439360899999E-03   0.000000000000000E+00   0.000000000000000E+00   0.000000000000000E+00   0.000000000000000E+00
   9.996291216900000E-01   1.046334606900000E+01   8.057188260500000E-01   1.126168585400000E-01  -8.610792486399999E-03   0.000000000000000E+00   0.000000000000000E+00   0.000000000000000E+00   0.000000000000000E+00
   9.996467055500000E-01   1.046908831500000E+01   8.093428490800000E-01   9.816632188200000E-02   8.653248458900000E-03   0.000000000000000E+00   0.000000000000000E+00   0.000000000000000E+00   0.000000000000000E+00
   9.996642894100000E-01   1.047409939800000E+01   8.129721178600000E-01   1.194764622000000E-01  -2.486884695800000E-02   0.000000000000000E+00   0.000000000000000E+00   0.000000000000000E+00   0.000000000000000E+00
   9.996773191300000E-01   1.047848278100000E+01   8.156687928700000E-01   9.427275218000000E-02   8.505633642699999E-03   0.000000000000000E+00   0.000000000000000E+00   0.000000000000000E+00   0.000000000000000E+00
   9.996903488500000E-01   1.048218000700000E+01   8.183673780700000E-01   1.046564064500000E-01  -8.640225292300000E-03   0.000000000000000E+00   0.000000000000000E+00   0.000000000000000E+00   0.000000000000000E+00
   9.997033785800000E-01   1.048625522900000E+01   8.210716010400000E-01   9.096750352300000E-02   8.356985999299999E-03   0.000000000000000E+00   0.000000000000000E+00   0.000000000000000E+00   0.000000000000000E+00
   9.997164083000000E-01   1.048965132500000E+01   8.237777991900000E-01   1.124789521100000E-01  -2.454794862000000E-02   0.000000000000000E+00   0.000000000000000E+00   0.000000000000000E+00   0.000000000000000E+00
   9.997280708600000E-01   1.049343018800000E+01   8.262062943600000E-01   8.783772255300000E-02   8.223751535000001E-03   0.000000000000000E+00   0.000000000000000E+00   0.000000000000000E+00   0.000000000000000E+00
   9.997397334200000E-01   1.049654352900000E+01   8.286359610700000E-01   9.818696739600000E-02  -8.592547852200001E-03   0.000000000000000E+00   0.000000000000000E+00   0.000000000000000E+00   0.000000000000000E+00
   9.997513959900000E-01   1.050003779000000E+01   8.310704556600000E-01   8.488439919900000E-02   8.082309385000000E-03   0.000000000000000E+00   0.000000000000000E+00   0.000000000000000E+00   0.000000000000000E+00
   9.997630585500000E-01   1.050287418200000E+01   8.335061795399999E-01   1.061436577000000E-01  -2.416123158800000E-02   0.000000000000000E+00   0.000000000000000E+00   0.000000000000000E+00   0.000000000000000E+00
   9.997741776000000E-01   1.050633243500000E+01   8.358342824100000E-01   8.199819275000000E-02   7.956200643999999E-03   0.000000000000000E+00   0.000000000000000E+00   0.000000000000000E+00   0.000000000000000E+00
   9.997852966500000E-01   1.050914020600000E+01   8.381633293700000E-01   9.219198728399999E-02  -8.515386356499999E-03   0.000000000000000E+00   0.000000000000000E+00   0.000000000000000E+00   0.000000000000000E+00
   9.997964157000000E-01   1.051232487600000E+01   8.404969071600000E-01   7.918066518000000E-02   7.820925053099999E-03   0.000000000000000E+00   0.000000000000000E+00   0.000000000000000E+00   0.000000000000000E+00
   9.998075347499999E-01   1.051486692200000E+01   8.428314858200000E-01   1.000677209300000E-01  -2.375101188200000E-02   0.000000000000000E+00   0.000000000000000E+00   0.000000000000000E+00   0.000000000000000E+00
   9.998153887400000E-01   1.051731870500000E+01   8.444847462200000E-01   7.679148423100000E-02   7.694480964900000E-03   0.000000000000000E+00   0.000000000000000E+00   0.000000000000000E+00   0.000000000000000E+00
   9.998232427400000E-01   1.051915144600000E+01   8.461374773900000E-01   8.713888896999999E-02  -8.373810764700000E-03   0.000000000000000E+00   0.000000000000000E+00   0.000000000000000E+00   0.000000000000000E+00
   9.998310967300000E-01   1.052137001300000E+01   8.477931692800000E-01   7.483473863800000E-02   7.547945871700000E-03   0.000000000000000E+00   0.000000000000000E+00   0.000000000000000E+00   0.000000000000000E+00
   9.998389507200000E-01   1.052298064500000E+01   8.494483819000000E-01   9.552545676500000E-02  -2.311278740900000E-02   0.000000000000000E+00   0.000000000000000E+00   0.000000000000000E+00   0.000000000000000E+00
   9.998463234900000E-01   1.052522575500000E+01   8.510061938600000E-01   7.293499195800000E-02   7.418909869900000E-03   0.000000000000000E+00   0.000000000000000E+00   0.000000000000000E+00   0.000000000000000E+00
   9.998536962600000E-01   1.052687079300000E+01   8.525633631100000E-01   8.301693646500000E-02  -8.171240543999999E-03   0.000000000000000E+00   0.000000000000000E+00   0.000000000000000E+00   0.000000000000000E+00
   9.998610690200000E-01   1.052889231700000E+01   8.541232793200000E-01   7.110160582800000E-02   7.273579307300000E-03   0.000000000000000E+00   0.000000000000000E+00   0.000000000000000E+00   0.000000000000000E+00
   9.998684417900000E-01   1.053032524000000E+01   8.556826023000000E-01   9.120929170100001E-02  -2.244761882100000E-02   0.000000000000000E+00   0.000000000000000E+00   0.000000000000000E+00   0.000000000000000E+00
   9.998750802400000E-01   1.053231503700000E+01   8.570902763200000E-01   6.935906800600000E-02   7.144331258400000E-03   0.000000000000000E+00   0.000000000000000E+00   0.000000000000000E+00   0.000000000000000E+00
   9.998817186900000E-01   1.053372534700000E+01   8.584971176400000E-01   7.919225862100000E-02  -7.946885333600001E-03   0.000000000000000E+00   0.000000000000000E+00   0.000000000000000E+00   0.000000000000000E+00
   9.998883571500000E-01   1.053550303200000E+01   8.599064099700000E-01   6.771850643000001E-02   6.995981434100000E-03   0.000000000000000E+00   0.000000000000000E+00   0.000000000000000E+00   0.000000000000000E+00
   9.998949955999999E-01   1.053671359400000E+01   8.613149196600000E-01   8.722878592900001E-02  -2.172349168500000E-02   0.000000000000000E+00   0.000000000000000E+00   0.000000000000000E+00   0.000000000000000E+00
   9.999005939900000E-01   1.053839365700000E+01   8.625059508400000E-01   6.621054801400000E-02   6.861217850700000E-03   0.000000000000000E+00   0.000000000000000E+00   0.000000000000000E+00   0.000000000000000E+00
   9.999061923800000E-01   1.053951715700000E+01   8.636958968800000E-01   7.579964942799999E-02  -7.683047358200000E-03   0.000000000000000E+00   0.000000000000000E+00   0.000000000000000E+00   0.000000000000000E+00
   9.999117907700000E-01   1.054099822600000E+01   8.648879242600001E-01   6.485052847900000E-02   6.701721563100000E-03   0.000000000000000E+00   0.000000000000000E+00   0.000000000000000E+00   0.000000000000000E+00
   9.999173891599999E-01   1.054193691900000E+01   8.660789191000000E-01   8.370669062000000E-02  -2.088295956700000E-02   0.000000000000000E+00   0.000000000000000E+00   0.000000000000000E+00   0.000000000000000E+00
   9.999219419299999E-01   1.054332621200000E+01   8.670502564200000E-01   6.362695833500000E-02   6.554724702800000E-03   0.000000000000000E+00   0.000000000000000E+00   0.000000000000000E+00   0.000000000000000E+00
   9.999264947099999E-01   1.054418409200000E+01   8.680203125300000E-01   7.291678227400000E-02  -7.360623374900000E-03   0.000000000000000E+00   0.000000000000000E+00   0.000000000000000E+00   0.000000000000000E+00
   9.999310474799999E-01   1.054538668500000E+01   8.689921173700000E-01   6.256544114000000E-02   6.376683238000000E-03   0.000000000000000E+00   0.000000000000000E+00   0.000000000000000E+00   0.000000000000000E+00
   9.999356002599999E-01   1.054607446700000E+01   8.699626941100000E-01   8.064017649900000E-02  -1.988225685100000E-02   0.000000000000000E+00   0.000000000000000E+00   0.000000000000000E+00   0.000000000000000E+00
   9.999393530800000E-01   1.054724271900000E+01   8.707652208700000E-01   6.162355117300000E-02   6.214025229800000E-03   0.000000000000000E+00   0.000000000000000E+00   0.000000000000000E+00   0.000000000000000E+00
   9.999431058900000E-01   1.054790694500000E+01   8.715663689099999E-01   7.053190054100000E-02  -6.972843273400000E-03   0.000000000000000E+00   0.000000000000000E+00   0.000000000000000E+00   0.000000000000000E+00
   9.999468587100000E-01   1.054889858900000E+01   8.723690035300000E-01   6.085252192900000E-02   6.016987805900000E-03   0.000000000000000E+00   0.000000000000000E+00   0.000000000000000E+00   0.000000000000000E+00
   9.999506115200000E-01   1.054940470800000E+01   8.731702969100000E-01   7.802375630600000E-02  -1.872376699900000E-02   0.000000000000000E+00   0.000000000000000E+00   0.000000000000000E+00   0.000000000000000E+00
   9.999536770000000E-01   1.055038234000000E+01   8.738270137300000E-01   6.025404787100000E-02   5.837601470800000E-03   0.000000000000000E+00   0.000000000000000E+00   0.000000000000000E+00   0.000000000000000E+00
   9.999567424800000E-01   1.055088550400000E+01   8.744822771900000E-01   6.876848917400000E-02  -6.515513585400000E-03   0.000000000000000E+00   0.000000000000000E+00   0.000000000000000E+00   0.000000000000000E+00
   9.999598079599999E-01   1.055169390300000E+01   8.751387522500000E-01   5.993022730600000E-02   5.620187786400000E-03   0.000000000000000E+00   0.000000000000000E+00   0.000000000000000E+00   0.000000000000000E+00
   9.999628734400000E-01   1.055204771000000E+01   8.757937676300001E-01   7.616886568900000E-02  -1.738553615400000E-02   0.000000000000000E+00   0.000000000000000E+00   0.000000000000000E+00   0.000000000000000E+00
   9.999653381400000E-01   1.055285060200000E+01   8.763222427000000E-01   5.993898090800000E-02   5.423733771700000E-03   0.000000000000000E+00   0.000000000000000E+00   0.000000000000000E+00   0.000000000000000E+00
   9.999678028500000E-01   1.055321065200000E+01   8.768491724000000E-01   6.814352723300000E-02  -5.974353486100000E-03   0.000000000000000E+00   0.000000000000000E+00   0.000000000000000E+00   0.000000000000000E+00
   9.999702675600000E-01   1.055384781100000E+01   8.773769820900000E-01   6.045142161600000E-02   5.186499326000000E-03   0.000000000000000E+00   0.000000000000000E+00   0.000000000000000E+00   0.000000000000000E+00
   9.999727322600001E-01   1.055406289500000E+01   8.779031692000000E-01   7.584939975700000E-02  -1.583313297300000E-02   0.000000000000000E+00   0.000000000000000E+00   0.000000000000000E+00   0.000000000000000E+00
   9.999746775100000E-01   1.055469683400000E+01   8.783198703200000E-01   6.159552965800000E-02   4.975708998500000E-03   0.000000000000000E+00   0.000000000000000E+00   0.000000000000000E+00   0.000000000000000E+00
   9.999766227600000E-01   1.055492199500000E+01   8.787349068200000E-01   6.969472540799999E-02  -5.326771660500000E-03   0.000000000000000E+00   0.000000000000000E+00   0.000000000000000E+00   0.000000000000000E+00
   9.999785680100000E-01   1.055538938300000E+01   8.791504257500000E-01   6.361779040000000E-02   4.723868884700000E-03   0.000000000000000E+00   0.000000000000000E+00   0.000000000000000E+00   0.000000000000000E+00
   9.999805132600000E-01   1.055546891100000E+01   8.795641133200000E-01   7.842213839400000E-02  -1.402382427900000E-02   0.000000000000000E+00   0.000000000000000E+00   0.000000000000000E+00   0.000000000000000E+00
   9.999820316000000E-01   1.055593332100000E+01   8.798879440100000E-01   6.676488484900001E-02   4.509856990000000E-03   0.000000000000000E+00   0.000000000000000E+00   0.000000000000000E+00   0.000000000000000E+00
   9.999835499400000E-01   1.055602499900000E+01   8.802099604400000E-01   7.515750420200000E-02  -4.542258833500000E-03   0.000000000000000E+00   0.000000000000000E+00   0.000000000000000E+00   0.000000000000000E+00
   9.999850682800000E-01   1.055631533700000E+01   8.805319825500000E-01   7.143157689000000E-02   4.263443380900000E-03   0.000000000000000E+00   0.000000000000000E+00   0.000000000000000E+00   0.000000000000000E+00
   9.999865866100000E-01   1.055625085000000E+01   8.808518908100000E-01   8.625043955700000E-02  -1.191924467200000E-02   0.000000000000000E+00   0.000000000000000E+00   0.000000000000000E+00   0.000000000000000E+00
   9.999877202400000E-01   1.055652724200000E+01   8.810911183600000E-01   7.806033565000001E-02   4.072197194600000E-03   0.000000000000000E+00   0.000000000000000E+00   0.000000000000000E+00   0.000000000000000E+00
   9.999888538700000E-01   1.055646768900000E+01   8.813283741700000E-01   8.745626101700001E-02  -3.552581271800000E-03   0.000000000000000E+00   0.000000000000000E+00   0.000000000000000E+00   0.000000000000000E+00
   9.999899875000000E-01   1.055655168500000E+01   8.815650988400000E-01   8.725701912300000E-02   3.872635361200000E-03   0.000000000000000E+00   0.000000000000000E+00   0.000000000000000E+00   0.000000000000000E+00
   9.999911211300000E-01   1.055630905700000E+01   8.817993698700000E-01   1.032706275300000E-01  -9.385123975199999E-03   0.000000000000000E+00   0.000000000000000E+00   0.000000000000000E+00   0.000000000000000E+00
   9.999919246300000E-01   1.055636997700000E+01   8.819651951100000E-01   9.991505022500000E-02   3.775461195900000E-03   0.000000000000000E+00   0.000000000000000E+00   0.000000000000000E+00   0.000000000000000E+00
   9.999927281200000E-01   1.055612914900000E+01   8.821288949600000E-01   1.116314739300000E-01  -2.194769753000000E-03   0.000000000000000E+00   0.000000000000000E+00   0.000000000000000E+00   0.000000000000000E+00
   9.999935316200000E-01   1.055595831900000E+01   8.822914646100000E-01   1.169998290300000E-01   3.748544220500000E-03   0.000000000000000E+00   0.000000000000000E+00   0.000000000000000E+00   0.000000000000000E+00
   9.999943351200000E-01   1.055547350200000E+01   8.824511639300000E-01   1.366290511300000E-01  -6.148329090300000E-03   0.000000000000000E+00   0.000000000000000E+00   0.000000000000000E+00   0.000000000000000E+00
   9.999949004100001E-01   1.055525128600000E+01   8.825625413000000E-01   1.409991157700000E-01   3.992707227700000E-03   0.000000000000000E+00   0.000000000000000E+00   0.000000000000000E+00   0.000000000000000E+00
   9.999954656900000E-01   1.055473756300000E+01   8.826714276900000E-01   1.585632300200000E-01  -2.933645223300000E-05   0.000000000000000E+00   0.000000000000000E+00   0.000000000000000E+00   0.000000000000000E+00
   9.999960309800000E-01   1.055417079400000E+01   8.827782052399999E-01   1.746727839000000E-01   4.622103446300000E-03   0.000000000000000E+00   0.000000000000000E+00   0.000000000000000E+00   0.000000000000000E+00
   9.999965962700000E-01   1.055322488600000E+01   8.828810745100000E-01   2.055418848500000E-01  -1.396352973700000E-03   0.000000000000000E+00   0.000000000000000E+00   0.000000000000000E+00   0.000000000000000E+00
   9.999969535300000E-01   1.055257721200000E+01   8.829441213600000E-01   2.228681104400000E-01   6.082363441200000E-03   0.000000000000000E+00   0.000000000000000E+00   0.000000000000000E+00   0.000000000000000E+00
   9.999973107900000E-01   1.055159844800000E+01   8.830041742400000E-01   2.532089084700000E-01   4.620453315100000E-03   0.000000000000000E+00   0.000000000000000E+00   0.000000000000000E+00   0.000000000000000E+00
   9.999976680500000E-01   1.055036195900000E+01   8.830608837100000E-01   2.897721461100000E-01   8.958603589999999E-03   0.000000000000000E+00   0.000000000000000E+00   0.000000000000000E+00   0.000000000000000E+00
   9.999980253100000E-01   1.054853448800000E+01   8.831121322300000E-01   3.466012794100000E-01   8.339147506999999E-03   0.000000000000000E+00   0.000000000000000E+00   0.000000000000000E+00   0.000000000000000E+00
   9.999982342500000E-01   1.054716105900000E+01   8.831388706500000E-01   3.875786400900000E-01   1.483093847900000E-02   0.000000000000000E+00   0.000000000000000E+00   0.000000000000000E+00   0.000000000000000E+00
   9.999984431800000E-01   1.054530350000000E+01   8.831617413800000E-01   4.452971340000000E-01   1.796405321600000E-02   0.000000000000000E+00   0.000000000000000E+00   0.000000000000000E+00   0.000000000000000E+00
   9.999986521200001E-01   1.054281646900000E+01   8.831794766100000E-01   5.223062239500000E-01   2.590381714200000E-02   0.000000000000000E+00   0.000000000000000E+00   0.000000000000000E+00   0.000000000000000E+00
   9.999988610500000E-01   1.053920770800000E+01   8.831891059100000E-01   6.358619549000000E-01   3.630654808400000E-02   0.000000000000000E+00   0.000000000000000E+00   0.000000000000000E+00   0.000000000000000E+00
   9.999989683400000E-01   1.053670066600000E+01   8.831895010300000E-01   7.144627423200000E-01   4.729690266500000E-02   0.000000000000000E+00   0.000000000000000E+00   0.000000000000000E+00   0.000000000000000E+00
   9.999990756200000E-01   1.053346615500000E+01   8.831852599200000E-01   8.168053753200000E-01   6.099549761200000E-02   0.000000000000000E+00   0.000000000000000E+00   0.000000000000000E+00   0.000000000000000E+00
   9.999991829100000E-01   1.052917939100000E+01   8.831745720400000E-01   9.525761184800000E-01   8.260454252299999E-02   0.000000000000000E+00   0.000000000000000E+00   0.000000000000000E+00   0.000000000000000E+00
   9.999992902000000E-01   1.052320724500000E+01   8.831541590799999E-01   1.142171191500000E+00   1.170330152700000E-01   0.000000000000000E+00   0.000000000000000E+00   0.000000000000000E+00   0.000000000000000E+00
   9.999993490400000E-01   1.051884531100000E+01   8.831369584900000E-01   1.280423162700000E+00   1.463473544900000E-01   0.000000000000000E+00   0.000000000000000E+00   0.000000000000000E+00   0.000000000000000E+00
   9.999994078800000E-01   1.051333246800000E+01   8.831136524900000E-01   1.455011153600000E+00   1.870941578800000E-01   0.000000000000000E+00   0.000000000000000E+00   0.000000000000000E+00   0.000000000000000E+00
   9.999994667300000E-01   1.050616626200000E+01   8.830818637800000E-01   1.681219817400000E+00   2.470413664300000E-01   0.000000000000000E+00   0.000000000000000E+00   0.000000000000000E+00   0.000000000000000E+00
   9.999995255700000E-01   1.049649778400000E+01   8.830376871800000E-01   1.984946176800000E+00   3.392556417300000E-01   0.000000000000000E+00   0.000000000000000E+00   0.000000000000000E+00   0.000000000000000E+00
   9.999995604500000E-01   1.048903677300000E+01   8.830031789900000E-01   2.217881568000000E+00   4.193356701800000E-01   0.000000000000000E+00   0.000000000000000E+00   0.000000000000000E+00   0.000000000000000E+00
   9.999995953300000E-01   1.047972904100000E+01   8.829600060100000E-01   2.506758602000000E+00   5.289887234300000E-01   0.000000000000000E+00   0.000000000000000E+00   0.000000000000000E+00   0.000000000000000E+00
   9.999996302000000E-01   1.046784204900000E+01   8.829049908500000E-01   2.872636438900000E+00   6.847428948399999E-01   0.000000000000000E+00   0.000000000000000E+00   0.000000000000000E+00   0.000000000000000E+00
   9.999996650800000E-01   1.045221245000000E+01   8.828331695400000E-01   3.348635115700000E+00   9.142244001099999E-01   0.000000000000000E+00   0.000000000000000E+00   0.000000000000000E+00   0.000000000000000E+00
   9.999996872200000E-01   1.043954336700000E+01   8.827754628500000E-01   3.730177193500000E+00   1.119978652000000E+00   0.000000000000000E+00   0.000000000000000E+00   0.000000000000000E+00   0.000000000000000E+00
   9.999997093600000E-01   1.042391270600000E+01   8.827049025800000E-01   4.195926349400000E+00   1.396026345400000E+00   0.000000000000000E+00   0.000000000000000E+00   0.000000000000000E+00   0.000000000000000E+00
   9.999997315100000E-01   1.040425515400000E+01   8.826171063600000E-01   4.773870884300000E+00   1.776803548100000E+00   0.000000000000000E+00   0.000000000000000E+00   0.000000000000000E+00   0.000000000000000E+00
   9.999997536500000E-01   1.037896107600000E+01   8.825055200000000E-01   5.505521990200000E+00   2.317380680800000E+00   0.000000000000000E+00   0.000000000000000E+00   0.000000000000000E+00   0.000000000000000E+00
   9.999997686700000E-01   1.035740589100000E+01   8.824114842700000E-01   6.118812657200000E+00   2.820176837400000E+00   0.000000000000000E+00   0.000000000000000E+00   0.000000000000000E+00   0.000000000000000E+00
   9.999997836800000E-01   1.033104702600000E+01   8.822976145200000E-01   6.856964798500000E+00   3.483071383700000E+00   0.000000000000000E+00   0.000000000000000E+00   0.000000000000000E+00   0.000000000000000E+00
   9.999997987000000E-01   1.029830515900000E+01   8.821576284000000E-01   7.756521235900000E+00   4.376072514500000E+00   0.000000000000000E+00   0.000000000000000E+00   0.000000000000000E+00   0.000000000000000E+00
   9.999998137200000E-01   1.025689448300000E+01   8.819824931700000E-01   8.868832718900000E+00   5.606333504800000E+00   0.000000000000000E+00   0.000000000000000E+00   0.000000000000000E+00   0.000000000000000E+00
   9.999998247600000E-01   1.021902902500000E+01   8.818238771100000E-01   9.862782494999999E+00   6.822138726400000E+00   0.000000000000000E+00   0.000000000000000E+00   0.000000000000000E+00   0.000000000000000E+00
   9.999998358100000E-01   1.017285157200000E+01   8.816320496800000E-01   1.104761827300000E+01   8.411228575000001E+00   0.000000000000000E+00   0.000000000000000E+00   0.000000000000000E+00   0.000000000000000E+00
   9.999998468500000E-01   1.011579108200000E+01   8.813970074600000E-01   1.247292922800000E+01   1.052477357500000E+01   0.000000000000000E+00   0.000000000000000E+00   0.000000000000000E+00   0.000000000000000E+00
   9.999998579000000E-01   1.004424691500000E+01   8.811048038800000E-01   1.420496558300000E+01   1.338631699400000E+01   0.000000000000000E+00   0.000000000000000E+00   0.000000000000000E+00   0.000000000000000E+00
   9.999998665399999E-01   9.974964176800000E+00   8.808239444500000E-01   1.582890599400000E+01   1.636102941700000E+01   0.000000000000000E+00   0.000000000000000E+00   0.000000000000000E+00   0.000000000000000E+00
   9.999998751900000E-01   9.890472783700000E+00   8.804836661100000E-01   1.774531480700000E+01   2.023168988500000E+01   0.000000000000000E+00   0.000000000000000E+00   0.000000000000000E+00   0.000000000000000E+00
   9.999998838300000E-01   9.786355779299999E+00   8.800670424200000E-01   2.001809698200000E+01   2.533632484400000E+01   0.000000000000000E+00   0.000000000000000E+00   0.000000000000000E+00   0.000000000000000E+00
   9.999998924800000E-01   9.656668469200000E+00   8.795513636900000E-01   2.272607614800000E+01   3.215567020400000E+01   0.000000000000000E+00   0.000000000000000E+00   0.000000000000000E+00   0.000000000000000E+00
   9.999999001500000E-01   9.513727091000000E+00   8.789862306600000E-01   2.556889258700000E+01   4.020046759900000E+01   0.000000000000000E+00   0.000000000000000E+00   0.000000000000000E+00   0.000000000000000E+00
   9.999999078300000E-01   9.337126804800000E+00   8.782916439600000E-01   2.889894542200000E+01   5.081346041800000E+01   0.000000000000000E+00   0.000000000000000E+00   0.000000000000000E+00   0.000000000000000E+00
   9.999999155100000E-01   9.117541600399999E+00   8.774322511800000E-01   3.278748876000000E+01   6.493399781500000E+01   0.000000000000000E+00   0.000000000000000E+00   0.000000000000000E+00   0.000000000000000E+00
   9.999999231900000E-01   8.843255908400000E+00   8.763637473200000E-01   3.729831024800000E+01   8.382903797700000E+01   0.000000000000000E+00   0.000000000000000E+00   0.000000000000000E+00   0.000000000000000E+00
   9.999999283900000E-01   8.619180383000000E+00   8.754939543800000E-01   4.072769717200000E+01   1.001830646500000E+02   0.000000000000000E+00   0.000000000000000E+00   0.000000000000000E+00   0.000000000000000E+00
   9.999999335899999E-01   8.358621400800001E+00   8.744852762799999E-01   4.445344576800000E+01   1.201291737400000E+02   0.000000000000000E+00   0.000000000000000E+00   0.000000000000000E+00   0.000000000000000E+00
   9.999999388000000E-01   8.056526812000000E+00   8.733187092400000E-01   4.844885904200000E+01   1.443897962600000E+02   0.000000000000000E+00   0.000000000000000E+00   0.000000000000000E+00   0.000000000000000E+00
   9.999999440000000E-01   7.708110954700000E+00   8.719762833200000E-01   5.265813859500000E+01   1.737435294000000E+02   0.000000000000000E+00   0.000000000000000E+00   0.000000000000000E+00   0.000000000000000E+00
   9.999999490900000E-01   7.318673776900000E+00   8.704787368100000E-01   5.689393177000000E+01   2.081369234500000E+02   0.000000000000000E+00   0.000000000000000E+00   0.000000000000000E+00   0.000000000000000E+00
   9.999999541800000E-01   6.879122488800000E+00   8.687912699600000E-01   6.111567488000000E+01   2.487983148900000E+02   0.000000000000000E+00   0.000000000000000E+00   0.000000000000000E+00   0.000000000000000E+00
   9.999999592800000E-01   6.390118381600000E+00   8.669164558100000E-01   6.515182269899999E+01   2.961430571100000E+02   0.000000000000000E+00   0.000000000000000E+00   0.000000000000000E+00   0.000000000000000E+00
   9.999999643700000E-01   5.855977584000000E+00   8.648706046700000E-01   6.879070206500000E+01   3.502200538100000E+02   0.000000000000000E+00   0.000000000000000E+00   0.000000000000000E+00   0.000000000000000E+00
   9.999999688300000E-01   5.357647512100000E+00   8.629630214500000E-01   7.146921952200000E+01   4.027664318500000E+02   0.000000000000000E+00   0.000000000000000E+00   0.000000000000000E+00   0.000000000000000E+00
   9.999999732900000E-01   4.839919675600000E+00   8.609815757300000E-01   7.350977643900001E+01   4.594040313300000E+02   0.000000000000000E+00   0.000000000000000E+00   0.000000000000000E+00   0.000000000000000E+00
   9.999999777400000E-01   4.313727458800000E+00   8.589674100700000E-01   7.478110265900000E+01   5.190261849600000E+02   0.000000000000000E+00   0.000000000000000E+00   0.000000000000000E+00   0.000000000000000E+00
   9.999999822000000E-01   3.791484528200000E+00   8.569672436000000E-01   7.519055524600000E+01   5.801962062200000E+02   0.000000000000000E+00   0.000000000000000E+00   0.000000000000000E+00   0.000000000000000E+00
   9.999999866500000E-01   3.287138034400000E+00   8.550336829400000E-01   7.470207042000000E+01   6.411060907400000E+02   0.000000000000000E+00   0.000000000000000E+00   0.000000000000000E+00   0.000000000000000E+00
   9.999999911000000E-01   2.811112676900000E+00   8.532059719000000E-01   7.334197291200000E+01   7.001869280800000E+02   0.000000000000000E+00   0.000000000000000E+00   0.000000000000000E+00   0.000000000000000E+00
   9.999999955500000E-01   2.372858275800000E+00   8.515198378800000E-01   7.118994679100000E+01   7.558596476700000E+02   0.000000000000000E+00   0.000000000000000E+00   0.000000000000000E+00   0.000000000000000E+00
   1.000000000000000E+00   1.978880643800000E+00   8.500000050900000E-01   6.837213749700000E+01   8.068105567200000E+02   0.000000000000000E+00   0.000000000000000E+00   0.000000000000000E+00   0.000000000000000E+00
