   0.000000000000000E+00   4.922339832700000E-01   9.999999955900000E-01   1.684088471000000E+00   1.822839993700000E+00   0.000000000000000E+00   0.000000000000000E+00   0.000000000000000E+00   0.000000000000000E+00
   4.912694881199999E-04   6.762893934300001E-01   8.435313428600000E-01   1.570829970700000E+00   1.592506868700000E+00   0.000000000000000E+00   0.000000000000000E+00   0.000000000000000E+00   0.000000000000000E+00
   9.825389762399999E-04   8.922996306099999E-01   7.216907919700000E-01   1.505103659200000E+00   1.351652141100000E+00   0.000000000000000E+00   0.000000000000000E+00   0.000000000000000E+00   0.000000000000000E+00
   1.473808464400000E-03   1.140655573000000E+00   6.262034191500000E-01   1.429561901300000E+00   1.211698744900000E+00   0.000000000000000E+00   0.000000000000000E+00   0.000000000000000E+00   0.000000000000000E+00
   1.965077952500000E-03   1.414324514100000E+00   5.513343367700000E-01   1.393144496900000E+00   1.025010923000000E+00   0.000000000000000E+00   0.000000000000000E+00   0.000000000000000E+00   0.000000000000000E+00
   2.410335336000000E-03   1.678528615500000E+00   4.978426906300000E-01   1.326665117400000E+00   9.772679203100000E-01   0.000000000000000E+00   0.000000000000000E+00   0.000000000000000E+00   0.000000000000000E+00
   2.855592719500000E-03   1.947169537000000E+00   4.554948053100000E-01   1.295966424800000E+00   8.666827777800000E-01   0.000000000000000E+00   0.000000000000000E+00   0.000000000000000E+00   0.000000000000000E+00
   3.300850103000000E-03   2.211212173500000E+00   4.223245120500000E-01   1.248740927200000E+00   8.240562809000000E-01   0.000000000000000E+00   0.000000000000000E+00   0.000000000000000E+00   0.000000000000000E+00
   3.746107486500000E-03   2.458781959500000E+00   3.966587490400000E-01   1.237354093300000E+00   7.147213942900000E-01   0.000000000000000E+00   0.000000000000000E+00   0.000000000000000E+00   0.000000000000000E+00
   4.250401818500000E-03   2.710795530700000E+00   3.748686100500000E-01   1.186359491700000E+00   7.152246964000000E-01   0.000000000000000E+00   0.000000000000000E+00   0.000000000000000E+00   0.000000000000000E+00
   4.754696150500000E-03   2.922557028500000E+00   3.590922820200000E-01   1.172564793000000E+00   6.488720219400000E-01   0.000000000000000E+00   0.000000000000000E+00   0.000000000000000E+00   0.000000000000000E+00
   5.258990482600000E-03   3.093305928500000E+00   3.478537302900000E-01   1.143033966300000E+00   6.461183819200000E-01   0.000000000000000E+00   0.000000000000000E+00   0.000000000000000E+00   0.000000000000000E+00
   5.763284814600000E-03   3.223984080000000E+00   3.399488813400000E-01   1.149519616200000E+00   5.726846556300000E-01   0.000000000000000E+00   0.000000000000000E+00   0.000000000000000E+00   0.000000000000000E+00
   6.376892882800000E-03   3.339634468000000E+00   3.335082578400000E-01   1.116711302900000E+00   6.065036154200000E-01   0.000000000000000E+00   0.000000000000000E+00   0.000000000000000E+00   0.000000000000000E+00
   6.990500951100000E-03   3.416603521100000E+00   3.294164236100000E-01   1.119339429500000E+00   5.680729367200000E-01   0.000000000000000E+00   0.000000000000000E+00   0.000000000000000E+00   0.000000000000000E+00
   7.604109019400000E-03   3.467313138300000E+00   3.268390182400000E-01   1.103499787100000E+00   5.872524446300000E-01   0.000000000000000E+00   0.000000000000000E+00   0.000000000000000E+00   0.000000000000000E+00
   8.217717087600000E-03   3.499356647600000E+00   3.252197287800000E-01   1.120860815800000E+00   5.307268575700000E-01   0.000000000000000E+00   0.000000000000000E+00   0.000000000000000E+00   0.000000000000000E+00
   9.371961602900001E-03   3.532035706200000E+00   3.236366343300000E-01   1.096912713700000E+00   5.778060193300000E-01   0.000000000000000E+00   0.000000000000000E+00   0.000000000000000E+00   0.000000000000000E+00
   1.052620611800000E-02   3.545066414600000E+00   3.229975469100000E-01   1.106223648500000E+00   5.492465180200000E-01   0.000000000000000E+00   0.000000000000000E+00   0.000000000000000E+00   0.000000000000000E+00
   1.168045063300000E-02   3.550708865200000E+00   3.227338643600000E-01   1.095026230800000E+00   5.751150133800000E-01   0.000000000000000E+00   0.000000000000000E+00   0.000000000000000E+00   0.000000000000000E+00
   1.283469514900000E-02   3.552729774600000E+00   3.226222721800000E-01   1.115448397700000E+00   5.230510160100000E-01   0.000000000000000E+00   0.000000000000000E+00   0.000000000000000E+00   0.000000000000000E+00
   1.632304163700000E-02   3.554548424000000E+00   3.225493344000000E-01   1.094639851100000E+00   5.745624555700000E-01   0.000000000000000E+00   0.000000000000000E+00   0.000000000000000E+00   0.000000000000000E+00
   1.981138812500000E-02   3.554351363600000E+00   3.225514111100000E-01   1.105284019800000E+00   5.479222548400000E-01   0.000000000000000E+00   0.000000000000000E+00   0.000000000000000E+00   0.000000000000000E+00
   2.329973461400000E-02   3.554573463700000E+00   3.225481318900000E-01   1.094637872700000E+00   5.745574905500000E-01   0.000000000000000E+00   0.000000000000000E+00   0.000000000000000E+00   0.000000000000000E+00
   2.678808110200000E-02   3.554243897000000E+00   3.225496271800000E-01   1.115292185300000E+00   5.228430165900000E-01   0.000000000000000E+00   0.000000000000000E+00   0.000000000000000E+00   0.000000000000000E+00
   3.740236766500000E-02   3.554576982500000E+00   3.225479627000000E-01   1.094637827000000E+00   5.745562085300000E-01   0.000000000000000E+00   0.000000000000000E+00   0.000000000000000E+00   0.000000000000000E+00
   4.801665422700000E-02   3.554415604500000E+00   3.225483304800000E-01   1.105276668100000E+00   5.479152538900000E-01   0.000000000000000E+00   0.000000000000000E+00   0.000000000000000E+00   0.000000000000000E+00
   5.863094079000000E-02   3.554572814300000E+00   3.225481625200000E-01   1.094638427300000E+00   5.745563525600000E-01   0.000000000000000E+00   0.000000000000000E+00   0.000000000000000E+00   0.000000000000000E+00
   6.924522735300000E-02   3.554275504400000E+00   3.225481117400000E-01   1.115287846000000E+00   5.228413887600000E-01   0.000000000000000E+00   0.000000000000000E+00   0.000000000000000E+00   0.000000000000000E+00
   8.770794668100000E-02   3.554571398300000E+00   3.225482303700000E-01   1.094638690500000E+00   5.745562522500000E-01   0.000000000000000E+00   0.000000000000000E+00   0.000000000000000E+00   0.000000000000000E+00
   1.061706660100000E-01   3.554420856700000E+00   3.225480787600000E-01   1.105275798400000E+00   5.479153575600000E-01   0.000000000000000E+00   0.000000000000000E+00   0.000000000000000E+00   0.000000000000000E+00
   1.246333853400000E-01   3.554570397000000E+00   3.225482783300000E-01   1.094638895000000E+00   5.745561353300001E-01   0.000000000000000E+00   0.000000000000000E+00   0.000000000000000E+00   0.000000000000000E+00
   1.430961046700000E-01   3.554282270600000E+00   3.225477876200000E-01   1.115286501700000E+00   5.228420858600000E-01   0.000000000000000E+00   0.000000000000000E+00   0.000000000000000E+00   0.000000000000000E+00
   1.605560090700000E-01   3.554569769500000E+00   3.225483083700000E-01   1.094639048700000E+00   5.745559975700000E-01   0.000000000000000E+00   0.000000000000000E+00   0.000000000000000E+00   0.000000000000000E+00
   1.780159134700000E-01   3.554422655100000E+00   3.225479926700000E-01   1.105275361600000E+00   5.479157426900000E-01   0.000000000000000E+00   0.000000000000000E+00   0.000000000000000E+00   0.000000000000000E+00
   1.954758178700000E-01   3.554569253500000E+00   3.225483330400000E-01   1.094639210100000E+00   5.745557962100000E-01   0.000000000000000E+00   0.000000000000000E+00   0.000000000000000E+00   0.000000000000000E+00
   2.129357222800000E-01   3.554285779400000E+00   3.225476197800000E-01   1.115285447800000E+00   5.228433449600000E-01   0.000000000000000E+00   0.000000000000000E+00   0.000000000000000E+00   0.000000000000000E+00
   2.269201594200000E-01   3.554568898800000E+00   3.225483499900000E-01   1.094639350400000E+00   5.745555839900000E-01   0.000000000000000E+00   0.000000000000000E+00   0.000000000000000E+00   0.000000000000000E+00
   2.409045965700000E-01   3.554423628700000E+00   3.225479461700000E-01   1.105274968300000E+00   5.479163459200000E-01   0.000000000000000E+00   0.000000000000000E+00   0.000000000000000E+00   0.000000000000000E+00
   2.548890337200000E-01   3.554568622500000E+00   3.225483631500000E-01   1.094639514800000E+00   5.745552799200000E-01   0.000000000000000E+00   0.000000000000000E+00   0.000000000000000E+00   0.000000000000000E+00
   2.688734708600000E-01   3.554287724000000E+00   3.225475270900000E-01   1.115284377800000E+00   5.228452657100000E-01   0.000000000000000E+00   0.000000000000000E+00   0.000000000000000E+00   0.000000000000000E+00
   2.836846714800000E-01   3.554568477000000E+00   3.225483700500000E-01   1.094639642300000E+00   5.745550168400000E-01   0.000000000000000E+00   0.000000000000000E+00   0.000000000000000E+00   0.000000000000000E+00
   2.984958721000000E-01   3.554424068100000E+00   3.225479253000000E-01   1.105274605500000E+00   5.479170846700000E-01   0.000000000000000E+00   0.000000000000000E+00   0.000000000000000E+00   0.000000000000000E+00
   3.133070727200000E-01   3.554568368400000E+00   3.225483751800000E-01   1.094639782200000E+00   5.745547079700000E-01   0.000000000000000E+00   0.000000000000000E+00   0.000000000000000E+00   0.000000000000000E+00
   3.281182733400000E-01   3.554288480000000E+00   3.225474913900000E-01   1.115283476500000E+00   5.228472337800000E-01   0.000000000000000E+00   0.000000000000000E+00   0.000000000000000E+00   0.000000000000000E+00
   3.457459225800000E-01   3.554568313500000E+00   3.225483777400000E-01   1.094639888500000E+00   5.745544621100001E-01   0.000000000000000E+00   0.000000000000000E+00   0.000000000000000E+00   0.000000000000000E+00
   3.633735718200000E-01   3.554424237700000E+00   3.225479173600000E-01   1.105274303700000E+00   5.479177767800000E-01   0.000000000000000E+00   0.000000000000000E+00   0.000000000000000E+00   0.000000000000000E+00
   3.810012210700000E-01   3.554568270900000E+00   3.225483797100000E-01   1.094640001100000E+00   5.745541956200000E-01   0.000000000000000E+00   0.000000000000000E+00   0.000000000000000E+00   0.000000000000000E+00
   3.986288703100000E-01   3.554288768600000E+00   3.225474780200000E-01   1.115282754200000E+00   5.228489369400000E-01   0.000000000000000E+00   0.000000000000000E+00   0.000000000000000E+00   0.000000000000000E+00
   4.105331518800000E-01   3.554568237400000E+00   3.225483812400000E-01   1.094640118700000E+00   5.745539130400000E-01   0.000000000000000E+00   0.000000000000000E+00   0.000000000000000E+00   0.000000000000000E+00
   4.224374334500000E-01   3.554424325200000E+00   3.225479133800000E-01   1.105273972400000E+00   5.479185756700000E-01   0.000000000000000E+00   0.000000000000000E+00   0.000000000000000E+00   0.000000000000000E+00
   4.343417150200000E-01   3.554568211800000E+00   3.225483823600000E-01   1.094640281700000E+00   5.745535131100000E-01   0.000000000000000E+00   0.000000000000000E+00   0.000000000000000E+00   0.000000000000000E+00
   4.462459965900000E-01   3.554288954100000E+00   3.225474698200000E-01   1.115281709100000E+00   5.228514934700000E-01   0.000000000000000E+00   0.000000000000000E+00   0.000000000000000E+00   0.000000000000000E+00
   4.535406949700000E-01   3.554568192300000E+00   3.225483831700000E-01   1.094640463000000E+00   5.745530644500000E-01   0.000000000000000E+00   0.000000000000000E+00   0.000000000000000E+00   0.000000000000000E+00
   4.608353933400000E-01   3.554424374200000E+00   3.225479113800000E-01   1.105273461000000E+00   5.479198433200000E-01   0.000000000000000E+00   0.000000000000000E+00   0.000000000000000E+00   0.000000000000000E+00
   4.681300917100000E-01   3.554568181000000E+00   3.225483835300000E-01   1.094640725800000E+00   5.745524074700000E-01   0.000000000000000E+00   0.000000000000000E+00   0.000000000000000E+00   0.000000000000000E+00
   4.754247900800000E-01   3.554289049600000E+00   3.225474663800000E-01   1.115280024600000E+00   5.228556947800000E-01   0.000000000000000E+00   0.000000000000000E+00   0.000000000000000E+00   0.000000000000000E+00
   4.827289702500000E-01   3.554568175100000E+00   3.225483836700000E-01   1.094640948700000E+00   5.745518489100000E-01   0.000000000000000E+00   0.000000000000000E+00   0.000000000000000E+00   0.000000000000000E+00
   4.900331504300000E-01   3.554424392700000E+00   3.225479109200000E-01   1.105272831500000E+00   5.479214201700000E-01   0.000000000000000E+00   0.000000000000000E+00   0.000000000000000E+00   0.000000000000000E+00
   4.973373306000000E-01   3.554568170200000E+00   3.225483837200000E-01   1.094641210600000E+00   5.745511919300000E-01   0.000000000000000E+00   0.000000000000000E+00   0.000000000000000E+00   0.000000000000000E+00
   5.046415107700000E-01   3.554289084600000E+00   3.225474658400000E-01   1.115278348500000E+00   5.228598988599999E-01   0.000000000000000E+00   0.000000000000000E+00   0.000000000000000E+00   0.000000000000000E+00
   5.129269383100000E-01   3.554568167000000E+00   3.225483837300000E-01   1.094641419900000E+00   5.745506665100000E-01   0.000000000000000E+00   0.000000000000000E+00   0.000000000000000E+00   0.000000000000000E+00
   5.212123658400000E-01   3.554424402300000E+00   3.225479108600000E-01   1.105272240500000E+00   5.479229036700000E-01   0.000000000000000E+00   0.000000000000000E+00   0.000000000000000E+00   0.000000000000000E+00
   5.294977933700000E-01   3.554568163600000E+00   3.225483837400000E-01   1.094641650500000E+00   5.745500872600000E-01   0.000000000000000E+00   0.000000000000000E+00   0.000000000000000E+00   0.000000000000000E+00
   5.377832209000000E-01   3.554289106400000E+00   3.225474658100000E-01   1.115276872000000E+00   5.228636060000000E-01   0.000000000000000E+00   0.000000000000000E+00   0.000000000000000E+00   0.000000000000000E+00
   5.472819657900000E-01   3.554568161100000E+00   3.225483837300000E-01   1.094641834100000E+00   5.745496263400000E-01   0.000000000000000E+00   0.000000000000000E+00   0.000000000000000E+00   0.000000000000000E+00
   5.567807106800000E-01   3.554424409500000E+00   3.225479108700000E-01   1.105271722200000E+00   5.479242050599999E-01   0.000000000000000E+00   0.000000000000000E+00   0.000000000000000E+00   0.000000000000000E+00
   5.662794555700000E-01   3.554568158400000E+00   3.225483837300000E-01   1.094642035300000E+00   5.745491211000000E-01   0.000000000000000E+00   0.000000000000000E+00   0.000000000000000E+00   0.000000000000000E+00
   5.757782004599999E-01   3.554289123900000E+00   3.225474658400000E-01   1.115275584400000E+00   5.228668395300000E-01   0.000000000000000E+00   0.000000000000000E+00   0.000000000000000E+00   0.000000000000000E+00
   5.835157145300000E-01   3.554568155800000E+00   3.225483837200000E-01   1.094642225700000E+00   5.745486427900000E-01   0.000000000000000E+00   0.000000000000000E+00   0.000000000000000E+00   0.000000000000000E+00
   5.912532285900000E-01   3.554424416800000E+00   3.225479108900000E-01   1.105271184500000E+00   5.479255556000000E-01   0.000000000000000E+00   0.000000000000000E+00   0.000000000000000E+00   0.000000000000000E+00
   5.989907426600000E-01   3.554568152500000E+00   3.225483837100000E-01   1.094642472700000E+00   5.745480225900000E-01   0.000000000000000E+00   0.000000000000000E+00   0.000000000000000E+00   0.000000000000000E+00
   6.067282567200000E-01   3.554289145100000E+00   3.225474659000000E-01   1.115274003900000E+00   5.228708088000000E-01   0.000000000000000E+00   0.000000000000000E+00   0.000000000000000E+00   0.000000000000000E+00
   6.131893024000000E-01   3.554568149500000E+00   3.225483837000000E-01   1.094642703300000E+00   5.745474433700000E-01   0.000000000000000E+00   0.000000000000000E+00   0.000000000000000E+00   0.000000000000000E+00
   6.196503480900000E-01   3.554424425500000E+00   3.225479109100000E-01   1.105270533300000E+00   5.479271910300000E-01   0.000000000000000E+00   0.000000000000000E+00   0.000000000000000E+00   0.000000000000000E+00
   6.261113937700000E-01   3.554568145500000E+00   3.225483836900000E-01   1.094642999100000E+00   5.745467007200000E-01   0.000000000000000E+00   0.000000000000000E+00   0.000000000000000E+00   0.000000000000000E+00
   6.325724394500000E-01   3.554289170300000E+00   3.225474659800000E-01   1.115272111300000E+00   5.228755617600001E-01   0.000000000000000E+00   0.000000000000000E+00   0.000000000000000E+00   0.000000000000000E+00
   6.399628336299999E-01   3.554568142400000E+00   3.225483836800000E-01   1.094643234600000E+00   5.745461091900000E-01   0.000000000000000E+00   0.000000000000000E+00   0.000000000000000E+00   0.000000000000000E+00
   6.473532278100000E-01   3.554424434300000E+00   3.225479109400000E-01   1.105269868200000E+00   5.479288612300000E-01   0.000000000000000E+00   0.000000000000000E+00   0.000000000000000E+00   0.000000000000000E+00
   6.547436219900000E-01   3.554568139000000E+00   3.225483836700000E-01   1.094643493100000E+00   5.745454600000000E-01   0.000000000000000E+00   0.000000000000000E+00   0.000000000000000E+00   0.000000000000000E+00
   6.621340161800000E-01   3.554289192200000E+00   3.225474660600000E-01   1.115270456900000E+00   5.228797165800000E-01   0.000000000000000E+00   0.000000000000000E+00   0.000000000000000E+00   0.000000000000000E+00
   6.702054501500000E-01   3.554568136200000E+00   3.225483836600000E-01   1.094643703500000E+00   5.745449314900000E-01   0.000000000000000E+00   0.000000000000000E+00   0.000000000000000E+00   0.000000000000000E+00
   6.782768841200000E-01   3.554424442200000E+00   3.225479109700000E-01   1.105269274000000E+00   5.479303534800000E-01   0.000000000000000E+00   0.000000000000000E+00   0.000000000000000E+00   0.000000000000000E+00
   6.863483180900000E-01   3.554568133000000E+00   3.225483836500000E-01   1.094643940200000E+00   5.745443371400000E-01   0.000000000000000E+00   0.000000000000000E+00   0.000000000000000E+00   0.000000000000000E+00
   6.944197520499999E-01   3.554289212400000E+00   3.225474661200000E-01   1.115268942300000E+00   5.228835204700000E-01   0.000000000000000E+00   0.000000000000000E+00   0.000000000000000E+00   0.000000000000000E+00
   7.022960623800000E-01   3.554568130300000E+00   3.225483836400000E-01   1.094644143800000E+00   5.745438257000000E-01   0.000000000000000E+00   0.000000000000000E+00   0.000000000000000E+00   0.000000000000000E+00
   7.101723727000000E-01   3.554424449800000E+00   3.225479109900000E-01   1.105268699000000E+00   5.479317975400000E-01   0.000000000000000E+00   0.000000000000000E+00   0.000000000000000E+00   0.000000000000000E+00
   7.180486830300000E-01   3.554568127100000E+00   3.225483836300000E-01   1.094644386300000E+00   5.745432166800000E-01   0.000000000000000E+00   0.000000000000000E+00   0.000000000000000E+00   0.000000000000000E+00
   7.259249933500000E-01   3.554289233000000E+00   3.225474661900000E-01   1.115267390300000E+00   5.228874182200000E-01   0.000000000000000E+00   0.000000000000000E+00   0.000000000000000E+00   0.000000000000000E+00
   7.327459917700000E-01   3.554568124100000E+00   3.225483836200000E-01   1.094644608400000E+00   5.745426589900000E-01   0.000000000000000E+00   0.000000000000000E+00   0.000000000000000E+00   0.000000000000000E+00
   7.395669901800001E-01   3.554424458200000E+00   3.225479110200000E-01   1.105268072000000E+00   5.479333721900000E-01   0.000000000000000E+00   0.000000000000000E+00   0.000000000000000E+00   0.000000000000000E+00
   7.463879885900000E-01   3.554568120400000E+00   3.225483836100000E-01   1.094644888400000E+00   5.745419558100000E-01   0.000000000000000E+00   0.000000000000000E+00   0.000000000000000E+00   0.000000000000000E+00
   7.532089870000001E-01   3.554289256800000E+00   3.225474662700000E-01   1.115265598400000E+00   5.228919185499999E-01   0.000000000000000E+00   0.000000000000000E+00   0.000000000000000E+00   0.000000000000000E+00
   7.584658313100000E-01   3.554568116800000E+00   3.225483835900000E-01   1.094645161700000E+00   5.745412692200000E-01   0.000000000000000E+00   0.000000000000000E+00   0.000000000000000E+00   0.000000000000000E+00
   7.637226756300000E-01   3.554424468400000E+00   3.225479110500000E-01   1.105267300200000E+00   5.479353107700000E-01   0.000000000000000E+00   0.000000000000000E+00   0.000000000000000E+00   0.000000000000000E+00
   7.689795199400000E-01   3.554568111900000E+00   3.225483835800000E-01   1.094645525000000E+00   5.745403569300001E-01   0.000000000000000E+00   0.000000000000000E+00   0.000000000000000E+00   0.000000000000000E+00
   7.742363642600000E-01   3.554289287700000E+00   3.225474663700000E-01   1.115263273600000E+00   5.228977572000000E-01   0.000000000000000E+00   0.000000000000000E+00   0.000000000000000E+00   0.000000000000000E+00
   7.783944777600000E-01   3.554568107300000E+00   3.225483835600000E-01   1.094645874500000E+00   5.745394790900000E-01   0.000000000000000E+00   0.000000000000000E+00   0.000000000000000E+00   0.000000000000000E+00
   7.825525912600000E-01   3.554424481600000E+00   3.225479111000000E-01   1.105266313300000E+00   5.479377893400000E-01   0.000000000000000E+00   0.000000000000000E+00   0.000000000000000E+00   0.000000000000000E+00
   7.867107047500000E-01   3.554568101200000E+00   3.225483835400000E-01   1.094646333700000E+00   5.745383259300000E-01   0.000000000000000E+00   0.000000000000000E+00   0.000000000000000E+00   0.000000000000000E+00
   7.908688182500000E-01   3.554289326800000E+00   3.225474664900000E-01   1.115260335100000E+00   5.229051374500000E-01   0.000000000000000E+00   0.000000000000000E+00   0.000000000000000E+00   0.000000000000000E+00
   7.943902291500000E-01   3.554568095500000E+00   3.225483835200000E-01   1.094646759200000E+00   5.745372572100000E-01   0.000000000000000E+00   0.000000000000000E+00   0.000000000000000E+00   0.000000000000000E+00
   7.979116400600000E-01   3.554424497500000E+00   3.225479111500000E-01   1.105265111800000E+00   5.479408068500000E-01   0.000000000000000E+00   0.000000000000000E+00   0.000000000000000E+00   0.000000000000000E+00
   8.014330509599999E-01   3.554568088300000E+00   3.225483835000000E-01   1.094647301200000E+00   5.745358958200000E-01   0.000000000000000E+00   0.000000000000000E+00   0.000000000000000E+00   0.000000000000000E+00
   8.049544618600000E-01   3.554289372900000E+00   3.225474666400000E-01   1.115256865900000E+00   5.229138504000000E-01   0.000000000000000E+00   0.000000000000000E+00   0.000000000000000E+00   0.000000000000000E+00
   8.086661845000001E-01   3.554568082400000E+00   3.225483834800000E-01   1.094647750100000E+00   5.745347684200000E-01   0.000000000000000E+00   0.000000000000000E+00   0.000000000000000E+00   0.000000000000000E+00
   8.123779071500000E-01   3.554424514400000E+00   3.225479112000000E-01   1.105263844400000E+00   5.479439901099999E-01   0.000000000000000E+00   0.000000000000000E+00   0.000000000000000E+00   0.000000000000000E+00
   8.160896297900000E-01   3.554568075500000E+00   3.225483834600000E-01   1.094648264300000E+00   5.745334770900000E-01   0.000000000000000E+00   0.000000000000000E+00   0.000000000000000E+00   0.000000000000000E+00
   8.198013524300000E-01   3.554289416600000E+00   3.225474667900000E-01   1.115253575400000E+00   5.229221148900000E-01   0.000000000000000E+00   0.000000000000000E+00   0.000000000000000E+00   0.000000000000000E+00
   8.243835685999999E-01   3.554568070300000E+00   3.225483834400000E-01   1.094648659700000E+00   5.745324838300000E-01   0.000000000000000E+00   0.000000000000000E+00   0.000000000000000E+00   0.000000000000000E+00
   8.289657847600000E-01   3.554424529200000E+00   3.225479112500000E-01   1.105262727800000E+00   5.479467946500000E-01   0.000000000000000E+00   0.000000000000000E+00   0.000000000000000E+00   0.000000000000000E+00
   8.335480009200000E-01   3.554568064700000E+00   3.225483834200000E-01   1.094649076100000E+00   5.745314380100000E-01   0.000000000000000E+00   0.000000000000000E+00   0.000000000000000E+00   0.000000000000000E+00
   8.381302170900000E-01   3.554289452100000E+00   3.225474669000000E-01   1.115250910500000E+00   5.229288081300000E-01   0.000000000000000E+00   0.000000000000000E+00   0.000000000000000E+00   0.000000000000000E+00
   8.420018061500000E-01   3.554568059600000E+00   3.225483834100000E-01   1.094649462500000E+00   5.745304675500000E-01   0.000000000000000E+00   0.000000000000000E+00   0.000000000000000E+00   0.000000000000000E+00
   8.458733952200000E-01   3.554424543700000E+00   3.225479113000000E-01   1.105261636800000E+00   5.479495347300000E-01   0.000000000000000E+00   0.000000000000000E+00   0.000000000000000E+00   0.000000000000000E+00
   8.497449842900000E-01   3.554568053100000E+00   3.225483833900000E-01   1.094649955200000E+00   5.745292300000000E-01   0.000000000000000E+00   0.000000000000000E+00   0.000000000000000E+00   0.000000000000000E+00
   8.536165733600000E-01   3.554289494000000E+00   3.225474670400000E-01   1.115247757100000E+00   5.229367284999999E-01   0.000000000000000E+00   0.000000000000000E+00   0.000000000000000E+00   0.000000000000000E+00
   8.568568686800000E-01   3.554568047000000E+00   3.225483833700000E-01   1.094650414800000E+00   5.745280757000000E-01   0.000000000000000E+00   0.000000000000000E+00   0.000000000000000E+00   0.000000000000000E+00
   8.600971640100000E-01   3.554424561000000E+00   3.225479113500000E-01   1.105260339200000E+00   5.479527938600000E-01   0.000000000000000E+00   0.000000000000000E+00   0.000000000000000E+00   0.000000000000000E+00
   8.633374593299999E-01   3.554568039100000E+00   3.225483833400000E-01   1.094651003400000E+00   5.745265973500000E-01   0.000000000000000E+00   0.000000000000000E+00   0.000000000000000E+00   0.000000000000000E+00
   8.665777546500000E-01   3.554289544000000E+00   3.225474672000000E-01   1.115243990100000E+00   5.229461899500000E-01   0.000000000000000E+00   0.000000000000000E+00   0.000000000000000E+00   0.000000000000000E+00
   8.690221328300000E-01   3.554568031400000E+00   3.225483833200000E-01   1.094651585100000E+00   5.745251363200000E-01   0.000000000000000E+00   0.000000000000000E+00   0.000000000000000E+00   0.000000000000000E+00
   8.714665110000001E-01   3.554424582800000E+00   3.225479114300000E-01   1.105258696900000E+00   5.479569190100000E-01   0.000000000000000E+00   0.000000000000000E+00   0.000000000000000E+00   0.000000000000000E+00
   8.739108891700000E-01   3.554568021000000E+00   3.225483832800000E-01   1.094652365100000E+00   5.745231771300000E-01   0.000000000000000E+00   0.000000000000000E+00   0.000000000000000E+00   0.000000000000000E+00
   8.763552673400000E-01   3.554289610300000E+00   3.225474674200000E-01   1.115238998100000E+00   5.229587287800000E-01   0.000000000000000E+00   0.000000000000000E+00   0.000000000000000E+00   0.000000000000000E+00
   8.787449394200000E-01   3.554568012100000E+00   3.225483832500000E-01   1.094653035600000E+00   5.745214930100000E-01   0.000000000000000E+00   0.000000000000000E+00   0.000000000000000E+00   0.000000000000000E+00
   8.811346114900001E-01   3.554424607900000E+00   3.225479115100000E-01   1.105256803700000E+00   5.479616741600000E-01   0.000000000000000E+00   0.000000000000000E+00   0.000000000000000E+00   0.000000000000000E+00
   8.835242835600000E-01   3.554568001500000E+00   3.225483832200000E-01   1.094653833200000E+00   5.745194895900000E-01   0.000000000000000E+00   0.000000000000000E+00   0.000000000000000E+00   0.000000000000000E+00
   8.859139556300000E-01   3.554289678100000E+00   3.225474676400000E-01   1.115233893400000E+00   5.229715506800000E-01   0.000000000000000E+00   0.000000000000000E+00   0.000000000000000E+00   0.000000000000000E+00
   8.886037646400000E-01   3.554567993000000E+00   3.225483831900000E-01   1.094654473200000E+00   5.745178819500000E-01   0.000000000000000E+00   0.000000000000000E+00   0.000000000000000E+00   0.000000000000000E+00
   8.912935736399999E-01   3.554424631900000E+00   3.225479115900000E-01   1.105254996600000E+00   5.479662134300000E-01   0.000000000000000E+00   0.000000000000000E+00   0.000000000000000E+00   0.000000000000000E+00
   8.939833826500000E-01   3.554567983600000E+00   3.225483831600000E-01   1.094655181600000E+00   5.745161026000000E-01   0.000000000000000E+00   0.000000000000000E+00   0.000000000000000E+00   0.000000000000000E+00
   8.966731916500000E-01   3.554289738300000E+00   3.225474678400000E-01   1.115229359800000E+00   5.229829385000000E-01   0.000000000000000E+00   0.000000000000000E+00   0.000000000000000E+00   0.000000000000000E+00
   8.995336744500000E-01   3.554567975900000E+00   3.225483831300000E-01   1.094655765600000E+00   5.745146354900000E-01   0.000000000000000E+00   0.000000000000000E+00   0.000000000000000E+00   0.000000000000000E+00
   9.023941572500001E-01   3.554424653800000E+00   3.225479116600000E-01   1.105253347400000E+00   5.479703559000000E-01   0.000000000000000E+00   0.000000000000000E+00   0.000000000000000E+00   0.000000000000000E+00
   9.052546400600000E-01   3.554567967000000E+00   3.225483831100000E-01   1.094656431600000E+00   5.745129627600000E-01   0.000000000000000E+00   0.000000000000000E+00   0.000000000000000E+00   0.000000000000000E+00
   9.081151228600000E-01   3.554289794900000E+00   3.225474680200000E-01   1.115225097900000E+00   5.229936439600000E-01   0.000000000000000E+00   0.000000000000000E+00   0.000000000000000E+00   0.000000000000000E+00
   9.101831250300000E-01   3.554567958100000E+00   3.225483830800000E-01   1.094657106000000E+00   5.745112687000000E-01   0.000000000000000E+00   0.000000000000000E+00   0.000000000000000E+00   0.000000000000000E+00
   9.122511272100000E-01   3.554424679100000E+00   3.225479117400000E-01   1.105251443300000E+00   5.479751389400001E-01   0.000000000000000E+00   0.000000000000000E+00   0.000000000000000E+00   0.000000000000000E+00
   9.143191293900000E-01   3.554567945900000E+00   3.225483830400000E-01   1.094658026800000E+00   5.745089556900000E-01   0.000000000000000E+00   0.000000000000000E+00   0.000000000000000E+00   0.000000000000000E+00
   9.163871315600000E-01   3.554289873200000E+00   3.225474682700000E-01   1.115219204800000E+00   5.230084472400000E-01   0.000000000000000E+00   0.000000000000000E+00   0.000000000000000E+00   0.000000000000000E+00
   9.180672069900000E-01   3.554567934300000E+00   3.225483830000000E-01   1.094658899600000E+00   5.745067630100000E-01   0.000000000000000E+00   0.000000000000000E+00   0.000000000000000E+00   0.000000000000000E+00
   9.197472824200000E-01   3.554424711800000E+00   3.225479118500000E-01   1.105248978800000E+00   5.479813298500000E-01   0.000000000000000E+00   0.000000000000000E+00   0.000000000000000E+00   0.000000000000000E+00
   9.214273578500000E-01   3.554567919200000E+00   3.225483829500000E-01   1.094660032600000E+00   5.745039170700000E-01   0.000000000000000E+00   0.000000000000000E+00   0.000000000000000E+00   0.000000000000000E+00
   9.231074332800000E-01   3.554289969400000E+00   3.225474685900000E-01   1.115211954200000E+00   5.230266612200000E-01   0.000000000000000E+00   0.000000000000000E+00   0.000000000000000E+00   0.000000000000000E+00
   9.244061497900000E-01   3.554567904600000E+00   3.225483829000000E-01   1.094661136700000E+00   5.745011434100000E-01   0.000000000000000E+00   0.000000000000000E+00   0.000000000000000E+00   0.000000000000000E+00
   9.257048663000000E-01   3.554424753200000E+00   3.225479119800000E-01   1.105245861400000E+00   5.479891609899999E-01   0.000000000000000E+00   0.000000000000000E+00   0.000000000000000E+00   0.000000000000000E+00
   9.270035828099999E-01   3.554567885100000E+00   3.225483828400000E-01   1.094662601500000E+00   5.744974636700000E-01   0.000000000000000E+00   0.000000000000000E+00   0.000000000000000E+00   0.000000000000000E+00
   9.283022993200000E-01   3.554290093800000E+00   3.225474689900000E-01   1.115202579600000E+00   5.230502115500000E-01   0.000000000000000E+00   0.000000000000000E+00   0.000000000000000E+00   0.000000000000000E+00
   9.300897731700000E-01   3.554567870900000E+00   3.225483827900000E-01   1.094663675900000E+00   5.744947643800000E-01   0.000000000000000E+00   0.000000000000000E+00   0.000000000000000E+00   0.000000000000000E+00
   9.318772470200000E-01   3.554424793500000E+00   3.225479121100000E-01   1.105242827400000E+00   5.479967829700000E-01   0.000000000000000E+00   0.000000000000000E+00   0.000000000000000E+00   0.000000000000000E+00
   9.336647208800000E-01   3.554567856800000E+00   3.225483827500000E-01   1.094664739600000E+00   5.744920921400000E-01   0.000000000000000E+00   0.000000000000000E+00   0.000000000000000E+00   0.000000000000000E+00
   9.354521947300000E-01   3.554290184100000E+00   3.225474692900000E-01   1.115195772100000E+00   5.230673138900001E-01   0.000000000000000E+00   0.000000000000000E+00   0.000000000000000E+00   0.000000000000000E+00
   9.367007782900000E-01   3.554567842200000E+00   3.225483827000000E-01   1.094665838600000E+00   5.744893310400000E-01   0.000000000000000E+00   0.000000000000000E+00   0.000000000000000E+00   0.000000000000000E+00
   9.379493618500000E-01   3.554424834600000E+00   3.225479122500000E-01   1.105239724500000E+00   5.480045784799999E-01   0.000000000000000E+00   0.000000000000000E+00   0.000000000000000E+00   0.000000000000000E+00
   9.391979454200000E-01   3.554567822000000E+00   3.225483826300000E-01   1.094667360600000E+00   5.744855074000000E-01   0.000000000000000E+00   0.000000000000000E+00   0.000000000000000E+00   0.000000000000000E+00
   9.404465289800000E-01   3.554290313300000E+00   3.225474697100000E-01   1.115186031700000E+00   5.230917851600000E-01   0.000000000000000E+00   0.000000000000000E+00   0.000000000000000E+00   0.000000000000000E+00
   9.415986852500000E-01   3.554567804100000E+00   3.225483825800000E-01   1.094668707900000E+00   5.744821222900000E-01   0.000000000000000E+00   0.000000000000000E+00   0.000000000000000E+00   0.000000000000000E+00
   9.427508415300000E-01   3.554424885100000E+00   3.225479124100000E-01   1.105235920300000E+00   5.480141362700000E-01   0.000000000000000E+00   0.000000000000000E+00   0.000000000000000E+00   0.000000000000000E+00
   9.439029978000000E-01   3.554567782300000E+00   3.225483825000000E-01   1.094670356100000E+00   5.744779812300000E-01   0.000000000000000E+00   0.000000000000000E+00   0.000000000000000E+00   0.000000000000000E+00
   9.450551540800000E-01   3.554290453200000E+00   3.225474701600000E-01   1.115175483300000E+00   5.231182879500000E-01   0.000000000000000E+00   0.000000000000000E+00   0.000000000000000E+00   0.000000000000000E+00
   9.461054177200000E-01   3.554567762800000E+00   3.225483824400000E-01   1.094671824600000E+00   5.744742917400000E-01   0.000000000000000E+00   0.000000000000000E+00   0.000000000000000E+00   0.000000000000000E+00
   9.471556813599999E-01   3.554424940000000E+00   3.225479125900000E-01   1.105231774200000E+00   5.480245534200000E-01   0.000000000000000E+00   0.000000000000000E+00   0.000000000000000E+00   0.000000000000000E+00
   9.482059450000000E-01   3.554567738900000E+00   3.225483823600000E-01   1.094673631300000E+00   5.744697520199999E-01   0.000000000000000E+00   0.000000000000000E+00   0.000000000000000E+00   0.000000000000000E+00
   9.492562086400000E-01   3.554290606500000E+00   3.225474706600000E-01   1.115163920000000E+00   5.231473421500000E-01   0.000000000000000E+00   0.000000000000000E+00   0.000000000000000E+00   0.000000000000000E+00
   9.506802351300000E-01   3.554567721200000E+00   3.225483823100000E-01   1.094674965000000E+00   5.744664009800000E-01   0.000000000000000E+00   0.000000000000000E+00   0.000000000000000E+00   0.000000000000000E+00
   9.521042616199999E-01   3.554424989900000E+00   3.225479127500000E-01   1.105228008400000E+00   5.480340158400000E-01   0.000000000000000E+00   0.000000000000000E+00   0.000000000000000E+00   0.000000000000000E+00
   9.535282881100000E-01   3.554567703500000E+00   3.225483822500000E-01   1.094676296600000E+00   5.744630548700000E-01   0.000000000000000E+00   0.000000000000000E+00   0.000000000000000E+00   0.000000000000000E+00
   9.549523145900000E-01   3.554290719400000E+00   3.225474710300000E-01   1.115155397400000E+00   5.231687572700000E-01   0.000000000000000E+00   0.000000000000000E+00   0.000000000000000E+00   0.000000000000000E+00
   9.562303307400000E-01   3.554567687700000E+00   3.225483822000000E-01   1.094677492800000E+00   5.744600489500000E-01   0.000000000000000E+00   0.000000000000000E+00   0.000000000000000E+00   0.000000000000000E+00
   9.575083468900000E-01   3.554425034700000E+00   3.225479129000000E-01   1.105224630900000E+00   5.480425029400000E-01   0.000000000000000E+00   0.000000000000000E+00   0.000000000000000E+00   0.000000000000000E+00
   9.587863630500000E-01   3.554567668100000E+00   3.225483821300000E-01   1.094678975700000E+00   5.744563226200000E-01   0.000000000000000E+00   0.000000000000000E+00   0.000000000000000E+00   0.000000000000000E+00
   9.600643792000000E-01   3.554290845100000E+00   3.225474714400000E-01   1.115145906900000E+00   5.231926057800000E-01   0.000000000000000E+00   0.000000000000000E+00   0.000000000000000E+00   0.000000000000000E+00
   9.610760512700000E-01   3.554567649200000E+00   3.225483820700000E-01   1.094680401700000E+00   5.744527392400000E-01   0.000000000000000E+00   0.000000000000000E+00   0.000000000000000E+00   0.000000000000000E+00
   9.620877233400000E-01   3.554425088000000E+00   3.225479130700000E-01   1.105220604800000E+00   5.480526201400000E-01   0.000000000000000E+00   0.000000000000000E+00   0.000000000000000E+00   0.000000000000000E+00
   9.630993954200000E-01   3.554567624400000E+00   3.225483819900000E-01   1.094682273700000E+00   5.744480349900000E-01   0.000000000000000E+00   0.000000000000000E+00   0.000000000000000E+00   0.000000000000000E+00
   9.641110674900000E-01   3.554291003700000E+00   3.225474719500000E-01   1.115133926400000E+00   5.232227130000000E-01   0.000000000000000E+00   0.000000000000000E+00   0.000000000000000E+00   0.000000000000000E+00
   9.649302085100000E-01   3.554567600900000E+00   3.225483819100000E-01   1.094684051200000E+00   5.744435679500000E-01   0.000000000000000E+00   0.000000000000000E+00   0.000000000000000E+00   0.000000000000000E+00
   9.657493495300000E-01   3.554425154400000E+00   3.225479132900000E-01   1.105215586400000E+00   5.480652321300000E-01   0.000000000000000E+00   0.000000000000000E+00   0.000000000000000E+00   0.000000000000000E+00
   9.665684905600000E-01   3.554567570300000E+00   3.225483818100000E-01   1.094686361000000E+00   5.744377628000000E-01   0.000000000000000E+00   0.000000000000000E+00   0.000000000000000E+00   0.000000000000000E+00
   9.673876315800000E-01   3.554291199400000E+00   3.225474725900000E-01   1.115119143300000E+00   5.232598659600000E-01   0.000000000000000E+00   0.000000000000000E+00   0.000000000000000E+00   0.000000000000000E+00
   9.681583400500000E-01   3.554567543500000E+00   3.225483817300000E-01   1.094688385100000E+00   5.744326756400000E-01   0.000000000000000E+00   0.000000000000000E+00   0.000000000000000E+00   0.000000000000000E+00
   9.689290485299999E-01   3.554425230100000E+00   3.225479135300000E-01   1.105209871400000E+00   5.480795955700000E-01   0.000000000000000E+00   0.000000000000000E+00   0.000000000000000E+00   0.000000000000000E+00
   9.696997570000000E-01   3.554567511100000E+00   3.225483816200000E-01   1.094690837600000E+00   5.744265114800000E-01   0.000000000000000E+00   0.000000000000000E+00   0.000000000000000E+00   0.000000000000000E+00
   9.704704654800000E-01   3.554291407000000E+00   3.225474732700000E-01   1.115103447300000E+00   5.232993165900000E-01   0.000000000000000E+00   0.000000000000000E+00   0.000000000000000E+00   0.000000000000000E+00
   9.714064630600000E-01   3.554567485900000E+00   3.225483815400000E-01   1.094692737100000E+00   5.744217370500000E-01   0.000000000000000E+00   0.000000000000000E+00   0.000000000000000E+00   0.000000000000000E+00
   9.723424606300000E-01   3.554425301000000E+00   3.225479137600000E-01   1.105204507800000E+00   5.480930771800000E-01   0.000000000000000E+00   0.000000000000000E+00   0.000000000000000E+00   0.000000000000000E+00
   9.732784582100000E-01   3.554567459300000E+00   3.225483814500000E-01   1.094694754600000E+00   5.744166659000000E-01   0.000000000000000E+00   0.000000000000000E+00   0.000000000000000E+00   0.000000000000000E+00
   9.742144557900000E-01   3.554291577700000E+00   3.225474738200000E-01   1.115090535600000E+00   5.233317719300000E-01   0.000000000000000E+00   0.000000000000000E+00   0.000000000000000E+00   0.000000000000000E+00
   9.749286223100000E-01   3.554567433100000E+00   3.225483813700000E-01   1.094696735000000E+00   5.744116877100000E-01   0.000000000000000E+00   0.000000000000000E+00   0.000000000000000E+00   0.000000000000000E+00
   9.756427888300000E-01   3.554425374900000E+00   3.225479140000000E-01   1.105198916600000E+00   5.481071319400000E-01   0.000000000000000E+00   0.000000000000000E+00   0.000000000000000E+00   0.000000000000000E+00
   9.763569553600000E-01   3.554567398200000E+00   3.225483812600000E-01   1.094699376400000E+00   5.744050475100000E-01   0.000000000000000E+00   0.000000000000000E+00   0.000000000000000E+00   0.000000000000000E+00
   9.770711218800000E-01   3.554291801000000E+00   3.225474745500000E-01   1.115073630300000E+00   5.233742692800000E-01   0.000000000000000E+00   0.000000000000000E+00   0.000000000000000E+00   0.000000000000000E+00
   9.777527107700000E-01   3.554567367900000E+00   3.225483811600000E-01   1.094701674000000E+00   5.743992713900000E-01   0.000000000000000E+00   0.000000000000000E+00   0.000000000000000E+00   0.000000000000000E+00
   9.784342996600000E-01   3.554425460600000E+00   3.225479142800000E-01   1.105192429400000E+00   5.481234406500000E-01   0.000000000000000E+00   0.000000000000000E+00   0.000000000000000E+00   0.000000000000000E+00
   9.791158885500000E-01   3.554567331300000E+00   3.225483810400000E-01   1.094704438500000E+00   5.743923212299999E-01   0.000000000000000E+00   0.000000000000000E+00   0.000000000000000E+00   0.000000000000000E+00
   9.797974774400000E-01   3.554292034600000E+00   3.225474753000000E-01   1.115055937800000E+00   5.234187503400000E-01   0.000000000000000E+00   0.000000000000000E+00   0.000000000000000E+00   0.000000000000000E+00
   9.804666841400000E-01   3.554567300100000E+00   3.225483809400000E-01   1.094706808600000E+00   5.743863621600001E-01   0.000000000000000E+00   0.000000000000000E+00   0.000000000000000E+00   0.000000000000000E+00
   9.811358908400000E-01   3.554425548900000E+00   3.225479145700000E-01   1.105185737400000E+00   5.481402661200000E-01   0.000000000000000E+00   0.000000000000000E+00   0.000000000000000E+00   0.000000000000000E+00
   9.818050975400000E-01   3.554567263000000E+00   3.225483808200000E-01   1.094709620700000E+00   5.743792912000000E-01   0.000000000000000E+00   0.000000000000000E+00   0.000000000000000E+00   0.000000000000000E+00
   9.824743042400000E-01   3.554292272000000E+00   3.225474760700000E-01   1.115037939900000E+00   5.234640045500000E-01   0.000000000000000E+00   0.000000000000000E+00   0.000000000000000E+00   0.000000000000000E+00
   9.829174398100000E-01   3.554567223400000E+00   3.225483806900000E-01   1.094712619400000E+00   5.743717510900000E-01   0.000000000000000E+00   0.000000000000000E+00   0.000000000000000E+00   0.000000000000000E+00
   9.833605753800000E-01   3.554425660500000E+00   3.225479149300000E-01   1.105177272700000E+00   5.481615513100000E-01   0.000000000000000E+00   0.000000000000000E+00   0.000000000000000E+00   0.000000000000000E+00
   9.838037109600000E-01   3.554567167500000E+00   3.225483805100000E-01   1.094716859700000E+00   5.743610876700000E-01   0.000000000000000E+00   0.000000000000000E+00   0.000000000000000E+00   0.000000000000000E+00
   9.842468465300001E-01   3.554292629700000E+00   3.225474772300000E-01   1.115010801900000E+00   5.235322505400000E-01   0.000000000000000E+00   0.000000000000000E+00   0.000000000000000E+00   0.000000000000000E+00
   9.846238513800000E-01   3.554567115900000E+00   3.225483803400000E-01   1.094720776700000E+00   5.743512364700000E-01   0.000000000000000E+00   0.000000000000000E+00   0.000000000000000E+00   0.000000000000000E+00
   9.850008562300000E-01   3.554425806200000E+00   3.225479154000000E-01   1.105166214300000E+00   5.481893633800000E-01   0.000000000000000E+00   0.000000000000000E+00   0.000000000000000E+00   0.000000000000000E+00
   9.853778610800000E-01   3.554567050400000E+00   3.225483801300000E-01   1.094725750700000E+00   5.743387253900000E-01   0.000000000000000E+00   0.000000000000000E+00   0.000000000000000E+00   0.000000000000000E+00
   9.857548659199999E-01   3.554293048700000E+00   3.225474785900000E-01   1.114978968100000E+00   5.236123215800000E-01   0.000000000000000E+00   0.000000000000000E+00   0.000000000000000E+00   0.000000000000000E+00
   9.861224058600000E-01   3.554566994200000E+00   3.225483799400000E-01   1.094730028400000E+00   5.743279644900000E-01   0.000000000000000E+00   0.000000000000000E+00   0.000000000000000E+00   0.000000000000000E+00
   9.864899458000000E-01   3.554425965000000E+00   3.225479159200000E-01   1.105154136300000E+00   5.482197464800000E-01   0.000000000000000E+00   0.000000000000000E+00   0.000000000000000E+00   0.000000000000000E+00
   9.868574857400000E-01   3.554566927200000E+00   3.225483797300000E-01   1.094735119200000E+00   5.743151567500000E-01   0.000000000000000E+00   0.000000000000000E+00   0.000000000000000E+00   0.000000000000000E+00
   9.872250256900000E-01   3.554293476900000E+00   3.225474799800000E-01   1.114946387100000E+00   5.236942912800000E-01   0.000000000000000E+00   0.000000000000000E+00   0.000000000000000E+00   0.000000000000000E+00
   9.874835728700000E-01   3.554566858500000E+00   3.225483795000000E-01   1.094740353500000E+00   5.743019865000000E-01   0.000000000000000E+00   0.000000000000000E+00   0.000000000000000E+00   0.000000000000000E+00
   9.877421200499999E-01   3.554426159100000E+00   3.225479165500000E-01   1.105139362300000E+00   5.482569211900000E-01   0.000000000000000E+00   0.000000000000000E+00   0.000000000000000E+00   0.000000000000000E+00
   9.880006672300000E-01   3.554566763800000E+00   3.225483792000000E-01   1.094747570600000E+00   5.742838238900000E-01   0.000000000000000E+00   0.000000000000000E+00   0.000000000000000E+00   0.000000000000000E+00
   9.882592144100000E-01   3.554294082700000E+00   3.225474819400000E-01   1.114900198100000E+00   5.238105324700000E-01   0.000000000000000E+00   0.000000000000000E+00   0.000000000000000E+00   0.000000000000000E+00
   9.884870617700000E-01   3.554566678200000E+00   3.225483789200000E-01   1.094754108300000E+00   5.742673677600000E-01   0.000000000000000E+00   0.000000000000000E+00   0.000000000000000E+00   0.000000000000000E+00
   9.887149091300000E-01   3.554426400900000E+00   3.225479173300000E-01   1.105120905800000E+00   5.483033787600000E-01   0.000000000000000E+00   0.000000000000000E+00   0.000000000000000E+00   0.000000000000000E+00
   9.889427564900000E-01   3.554566571300000E+00   3.225483785700000E-01   1.094762269600000E+00   5.742468206100000E-01   0.000000000000000E+00   0.000000000000000E+00   0.000000000000000E+00   0.000000000000000E+00
   9.891706038500000E-01   3.554294766000000E+00   3.225474841500000E-01   1.114847966500000E+00   5.239420348500000E-01   0.000000000000000E+00   0.000000000000000E+00   0.000000000000000E+00   0.000000000000000E+00
   9.894101539600000E-01   3.554566483200000E+00   3.225483782900000E-01   1.094769024400000E+00   5.742298100700000E-01   0.000000000000000E+00   0.000000000000000E+00   0.000000000000000E+00   0.000000000000000E+00
   9.896497040700000E-01   3.554426650000000E+00   3.225479181300000E-01   1.105101832100000E+00   5.483514112900000E-01   0.000000000000000E+00   0.000000000000000E+00   0.000000000000000E+00   0.000000000000000E+00
   9.898892541900000E-01   3.554566382200000E+00   3.225483779600000E-01   1.094776758900000E+00   5.742103281099999E-01   0.000000000000000E+00   0.000000000000000E+00   0.000000000000000E+00   0.000000000000000E+00
   9.901288043000001E-01   3.554295411500000E+00   3.225474862300000E-01   1.114798465700000E+00   5.240667200000000E-01   0.000000000000000E+00   0.000000000000000E+00   0.000000000000000E+00   0.000000000000000E+00
   9.903428035600000E-01   3.554566291700000E+00   3.225483776700000E-01   1.094783713900000E+00   5.741928053000001E-01   0.000000000000000E+00   0.000000000000000E+00   0.000000000000000E+00   0.000000000000000E+00
   9.905568028200000E-01   3.554426905600000E+00   3.225479189500000E-01   1.105082197400000E+00   5.484008806000000E-01   0.000000000000000E+00   0.000000000000000E+00   0.000000000000000E+00   0.000000000000000E+00
   9.907708020800000E-01   3.554566179500000E+00   3.225483773100000E-01   1.094792339400000E+00   5.741710677800000E-01   0.000000000000000E+00   0.000000000000000E+00   0.000000000000000E+00   0.000000000000000E+00
   9.909848013400000E-01   3.554296128900000E+00   3.225474885400000E-01   1.114743263000000E+00   5.242058409000000E-01   0.000000000000000E+00   0.000000000000000E+00   0.000000000000000E+00   0.000000000000000E+00
   9.911975548900001E-01   3.554566084400000E+00   3.225483770100000E-01   1.094799677800000E+00   5.741525681800000E-01   0.000000000000000E+00   0.000000000000000E+00   0.000000000000000E+00   0.000000000000000E+00
   9.914103084300000E-01   3.554427174400000E+00   3.225479198200000E-01   1.105061477400000E+00   5.484531143100000E-01   0.000000000000000E+00   0.000000000000000E+00   0.000000000000000E+00   0.000000000000000E+00
   9.916230619800001E-01   3.554565972500000E+00   3.225483766500000E-01   1.094808318900000E+00   5.741307779400000E-01   0.000000000000000E+00   0.000000000000000E+00   0.000000000000000E+00   0.000000000000000E+00
   9.918358155300000E-01   3.554296844700000E+00   3.225474908400000E-01   1.114687960300000E+00   5.243452992500000E-01   0.000000000000000E+00   0.000000000000000E+00   0.000000000000000E+00   0.000000000000000E+00
   9.920652020600000E-01   3.554565881400000E+00   3.225483763500000E-01   1.094815382600000E+00   5.741129589500000E-01   0.000000000000000E+00   0.000000000000000E+00   0.000000000000000E+00   0.000000000000000E+00
   9.922945885900000E-01   3.554427432000000E+00   3.225479206500000E-01   1.105041530400000E+00   5.485034313500000E-01   0.000000000000000E+00   0.000000000000000E+00   0.000000000000000E+00   0.000000000000000E+00
   9.925239751200000E-01   3.554565778400000E+00   3.225483760200000E-01   1.094823365700000E+00   5.740928150000000E-01   0.000000000000000E+00   0.000000000000000E+00   0.000000000000000E+00   0.000000000000000E+00
   9.927533616600001E-01   3.554297503100000E+00   3.225474929500000E-01   1.114636869300000E+00   5.244742212200000E-01   0.000000000000000E+00   0.000000000000000E+00   0.000000000000000E+00   0.000000000000000E+00
   9.929798708499999E-01   3.554565690900000E+00   3.225483757400000E-01   1.094830181300000E+00   5.740756107600000E-01   0.000000000000000E+00   0.000000000000000E+00   0.000000000000000E+00   0.000000000000000E+00
   9.932063800399999E-01   3.554427679400000E+00   3.225479214400000E-01   1.105022286500000E+00   5.485520072400000E-01   0.000000000000000E+00   0.000000000000000E+00   0.000000000000000E+00   0.000000000000000E+00
   9.934328892299999E-01   3.554565587500000E+00   3.225483754100000E-01   1.094838234700000E+00   5.740552753700000E-01   0.000000000000000E+00   0.000000000000000E+00   0.000000000000000E+00   0.000000000000000E+00
   9.936593984200000E-01   3.554298164100000E+00   3.225474950600000E-01   1.114585328400000E+00   5.246043684900000E-01   0.000000000000000E+00   0.000000000000000E+00   0.000000000000000E+00   0.000000000000000E+00
   9.938416548900000E-01   3.554565489500000E+00   3.225483751000000E-01   1.094845897400000E+00   5.740359194400000E-01   0.000000000000000E+00   0.000000000000000E+00   0.000000000000000E+00   0.000000000000000E+00
   9.940239113500000E-01   3.554427956100000E+00   3.225479223200000E-01   1.105000658300000E+00   5.486066434300000E-01   0.000000000000000E+00   0.000000000000000E+00   0.000000000000000E+00   0.000000000000000E+00
   9.942061678200000E-01   3.554565362200000E+00   3.225483746900000E-01   1.094855862100000E+00   5.740107361000000E-01   0.000000000000000E+00   0.000000000000000E+00   0.000000000000000E+00   0.000000000000000E+00
   9.943884242800000E-01   3.554298977100000E+00   3.225474976500000E-01   1.114521555200000E+00   5.247655433400000E-01   0.000000000000000E+00   0.000000000000000E+00   0.000000000000000E+00   0.000000000000000E+00
   9.945302032900000E-01   3.554565239600000E+00   3.225483743000000E-01   1.094865519800000E+00   5.739863167300000E-01   0.000000000000000E+00   0.000000000000000E+00   0.000000000000000E+00   0.000000000000000E+00
   9.946719823000000E-01   3.554428302300000E+00   3.225479234200000E-01   1.104973403700000E+00   5.486755633100000E-01   0.000000000000000E+00   0.000000000000000E+00   0.000000000000000E+00   0.000000000000000E+00
   9.948137613100000E-01   3.554565078200000E+00   3.225483737900000E-01   1.094878256900000E+00   5.739540877300000E-01   0.000000000000000E+00   0.000000000000000E+00   0.000000000000000E+00   0.000000000000000E+00
   9.949555403200000E-01   3.554300007700000E+00   3.225475009100000E-01   1.114440039600000E+00   5.249718120500000E-01   0.000000000000000E+00   0.000000000000000E+00   0.000000000000000E+00   0.000000000000000E+00
   9.950749055300000E-01   3.554564929900000E+00   3.225483733200000E-01   1.094890064100000E+00   5.739241895100000E-01   0.000000000000000E+00   0.000000000000000E+00   0.000000000000000E+00   0.000000000000000E+00
   9.951942707400000E-01   3.554428721300000E+00   3.225479247400000E-01   1.104940080900000E+00   5.487599522500000E-01   0.000000000000000E+00   0.000000000000000E+00   0.000000000000000E+00   0.000000000000000E+00
   9.953136359500000E-01   3.554564741700000E+00   3.225483727300000E-01   1.094905085100000E+00   5.738861157500000E-01   0.000000000000000E+00   0.000000000000000E+00   0.000000000000000E+00   0.000000000000000E+00
   9.954330011500000E-01   3.554301208700000E+00   3.225475046900000E-01   1.114343908800000E+00   5.252154893099999E-01   0.000000000000000E+00   0.000000000000000E+00   0.000000000000000E+00   0.000000000000000E+00
   9.955460459200000E-01   3.554564580000000E+00   3.225483722200000E-01   1.094918158500000E+00   5.738529422400001E-01   0.000000000000000E+00   0.000000000000000E+00   0.000000000000000E+00   0.000000000000000E+00
   9.956590906800000E-01   3.554429179000000E+00   3.225479261800000E-01   1.104903173900000E+00   5.488536072900000E-01   0.000000000000000E+00   0.000000000000000E+00   0.000000000000000E+00   0.000000000000000E+00
   9.957721354500000E-01   3.554564386000000E+00   3.225483716200000E-01   1.094933889000000E+00   5.738129782900000E-01   0.000000000000000E+00   0.000000000000000E+00   0.000000000000000E+00   0.000000000000000E+00
   9.958851802100001E-01   3.554302446300000E+00   3.225475085500000E-01   1.114243238000000E+00   5.254712651600000E-01   0.000000000000000E+00   0.000000000000000E+00   0.000000000000000E+00   0.000000000000000E+00
   9.959969632000000E-01   3.554564223500000E+00   3.225483711100000E-01   1.094947276700000E+00   5.737789187700000E-01   0.000000000000000E+00   0.000000000000000E+00   0.000000000000000E+00   0.000000000000000E+00
   9.961087461800000E-01   3.554429639200000E+00   3.225479276000000E-01   1.104865374800000E+00   5.489497731300000E-01   0.000000000000000E+00   0.000000000000000E+00   0.000000000000000E+00   0.000000000000000E+00
   9.962205291600000E-01   3.554564033000000E+00   3.225483705300000E-01   1.094963044300000E+00   5.737387461000000E-01   0.000000000000000E+00   0.000000000000000E+00   0.000000000000000E+00   0.000000000000000E+00
   9.963323121400000E-01   3.554303661500000E+00   3.225475122900000E-01   1.114142330400000E+00   5.257283777300000E-01   0.000000000000000E+00   0.000000000000000E+00   0.000000000000000E+00   0.000000000000000E+00
   9.964336464200000E-01   3.554563866400000E+00   3.225483700200000E-01   1.094977075100000E+00   5.737029402100000E-01   0.000000000000000E+00   0.000000000000000E+00   0.000000000000000E+00   0.000000000000000E+00
   9.965349807000000E-01   3.554430110300000E+00   3.225479290400000E-01   1.104825773100000E+00   5.490508495500001E-01   0.000000000000000E+00   0.000000000000000E+00   0.000000000000000E+00   0.000000000000000E+00
   9.966363149900000E-01   3.554563663700000E+00   3.225483694000000E-01   1.094994298400000E+00   5.736588987800000E-01   0.000000000000000E+00   0.000000000000000E+00   0.000000000000000E+00   0.000000000000000E+00
   9.967376492700000E-01   3.554304953900000E+00   3.225475161900000E-01   1.114032108900000E+00   5.260102535500000E-01   0.000000000000000E+00   0.000000000000000E+00   0.000000000000000E+00   0.000000000000000E+00
   9.968492181900001E-01   3.554563504200000E+00   3.225483689300000E-01   1.095008188500000E+00   5.736232967000000E-01   0.000000000000000E+00   0.000000000000000E+00   0.000000000000000E+00   0.000000000000000E+00
   9.969607871200000E-01   3.554430563000000E+00   3.225479303900000E-01   1.104786539900000E+00   5.491513955100000E-01   0.000000000000000E+00   0.000000000000000E+00   0.000000000000000E+00   0.000000000000000E+00
   9.970723560500000E-01   3.554563328100000E+00   3.225483684100000E-01   1.095023669600000E+00   5.735835335600000E-01   0.000000000000000E+00   0.000000000000000E+00   0.000000000000000E+00   0.000000000000000E+00
   9.971839249700000E-01   3.554306076200000E+00   3.225475195100000E-01   1.113933037200000E+00   5.262647472700001E-01   0.000000000000000E+00   0.000000000000000E+00   0.000000000000000E+00   0.000000000000000E+00
   9.972689141000000E-01   3.554563159600000E+00   3.225483679100000E-01   1.095038816900000E+00   5.735445433600000E-01   0.000000000000000E+00   0.000000000000000E+00   0.000000000000000E+00   0.000000000000000E+00
   9.973539032299999E-01   3.554431036700000E+00   3.225479317700000E-01   1.104743825400000E+00   5.492614167200000E-01   0.000000000000000E+00   0.000000000000000E+00   0.000000000000000E+00   0.000000000000000E+00
   9.974388923600001E-01   3.554562941500000E+00   3.225483672900000E-01   1.095058892300000E+00   5.734926720000000E-01   0.000000000000000E+00   0.000000000000000E+00   0.000000000000000E+00   0.000000000000000E+00
   9.975238814900000E-01   3.554307462800000E+00   3.225475234600000E-01   1.113804574200000E+00   5.265967478800000E-01   0.000000000000000E+00   0.000000000000000E+00   0.000000000000000E+00   0.000000000000000E+00
   9.975891664400000E-01   3.554562737400000E+00   3.225483667200000E-01   1.095078403300000E+00   5.734420782900000E-01   0.000000000000000E+00   0.000000000000000E+00   0.000000000000000E+00   0.000000000000000E+00
   9.976544514000000E-01   3.554431608500000E+00   3.225479333500000E-01   1.104688835200000E+00   5.494041675200000E-01   0.000000000000000E+00   0.000000000000000E+00   0.000000000000000E+00   0.000000000000000E+00
   9.977197363500000E-01   3.554562480800000E+00   3.225483660300000E-01   1.095104081800000E+00   5.733750647500000E-01   0.000000000000000E+00   0.000000000000000E+00   0.000000000000000E+00   0.000000000000000E+00
   9.977850213100000E-01   3.554309087000000E+00   3.225475277700000E-01   1.113640284800000E+00   5.270256966500000E-01   0.000000000000000E+00   0.000000000000000E+00   0.000000000000000E+00   0.000000000000000E+00
   9.978364007100000E-01   3.554562252300000E+00   3.225483654600000E-01   1.095128620000000E+00   5.733106209400000E-01   0.000000000000000E+00   0.000000000000000E+00   0.000000000000000E+00   0.000000000000000E+00
   9.978877801100000E-01   3.554432243700000E+00   3.225479349200000E-01   1.104619727600000E+00   5.495860045199999E-01   0.000000000000000E+00   0.000000000000000E+00   0.000000000000000E+00   0.000000000000000E+00
   9.979391595100000E-01   3.554561985500000E+00   3.225483648600000E-01   1.095160404500000E+00   5.732261922000000E-01   0.000000000000000E+00   0.000000000000000E+00   0.000000000000000E+00   0.000000000000000E+00
   9.979905389100000E-01   3.554310763700000E+00   3.225475314300000E-01   1.113437010200000E+00   5.275662038800000E-01   0.000000000000000E+00   0.000000000000000E+00   0.000000000000000E+00   0.000000000000000E+00
   9.980494888000000E-01   3.554561813100000E+00   3.225483645700000E-01   1.095185228200000E+00   5.731593024100000E-01   0.000000000000000E+00   0.000000000000000E+00   0.000000000000000E+00   0.000000000000000E+00
   9.981084386900000E-01   3.554432743200000E+00   3.225479357900000E-01   1.104549539800000E+00   5.497749617500000E-01   0.000000000000000E+00   0.000000000000000E+00   0.000000000000000E+00   0.000000000000000E+00
   9.981673885800000E-01   3.554561656500000E+00   3.225483644100000E-01   1.095212002300000E+00   5.730861989800000E-01   0.000000000000000E+00   0.000000000000000E+00   0.000000000000000E+00   0.000000000000000E+00
   9.982263384800000E-01   3.554311739700000E+00   3.225475323300000E-01   1.113265796100000E+00   5.280342158600000E-01   0.000000000000000E+00   0.000000000000000E+00   0.000000000000000E+00   0.000000000000000E+00
   9.982983284300000E-01   3.554561575900000E+00   3.225483644800000E-01   1.095232276100000E+00   5.730298059700000E-01   0.000000000000000E+00   0.000000000000000E+00   0.000000000000000E+00   0.000000000000000E+00
   9.983703183900000E-01   3.554432987100000E+00   3.225479356700000E-01   1.104492161200000E+00   5.499342483900000E-01   0.000000000000000E+00   0.000000000000000E+00   0.000000000000000E+00   0.000000000000000E+00
   9.984423083400000E-01   3.554561521100000E+00   3.225483647000000E-01   1.095253412500000E+00   5.729701252000000E-01   0.000000000000000E+00   0.000000000000000E+00   0.000000000000000E+00   0.000000000000000E+00
   9.985142983000000E-01   3.554312086000000E+00   3.225475309100000E-01   1.113130622200000E+00   5.284162750400000E-01   0.000000000000000E+00   0.000000000000000E+00   0.000000000000000E+00   0.000000000000000E+00
   9.985622735000000E-01   3.554561514400000E+00   3.225483652100000E-01   1.095275529800000E+00   5.729067215900000E-01   0.000000000000000E+00   0.000000000000000E+00   0.000000000000000E+00   0.000000000000000E+00
   9.986102487000000E-01   3.554433059300000E+00   3.225479346500000E-01   1.104430201000000E+00   5.501132612700000E-01   0.000000000000000E+00   0.000000000000000E+00   0.000000000000000E+00   0.000000000000000E+00
   9.986582239000000E-01   3.554561710000000E+00   3.225483670400000E-01   1.095305572200000E+00   5.728171045400000E-01   0.000000000000000E+00   0.000000000000000E+00   0.000000000000000E+00   0.000000000000000E+00
   9.987061990900000E-01   3.554311886100000E+00   3.225475258600000E-01   1.112938353700000E+00   5.289897280700000E-01   0.000000000000000E+00   0.000000000000000E+00   0.000000000000000E+00   0.000000000000000E+00
   9.987402080200000E-01   3.554562507300000E+00   3.225483724700000E-01   1.095335142200000E+00   5.727248586400000E-01   0.000000000000000E+00   0.000000000000000E+00   0.000000000000000E+00   0.000000000000000E+00
   9.987742169500000E-01   3.554433821900000E+00   3.225479382800000E-01   1.104346728700000E+00   5.503725645000000E-01   0.000000000000000E+00   0.000000000000000E+00   0.000000000000000E+00   0.000000000000000E+00
   9.988082258800000E-01   3.554565330900000E+00   3.225483902300000E-01   1.095372112400000E+00   5.725961059300000E-01   0.000000000000000E+00   0.000000000000000E+00   0.000000000000000E+00   0.000000000000000E+00
   9.988422348100000E-01   3.554313324600000E+00   3.225475342300000E-01   1.112695360900000E+00   5.298054018700000E-01   0.000000000000000E+00   0.000000000000000E+00   0.000000000000000E+00   0.000000000000000E+00
   9.988718065700000E-01   3.554574154900000E+00   3.225484448300000E-01   1.095400171700000E+00   5.724737841100001E-01   0.000000000000000E+00   0.000000000000000E+00   0.000000000000000E+00   0.000000000000000E+00
   9.989013783200000E-01   3.554449336300000E+00   3.225480363300000E-01   1.104251703700000E+00   5.506975288900000E-01   0.000000000000000E+00   0.000000000000000E+00   0.000000000000000E+00   0.000000000000000E+00
   9.989309500700000E-01   3.554601320800000E+00   3.225486125100000E-01   1.095422271200000E+00   5.723077461300000E-01   0.000000000000000E+00   0.000000000000000E+00   0.000000000000000E+00   0.000000000000000E+00
   9.989605218299999E-01   3.554360143400000E+00   3.225478371000000E-01   1.112463468400000E+00   5.307554432500000E-01   0.000000000000000E+00   0.000000000000000E+00   0.000000000000000E+00   0.000000000000000E+00
   9.990105537700000E-01   3.554752713200000E+00   3.225495534600000E-01   1.095372124700000E+00   5.721191984900000E-01   0.000000000000000E+00   0.000000000000000E+00   0.000000000000000E+00   0.000000000000000E+00
   9.990605857200000E-01   3.554925921000000E+00   3.225510111700000E-01   1.103992778800000E+00   5.507407270200000E-01   0.000000000000000E+00   0.000000000000000E+00   0.000000000000000E+00   0.000000000000000E+00
   9.991106176600000E-01   3.555924198200000E+00   3.225568502800000E-01   1.094870924800000E+00   5.713943095600000E-01   0.000000000000000E+00   0.000000000000000E+00   0.000000000000000E+00   0.000000000000000E+00
   9.991606496100000E-01   3.558055591200000E+00   3.225708854500000E-01   1.110777923700000E+00   5.293883491100000E-01   0.000000000000000E+00   0.000000000000000E+00   0.000000000000000E+00   0.000000000000000E+00
   9.991904268800000E-01   3.561479376100000E+00   3.225914922300000E-01   1.092459877300000E+00   5.683158482200000E-01   0.000000000000000E+00   0.000000000000000E+00   0.000000000000000E+00   0.000000000000000E+00
   9.992202041600000E-01   3.566989852200000E+00   3.226262933300000E-01   1.098730018300000E+00   5.446404495600000E-01   0.000000000000000E+00   0.000000000000000E+00   0.000000000000000E+00   0.000000000000000E+00
   9.992499814300000E-01   3.577373392500000E+00   3.226908414600000E-01   1.085616022000000E+00   5.597923918700000E-01   0.000000000000000E+00   0.000000000000000E+00   0.000000000000000E+00   0.000000000000000E+00
   9.992797587000000E-01   3.595329081600000E+00   3.228043656700000E-01   1.094867456400000E+00   5.111520821800000E-01   0.000000000000000E+00   0.000000000000000E+00   0.000000000000000E+00   0.000000000000000E+00
   9.993077419700001E-01   3.625149568500000E+00   3.229918286000000E-01   1.065742623300000E+00   5.357338610400000E-01   0.000000000000000E+00   0.000000000000000E+00   0.000000000000000E+00   0.000000000000000E+00
   9.993357252400000E-01   3.673521868400000E+00   3.233003487800000E-01   1.055362281000000E+00   4.932754880000000E-01   0.000000000000000E+00   0.000000000000000E+00   0.000000000000000E+00   0.000000000000000E+00
   9.993637085100000E-01   3.750273251100000E+00   3.237959624800000E-01   1.018210317100000E+00   4.803962257200000E-01   0.000000000000000E+00   0.000000000000000E+00   0.000000000000000E+00   0.000000000000000E+00
   9.993916917700000E-01   3.863711422100000E+00   3.245469256200000E-01   9.970106572700000E-01   4.003005408900000E-01   0.000000000000000E+00   0.000000000000000E+00   0.000000000000000E+00   0.000000000000000E+00
   9.994172143400000E-01   4.006202602800000E+00   3.255166528500000E-01   9.371256175000000E-01   3.928214497500000E-01   0.000000000000000E+00   0.000000000000000E+00   0.000000000000000E+00   0.000000000000000E+00
   9.994427369100000E-01   4.185562427500000E+00   3.267874513900000E-01   8.990142589600000E-01   3.270276385300000E-01   0.000000000000000E+00   0.000000000000000E+00   0.000000000000000E+00   0.000000000000000E+00
   9.994682594800000E-01   4.398985664900000E+00   3.283722692300000E-01   8.418637706600000E-01   3.009154900300000E-01   0.000000000000000E+00   0.000000000000000E+00   0.000000000000000E+00   0.000000000000000E+00
   9.994937820499999E-01   4.638330575900000E+00   3.302552231900000E-01   8.132763424400000E-01   2.248579538700000E-01   0.000000000000000E+00   0.000000000000000E+00   0.000000000000000E+00   0.000000000000000E+00
   9.995161699700000E-01   4.863627283700000E+00   3.321349902800000E-01   7.581398512800001E-01   2.301343717900000E-01   0.000000000000000E+00   0.000000000000000E+00   0.000000000000000E+00   0.000000000000000E+00
   9.995385578800000E-01   5.095960755600000E+00   3.342000294900000E-01   7.332990565800001E-01   1.860372861800000E-01   0.000000000000000E+00   0.000000000000000E+00   0.000000000000000E+00   0.000000000000000E+00
   9.995609457900000E-01   5.331071158900000E+00   3.364310395400000E-01   6.936627410200000E-01   1.820798295300000E-01   0.000000000000000E+00   0.000000000000000E+00   0.000000000000000E+00   0.000000000000000E+00
   9.995833337000000E-01   5.563914376200000E+00   3.388036175300000E-01   6.844191096900000E-01   1.292497433000000E-01   0.000000000000000E+00   0.000000000000000E+00   0.000000000000000E+00   0.000000000000000E+00
   9.996042242500000E-01   5.777331073600000E+00   3.411323178300000E-01   6.441145753500001E-01   1.490815776900000E-01   0.000000000000000E+00   0.000000000000000E+00   0.000000000000000E+00   0.000000000000000E+00
   9.996251148000000E-01   5.983943551900000E+00   3.435540171700000E-01   6.332010161100000E-01   1.192947342900000E-01   0.000000000000000E+00   0.000000000000000E+00   0.000000000000000E+00   0.000000000000000E+00
   9.996460053500000E-01   6.183214952300000E+00   3.460602806300000E-01   6.059646503100000E-01   1.260241026600000E-01   0.000000000000000E+00   0.000000000000000E+00   0.000000000000000E+00   0.000000000000000E+00
   9.996668959000000E-01   6.373464249200000E+00   3.486384521400000E-01   6.074858498000000E-01   8.368680904900000E-02   0.000000000000000E+00   0.000000000000000E+00   0.000000000000000E+00   0.000000000000000E+00
   9.996816627700000E-01   6.502996752300000E+00   3.505024893500000E-01   5.792345805100000E-01   1.111052709800000E-01   0.000000000000000E+00   0.000000000000000E+00   0.000000000000000E+00   0.000000000000000E+00
   9.996964296400001E-01   6.627424679500000E+00   3.523948422200000E-01   5.785008606099999E-01   8.915221111500000E-02   0.000000000000000E+00   0.000000000000000E+00   0.000000000000000E+00   0.000000000000000E+00
   9.997111965100000E-01   6.747480576600000E+00   3.543159942700000E-01   5.602550907400000E-01   1.010847785300000E-01   0.000000000000000E+00   0.000000000000000E+00   0.000000000000000E+00   0.000000000000000E+00
   9.997259633800000E-01   6.862423831800000E+00   3.562612433400000E-01   5.690543529200000E-01   6.496342488400000E-02   0.000000000000000E+00   0.000000000000000E+00   0.000000000000000E+00   0.000000000000000E+00
   9.997397400700000E-01   6.966055023900000E+00   3.580995764400000E-01   5.440944261300000E-01   9.299528274000000E-02   0.000000000000000E+00   0.000000000000000E+00   0.000000000000000E+00   0.000000000000000E+00
   9.997535167700000E-01   7.065281622600000E+00   3.599557337300000E-01   5.458091342400000E-01   7.352053880200000E-02   0.000000000000000E+00   0.000000000000000E+00   0.000000000000000E+00   0.000000000000000E+00
   9.997672934700000E-01   7.160928884300000E+00   3.618311552300000E-01   5.301625894500001E-01   8.630720423100000E-02   0.000000000000000E+00   0.000000000000000E+00   0.000000000000000E+00   0.000000000000000E+00
   9.997810701600000E-01   7.252367948100000E+00   3.637222083800000E-01   5.406748678900000E-01   5.289769889200000E-02   0.000000000000000E+00   0.000000000000000E+00   0.000000000000000E+00   0.000000000000000E+00
   9.997926278000000E-01   7.326757738800000E+00   3.653229631900000E-01   5.185620672100000E-01   8.096506894000000E-02   0.000000000000000E+00   0.000000000000000E+00   0.000000000000000E+00   0.000000000000000E+00
   9.998041854300000E-01   7.398202895500000E+00   3.669330403900000E-01   5.221986579400000E-01   6.342752978600000E-02   0.000000000000000E+00   0.000000000000000E+00   0.000000000000000E+00   0.000000000000000E+00
   9.998157430700000E-01   7.467487673200000E+00   3.685544563700000E-01   5.088371560500000E-01   7.659347457900000E-02   0.000000000000000E+00   0.000000000000000E+00   0.000000000000000E+00   0.000000000000000E+00
   9.998273007000000E-01   7.533988191900000E+00   3.701843298700000E-01   5.205981130200000E-01   4.559874316400000E-02   0.000000000000000E+00   0.000000000000000E+00   0.000000000000000E+00   0.000000000000000E+00
   9.998367544000000E-01   7.587161128800000E+00   3.715262649100000E-01   5.006118869000000E-01   7.300464123500000E-02   0.000000000000000E+00   0.000000000000000E+00   0.000000000000000E+00   0.000000000000000E+00
   9.998462081000000E-01   7.638428998000000E+00   3.728728926800000E-01   5.053276150600000E-01   5.695600566600000E-02   0.000000000000000E+00   0.000000000000000E+00   0.000000000000000E+00   0.000000000000000E+00
   9.998556618000000E-01   7.688514334100000E+00   3.742263882800000E-01   4.936597065700000E-01   6.998786705399999E-02   0.000000000000000E+00   0.000000000000000E+00   0.000000000000000E+00   0.000000000000000E+00
   9.998651155000000E-01   7.736793538800000E+00   3.755842574000000E-01   5.059216339300000E-01   4.118621655400000E-02   0.000000000000000E+00   0.000000000000000E+00   0.000000000000000E+00   0.000000000000000E+00
   9.998727135300000E-01   7.775061926500000E+00   3.766812252100000E-01   4.877127853300000E-01   6.745673855000001E-02   0.000000000000000E+00   0.000000000000000E+00   0.000000000000000E+00   0.000000000000000E+00
   9.998803115700000E-01   7.812077652400000E+00   3.777803469500000E-01   4.929648688300000E-01   5.271880263500000E-02   0.000000000000000E+00   0.000000000000000E+00   0.000000000000000E+00   0.000000000000000E+00
   9.998879096000000E-01   7.848506557400000E+00   3.788837775600000E-01   4.826630894200000E-01   6.527261002600000E-02   0.000000000000000E+00   0.000000000000000E+00   0.000000000000000E+00   0.000000000000000E+00
   9.998955076300000E-01   7.883742062100000E+00   3.799892678400000E-01   4.948834253700000E-01   3.866313683000000E-02   0.000000000000000E+00   0.000000000000000E+00   0.000000000000000E+00   0.000000000000000E+00
   9.999019260100001E-01   7.913325732200000E+00   3.809272027800000E-01   4.781819866300000E-01   6.336933701600000E-02   0.000000000000000E+00   0.000000000000000E+00   0.000000000000000E+00   0.000000000000000E+00
   9.999083443800000E-01   7.941985633800000E+00   3.818661626600000E-01   4.834861922800000E-01   4.983950168000000E-02   0.000000000000000E+00   0.000000000000000E+00   0.000000000000000E+00   0.000000000000000E+00
   9.999147627600000E-01   7.970337656800000E+00   3.828081958900000E-01   4.742358373700000E-01   6.164561601200000E-02   0.000000000000000E+00   0.000000000000000E+00   0.000000000000000E+00   0.000000000000000E+00
   9.999211811399999E-01   7.997808648000000E+00   3.837512415400000E-01   4.859363588300000E-01   3.720374696800000E-02   0.000000000000000E+00   0.000000000000000E+00   0.000000000000000E+00   0.000000000000000E+00
   9.999264070300000E-01   8.020194409200000E+00   3.845220774100000E-01   4.707671172600000E-01   6.014417484200000E-02   0.000000000000000E+00   0.000000000000000E+00   0.000000000000000E+00   0.000000000000000E+00
   9.999316329200000E-01   8.041902564600001E+00   3.852931639200000E-01   4.759700055200000E-01   4.785659518300000E-02   0.000000000000000E+00   0.000000000000000E+00   0.000000000000000E+00   0.000000000000000E+00
   9.999368588100001E-01   8.063496935500000E+00   3.860664082600000E-01   4.677636957400000E-01   5.877067463500000E-02   0.000000000000000E+00   0.000000000000000E+00   0.000000000000000E+00   0.000000000000000E+00
   9.999420847100000E-01   8.084446667600000E+00   3.868399391300000E-01   4.787232675700000E-01   3.665797302600000E-02   0.000000000000000E+00   0.000000000000000E+00   0.000000000000000E+00   0.000000000000000E+00
   9.999461762500000E-01   8.100987952600001E+00   3.874477674800000E-01   4.651573820800000E-01   5.757401283900000E-02   0.000000000000000E+00   0.000000000000000E+00   0.000000000000000E+00   0.000000000000000E+00
   9.999502677900000E-01   8.117028860200000E+00   3.880553643900000E-01   4.700958332900000E-01   4.661336037800000E-02   0.000000000000000E+00   0.000000000000000E+00   0.000000000000000E+00   0.000000000000000E+00
   9.999543593300000E-01   8.133076954200000E+00   3.886644629600000E-01   4.629535051600000E-01   5.646214953300000E-02   0.000000000000000E+00   0.000000000000000E+00   0.000000000000000E+00   0.000000000000000E+00
   9.999584508700000E-01   8.148653698900000E+00   3.892733958800000E-01   4.729173741700000E-01   3.692608509700000E-02   0.000000000000000E+00   0.000000000000000E+00   0.000000000000000E+00   0.000000000000000E+00
   9.999616812500000E-01   8.161145595200001E+00   3.897558501800000E-01   4.610238978300000E-01   5.548362893100000E-02   0.000000000000000E+00   0.000000000000000E+00   0.000000000000000E+00   0.000000000000000E+00
   9.999649116400000E-01   8.173252532599999E+00   3.902378667500000E-01   4.654925824600000E-01   4.594093187300000E-02   0.000000000000000E+00   0.000000000000000E+00   0.000000000000000E+00   0.000000000000000E+00
   9.999681420200000E-01   8.185420362700000E+00   3.907209742200000E-01   4.593904722400000E-01   5.454632123400000E-02   0.000000000000000E+00   0.000000000000000E+00   0.000000000000000E+00   0.000000000000000E+00
   9.999713724100000E-01   8.197231661900000E+00   3.912037261400000E-01   4.680958149900000E-01   3.778029992700000E-02   0.000000000000000E+00   0.000000000000000E+00   0.000000000000000E+00   0.000000000000000E+00
   9.999737970200000E-01   8.206298088700001E+00   3.915673230400000E-01   4.579947147000000E-01   5.372174376600000E-02   0.000000000000000E+00   0.000000000000000E+00   0.000000000000000E+00   0.000000000000000E+00
   9.999762216300000E-01   8.215071902400000E+00   3.919303951200000E-01   4.618689849200000E-01   4.571946860500000E-02   0.000000000000000E+00   0.000000000000000E+00   0.000000000000000E+00   0.000000000000000E+00
   9.999786462400000E-01   8.223930798100000E+00   3.922942401100000E-01   4.568677611500000E-01   5.291945420200000E-02   0.000000000000000E+00   0.000000000000000E+00   0.000000000000000E+00   0.000000000000000E+00
   9.999810708500000E-01   8.232526582300000E+00   3.926576545900000E-01   4.641027034900000E-01   3.920421585200000E-02   0.000000000000000E+00   0.000000000000000E+00   0.000000000000000E+00   0.000000000000000E+00
   9.999828309700000E-01   8.238949335499999E+00   3.929223945200000E-01   4.559457494600000E-01   5.221614599300000E-02   0.000000000000000E+00   0.000000000000000E+00   0.000000000000000E+00   0.000000000000000E+00
   9.999845910900000E-01   8.245151734900000E+00   3.931866184400000E-01   4.591275821500000E-01   4.589447702800000E-02   0.000000000000000E+00   0.000000000000000E+00   0.000000000000000E+00   0.000000000000000E+00
   9.999863512100000E-01   8.251432433000000E+00   3.934513443100000E-01   4.553970044000000E-01   5.155356751700000E-02   0.000000000000000E+00   0.000000000000000E+00   0.000000000000000E+00   0.000000000000000E+00
   9.999881113300000E-01   8.257508705299999E+00   3.937155674800000E-01   4.613341601600000E-01   4.119791569600000E-02   0.000000000000000E+00   0.000000000000000E+00   0.000000000000000E+00   0.000000000000000E+00
   9.999893852800000E-01   8.262027076000001E+00   3.939073064300000E-01   4.558687859200000E-01   5.116504420900000E-02   0.000000000000000E+00   0.000000000000000E+00   0.000000000000000E+00   0.000000000000000E+00
   9.999906592300000E-01   8.266337121999999E+00   3.940983249200000E-01   4.596141124300000E-01   4.686529105000000E-02   0.000000000000000E+00   0.000000000000000E+00   0.000000000000000E+00   0.000000000000000E+00
   9.999919331900000E-01   8.270600477800000E+00   3.942890287200000E-01   4.599822018900000E-01   5.151491571100000E-02   0.000000000000000E+00   0.000000000000000E+00   0.000000000000000E+00   0.000000000000000E+00
   9.999932071400000E-01   8.274485515000000E+00   3.944779321600000E-01   4.706311524200000E-01   4.577354839100000E-02   0.000000000000000E+00   0.000000000000000E+00   0.000000000000000E+00   0.000000000000000E+00
   9.999939261300000E-01   8.276558632000000E+00   3.945836664500000E-01   4.735977248300000E-01   5.390337725400000E-02   0.000000000000000E+00   0.000000000000000E+00   0.000000000000000E+00   0.000000000000000E+00
   9.999946451300000E-01   8.278263763600000E+00   3.946875191900000E-01   4.861496730400000E-01   5.354064014400000E-02   0.000000000000000E+00   0.000000000000000E+00   0.000000000000000E+00   0.000000000000000E+00
   9.999953641200000E-01   8.279564995599999E+00   3.947889694300000E-01   5.026164323100000E-01   5.982535009700000E-02   0.000000000000000E+00   0.000000000000000E+00   0.000000000000000E+00   0.000000000000000E+00
   9.999960831200000E-01   8.280033654100000E+00   3.948858406400000E-01   5.347541736700000E-01   6.307792320800000E-02   0.000000000000000E+00   0.000000000000000E+00   0.000000000000000E+00   0.000000000000000E+00
   9.999964863200000E-01   8.279799463100000E+00   3.949372749200000E-01   5.585426440200000E-01   7.269724154000000E-02   0.000000000000000E+00   0.000000000000000E+00   0.000000000000000E+00   0.000000000000000E+00
   9.999968895100000E-01   8.278912078099999E+00   3.949851915100000E-01   5.951553407800000E-01   8.077230239800000E-02   0.000000000000000E+00   0.000000000000000E+00   0.000000000000000E+00   0.000000000000000E+00
   9.999972927100000E-01   8.277118481300000E+00   3.950281629600000E-01   6.467094026200000E-01   9.590896836399999E-02   0.000000000000000E+00   0.000000000000000E+00   0.000000000000000E+00   0.000000000000000E+00
   9.999976959000000E-01   8.273808048699999E+00   3.950631508900000E-01   7.266609712800000E-01   1.183836043500000E-01   0.000000000000000E+00   0.000000000000000E+00   0.000000000000000E+00   0.000000000000000E+00
   9.999979067000000E-01   8.271166148600001E+00   3.950767113900000E-01   7.849067769300000E-01   1.386888470200000E-01   0.000000000000000E+00   0.000000000000000E+00   0.000000000000000E+00   0.000000000000000E+00
   9.999981175000000E-01   8.267554212200000E+00   3.950853892900000E-01   8.624297958500000E-01   1.656996955800000E-01   0.000000000000000E+00   0.000000000000000E+00   0.000000000000000E+00   0.000000000000000E+00
   9.999983283000000E-01   8.262544927000000E+00   3.950871602900000E-01   9.675194956800000E-01   2.066256066800000E-01   0.000000000000000E+00   0.000000000000000E+00   0.000000000000000E+00   0.000000000000000E+00
   9.999985390900000E-01   8.255355881600000E+00   3.950784423300000E-01   1.117162975000000E+00   2.712091507300000E-01   0.000000000000000E+00   0.000000000000000E+00   0.000000000000000E+00   0.000000000000000E+00
   9.999986556000000E-01   8.249981788900000E+00   3.950670253200000E-01   1.228704845900000E+00   3.252211475700000E-01   0.000000000000000E+00   0.000000000000000E+00   0.000000000000000E+00   0.000000000000000E+00
   9.999987721000000E-01   8.243141435700000E+00   3.950488424000000E-01   1.371041257600000E+00   3.999386408700000E-01   0.000000000000000E+00   0.000000000000000E+00   0.000000000000000E+00   0.000000000000000E+00
   9.999988886000000E-01   8.234215389199999E+00   3.950212080500000E-01   1.557236481900000E+00   5.085980168200001E-01   0.000000000000000E+00   0.000000000000000E+00   0.000000000000000E+00   0.000000000000000E+00
   9.999990050999999E-01   8.222169871600000E+00   3.949797154500000E-01   1.809420196200000E+00   6.740745995800000E-01   0.000000000000000E+00   0.000000000000000E+00   0.000000000000000E+00   0.000000000000000E+00
   9.999990753900000E-01   8.212710370000000E+00   3.949451020800000E-01   2.007640141700000E+00   8.192833307400000E-01   0.000000000000000E+00   0.000000000000000E+00   0.000000000000000E+00   0.000000000000000E+00
   9.999991456700000E-01   8.200898329999999E+00   3.949003589000000E-01   2.255146714800000E+00   1.017811481800000E+00   0.000000000000000E+00   0.000000000000000E+00   0.000000000000000E+00   0.000000000000000E+00
   9.999992159500000E-01   8.185810962800000E+00   3.948416969700000E-01   2.570327494200000E+00   1.299068363200000E+00   0.000000000000000E+00   0.000000000000000E+00   0.000000000000000E+00   0.000000000000000E+00
   9.999992862300000E-01   8.165991119599999E+00   3.947631971600000E-01   2.981948990200000E+00   1.712154819500000E+00   0.000000000000000E+00   0.000000000000000E+00   0.000000000000000E+00   0.000000000000000E+00
   9.999993322400000E-01   8.149397795700001E+00   3.946968125400000E-01   3.323479975000000E+00   2.094205767600000E+00   0.000000000000000E+00   0.000000000000000E+00   0.000000000000000E+00   0.000000000000000E+00
   9.999993782500000E-01   8.128828160999999E+00   3.946141153400000E-01   3.742586248600000E+00   2.609318873300000E+00   0.000000000000000E+00   0.000000000000000E+00   0.000000000000000E+00   0.000000000000000E+00
   9.999994242600000E-01   8.102838366300000E+00   3.945093823300000E-01   4.264311635300000E+00   3.322634849100000E+00   0.000000000000000E+00   0.000000000000000E+00   0.000000000000000E+00   0.000000000000000E+00
   9.999994702600000E-01   8.069257952499999E+00   3.943740697500000E-01   4.925188430500000E+00   4.337589969200000E+00   0.000000000000000E+00   0.000000000000000E+00   0.000000000000000E+00   0.000000000000000E+00
   9.999995048000000E-01   8.037150967800001E+00   3.942449194500000E-01   5.542654384200000E+00   5.398033883300000E+00   0.000000000000000E+00   0.000000000000000E+00   0.000000000000000E+00   0.000000000000000E+00
   9.999995393400000E-01   7.996931305300000E+00   3.940835722900000E-01   6.297136573300000E+00   6.836138974000000E+00   0.000000000000000E+00   0.000000000000000E+00   0.000000000000000E+00   0.000000000000000E+00
   9.999995738700000E-01   7.945669433400000E+00   3.938786858100000E-01   7.228386922700000E+00   8.830586650100001E+00   0.000000000000000E+00   0.000000000000000E+00   0.000000000000000E+00   0.000000000000000E+00
   9.999996084100000E-01   7.879068337300000E+00   3.936137036000000E-01   8.391182825700000E+00   1.165737433100000E+01   0.000000000000000E+00   0.000000000000000E+00   0.000000000000000E+00   0.000000000000000E+00
   9.999996374300000E-01   7.806731558200000E+00   3.933272588800000E-01   9.597891331600000E+00   1.499168873000000E+01   0.000000000000000E+00   0.000000000000000E+00   0.000000000000000E+00   0.000000000000000E+00
   9.999996664600000E-01   7.713848920100000E+00   3.929611833800000E-01   1.107117466700000E+01   1.961435353800000E+01   0.000000000000000E+00   0.000000000000000E+00   0.000000000000000E+00   0.000000000000000E+00
   9.999996954800000E-01   7.592874017300000E+00   3.924867411400000E-01   1.287304287200000E+01   2.613207186800000E+01   0.000000000000000E+00   0.000000000000000E+00   0.000000000000000E+00   0.000000000000000E+00
   9.999997245000000E-01   7.433196481900000E+00   3.918636710300000E-01   1.507621818400000E+01   3.544266539300000E+01   0.000000000000000E+00   0.000000000000000E+00   0.000000000000000E+00   0.000000000000000E+00
   9.999997436100000E-01   7.300164045200000E+00   3.913466710000000E-01   1.677792292300000E+01   4.371491346200000E+01   0.000000000000000E+00   0.000000000000000E+00   0.000000000000000E+00   0.000000000000000E+00
   9.999997627300000E-01   7.138983503700000E+00   3.907222686200000E-01   1.869708033200000E+01   5.426188789000000E+01   0.000000000000000E+00   0.000000000000000E+00   0.000000000000000E+00   0.000000000000000E+00
   9.999997818400000E-01   6.943604217200000E+00   3.899676761300000E-01   2.083682649900000E+01   6.769945814499999E+01   0.000000000000000E+00   0.000000000000000E+00   0.000000000000000E+00   0.000000000000000E+00
   9.999998009500000E-01   6.707338113900000E+00   3.890577579900000E-01   2.318292144400000E+01   8.474437276000000E+01   0.000000000000000E+00   0.000000000000000E+00   0.000000000000000E+00   0.000000000000000E+00
   9.999998210700000E-01   6.406923210000000E+00   3.879038553100000E-01   2.583026043400000E+01   1.074412043100000E+02   0.000000000000000E+00   0.000000000000000E+00   0.000000000000000E+00   0.000000000000000E+00
   9.999998411900000E-01   6.046676093400000E+00   3.865234498500000E-01   2.856554829900000E+01   1.358667703200000E+02   0.000000000000000E+00   0.000000000000000E+00   0.000000000000000E+00   0.000000000000000E+00
   9.999998613100000E-01   5.622895369700000E+00   3.849028327100000E-01   3.124140553100000E+01   1.705758554600000E+02   0.000000000000000E+00   0.000000000000000E+00   0.000000000000000E+00   0.000000000000000E+00
   9.999998814300000E-01   5.137620038500000E+00   3.830498871000000E-01   3.365112486600000E+01   2.115276780300000E+02   0.000000000000000E+00   0.000000000000000E+00   0.000000000000000E+00   0.000000000000000E+00
   9.999998964700000E-01   4.739983165300000E+00   3.815329929700000E-01   3.514072167000000E+01   2.456918894800000E+02   0.000000000000000E+00   0.000000000000000E+00   0.000000000000000E+00   0.000000000000000E+00
   9.999999115200000E-01   4.320671454500000E+00   3.799341313500000E-01   3.625391929700000E+01   2.819888700500000E+02   0.000000000000000E+00   0.000000000000000E+00   0.000000000000000E+00   0.000000000000000E+00
   9.999999265700000E-01   3.889529311100000E+00   3.782903389900000E-01   3.691349546700000E+01   3.192419597900000E+02   0.000000000000000E+00   0.000000000000000E+00   0.000000000000000E+00   0.000000000000000E+00
   9.999999416100001E-01   3.457987162900000E+00   3.766446024200000E-01   3.707179188800000E+01   3.560262213900000E+02   0.000000000000000E+00   0.000000000000000E+00   0.000000000000000E+00   0.000000000000000E+00
   9.999999562100000E-01   3.050156978500000E+00   3.750883089900000E-01   3.673782301100000E+01   3.898128888400000E+02   0.000000000000000E+00   0.000000000000000E+00   0.000000000000000E+00   0.000000000000000E+00
   9.999999708100000E-01   2.662902619600000E+00   3.736090287400000E-01   3.595304459700000E+01   4.204044629300000E+02   0.000000000000000E+00   0.000000000000000E+00   0.000000000000000E+00   0.000000000000000E+00
   9.999999854000000E-01   2.304050550400000E+00   3.722362781800000E-01   3.477548094400000E+01   4.467320825700000E+02   0.000000000000000E+00   0.000000000000000E+00   0.000000000000000E+00   0.000000000000000E+00
   1.000000000000000E+00   1.978880643800000E+00   3.709900461800000E-01   3.328488550500000E+01   4.680570220100000E+02   0.000000000000000E+00   0.000000000000000E+00   0.000000000000000E+00   0.000000000000000E+00
