   0.000000000000000E+00   4.925646236300000E-01   9.999999955900000E-01   1.684144199200000E+00   1.822817135300000E+00   0.000000000000000E+00   0.000000000000000E+00   0.000000000000000E+00   0.000000000000000E+00
   3.127734012900000E-04   6.057879279800000E-01   8.958530555300001E-01   1.602289968600000E+00   1.685877602400000E+00   0.000000000000000E+00   0.000000000000000E+00   0.000000000000000E+00   0.000000000000000E+00
   6.255468025900000E-04   7.317443044600001E-01   8.072154618500000E-01   1.559150070700000E+00   1.501083745200000E+00   0.000000000000000E+00   0.000000000000000E+00   0.000000000000000E+00   0.000000000000000E+00
   9.383202038800000E-04   8.718586389600000E-01   7.314807169400001E-01   1.500898112100000E+00   1.395933757100000E+00   0.000000000000000E+00   0.000000000000000E+00   0.000000000000000E+00   0.000000000000000E+00
   1.251093605200000E-03   1.024074133800000E+00   6.666197215200000E-01   1.478368419600000E+00   1.229875361600000E+00   0.000000000000000E+00   0.000000000000000E+00   0.000000000000000E+00   0.000000000000000E+00
   1.506091086400000E-03   1.157964685300000E+00   6.206814450900000E-01   1.425576591200000E+00   1.202003995700000E+00   0.000000000000000E+00   0.000000000000000E+00   0.000000000000000E+00   0.000000000000000E+00
   1.761088567700000E-03   1.298038445700000E+00   5.801985138600000E-01   1.406003445900000E+00   1.102701361900000E+00   0.000000000000000E+00   0.000000000000000E+00   0.000000000000000E+00   0.000000000000000E+00
   2.016086049000000E-03   1.444455311400000E+00   5.445709997900000E-01   1.367118197900000E+00   1.065052488000000E+00   0.000000000000000E+00   0.000000000000000E+00   0.000000000000000E+00   0.000000000000000E+00
   2.271083530200000E-03   1.594543629200000E+00   5.132710447400000E-01   1.361091050400000E+00   9.541983482500001E-01   0.000000000000000E+00   0.000000000000000E+00   0.000000000000000E+00   0.000000000000000E+00
   2.601170306200000E-03   1.793722267300000E+00   4.784514485100000E-01   1.308393432500000E+00   9.395845241700000E-01   0.000000000000000E+00   0.000000000000000E+00   0.000000000000000E+00   0.000000000000000E+00
   2.931257082100000E-03   1.992677038400000E+00   4.492588634100000E-01   1.289437706700000E+00   8.538991587800000E-01   0.000000000000000E+00   0.000000000000000E+00   0.000000000000000E+00   0.000000000000000E+00
   3.261343858000000E-03   2.188284609400000E+00   4.249396489400000E-01   1.251784101200000E+00   8.297204675299999E-01   0.000000000000000E+00   0.000000000000000E+00   0.000000000000000E+00   0.000000000000000E+00
   3.591430634000000E-03   2.375038271500000E+00   4.048158392200000E-01   1.247966667800000E+00   7.331991028300000E-01   0.000000000000000E+00   0.000000000000000E+00   0.000000000000000E+00   0.000000000000000E+00
   4.056784747500000E-03   2.618590446200000E+00   3.824330648200000E-01   1.197298441500000E+00   7.335288837700000E-01   0.000000000000000E+00   0.000000000000000E+00   0.000000000000000E+00   0.000000000000000E+00
   4.522138861100000E-03   2.829949870900000E+00   3.657205730400000E-01   1.183114214800000E+00   6.657045435700000E-01   0.000000000000000E+00   0.000000000000000E+00   0.000000000000000E+00   0.000000000000000E+00
   4.987492974600000E-03   3.006655220000000E+00   3.534201892400000E-01   1.152557369100000E+00   6.609223009000000E-01   0.000000000000000E+00   0.000000000000000E+00   0.000000000000000E+00   0.000000000000000E+00
   5.452847088200000E-03   3.147605932000000E+00   3.444748995900000E-01   1.157759646100000E+00   5.849965966200000E-01   0.000000000000000E+00   0.000000000000000E+00   0.000000000000000E+00   0.000000000000000E+00
   5.984538151300000E-03   3.271160929200000E+00   3.372894594300000E-01   1.123903055000000E+00   6.171952411000000E-01   0.000000000000000E+00   0.000000000000000E+00   0.000000000000000E+00   0.000000000000000E+00
   6.516229214400000E-03   3.359788164800000E+00   3.324088781300000E-01   1.125243291100000E+00   5.766385043300000E-01   0.000000000000000E+00   0.000000000000000E+00   0.000000000000000E+00   0.000000000000000E+00
   7.047920277500000E-03   3.422539504700000E+00   3.291223162100000E-01   1.108089709200000E+00   5.939290404100001E-01   0.000000000000000E+00   0.000000000000000E+00   0.000000000000000E+00   0.000000000000000E+00
   7.579611340600000E-03   3.465346956200000E+00   3.269178139300000E-01   1.124363392300000E+00   5.356233229600000E-01   0.000000000000000E+00   0.000000000000000E+00   0.000000000000000E+00   0.000000000000000E+00
   8.409230642300000E-03   3.507209632900000E+00   3.248509663800000E-01   1.099422111500000E+00   5.814275698800000E-01   0.000000000000000E+00   0.000000000000000E+00   0.000000000000000E+00   0.000000000000000E+00
   9.238849944000000E-03   3.529283986900000E+00   3.237617446900000E-01   1.107831563600000E+00   5.514878710700000E-01   0.000000000000000E+00   0.000000000000000E+00   0.000000000000000E+00   0.000000000000000E+00
   1.006846924600000E-02   3.541297469800000E+00   3.231875826100000E-01   1.095967968500000E+00   5.764895836600000E-01   0.000000000000000E+00   0.000000000000000E+00   0.000000000000000E+00   0.000000000000000E+00
   1.089808854700000E-02   3.547316698200000E+00   3.228823598000000E-01   1.116024110200000E+00   5.237495328100000E-01   0.000000000000000E+00   0.000000000000000E+00   0.000000000000000E+00   0.000000000000000E+00
   1.301299020300000E-02   3.553332362300000E+00   3.226077157400000E-01   1.094754115500000E+00   5.747585874800000E-01   0.000000000000000E+00   0.000000000000000E+00   0.000000000000000E+00   0.000000000000000E+00
   1.512789185900000E-02   3.554088072900000E+00   3.225640255700000E-01   1.105321247600000E+00   5.479320722700000E-01   0.000000000000000E+00   0.000000000000000E+00   0.000000000000000E+00   0.000000000000000E+00
   1.724279351400000E-02   3.554494197000000E+00   3.225519418300000E-01   1.094637816000000E+00   5.745898762500000E-01   0.000000000000000E+00   0.000000000000000E+00   0.000000000000000E+00   0.000000000000000E+00
   1.935769517000000E-02   3.554250794800000E+00   3.225492825800000E-01   1.115318813700000E+00   5.227705852200000E-01   0.000000000000000E+00   0.000000000000000E+00   0.000000000000000E+00   0.000000000000000E+00
   2.614986485500000E-02   3.554573440700000E+00   3.225481365300000E-01   1.094630329200000E+00   5.745772586900000E-01   0.000000000000000E+00   0.000000000000000E+00   0.000000000000000E+00   0.000000000000000E+00
   3.294203454000000E-02   3.554419363900000E+00   3.225481450900000E-01   1.105286412900000E+00   5.478882310199999E-01   0.000000000000000E+00   0.000000000000000E+00   0.000000000000000E+00   0.000000000000000E+00
   3.973420422500000E-02   3.554570237200000E+00   3.225482900100000E-01   1.094630934400000E+00   5.745770089200000E-01   0.000000000000000E+00   0.000000000000000E+00   0.000000000000000E+00   0.000000000000000E+00
   4.652637391100000E-02   3.554282904500000E+00   3.225477435200000E-01   1.115313770300000E+00   5.227705217100000E-01   0.000000000000000E+00   0.000000000000000E+00   0.000000000000000E+00   0.000000000000000E+00
   6.223797166800000E-02   3.554569597100000E+00   3.225483205900000E-01   1.094631170600000E+00   5.745766693500000E-01   0.000000000000000E+00   0.000000000000000E+00   0.000000000000000E+00   0.000000000000000E+00
   7.794956942500000E-02   3.554422849700000E+00   3.225479782000000E-01   1.105285576700000E+00   5.478889495100000E-01   0.000000000000000E+00   0.000000000000000E+00   0.000000000000000E+00   0.000000000000000E+00
   9.366116718200000E-02   3.554569125100000E+00   3.225483431500000E-01   1.094631340100000E+00   5.745764307000000E-01   0.000000000000000E+00   0.000000000000000E+00   0.000000000000000E+00   0.000000000000000E+00
   1.093727649400000E-01   3.554286161400000E+00   3.225475878200000E-01   1.115312661600000E+00   5.227720153099999E-01   0.000000000000000E+00   0.000000000000000E+00   0.000000000000000E+00   0.000000000000000E+00
   1.314999317800000E-01   3.554568904200000E+00   3.225483536900000E-01   1.094631451000000E+00   5.745762397700001E-01   0.000000000000000E+00   0.000000000000000E+00   0.000000000000000E+00   0.000000000000000E+00
   1.536270986100000E-01   3.554423555000000E+00   3.225479445500000E-01   1.105285255400000E+00   5.478894769500000E-01   0.000000000000000E+00   0.000000000000000E+00   0.000000000000000E+00   0.000000000000000E+00
   1.757542654500000E-01   3.554568732800000E+00   3.225483618500000E-01   1.094631554800000E+00   5.745760468600000E-01   0.000000000000000E+00   0.000000000000000E+00   0.000000000000000E+00   0.000000000000000E+00
   1.978814322900000E-01   3.554287299900000E+00   3.225475335800000E-01   1.115311992700000E+00   5.227732439200000E-01   0.000000000000000E+00   0.000000000000000E+00   0.000000000000000E+00   0.000000000000000E+00
   2.144470796400000E-01   3.554568600500000E+00   3.225483681300000E-01   1.094631654100000E+00   5.745758499500000E-01   0.000000000000000E+00   0.000000000000000E+00   0.000000000000000E+00   0.000000000000000E+00
   2.310127270000000E-01   3.554423911800000E+00   3.225479275900000E-01   1.105284976700000E+00   5.478900353000000E-01   0.000000000000000E+00   0.000000000000000E+00   0.000000000000000E+00   0.000000000000000E+00
   2.475783743600000E-01   3.554568485900000E+00   3.225483735500000E-01   1.094631781300000E+00   5.745755759400000E-01   0.000000000000000E+00   0.000000000000000E+00   0.000000000000000E+00   0.000000000000000E+00
   2.641440217200000E-01   3.554288084400000E+00   3.225474964700000E-01   1.115311173600000E+00   5.227749903500000E-01   0.000000000000000E+00   0.000000000000000E+00   0.000000000000000E+00   0.000000000000000E+00
   2.770466829000000E-01   3.554568406600000E+00   3.225483772800000E-01   1.094631901500000E+00   5.745753054000000E-01   0.000000000000000E+00   0.000000000000000E+00   0.000000000000000E+00   0.000000000000000E+00
   2.899493440800000E-01   3.554424128000000E+00   3.225479174500000E-01   1.105284638100000E+00   5.478908003100000E-01   0.000000000000000E+00   0.000000000000000E+00   0.000000000000000E+00   0.000000000000000E+00
   3.028520052600000E-01   3.554568346400000E+00   3.225483800600000E-01   1.094632056000000E+00   5.745749411400000E-01   0.000000000000000E+00   0.000000000000000E+00   0.000000000000000E+00   0.000000000000000E+00
   3.157546664400000E-01   3.554288513600000E+00   3.225474765300000E-01   1.115310180300000E+00   5.227773152000000E-01   0.000000000000000E+00   0.000000000000000E+00   0.000000000000000E+00   0.000000000000000E+00
   3.260861077900000E-01   3.554568308900000E+00   3.225483817700000E-01   1.094632201700000E+00   5.745745901600000E-01   0.000000000000000E+00   0.000000000000000E+00   0.000000000000000E+00   0.000000000000000E+00
   3.364175491400000E-01   3.554424232000000E+00   3.225479127300000E-01   1.105284227000000E+00   5.478917915900000E-01   0.000000000000000E+00   0.000000000000000E+00   0.000000000000000E+00   0.000000000000000E+00
   3.467489904900000E-01   3.554568283700000E+00   3.225483828500000E-01   1.094632389600000E+00   5.745741281400000E-01   0.000000000000000E+00   0.000000000000000E+00   0.000000000000000E+00   0.000000000000000E+00
   3.570804318400000E-01   3.554288703300000E+00   3.225474682500000E-01   1.115308974800000E+00   5.227802680500000E-01   0.000000000000000E+00   0.000000000000000E+00   0.000000000000000E+00   0.000000000000000E+00
   3.652172824300000E-01   3.554568268600000E+00   3.225483834500000E-01   1.094632569900000E+00   5.745736811600000E-01   0.000000000000000E+00   0.000000000000000E+00   0.000000000000000E+00   0.000000000000000E+00
   3.733541330300000E-01   3.554424274400000E+00   3.225479110500000E-01   1.105283717900000E+00   5.478930536800000E-01   0.000000000000000E+00   0.000000000000000E+00   0.000000000000000E+00   0.000000000000000E+00
   3.814909836300000E-01   3.554568258900000E+00   3.225483837500000E-01   1.094632806200000E+00   5.745730913900000E-01   0.000000000000000E+00   0.000000000000000E+00   0.000000000000000E+00   0.000000000000000E+00
   3.896278342200000E-01   3.554288779600000E+00   3.225474656300000E-01   1.115307460900000E+00   5.227840405500001E-01   0.000000000000000E+00   0.000000000000000E+00   0.000000000000000E+00   0.000000000000000E+00
   3.976932209700000E-01   3.554568253500000E+00   3.225483838700000E-01   1.094633007700000E+00   5.745725874700000E-01   0.000000000000000E+00   0.000000000000000E+00   0.000000000000000E+00   0.000000000000000E+00
   4.057586077200000E-01   3.554424290800000E+00   3.225479106500000E-01   1.105283148900000E+00   5.478944763400000E-01   0.000000000000000E+00   0.000000000000000E+00   0.000000000000000E+00   0.000000000000000E+00
   4.138239944700000E-01   3.554568249000000E+00   3.225483839200000E-01   1.094633245600000E+00   5.745719917800000E-01   0.000000000000000E+00   0.000000000000000E+00   0.000000000000000E+00   0.000000000000000E+00
   4.218893812200000E-01   3.554288811800000E+00   3.225474651400000E-01   1.115305938300000E+00   5.227878525300000E-01   0.000000000000000E+00   0.000000000000000E+00   0.000000000000000E+00   0.000000000000000E+00
   4.316827190600000E-01   3.554568246000000E+00   3.225483839400000E-01   1.094633429800000E+00   5.745715300499999E-01   0.000000000000000E+00   0.000000000000000E+00   0.000000000000000E+00   0.000000000000000E+00
   4.414760569000000E-01   3.554424299500000E+00   3.225479105900000E-01   1.105282628600000E+00   5.478957799900001E-01   0.000000000000000E+00   0.000000000000000E+00   0.000000000000000E+00   0.000000000000000E+00
   4.512693947300000E-01   3.554568243100000E+00   3.225483839400000E-01   1.094633625600000E+00   5.745710393900000E-01   0.000000000000000E+00   0.000000000000000E+00   0.000000000000000E+00   0.000000000000000E+00
   4.610627325700000E-01   3.554288830900000E+00   3.225474650900000E-01   1.115304685200000E+00   5.227909927200000E-01   0.000000000000000E+00   0.000000000000000E+00   0.000000000000000E+00   0.000000000000000E+00
   4.719951119100000E-01   3.554568240900000E+00   3.225483839400000E-01   1.094633783400000E+00   5.745706440500000E-01   0.000000000000000E+00   0.000000000000000E+00   0.000000000000000E+00   0.000000000000000E+00
   4.829274912500000E-01   3.554424305900000E+00   3.225479105900000E-01   1.105282183200000E+00   5.478968962300000E-01   0.000000000000000E+00   0.000000000000000E+00   0.000000000000000E+00   0.000000000000000E+00
   4.938598706000000E-01   3.554568238400000E+00   3.225483839400000E-01   1.094633958700000E+00   5.745702045200000E-01   0.000000000000000E+00   0.000000000000000E+00   0.000000000000000E+00   0.000000000000000E+00
   5.047922499400000E-01   3.554288846600000E+00   3.225474651100000E-01   1.115303562800000E+00   5.227938057200000E-01   0.000000000000000E+00   0.000000000000000E+00   0.000000000000000E+00   0.000000000000000E+00
   5.144227491300000E-01   3.554568236300000E+00   3.225483839300000E-01   1.094634117900000E+00   5.745698056700000E-01   0.000000000000000E+00   0.000000000000000E+00   0.000000000000000E+00   0.000000000000000E+00
   5.240532483300000E-01   3.554424312100000E+00   3.225479106100000E-01   1.105281733900000E+00   5.478980223800000E-01   0.000000000000000E+00   0.000000000000000E+00   0.000000000000000E+00   0.000000000000000E+00
   5.336837475200000E-01   3.554568233500000E+00   3.225483839300000E-01   1.094634316900000E+00   5.745693067500000E-01   0.000000000000000E+00   0.000000000000000E+00   0.000000000000000E+00   0.000000000000000E+00
   5.433142467199999E-01   3.554288863900000E+00   3.225474651600000E-01   1.115302288900000E+00   5.227969988300000E-01   0.000000000000000E+00   0.000000000000000E+00   0.000000000000000E+00   0.000000000000000E+00
   5.530078502400000E-01   3.554568231300000E+00   3.225483839200000E-01   1.094634485500000E+00   5.745688840600000E-01   0.000000000000000E+00   0.000000000000000E+00   0.000000000000000E+00   0.000000000000000E+00
   5.627014537700000E-01   3.554424318500000E+00   3.225479106300000E-01   1.105281257700000E+00   5.478992158600000E-01   0.000000000000000E+00   0.000000000000000E+00   0.000000000000000E+00   0.000000000000000E+00
   5.723950573000000E-01   3.554568228600000E+00   3.225483839100000E-01   1.094634683300000E+00   5.745683884200000E-01   0.000000000000000E+00   0.000000000000000E+00   0.000000000000000E+00   0.000000000000000E+00
   5.820886608300000E-01   3.554288881000000E+00   3.225474652100000E-01   1.115301023400000E+00   5.228001709200000E-01   0.000000000000000E+00   0.000000000000000E+00   0.000000000000000E+00   0.000000000000000E+00
   5.907416985600000E-01   3.554568226200000E+00   3.225483839000000E-01   1.094634861500000E+00   5.745679418100000E-01   0.000000000000000E+00   0.000000000000000E+00   0.000000000000000E+00   0.000000000000000E+00
   5.993947362800000E-01   3.554424325300000E+00   3.225479106500000E-01   1.105280754700000E+00   5.479004768600000E-01   0.000000000000000E+00   0.000000000000000E+00   0.000000000000000E+00   0.000000000000000E+00
   6.080477740100000E-01   3.554568223200000E+00   3.225483838900000E-01   1.094635083000000E+00   5.745673866100000E-01   0.000000000000000E+00   0.000000000000000E+00   0.000000000000000E+00   0.000000000000000E+00
   6.167008117400000E-01   3.554288900100000E+00   3.225474652700000E-01   1.115299605800000E+00   5.228037241700000E-01   0.000000000000000E+00   0.000000000000000E+00   0.000000000000000E+00   0.000000000000000E+00
   6.252033940300000E-01   3.554568220700000E+00   3.225483838800000E-01   1.094635272900000E+00   5.745669105400000E-01   0.000000000000000E+00   0.000000000000000E+00   0.000000000000000E+00   0.000000000000000E+00
   6.337059763200000E-01   3.554424332500000E+00   3.225479106700000E-01   1.105280218400000E+00   5.479018210600000E-01   0.000000000000000E+00   0.000000000000000E+00   0.000000000000000E+00   0.000000000000000E+00
   6.422085586100000E-01   3.554568217600000E+00   3.225483838700000E-01   1.094635498300000E+00   5.745663455700000E-01   0.000000000000000E+00   0.000000000000000E+00   0.000000000000000E+00   0.000000000000000E+00
   6.507111409000000E-01   3.554288919500000E+00   3.225474653300000E-01   1.115298163300000E+00   5.228073399800000E-01   0.000000000000000E+00   0.000000000000000E+00   0.000000000000000E+00   0.000000000000000E+00
   6.584436333200000E-01   3.554568214900000E+00   3.225483838700000E-01   1.094635699400000E+00   5.745658414600000E-01   0.000000000000000E+00   0.000000000000000E+00   0.000000000000000E+00   0.000000000000000E+00
   6.661761257500000E-01   3.554424340100000E+00   3.225479107000000E-01   1.105279650500000E+00   5.479032444400000E-01   0.000000000000000E+00   0.000000000000000E+00   0.000000000000000E+00   0.000000000000000E+00
   6.739086181700000E-01   3.554568211600000E+00   3.225483838500000E-01   1.094635947200000E+00   5.745652202800000E-01   0.000000000000000E+00   0.000000000000000E+00   0.000000000000000E+00   0.000000000000000E+00
   6.816411106000000E-01   3.554288940800000E+00   3.225474654000000E-01   1.115296577300000E+00   5.228113155200000E-01   0.000000000000000E+00   0.000000000000000E+00   0.000000000000000E+00   0.000000000000000E+00
   6.891249027400000E-01   3.554568208700000E+00   3.225483838500000E-01   1.094636161300000E+00   5.745646835300000E-01   0.000000000000000E+00   0.000000000000000E+00   0.000000000000000E+00   0.000000000000000E+00
   6.966086948700000E-01   3.554424348300000E+00   3.225479107200000E-01   1.105279045900000E+00   5.479047599700000E-01   0.000000000000000E+00   0.000000000000000E+00   0.000000000000000E+00   0.000000000000000E+00
   7.040924870100000E-01   3.554568205300000E+00   3.225483838300000E-01   1.094636417400000E+00   5.745640417700000E-01   0.000000000000000E+00   0.000000000000000E+00   0.000000000000000E+00   0.000000000000000E+00
   7.115762791500000E-01   3.554288962900000E+00   3.225474654800000E-01   1.115294938700000E+00   5.228154227600000E-01   0.000000000000000E+00   0.000000000000000E+00   0.000000000000000E+00   0.000000000000000E+00
   7.183903951800000E-01   3.554568202200000E+00   3.225483838200000E-01   1.094636645700000E+00   5.745634695000000E-01   0.000000000000000E+00   0.000000000000000E+00   0.000000000000000E+00   0.000000000000000E+00
   7.252045112100000E-01   3.554424357000000E+00   3.225479107500000E-01   1.105278401300000E+00   5.479063757800000E-01   0.000000000000000E+00   0.000000000000000E+00   0.000000000000000E+00   0.000000000000000E+00
   7.320186272400000E-01   3.554568198400000E+00   3.225483838100000E-01   1.094636926800000E+00   5.745627647500000E-01   0.000000000000000E+00   0.000000000000000E+00   0.000000000000000E+00   0.000000000000000E+00
   7.388327432600000E-01   3.554288987100000E+00   3.225474655600000E-01   1.115293139300000E+00   5.228199331700000E-01   0.000000000000000E+00   0.000000000000000E+00   0.000000000000000E+00   0.000000000000000E+00
   7.441774866899999E-01   3.554568194700000E+00   3.225483838000000E-01   1.094637198700000E+00   5.745620834000000E-01   0.000000000000000E+00   0.000000000000000E+00   0.000000000000000E+00   0.000000000000000E+00
   7.495222301200000E-01   3.554424367300000E+00   3.225479107900000E-01   1.105277633800000E+00   5.479082995700000E-01   0.000000000000000E+00   0.000000000000000E+00   0.000000000000000E+00   0.000000000000000E+00
   7.548669735500000E-01   3.554568189900000E+00   3.225483837800000E-01   1.094637557100000E+00   5.745611850200000E-01   0.000000000000000E+00   0.000000000000000E+00   0.000000000000000E+00   0.000000000000000E+00
   7.602117169800000E-01   3.554289018000000E+00   3.225474656600000E-01   1.115290845500000E+00   5.228256828500000E-01   0.000000000000000E+00   0.000000000000000E+00   0.000000000000000E+00   0.000000000000000E+00
   7.672578825200000E-01   3.554568186300000E+00   3.225483837700000E-01   1.094637824900000E+00   5.745605136300000E-01   0.000000000000000E+00   0.000000000000000E+00   0.000000000000000E+00   0.000000000000000E+00
   7.743040480500000E-01   3.554424377500000E+00   3.225479108200000E-01   1.105276877500000E+00   5.479101952600000E-01   0.000000000000000E+00   0.000000000000000E+00   0.000000000000000E+00   0.000000000000000E+00
   7.813502135900000E-01   3.554568182600000E+00   3.225483837600000E-01   1.094638096700000E+00   5.745598322600000E-01   0.000000000000000E+00   0.000000000000000E+00   0.000000000000000E+00   0.000000000000000E+00
   7.883963791300000E-01   3.554289041400000E+00   3.225474657300000E-01   1.115289105800000E+00   5.228300436200000E-01   0.000000000000000E+00   0.000000000000000E+00   0.000000000000000E+00   0.000000000000000E+00
   7.940231112000000E-01   3.554568179100000E+00   3.225483837500000E-01   1.094638356900000E+00   5.745591800800000E-01   0.000000000000000E+00   0.000000000000000E+00   0.000000000000000E+00   0.000000000000000E+00
   7.996498432700000E-01   3.554424387400000E+00   3.225479108500000E-01   1.105276142900000E+00   5.479120367000000E-01   0.000000000000000E+00   0.000000000000000E+00   0.000000000000000E+00   0.000000000000000E+00
   8.052765753500000E-01   3.554568174600000E+00   3.225483837300000E-01   1.094638697300000E+00   5.745583269300000E-01   0.000000000000000E+00   0.000000000000000E+00   0.000000000000000E+00   0.000000000000000E+00
   8.109033074200001E-01   3.554289070700000E+00   3.225474658300000E-01   1.115286927500000E+00   5.228355038000000E-01   0.000000000000000E+00   0.000000000000000E+00   0.000000000000000E+00   0.000000000000000E+00
   8.147070462000000E-01   3.554568169700000E+00   3.225483837200000E-01   1.094639055900000E+00   5.745574280200000E-01   0.000000000000000E+00   0.000000000000000E+00   0.000000000000000E+00   0.000000000000000E+00
   8.185107849900000E-01   3.554424401000000E+00   3.225479109000000E-01   1.105275130400000E+00   5.479145747300000E-01   0.000000000000000E+00   0.000000000000000E+00   0.000000000000000E+00   0.000000000000000E+00
   8.223145237700000E-01   3.554568163000000E+00   3.225483836900000E-01   1.094639559300000E+00   5.745561661900001E-01   0.000000000000000E+00   0.000000000000000E+00   0.000000000000000E+00   0.000000000000000E+00
   8.261182625600000E-01   3.554289114100000E+00   3.225474659700000E-01   1.115283705800000E+00   5.228435794900000E-01   0.000000000000000E+00   0.000000000000000E+00   0.000000000000000E+00   0.000000000000000E+00
   8.296858781699999E-01   3.554568157000000E+00   3.225483836800000E-01   1.094640001300000E+00   5.745550582500000E-01   0.000000000000000E+00   0.000000000000000E+00   0.000000000000000E+00   0.000000000000000E+00
   8.332534937800000E-01   3.554424417800000E+00   3.225479109500000E-01   1.105273882400000E+00   5.479177030100000E-01   0.000000000000000E+00   0.000000000000000E+00   0.000000000000000E+00   0.000000000000000E+00
   8.368211093900000E-01   3.554568149800000E+00   3.225483836500000E-01   1.094640537900000E+00   5.745537131900000E-01   0.000000000000000E+00   0.000000000000000E+00   0.000000000000000E+00   0.000000000000000E+00
   8.403887250099999E-01   3.554289160300000E+00   3.225474661200000E-01   1.115280271500000E+00   5.228521878900000E-01   0.000000000000000E+00   0.000000000000000E+00   0.000000000000000E+00   0.000000000000000E+00
   8.443731425200000E-01   3.554568144000000E+00   3.225483836300000E-01   1.094640970100000E+00   5.745526298100000E-01   0.000000000000000E+00   0.000000000000000E+00   0.000000000000000E+00   0.000000000000000E+00
   8.483575600400000E-01   3.554424434200000E+00   3.225479110100000E-01   1.105272662000000E+00   5.479207620000000E-01   0.000000000000000E+00   0.000000000000000E+00   0.000000000000000E+00   0.000000000000000E+00
   8.523419775500000E-01   3.554568137500000E+00   3.225483836100000E-01   1.094641450500000E+00   5.745514256900000E-01   0.000000000000000E+00   0.000000000000000E+00   0.000000000000000E+00   0.000000000000000E+00
   8.563263950600000E-01   3.554289201700000E+00   3.225474662600000E-01   1.115277197200000E+00   5.228598942200000E-01   0.000000000000000E+00   0.000000000000000E+00   0.000000000000000E+00   0.000000000000000E+00
   8.593460718000000E-01   3.554568131100000E+00   3.225483835900000E-01   1.094641924000000E+00   5.745502388000000E-01   0.000000000000000E+00   0.000000000000000E+00   0.000000000000000E+00   0.000000000000000E+00
   8.623657485300000E-01   3.554424452200000E+00   3.225479110700000E-01   1.105271325100000E+00   5.479241131600000E-01   0.000000000000000E+00   0.000000000000000E+00   0.000000000000000E+00   0.000000000000000E+00
   8.653854252700000E-01   3.554568122600000E+00   3.225483835600000E-01   1.094642557700000E+00   5.745486503400000E-01   0.000000000000000E+00   0.000000000000000E+00   0.000000000000000E+00   0.000000000000000E+00
   8.684051020000000E-01   3.554289256300000E+00   3.225474664400000E-01   1.115273141500000E+00   5.228700603600001E-01   0.000000000000000E+00   0.000000000000000E+00   0.000000000000000E+00   0.000000000000000E+00
   8.709100129100000E-01   3.554568114600000E+00   3.225483835400000E-01   1.094643151600000E+00   5.745471615900000E-01   0.000000000000000E+00   0.000000000000000E+00   0.000000000000000E+00   0.000000000000000E+00
   8.734149238200000E-01   3.554424474800000E+00   3.225479111400000E-01   1.105269648200000E+00   5.479283166100000E-01   0.000000000000000E+00   0.000000000000000E+00   0.000000000000000E+00   0.000000000000000E+00
   8.759198347200000E-01   3.554568104300000E+00   3.225483835000000E-01   1.094643915300000E+00   5.745452472300000E-01   0.000000000000000E+00   0.000000000000000E+00   0.000000000000000E+00   0.000000000000000E+00
   8.784247456299999E-01   3.554289322100000E+00   3.225474666600000E-01   1.115268253800000E+00   5.228823122500000E-01   0.000000000000000E+00   0.000000000000000E+00   0.000000000000000E+00   0.000000000000000E+00
   8.811185459100001E-01   3.554568095900000E+00   3.225483834700000E-01   1.094644541600000E+00   5.745436773200000E-01   0.000000000000000E+00   0.000000000000000E+00   0.000000000000000E+00   0.000000000000000E+00
   8.838123461900000E-01   3.554424498600000E+00   3.225479112200000E-01   1.105267879800000E+00   5.479327493300000E-01   0.000000000000000E+00   0.000000000000000E+00   0.000000000000000E+00   0.000000000000000E+00
   8.865061464700000E-01   3.554568086400000E+00   3.225483834400000E-01   1.094645251500000E+00   5.745418977200000E-01   0.000000000000000E+00   0.000000000000000E+00   0.000000000000000E+00   0.000000000000000E+00
   8.891999467500000E-01   3.554289383200000E+00   3.225474668600000E-01   1.115263710100000E+00   5.228937017000000E-01   0.000000000000000E+00   0.000000000000000E+00   0.000000000000000E+00   0.000000000000000E+00
   8.914269958100000E-01   3.554568077400000E+00   3.225483834100000E-01   1.094645918100000E+00   5.745402267600001E-01   0.000000000000000E+00   0.000000000000000E+00   0.000000000000000E+00   0.000000000000000E+00
   8.936540448700000E-01   3.554424523900000E+00   3.225479113000000E-01   1.105265997700000E+00   5.479374672200000E-01   0.000000000000000E+00   0.000000000000000E+00   0.000000000000000E+00   0.000000000000000E+00
   8.958810939300000E-01   3.554568065800000E+00   3.225483833800000E-01   1.094646776600000E+00   5.745380748600000E-01   0.000000000000000E+00   0.000000000000000E+00   0.000000000000000E+00   0.000000000000000E+00
   8.981081429900000E-01   3.554289457100000E+00   3.225474671000000E-01   1.115258216000000E+00   5.229074738800000E-01   0.000000000000000E+00   0.000000000000000E+00   0.000000000000000E+00   0.000000000000000E+00
   9.003730141500000E-01   3.554568056100000E+00   3.225483833400000E-01   1.094647500100000E+00   5.745362613300000E-01   0.000000000000000E+00   0.000000000000000E+00   0.000000000000000E+00   0.000000000000000E+00
   9.026378853200000E-01   3.554424551400000E+00   3.225479113900000E-01   1.105263955000000E+00   5.479425878000000E-01   0.000000000000000E+00   0.000000000000000E+00   0.000000000000000E+00   0.000000000000000E+00
   9.049027564800000E-01   3.554568044700000E+00   3.225483833100000E-01   1.094648343900000E+00   5.745341460800000E-01   0.000000000000000E+00   0.000000000000000E+00   0.000000000000000E+00   0.000000000000000E+00
   9.071676276500000E-01   3.554289529800000E+00   3.225474673400000E-01   1.115252815400000E+00   5.229210114800000E-01   0.000000000000000E+00   0.000000000000000E+00   0.000000000000000E+00   0.000000000000000E+00
   9.099122710500001E-01   3.554568035900000E+00   3.225483832800000E-01   1.094648998300000E+00   5.745325055500000E-01   0.000000000000000E+00   0.000000000000000E+00   0.000000000000000E+00   0.000000000000000E+00
   9.126569144600000E-01   3.554424576300000E+00   3.225479114700000E-01   1.105262107100000E+00   5.479472199600000E-01   0.000000000000000E+00   0.000000000000000E+00   0.000000000000000E+00   0.000000000000000E+00
   9.154015578600000E-01   3.554568026600000E+00   3.225483832500000E-01   1.094649694400000E+00   5.745307605900000E-01   0.000000000000000E+00   0.000000000000000E+00   0.000000000000000E+00   0.000000000000000E+00
   9.181462012700000E-01   3.554289589800000E+00   3.225474675300000E-01   1.115248360300000E+00   5.229321792300000E-01   0.000000000000000E+00   0.000000000000000E+00   0.000000000000000E+00   0.000000000000000E+00
   9.205669642800000E-01   3.554568018100000E+00   3.225483832200000E-01   1.094650325600000E+00   5.745291783599999E-01   0.000000000000000E+00   0.000000000000000E+00   0.000000000000000E+00   0.000000000000000E+00
   9.229877273000000E-01   3.554424600200000E+00   3.225479115500000E-01   1.105260324900000E+00   5.479516873800000E-01   0.000000000000000E+00   0.000000000000000E+00   0.000000000000000E+00   0.000000000000000E+00
   9.254084903100001E-01   3.554568007500000E+00   3.225483831800000E-01   1.094651114700000E+00   5.745272005199999E-01   0.000000000000000E+00   0.000000000000000E+00   0.000000000000000E+00   0.000000000000000E+00
   9.278292533300000E-01   3.554289657700000E+00   3.225474677600000E-01   1.115243310700000E+00   5.229448374100000E-01   0.000000000000000E+00   0.000000000000000E+00   0.000000000000000E+00   0.000000000000000E+00
   9.294608356400000E-01   3.554567996200000E+00   3.225483831500000E-01   1.094651947400000E+00   5.745251130400000E-01   0.000000000000000E+00   0.000000000000000E+00   0.000000000000000E+00   0.000000000000000E+00
   9.310924179600000E-01   3.554424631900000E+00   3.225479116600000E-01   1.105257973700000E+00   5.479575811000000E-01   0.000000000000000E+00   0.000000000000000E+00   0.000000000000000E+00   0.000000000000000E+00
   9.327240002800000E-01   3.554567980500000E+00   3.225483831000000E-01   1.094653117600000E+00   5.745221796900000E-01   0.000000000000000E+00   0.000000000000000E+00   0.000000000000000E+00   0.000000000000000E+00
   9.343555825900000E-01   3.554289758500000E+00   3.225474680900000E-01   1.115235821500000E+00   5.229636108800000E-01   0.000000000000000E+00   0.000000000000000E+00   0.000000000000000E+00   0.000000000000000E+00
   9.357476345800000E-01   3.554567966000000E+00   3.225483830500000E-01   1.094654197600000E+00   5.745194724100000E-01   0.000000000000000E+00   0.000000000000000E+00   0.000000000000000E+00   0.000000000000000E+00
   9.371396865600000E-01   3.554424672900000E+00   3.225479117900000E-01   1.105254924500000E+00   5.479652249600000E-01   0.000000000000000E+00   0.000000000000000E+00   0.000000000000000E+00   0.000000000000000E+00
   9.385317385400000E-01   3.554567947500000E+00   3.225483829900000E-01   1.094655568400000E+00   5.745160360500000E-01   0.000000000000000E+00   0.000000000000000E+00   0.000000000000000E+00   0.000000000000000E+00
   9.399237905300000E-01   3.554289876500000E+00   3.225474684700000E-01   1.115227048200000E+00   5.229856035600000E-01   0.000000000000000E+00   0.000000000000000E+00   0.000000000000000E+00   0.000000000000000E+00
   9.412694865700000E-01   3.554567931600000E+00   3.225483829400000E-01   1.094656753300000E+00   5.745130656400000E-01   0.000000000000000E+00   0.000000000000000E+00   0.000000000000000E+00   0.000000000000000E+00
   9.426151826100000E-01   3.554424717900000E+00   3.225479119400000E-01   1.105251578800000E+00   5.479736119400000E-01   0.000000000000000E+00   0.000000000000000E+00   0.000000000000000E+00   0.000000000000000E+00
   9.439608786500000E-01   3.554567912500000E+00   3.225483828700000E-01   1.094658170600000E+00   5.745095128900000E-01   0.000000000000000E+00   0.000000000000000E+00   0.000000000000000E+00   0.000000000000000E+00
   9.453065746900000E-01   3.554289998500000E+00   3.225474688700000E-01   1.115217977900000E+00   5.230083411799999E-01   0.000000000000000E+00   0.000000000000000E+00   0.000000000000000E+00   0.000000000000000E+00
   9.465095279800000E-01   3.554567895400000E+00   3.225483828200000E-01   1.094659446300000E+00   5.745063147400000E-01   0.000000000000000E+00   0.000000000000000E+00   0.000000000000000E+00   0.000000000000000E+00
   9.477124812600000E-01   3.554424766400000E+00   3.225479121000000E-01   1.105247976700000E+00   5.479826417700000E-01   0.000000000000000E+00   0.000000000000000E+00   0.000000000000000E+00   0.000000000000000E+00
   9.489154345400000E-01   3.554567874000000E+00   3.225483827500000E-01   1.094661030800000E+00   5.745023428000000E-01   0.000000000000000E+00   0.000000000000000E+00   0.000000000000000E+00   0.000000000000000E+00
   9.501183878200000E-01   3.554290135000000E+00   3.225474693200000E-01   1.115207837500000E+00   5.230337616100000E-01   0.000000000000000E+00   0.000000000000000E+00   0.000000000000000E+00   0.000000000000000E+00
   9.512592694499999E-01   3.554567855400000E+00   3.225483826900000E-01   1.094662413800000E+00   5.744988758800000E-01   0.000000000000000E+00   0.000000000000000E+00   0.000000000000000E+00   0.000000000000000E+00
   9.524001510800000E-01   3.554424818900000E+00   3.225479122700000E-01   1.105244071800000E+00   5.479924305900000E-01   0.000000000000000E+00   0.000000000000000E+00   0.000000000000000E+00   0.000000000000000E+00
   9.535410327000000E-01   3.554567833000000E+00   3.225483826100000E-01   1.094664083300000E+00   5.744946905600000E-01   0.000000000000000E+00   0.000000000000000E+00   0.000000000000000E+00   0.000000000000000E+00
   9.546819143300000E-01   3.554290278700000E+00   3.225474697900000E-01   1.115197152400000E+00   5.230605476700000E-01   0.000000000000000E+00   0.000000000000000E+00   0.000000000000000E+00   0.000000000000000E+00
   9.560439566300000E-01   3.554567815400000E+00   3.225483825500000E-01   1.094665386700000E+00   5.744914230200000E-01   0.000000000000000E+00   0.000000000000000E+00   0.000000000000000E+00   0.000000000000000E+00
   9.574059989300000E-01   3.554424868400000E+00   3.225479124300000E-01   1.105240391400000E+00   5.480016569500000E-01   0.000000000000000E+00   0.000000000000000E+00   0.000000000000000E+00   0.000000000000000E+00
   9.587680412300000E-01   3.554567796600000E+00   3.225483824900000E-01   1.094666784300000E+00   5.744879194400000E-01   0.000000000000000E+00   0.000000000000000E+00   0.000000000000000E+00   0.000000000000000E+00
   9.601300835300000E-01   3.554290399000000E+00   3.225474701900000E-01   1.115188207900000E+00   5.230829706100000E-01   0.000000000000000E+00   0.000000000000000E+00   0.000000000000000E+00   0.000000000000000E+00
   9.613925848600000E-01   3.554567780000000E+00   3.225483824400000E-01   1.094668018700000E+00   5.744848248300000E-01   0.000000000000000E+00   0.000000000000000E+00   0.000000000000000E+00   0.000000000000000E+00
   9.626550861900000E-01   3.554424915300000E+00   3.225479125900000E-01   1.105236906000000E+00   5.480103945300000E-01   0.000000000000000E+00   0.000000000000000E+00   0.000000000000000E+00   0.000000000000000E+00
   9.639175875100000E-01   3.554567759800000E+00   3.225483823700000E-01   1.094669525600000E+00   5.744810472000000E-01   0.000000000000000E+00   0.000000000000000E+00   0.000000000000000E+00   0.000000000000000E+00
   9.651800888400000E-01   3.554290528700000E+00   3.225474706100000E-01   1.115178563900000E+00   5.231071474200000E-01   0.000000000000000E+00   0.000000000000000E+00   0.000000000000000E+00   0.000000000000000E+00
   9.660886972500000E-01   3.554567739200000E+00   3.225483823000000E-01   1.094671055500000E+00   5.744772118700000E-01   0.000000000000000E+00   0.000000000000000E+00   0.000000000000000E+00   0.000000000000000E+00
   9.669973056700000E-01   3.554424973400000E+00   3.225479127800000E-01   1.105232586800000E+00   5.480212227400000E-01   0.000000000000000E+00   0.000000000000000E+00   0.000000000000000E+00   0.000000000000000E+00
   9.679059140800000E-01   3.554567711100000E+00   3.225483822100000E-01   1.094673147700000E+00   5.744719666800000E-01   0.000000000000000E+00   0.000000000000000E+00   0.000000000000000E+00   0.000000000000000E+00
   9.688145224900000E-01   3.554290708800000E+00   3.225474712000000E-01   1.115165173600000E+00   5.231407166599999E-01   0.000000000000000E+00   0.000000000000000E+00   0.000000000000000E+00   0.000000000000000E+00
   9.695346435600000E-01   3.554567684000000E+00   3.225483821200000E-01   1.094675158100000E+00   5.744669266700000E-01   0.000000000000000E+00   0.000000000000000E+00   0.000000000000000E+00   0.000000000000000E+00
   9.702547646300000E-01   3.554425049700000E+00   3.225479130300000E-01   1.105226910900000E+00   5.480354521700000E-01   0.000000000000000E+00   0.000000000000000E+00   0.000000000000000E+00   0.000000000000000E+00
   9.709748857000000E-01   3.554567648600000E+00   3.225483820100000E-01   1.094677795400000E+00   5.744603148500000E-01   0.000000000000000E+00   0.000000000000000E+00   0.000000000000000E+00   0.000000000000000E+00
   9.716950067700000E-01   3.554290935700000E+00   3.225474719500000E-01   1.115148294700000E+00   5.231830323400000E-01   0.000000000000000E+00   0.000000000000000E+00   0.000000000000000E+00   0.000000000000000E+00
   9.723598973499999E-01   3.554567617200000E+00   3.225483819000000E-01   1.094680129100000E+00   5.744544643700000E-01   0.000000000000000E+00   0.000000000000000E+00   0.000000000000000E+00   0.000000000000000E+00
   9.730247879400000E-01   3.554425138300000E+00   3.225479133200000E-01   1.105220322100000E+00   5.480519706400000E-01   0.000000000000000E+00   0.000000000000000E+00   0.000000000000000E+00   0.000000000000000E+00
   9.736896785200000E-01   3.554567578800000E+00   3.225483817800000E-01   1.094682982200000E+00   5.744473111900000E-01   0.000000000000000E+00   0.000000000000000E+00   0.000000000000000E+00   0.000000000000000E+00
   9.743545691000000E-01   3.554291181200000E+00   3.225474727500000E-01   1.115130034300000E+00   5.232288126600000E-01   0.000000000000000E+00   0.000000000000000E+00   0.000000000000000E+00   0.000000000000000E+00
   9.750189197600000E-01   3.554567546200000E+00   3.225483816700000E-01   1.094685407000000E+00   5.744412320000000E-01   0.000000000000000E+00   0.000000000000000E+00   0.000000000000000E+00   0.000000000000000E+00
   9.756832704200000E-01   3.554425230300000E+00   3.225479136200000E-01   1.105213475600000E+00   5.480691354100000E-01   0.000000000000000E+00   0.000000000000000E+00   0.000000000000000E+00   0.000000000000000E+00
   9.763476210900000E-01   3.554567507900000E+00   3.225483815500000E-01   1.094688259200000E+00   5.744340811999999E-01   0.000000000000000E+00   0.000000000000000E+00   0.000000000000000E+00   0.000000000000000E+00
   9.770119717500000E-01   3.554291426500000E+00   3.225474735600000E-01   1.115111780400000E+00   5.232745777900000E-01   0.000000000000000E+00   0.000000000000000E+00   0.000000000000000E+00   0.000000000000000E+00
   9.776205695600000E-01   3.554567473800000E+00   3.225483814300000E-01   1.094690793100000E+00   5.744277281200000E-01   0.000000000000000E+00   0.000000000000000E+00   0.000000000000000E+00   0.000000000000000E+00
   9.782291673700000E-01   3.554425326500000E+00   3.225479139300000E-01   1.105206321200000E+00   5.480870728300000E-01   0.000000000000000E+00   0.000000000000000E+00   0.000000000000000E+00   0.000000000000000E+00
   9.788377651800000E-01   3.554567432100000E+00   3.225483813000000E-01   1.094693902800000E+00   5.744199315800000E-01   0.000000000000000E+00   0.000000000000000E+00   0.000000000000000E+00   0.000000000000000E+00
   9.794463629900000E-01   3.554291694000000E+00   3.225474744300000E-01   1.115091878800000E+00   5.233244756500000E-01   0.000000000000000E+00   0.000000000000000E+00   0.000000000000000E+00   0.000000000000000E+00
   9.798134162700000E-01   3.554567384800000E+00   3.225483811400000E-01   1.094697414000000E+00   5.744111280600001E-01   0.000000000000000E+00   0.000000000000000E+00   0.000000000000000E+00   0.000000000000000E+00
   9.801804695500000E-01   3.554425459700000E+00   3.225479143700000E-01   1.105196410300000E+00   5.481119221500000E-01   0.000000000000000E+00   0.000000000000000E+00   0.000000000000000E+00   0.000000000000000E+00
   9.805475228400000E-01   3.554567315700000E+00   3.225483809200000E-01   1.094702561200000E+00   5.743982223600000E-01   0.000000000000000E+00   0.000000000000000E+00   0.000000000000000E+00   0.000000000000000E+00
   9.809145761200000E-01   3.554292136500000E+00   3.225474758800000E-01   1.115058936600000E+00   5.234070722400000E-01   0.000000000000000E+00   0.000000000000000E+00   0.000000000000000E+00   0.000000000000000E+00
   9.811916152300000E-01   3.554567247400000E+00   3.225483806900000E-01   1.094707642400000E+00   5.743854818300000E-01   0.000000000000000E+00   0.000000000000000E+00   0.000000000000000E+00   0.000000000000000E+00
   9.814686543500000E-01   3.554425652400000E+00   3.225479150000000E-01   1.105182067100000E+00   5.481478862700000E-01   0.000000000000000E+00   0.000000000000000E+00   0.000000000000000E+00   0.000000000000000E+00
   9.817456934600000E-01   3.554567156000000E+00   3.225483803900000E-01   1.094714445200000E+00   5.743684240100000E-01   0.000000000000000E+00   0.000000000000000E+00   0.000000000000000E+00   0.000000000000000E+00
   9.820227325799999E-01   3.554292721300000E+00   3.225474778000000E-01   1.115015398600000E+00   5.235162425800000E-01   0.000000000000000E+00   0.000000000000000E+00   0.000000000000000E+00   0.000000000000000E+00
   9.823357404700001E-01   3.554567083000000E+00   3.225483801500000E-01   1.094719887300000E+00   5.743547774700000E-01   0.000000000000000E+00   0.000000000000000E+00   0.000000000000000E+00   0.000000000000000E+00
   9.826487483600000E-01   3.554425858700000E+00   3.225479156800000E-01   1.105166699200000E+00   5.481864221800000E-01   0.000000000000000E+00   0.000000000000000E+00   0.000000000000000E+00   0.000000000000000E+00
   9.829617562500000E-01   3.554567002300000E+00   3.225483798900000E-01   1.094725892500000E+00   5.743397187800000E-01   0.000000000000000E+00   0.000000000000000E+00   0.000000000000000E+00   0.000000000000000E+00
   9.832747641400000E-01   3.554293237300000E+00   3.225474794900000E-01   1.114976965900000E+00   5.236126184100000E-01   0.000000000000000E+00   0.000000000000000E+00   0.000000000000000E+00   0.000000000000000E+00
   9.836367053300000E-01   3.554566938600000E+00   3.225483796800000E-01   1.094730645500000E+00   5.743277993600000E-01   0.000000000000000E+00   0.000000000000000E+00   0.000000000000000E+00   0.000000000000000E+00
   9.839986465200000E-01   3.554426038900000E+00   3.225479162700000E-01   1.105153277200000E+00   5.482200811300000E-01   0.000000000000000E+00   0.000000000000000E+00   0.000000000000000E+00   0.000000000000000E+00
   9.843605877000000E-01   3.554566869000000E+00   3.225483794500000E-01   1.094735826700000E+00   5.743148059700000E-01   0.000000000000000E+00   0.000000000000000E+00   0.000000000000000E+00   0.000000000000000E+00
   9.847225288900000E-01   3.554293682200000E+00   3.225474809500000E-01   1.114943806500000E+00   5.236957762700000E-01   0.000000000000000E+00   0.000000000000000E+00   0.000000000000000E+00   0.000000000000000E+00
   9.850529925100000E-01   3.554566807200000E+00   3.225483792500000E-01   1.094740435600000E+00   5.743032472100000E-01   0.000000000000000E+00   0.000000000000000E+00   0.000000000000000E+00   0.000000000000000E+00
   9.853834561200000E-01   3.554426213500000E+00   3.225479168400000E-01   1.105140264700000E+00   5.482527151400000E-01   0.000000000000000E+00   0.000000000000000E+00   0.000000000000000E+00   0.000000000000000E+00
   9.857139197300000E-01   3.554566731200000E+00   3.225483790000000E-01   1.094746097400000E+00   5.742890473900000E-01   0.000000000000000E+00   0.000000000000000E+00   0.000000000000000E+00   0.000000000000000E+00
   9.860443833400000E-01   3.554294168200000E+00   3.225474825400000E-01   1.114907570800000E+00   5.237866553300000E-01   0.000000000000000E+00   0.000000000000000E+00   0.000000000000000E+00   0.000000000000000E+00
   9.863900046900000E-01   3.554566668200000E+00   3.225483787900000E-01   1.094750798800000E+00   5.742772559500000E-01   0.000000000000000E+00   0.000000000000000E+00   0.000000000000000E+00   0.000000000000000E+00
   9.867356260400000E-01   3.554426391400000E+00   3.225479174200000E-01   1.105126989800000E+00   5.482860098300000E-01   0.000000000000000E+00   0.000000000000000E+00   0.000000000000000E+00   0.000000000000000E+00
   9.870812473900000E-01   3.554566595800000E+00   3.225483785600000E-01   1.094756199800000E+00   5.742637093100000E-01   0.000000000000000E+00   0.000000000000000E+00   0.000000000000000E+00   0.000000000000000E+00
   9.874268687400000E-01   3.554294631600000E+00   3.225474840600000E-01   1.114873004500000E+00   5.238733539700000E-01   0.000000000000000E+00   0.000000000000000E+00   0.000000000000000E+00   0.000000000000000E+00
   9.876890490500000E-01   3.554566524600000E+00   3.225483783200000E-01   1.094761515800000E+00   5.742503750800000E-01   0.000000000000000E+00   0.000000000000000E+00   0.000000000000000E+00   0.000000000000000E+00
   9.879512293700000E-01   3.554426592600000E+00   3.225479180800000E-01   1.105111983700000E+00   5.483236495000000E-01   0.000000000000000E+00   0.000000000000000E+00   0.000000000000000E+00   0.000000000000000E+00
   9.882134096900000E-01   3.554566429300000E+00   3.225483780100000E-01   1.094768617000000E+00   5.742325624800000E-01   0.000000000000000E+00   0.000000000000000E+00   0.000000000000000E+00   0.000000000000000E+00
   9.884755900000000E-01   3.554295240500000E+00   3.225474860500000E-01   1.114827557000000E+00   5.239873550100000E-01   0.000000000000000E+00   0.000000000000000E+00   0.000000000000000E+00   0.000000000000000E+00
   9.887227917800000E-01   3.554566346200000E+00   3.225483777400000E-01   1.094774826800000E+00   5.742169849600000E-01   0.000000000000000E+00   0.000000000000000E+00   0.000000000000000E+00   0.000000000000000E+00
   9.889699935500000E-01   3.554426827400000E+00   3.225479188500000E-01   1.105094451400000E+00   5.483676301200000E-01   0.000000000000000E+00   0.000000000000000E+00   0.000000000000000E+00   0.000000000000000E+00
   9.892171953300000E-01   3.554566245600000E+00   3.225483774100000E-01   1.094782335000000E+00   5.741981491900000E-01   0.000000000000000E+00   0.000000000000000E+00   0.000000000000000E+00   0.000000000000000E+00
   9.894643971000000E-01   3.554295883800000E+00   3.225474881600000E-01   1.114779504500000E+00   5.241079043800000E-01   0.000000000000000E+00   0.000000000000000E+00   0.000000000000000E+00   0.000000000000000E+00
   9.896737646400000E-01   3.554566152700000E+00   3.225483771100000E-01   1.094789283300000E+00   5.741807168600001E-01   0.000000000000000E+00   0.000000000000000E+00   0.000000000000000E+00   0.000000000000000E+00
   9.898831321700000E-01   3.554427089900000E+00   3.225479197100000E-01   1.105074836800000E+00   5.484168404799999E-01   0.000000000000000E+00   0.000000000000000E+00   0.000000000000000E+00   0.000000000000000E+00
   9.900924997100000E-01   3.554566034400000E+00   3.225483767200000E-01   1.094798117600000E+00   5.741585514400001E-01   0.000000000000000E+00   0.000000000000000E+00   0.000000000000000E+00   0.000000000000000E+00
   9.903018672400000E-01   3.554296640100000E+00   3.225474906300000E-01   1.114722965400000E+00   5.242497637500000E-01   0.000000000000000E+00   0.000000000000000E+00   0.000000000000000E+00   0.000000000000000E+00
   9.904928603800000E-01   3.554565929500000E+00   3.225483763800000E-01   1.094805973600000E+00   5.741388386700000E-01   0.000000000000000E+00   0.000000000000000E+00   0.000000000000000E+00   0.000000000000000E+00
   9.906838535300000E-01   3.554427386400000E+00   3.225479206800000E-01   1.105052658100000E+00   5.484724926700000E-01   0.000000000000000E+00   0.000000000000000E+00   0.000000000000000E+00   0.000000000000000E+00
   9.908748466700000E-01   3.554565800500000E+00   3.225483759500000E-01   1.094815619500000E+00   5.741146326000000E-01   0.000000000000000E+00   0.000000000000000E+00   0.000000000000000E+00   0.000000000000000E+00
   9.910658398100000E-01   3.554297464800000E+00   3.225474933200000E-01   1.114661231900000E+00   5.244046835300000E-01   0.000000000000000E+00   0.000000000000000E+00   0.000000000000000E+00   0.000000000000000E+00
   9.912226427700001E-01   3.554565679400000E+00   3.225483755600000E-01   1.094824695000000E+00   5.740918551999999E-01   0.000000000000000E+00   0.000000000000000E+00   0.000000000000000E+00   0.000000000000000E+00
   9.913794457300000E-01   3.554427728500000E+00   3.225479217900000E-01   1.105027041500000E+00   5.485367843200000E-01   0.000000000000000E+00   0.000000000000000E+00   0.000000000000000E+00   0.000000000000000E+00
   9.915362486900000E-01   3.554565523100000E+00   3.225483750500000E-01   1.094836390200000E+00   5.740625000600000E-01   0.000000000000000E+00   0.000000000000000E+00   0.000000000000000E+00   0.000000000000000E+00
   9.916930516500000E-01   3.554298463600000E+00   3.225474965900000E-01   1.114586383300000E+00   5.245925579000000E-01   0.000000000000000E+00   0.000000000000000E+00   0.000000000000000E+00   0.000000000000000E+00
   9.918882554700000E-01   3.554565404200000E+00   3.225483746600000E-01   1.094845328700000E+00   5.740400605000000E-01   0.000000000000000E+00   0.000000000000000E+00   0.000000000000000E+00   0.000000000000000E+00
   9.920834593000000E-01   3.554428065100000E+00   3.225479228900000E-01   1.105001793800000E+00   5.486001653600000E-01   0.000000000000000E+00   0.000000000000000E+00   0.000000000000000E+00   0.000000000000000E+00
   9.922786631200000E-01   3.554565279500000E+00   3.225483742500000E-01   1.094854680200000E+00   5.740165820000001E-01   0.000000000000000E+00   0.000000000000000E+00   0.000000000000000E+00   0.000000000000000E+00
   9.924738669499999E-01   3.554299260800000E+00   3.225474991900000E-01   1.114526534100000E+00   5.247428211600000E-01   0.000000000000000E+00   0.000000000000000E+00   0.000000000000000E+00   0.000000000000000E+00
   9.926677035600000E-01   3.554565173700000E+00   3.225483739100000E-01   1.094862640600000E+00   5.739965931800000E-01   0.000000000000000E+00   0.000000000000000E+00   0.000000000000000E+00   0.000000000000000E+00
   9.928615401699999E-01   3.554428364300000E+00   3.225479238700000E-01   1.104979317400000E+00   5.486566036800000E-01   0.000000000000000E+00   0.000000000000000E+00   0.000000000000000E+00   0.000000000000000E+00
   9.930553767800000E-01   3.554565048800000E+00   3.225483735000000E-01   1.094872019400000E+00   5.739730402600000E-01   0.000000000000000E+00   0.000000000000000E+00   0.000000000000000E+00   0.000000000000000E+00
   9.932492133900001E-01   3.554300059000000E+00   3.225475017900000E-01   1.114466510400000E+00   5.248935607200000E-01   0.000000000000000E+00   0.000000000000000E+00   0.000000000000000E+00   0.000000000000000E+00
   9.934382299600000E-01   3.554564941900000E+00   3.225483731500000E-01   1.094880076300000E+00   5.739528036800000E-01   0.000000000000000E+00   0.000000000000000E+00   0.000000000000000E+00   0.000000000000000E+00
   9.936272465300000E-01   3.554428666500000E+00   3.225479248500000E-01   1.104956569200000E+00   5.487137399999999E-01   0.000000000000000E+00   0.000000000000000E+00   0.000000000000000E+00   0.000000000000000E+00
   9.938162631000000E-01   3.554564814600000E+00   3.225483727400000E-01   1.094889653900000E+00   5.739287446200000E-01   0.000000000000000E+00   0.000000000000000E+00   0.000000000000000E+00   0.000000000000000E+00
   9.940052796700000E-01   3.554300872600000E+00   3.225475044400000E-01   1.114405214400000E+00   5.250475396900000E-01   0.000000000000000E+00   0.000000000000000E+00   0.000000000000000E+00   0.000000000000000E+00
   9.941626859200000E-01   3.554564696200000E+00   3.225483723500000E-01   1.094898594500000E+00   5.739062817700000E-01   0.000000000000000E+00   0.000000000000000E+00   0.000000000000000E+00   0.000000000000000E+00
   9.943200921699999E-01   3.554429001100000E+00   3.225479259400000E-01   1.104931333000000E+00   5.487771453900000E-01   0.000000000000000E+00   0.000000000000000E+00   0.000000000000000E+00   0.000000000000000E+00
   9.944774984100000E-01   3.554564544300000E+00   3.225483718600000E-01   1.094910041300000E+00   5.738775168000000E-01   0.000000000000000E+00   0.000000000000000E+00   0.000000000000000E+00   0.000000000000000E+00
   9.946349046600000E-01   3.554301842800000E+00   3.225475076000000E-01   1.114331955200000E+00   5.252316370700000E-01   0.000000000000000E+00   0.000000000000000E+00   0.000000000000000E+00   0.000000000000000E+00
   9.948025420100000E-01   3.554564420200000E+00   3.225483714500000E-01   1.094919449200000E+00   5.738538699700000E-01   0.000000000000000E+00   0.000000000000000E+00   0.000000000000000E+00   0.000000000000000E+00
   9.949701793500000E-01   3.554429352500000E+00   3.225479270800000E-01   1.104904766400000E+00   5.488439199800000E-01   0.000000000000000E+00   0.000000000000000E+00   0.000000000000000E+00   0.000000000000000E+00
   9.951378167000000E-01   3.554564278700000E+00   3.225483709900000E-01   1.094930143500000E+00   5.738269843400000E-01   0.000000000000000E+00   0.000000000000000E+00   0.000000000000000E+00   0.000000000000000E+00
   9.953054540500000E-01   3.554302746700000E+00   3.225475105300000E-01   1.114263511700000E+00   5.254037064400000E-01   0.000000000000000E+00   0.000000000000000E+00   0.000000000000000E+00   0.000000000000000E+00
   9.954745083600000E-01   3.554564159900000E+00   3.225483706100000E-01   1.094939173300000E+00   5.738042777400000E-01   0.000000000000000E+00   0.000000000000000E+00   0.000000000000000E+00   0.000000000000000E+00
   9.956435626700000E-01   3.554429688700000E+00   3.225479281800000E-01   1.104879269900000E+00   5.489080334799999E-01   0.000000000000000E+00   0.000000000000000E+00   0.000000000000000E+00   0.000000000000000E+00
   9.958126169900000E-01   3.554564020800000E+00   3.225483701600000E-01   1.094949726400000E+00   5.737777349099999E-01   0.000000000000000E+00   0.000000000000000E+00   0.000000000000000E+00   0.000000000000000E+00
   9.959816713000000E-01   3.554303635600000E+00   3.225475134100000E-01   1.114195972800000E+00   5.255735820100000E-01   0.000000000000000E+00   0.000000000000000E+00   0.000000000000000E+00   0.000000000000000E+00
   9.961057000300000E-01   3.554563881900000E+00   3.225483697100000E-01   1.094960302300000E+00   5.737511279400000E-01   0.000000000000000E+00   0.000000000000000E+00   0.000000000000000E+00   0.000000000000000E+00
   9.962297287600000E-01   3.554430080800000E+00   3.225479294500000E-01   1.104849428200000E+00   5.489831139900000E-01   0.000000000000000E+00   0.000000000000000E+00   0.000000000000000E+00   0.000000000000000E+00
   9.963537574900000E-01   3.554563693900000E+00   3.225483691000000E-01   1.094974603300000E+00   5.737151362400000E-01   0.000000000000000E+00   0.000000000000000E+00   0.000000000000000E+00   0.000000000000000E+00
   9.964777862200001E-01   3.554304835000000E+00   3.225475172900000E-01   1.114104448400000E+00   5.258039325100000E-01   0.000000000000000E+00   0.000000000000000E+00   0.000000000000000E+00   0.000000000000000E+00
   9.965645438200000E-01   3.554563501600000E+00   3.225483684700000E-01   1.094989328400000E+00   5.736780626200000E-01   0.000000000000000E+00   0.000000000000000E+00   0.000000000000000E+00   0.000000000000000E+00
   9.966513014300000E-01   3.554430623500000E+00   3.225479312000000E-01   1.104807896200000E+00   5.490876919900000E-01   0.000000000000000E+00   0.000000000000000E+00   0.000000000000000E+00   0.000000000000000E+00
   9.967380590300000E-01   3.554563236700000E+00   3.225483676200000E-01   1.095009605200000E+00   5.736269785500000E-01   0.000000000000000E+00   0.000000000000000E+00   0.000000000000000E+00   0.000000000000000E+00
   9.968248166300000E-01   3.554306525000000E+00   3.225475227400000E-01   1.113974680800000E+00   5.261308790700000E-01   0.000000000000000E+00   0.000000000000000E+00   0.000000000000000E+00   0.000000000000000E+00
   9.969352646200000E-01   3.554563039400000E+00   3.225483669900000E-01   1.095024909300000E+00   5.735883898500000E-01   0.000000000000000E+00   0.000000000000000E+00   0.000000000000000E+00   0.000000000000000E+00
   9.970457126100000E-01   3.554431184300000E+00   3.225479330000000E-01   1.104764649600000E+00   5.491967219100000E-01   0.000000000000000E+00   0.000000000000000E+00   0.000000000000000E+00   0.000000000000000E+00
   9.971561606000000E-01   3.554562835100000E+00   3.225483663300000E-01   1.095040696400000E+00   5.735485624300000E-01   0.000000000000000E+00   0.000000000000000E+00   0.000000000000000E+00   0.000000000000000E+00
   9.972666085800000E-01   3.554307828300000E+00   3.225475269100000E-01   1.113873646500000E+00   5.263857797800000E-01   0.000000000000000E+00   0.000000000000000E+00   0.000000000000000E+00   0.000000000000000E+00
   9.973563955400000E-01   3.554562644000000E+00   3.225483657200000E-01   1.095055605000000E+00   5.735109253400000E-01   0.000000000000000E+00   0.000000000000000E+00   0.000000000000000E+00   0.000000000000000E+00
   9.974461824999999E-01   3.554431724200000E+00   3.225479347200000E-01   1.104722583300000E+00   5.493029313800000E-01   0.000000000000000E+00   0.000000000000000E+00   0.000000000000000E+00   0.000000000000000E+00
   9.975359694600000E-01   3.554562397500000E+00   3.225483649300000E-01   1.095074852800000E+00   5.734622882400000E-01   0.000000000000000E+00   0.000000000000000E+00   0.000000000000000E+00   0.000000000000000E+00
   9.976257564200000E-01   3.554309399500000E+00   3.225475319200000E-01   1.113750466800000E+00   5.266970671300000E-01   0.000000000000000E+00   0.000000000000000E+00   0.000000000000000E+00   0.000000000000000E+00
   9.976967044200000E-01   3.554562164300000E+00   3.225483641900000E-01   1.095093301500000E+00   5.734156225800000E-01   0.000000000000000E+00   0.000000000000000E+00   0.000000000000000E+00   0.000000000000000E+00
   9.977676524200000E-01   3.554432382600000E+00   3.225479368100000E-01   1.104670545200000E+00   5.494345901200000E-01   0.000000000000000E+00   0.000000000000000E+00   0.000000000000000E+00   0.000000000000000E+00
   9.978386004100001E-01   3.554561861000000E+00   3.225483632300000E-01   1.095117381300000E+00   5.733546186500000E-01   0.000000000000000E+00   0.000000000000000E+00   0.000000000000000E+00   0.000000000000000E+00
   9.979095484100000E-01   3.554311330500000E+00   3.225475380000000E-01   1.113596369000000E+00   5.270875124600000E-01   0.000000000000000E+00   0.000000000000000E+00   0.000000000000000E+00   0.000000000000000E+00
   9.979763409500000E-01   3.554561602600000E+00   3.225483624200000E-01   1.095138347700000E+00   5.733014055900000E-01   0.000000000000000E+00   0.000000000000000E+00   0.000000000000000E+00   0.000000000000000E+00
   9.980431334800000E-01   3.554433114900000E+00   3.225479391000000E-01   1.104611365400000E+00   5.495848064900000E-01   0.000000000000000E+00   0.000000000000000E+00   0.000000000000000E+00   0.000000000000000E+00
   9.981099260100000E-01   3.554561293300000E+00   3.225483614600000E-01   1.095163570600000E+00   5.732372526200000E-01   0.000000000000000E+00   0.000000000000000E+00   0.000000000000000E+00   0.000000000000000E+00
   9.981767185500000E-01   3.554313296200000E+00   3.225475440900000E-01   1.113434962300000E+00   5.274981202600000E-01   0.000000000000000E+00   0.000000000000000E+00   0.000000000000000E+00   0.000000000000000E+00
   9.982293515800000E-01   3.554561004800000E+00   3.225483605800000E-01   1.095187728900000E+00   5.731756627000000E-01   0.000000000000000E+00   0.000000000000000E+00   0.000000000000000E+00   0.000000000000000E+00
   9.982819846100000E-01   3.554433927600000E+00   3.225479415800000E-01   1.104543263400000E+00   5.497585385400000E-01   0.000000000000000E+00   0.000000000000000E+00   0.000000000000000E+00   0.000000000000000E+00
   9.983346176500000E-01   3.554560636700000E+00   3.225483594600000E-01   1.095219179000000E+00   5.730951611200000E-01   0.000000000000000E+00   0.000000000000000E+00   0.000000000000000E+00   0.000000000000000E+00
   9.983872506800000E-01   3.554315633100000E+00   3.225475511100000E-01   1.113233732000000E+00   5.280133977000000E-01   0.000000000000000E+00   0.000000000000000E+00   0.000000000000000E+00   0.000000000000000E+00
   9.984426529700000E-01   3.554560349800000E+00   3.225483586200000E-01   1.095244958600000E+00   5.730288465100000E-01   0.000000000000000E+00   0.000000000000000E+00   0.000000000000000E+00   0.000000000000000E+00
   9.984980552500000E-01   3.554434744300000E+00   3.225479439800000E-01   1.104470452000000E+00   5.499458310799999E-01   0.000000000000000E+00   0.000000000000000E+00   0.000000000000000E+00   0.000000000000000E+00
   9.985534575400000E-01   3.554560034100000E+00   3.225483577200000E-01   1.095274200000000E+00   5.729532331700000E-01   0.000000000000000E+00   0.000000000000000E+00   0.000000000000000E+00   0.000000000000000E+00
   9.986088598200000E-01   3.554317637500000E+00   3.225475568000000E-01   1.113046648100000E+00   5.284973980200000E-01   0.000000000000000E+00   0.000000000000000E+00   0.000000000000000E+00   0.000000000000000E+00
   9.986809371299999E-01   3.554559818200000E+00   3.225483571500000E-01   1.095295897500000E+00   5.728967078000000E-01   0.000000000000000E+00   0.000000000000000E+00   0.000000000000000E+00   0.000000000000000E+00
   9.987530144400000E-01   3.554435375600000E+00   3.225479457200000E-01   1.104409063400000E+00   5.501055737400000E-01   0.000000000000000E+00   0.000000000000000E+00   0.000000000000000E+00   0.000000000000000E+00
   9.988250917400000E-01   3.554559624300000E+00   3.225483567100000E-01   1.095317889400000E+00   5.728390830100000E-01   0.000000000000000E+00   0.000000000000000E+00   0.000000000000000E+00   0.000000000000000E+00
   9.988971690500000E-01   3.554319078200000E+00   3.225475608500000E-01   1.112905847000000E+00   5.288661289700000E-01   0.000000000000000E+00   0.000000000000000E+00   0.000000000000000E+00   0.000000000000000E+00
   9.989439935400000E-01   3.554559635000000E+00   3.225483575900000E-01   1.095341344400000E+00   5.727769532800000E-01   0.000000000000000E+00   0.000000000000000E+00   0.000000000000000E+00   0.000000000000000E+00
   9.989908180300000E-01   3.554436581800000E+00   3.225479509700000E-01   1.104342593700000E+00   5.502801099800000E-01   0.000000000000000E+00   0.000000000000000E+00   0.000000000000000E+00   0.000000000000000E+00
   9.990376425200000E-01   3.554560726200000E+00   3.225483654700000E-01   1.095373696800000E+00   5.726882698600000E-01   0.000000000000000E+00   0.000000000000000E+00   0.000000000000000E+00   0.000000000000000E+00
   9.990844670100000E-01   3.554324792600000E+00   3.225475895400000E-01   1.112693412700000E+00   5.294270730600000E-01   0.000000000000000E+00   0.000000000000000E+00   0.000000000000000E+00   0.000000000000000E+00
   9.991245508800000E-01   3.554568446300000E+00   3.225484145000000E-01   1.095400032600000E+00   5.726032603900000E-01   0.000000000000000E+00   0.000000000000000E+00   0.000000000000000E+00   0.000000000000000E+00
   9.991646347599999E-01   3.554457813700000E+00   3.225480806500000E-01   1.104249670700000E+00   5.504969546900000E-01   0.000000000000000E+00   0.000000000000000E+00   0.000000000000000E+00   0.000000000000000E+00
   9.992047186300000E-01   3.554606625200000E+00   3.225486534000000E-01   1.095419977100000E+00   5.724806468300000E-01   0.000000000000000E+00   0.000000000000000E+00   0.000000000000000E+00   0.000000000000000E+00
   9.992448025100000E-01   3.554430066500000E+00   3.225482387700000E-01   1.112413132500000E+00   5.300242835700000E-01   0.000000000000000E+00   0.000000000000000E+00   0.000000000000000E+00   0.000000000000000E+00
   9.992746890100001E-01   3.554758356100000E+00   3.225495995800000E-01   1.095389084100000E+00   5.722977122000000E-01   0.000000000000000E+00   0.000000000000000E+00   0.000000000000000E+00   0.000000000000000E+00
   9.993045755100000E-01   3.554802493700000E+00   3.225502256500000E-01   1.103999536700000E+00   5.505980104000000E-01   0.000000000000000E+00   0.000000000000000E+00   0.000000000000000E+00   0.000000000000000E+00
   9.993344620100000E-01   3.555229527200000E+00   3.225525360900000E-01   1.095228174100000E+00   5.719079586000000E-01   0.000000000000000E+00   0.000000000000000E+00   0.000000000000000E+00   0.000000000000000E+00
   9.993643485100000E-01   3.555552310600000E+00   3.225552261500000E-01   1.111633923300000E+00   5.302973057600000E-01   0.000000000000000E+00   0.000000000000000E+00   0.000000000000000E+00   0.000000000000000E+00
   9.993894353800000E-01   3.556611309300000E+00   3.225611475300000E-01   1.094663678000000E+00   5.710388613200000E-01   0.000000000000000E+00   0.000000000000000E+00   0.000000000000000E+00   0.000000000000000E+00
   9.994145222600000E-01   3.557846250500000E+00   3.225691954000000E-01   1.102559848800000E+00   5.493279436500000E-01   0.000000000000000E+00   0.000000000000000E+00   0.000000000000000E+00   0.000000000000000E+00
   9.994396091300000E-01   3.560225959300000E+00   3.225836863900000E-01   1.093132877500000E+00   5.689417314700000E-01   0.000000000000000E+00   0.000000000000000E+00   0.000000000000000E+00   0.000000000000000E+00
   9.994646960000000E-01   3.563719803100000E+00   3.226061747700000E-01   1.107795257600000E+00   5.270043677100000E-01   0.000000000000000E+00   0.000000000000000E+00   0.000000000000000E+00   0.000000000000000E+00
   9.994893422000000E-01   3.570007690600000E+00   3.226447799600000E-01   1.088933345300000E+00   5.636244396800000E-01   0.000000000000000E+00   0.000000000000000E+00   0.000000000000000E+00   0.000000000000000E+00
   9.995139883900001E-01   3.579687365500000E+00   3.227057242400000E-01   1.093058626700000E+00   5.382535514400000E-01   0.000000000000000E+00   0.000000000000000E+00   0.000000000000000E+00   0.000000000000000E+00
   9.995386345800000E-01   3.595629472100000E+00   3.228054525300000E-01   1.078096647600000E+00   5.502691247600000E-01   0.000000000000000E+00   0.000000000000000E+00   0.000000000000000E+00   0.000000000000000E+00
   9.995632807700000E-01   3.620521315700000E+00   3.229632083800000E-01   1.083736744500000E+00   4.993001293300000E-01   0.000000000000000E+00   0.000000000000000E+00   0.000000000000000E+00   0.000000000000000E+00
   9.995836301200000E-01   3.651830362000000E+00   3.231613298300000E-01   1.055320311900000E+00   5.229326950500000E-01   0.000000000000000E+00   0.000000000000000E+00   0.000000000000000E+00   0.000000000000000E+00
   9.996039794700000E-01   3.695565113100000E+00   3.234418969800000E-01   1.046646606800000E+00   4.837917149400000E-01   0.000000000000000E+00   0.000000000000000E+00   0.000000000000000E+00   0.000000000000000E+00
   9.996243288100000E-01   3.756084833000000E+00   3.238339937000000E-01   1.016425833000000E+00   4.778637904700000E-01   0.000000000000000E+00   0.000000000000000E+00   0.000000000000000E+00   0.000000000000000E+00
   9.996446781600000E-01   3.836260981700000E+00   3.243634669500000E-01   1.004842795300000E+00   4.106664310900000E-01   0.000000000000000E+00   0.000000000000000E+00   0.000000000000000E+00   0.000000000000000E+00
   9.996608890000001E-01   3.916875719100000E+00   3.249043539100000E-01   9.636501835800000E-01   4.199121540700000E-01   0.000000000000000E+00   0.000000000000000E+00   0.000000000000000E+00   0.000000000000000E+00
   9.996770998500000E-01   4.012314635000000E+00   3.255596862500000E-01   9.438352259600000E-01   3.723536023900000E-01   0.000000000000000E+00   0.000000000000000E+00   0.000000000000000E+00   0.000000000000000E+00
   9.996933106900000E-01   4.123231892100000E+00   3.263392927100000E-01   9.060230822400001E-01   3.607340139500000E-01   0.000000000000000E+00   0.000000000000000E+00   0.000000000000000E+00   0.000000000000000E+00
   9.997095215300000E-01   4.248123928700000E+00   3.272439711400000E-01   8.911317754200000E-01   2.965707489000000E-01   0.000000000000000E+00   0.000000000000000E+00   0.000000000000000E+00   0.000000000000000E+00
   9.997237168799999E-01   4.368610662300000E+00   3.281413885600000E-01   8.487153100600000E-01   3.062501583200000E-01   0.000000000000000E+00   0.000000000000000E+00   0.000000000000000E+00   0.000000000000000E+00
   9.997379122200000E-01   4.497215565700000E+00   3.291311604600000E-01   8.304886673500000E-01   2.654659146600000E-01   0.000000000000000E+00   0.000000000000000E+00   0.000000000000000E+00   0.000000000000000E+00
   9.997521075700000E-01   4.633130357900000E+00   3.302117089400000E-01   7.971017825400000E-01   2.608657804600000E-01   0.000000000000000E+00   0.000000000000000E+00   0.000000000000000E+00   0.000000000000000E+00
   9.997663029100000E-01   4.774140323300000E+00   3.313756043200000E-01   7.883197611000000E-01   2.082942723500000E-01   0.000000000000000E+00   0.000000000000000E+00   0.000000000000000E+00   0.000000000000000E+00
   9.997783328099999E-01   4.897249968500000E+00   3.324256894600000E-01   7.534902288000001E-01   2.253090483600000E-01   0.000000000000000E+00   0.000000000000000E+00   0.000000000000000E+00   0.000000000000000E+00
   9.997903627100000E-01   5.021909865500000E+00   3.335275039200000E-01   7.429194410400000E-01   1.948202197300000E-01   0.000000000000000E+00   0.000000000000000E+00   0.000000000000000E+00   0.000000000000000E+00
   9.998023926200000E-01   5.147958376700000E+00   3.346798184600000E-01   7.176945300399999E-01   1.979820013600000E-01   0.000000000000000E+00   0.000000000000000E+00   0.000000000000000E+00   0.000000000000000E+00
   9.998144225200000E-01   5.274031156500000E+00   3.358769565700000E-01   7.163009902500000E-01   1.555694824000000E-01   0.000000000000000E+00   0.000000000000000E+00   0.000000000000000E+00   0.000000000000000E+00
   9.998244387900000E-01   5.379266646500000E+00   3.369080278000000E-01   6.885127364300000E-01   1.769941300200000E-01   0.000000000000000E+00   0.000000000000000E+00   0.000000000000000E+00   0.000000000000000E+00
   9.998344550500000E-01   5.483612571800000E+00   3.379656196200000E-01   6.838997690700001E-01   1.533869954600000E-01   0.000000000000000E+00   0.000000000000000E+00   0.000000000000000E+00   0.000000000000000E+00
   9.998444713200000E-01   5.587391650600000E+00   3.390501934100000E-01   6.648083241000000E-01   1.607295911300000E-01   0.000000000000000E+00   0.000000000000000E+00   0.000000000000000E+00   0.000000000000000E+00
   9.998544875900000E-01   5.689751720600000E+00   3.401580705200000E-01   6.681946737600000E-01   1.250665147600000E-01   0.000000000000000E+00   0.000000000000000E+00   0.000000000000000E+00   0.000000000000000E+00
   9.998628976000000E-01   5.775127256000000E+00   3.411075620600000E-01   6.451715093500000E-01   1.478420186800000E-01   0.000000000000000E+00   0.000000000000000E+00   0.000000000000000E+00   0.000000000000000E+00
   9.998713076100000E-01   5.859128402700000E+00   3.420712115500000E-01   6.440166848100000E-01   1.284256397300000E-01   0.000000000000000E+00   0.000000000000000E+00   0.000000000000000E+00   0.000000000000000E+00
   9.998797176200001E-01   5.942236586300000E+00   3.430502560300000E-01   6.288768112400001E-01   1.374733934500000E-01   0.000000000000000E+00   0.000000000000000E+00   0.000000000000000E+00   0.000000000000000E+00
   9.998881276300000E-01   6.023807373800000E+00   3.440420264800000E-01   6.347478450000000E-01   1.064841102800000E-01   0.000000000000000E+00   0.000000000000000E+00   0.000000000000000E+00   0.000000000000000E+00
   9.998947920600000E-01   6.087924278900000E+00   3.448386433800000E-01   6.154775177500000E-01   1.292060425200000E-01   0.000000000000000E+00   0.000000000000000E+00   0.000000000000000E+00   0.000000000000000E+00
   9.999014565000000E-01   6.150881439700000E+00   3.456420751900000E-01   6.165796840200000E-01   1.128800586300000E-01   0.000000000000000E+00   0.000000000000000E+00   0.000000000000000E+00   0.000000000000000E+00
   9.999081209300000E-01   6.213191066200000E+00   3.464538750500000E-01   6.044938038000000E-01   1.225107212200000E-01   0.000000000000000E+00   0.000000000000000E+00   0.000000000000000E+00   0.000000000000000E+00
   9.999147853600000E-01   6.274312423700000E+00   3.472719686600000E-01   6.117249046300000E-01   9.550525658700000E-02   0.000000000000000E+00   0.000000000000000E+00   0.000000000000000E+00   0.000000000000000E+00
   9.999204298900000E-01   6.325739320200000E+00   3.479716438900000E-01   5.950011842100000E-01   1.168638170800000E-01   0.000000000000000E+00   0.000000000000000E+00   0.000000000000000E+00   0.000000000000000E+00
   9.999260744100000E-01   6.376211206500000E+00   3.486751930900000E-01   5.969687667100000E-01   1.027354585400000E-01   0.000000000000000E+00   0.000000000000000E+00   0.000000000000000E+00   0.000000000000000E+00
   9.999317189300000E-01   6.426213776400000E+00   3.493841618000000E-01   5.868102949800000E-01   1.120018072400000E-01   0.000000000000000E+00   0.000000000000000E+00   0.000000000000000E+00   0.000000000000000E+00
   9.999373634600000E-01   6.475267909300000E+00   3.500967816700000E-01   5.941767749200000E-01   8.828093941700001E-02   0.000000000000000E+00   0.000000000000000E+00   0.000000000000000E+00   0.000000000000000E+00
   9.999417434800000E-01   6.513185151500000E+00   3.506539245200000E-01   5.799251124200000E-01   1.079637125600000E-01   0.000000000000000E+00   0.000000000000000E+00   0.000000000000000E+00   0.000000000000000E+00
   9.999461235100000E-01   6.550425289700000E+00   3.512127673800000E-01   5.825015893200000E-01   9.591907311599999E-02   0.000000000000000E+00   0.000000000000000E+00   0.000000000000000E+00   0.000000000000000E+00
   9.999505035300000E-01   6.587429645700000E+00   3.517747679100000E-01   5.742070575300000E-01   1.045360775000000E-01   0.000000000000000E+00   0.000000000000000E+00   0.000000000000000E+00   0.000000000000000E+00
   9.999548835600000E-01   6.623777481000000E+00   3.523384299600000E-01   5.813703047500000E-01   8.421043123400000E-02   0.000000000000000E+00   0.000000000000000E+00   0.000000000000000E+00   0.000000000000000E+00
   9.999582657200000E-01   6.651842323100000E+00   3.527763064200000E-01   5.693519649500000E-01   1.016384960100000E-01   0.000000000000000E+00   0.000000000000000E+00   0.000000000000000E+00   0.000000000000000E+00
   9.999616478900000E-01   6.679427469400000E+00   3.532148117200000E-01   5.720228898200000E-01   9.153910614800000E-02   0.000000000000000E+00   0.000000000000000E+00   0.000000000000000E+00   0.000000000000000E+00
   9.999650300500000E-01   6.706917540700000E+00   3.536552379200000E-01   5.653015963200000E-01   9.911407033800000E-02   0.000000000000000E+00   0.000000000000000E+00   0.000000000000000E+00   0.000000000000000E+00
   9.999684122200000E-01   6.733953120300000E+00   3.540963310400000E-01   5.717221051700000E-01   8.219802484200001E-02   0.000000000000000E+00   0.000000000000000E+00   0.000000000000000E+00   0.000000000000000E+00
   9.999710411800000E-01   6.755036021300000E+00   3.544409434500000E-01   5.618192914900000E-01   9.694772870300000E-02   0.000000000000000E+00   0.000000000000000E+00   0.000000000000000E+00   0.000000000000000E+00
   9.999736701500000E-01   6.775774537700000E+00   3.547856932000000E-01   5.642341824300000E-01   8.873063127399999E-02   0.000000000000000E+00   0.000000000000000E+00   0.000000000000000E+00   0.000000000000000E+00
   9.999762991200000E-01   6.796489510700000E+00   3.551316663900000E-01   5.588921986499999E-01   9.501159040899999E-02   0.000000000000000E+00   0.000000000000000E+00   0.000000000000000E+00   0.000000000000000E+00
   9.999789280900000E-01   6.816886827700000E+00   3.554778460700000E-01   5.642180044400000E-01   8.149483762400000E-02   0.000000000000000E+00   0.000000000000000E+00   0.000000000000000E+00   0.000000000000000E+00
   9.999807985400000E-01   6.831493139900000E+00   3.557252454400000E-01   5.564736504400000E-01   9.337230812800000E-02   0.000000000000000E+00   0.000000000000000E+00   0.000000000000000E+00   0.000000000000000E+00
   9.999826689900000E-01   6.845868155700000E+00   3.559724968900000E-01   5.585164295600000E-01   8.709497804400000E-02   0.000000000000000E+00   0.000000000000000E+00   0.000000000000000E+00   0.000000000000000E+00
   9.999845394400000E-01   6.860261817100000E+00   3.562204469500000E-01   5.546184843100000E-01   9.194280550099999E-02   0.000000000000000E+00   0.000000000000000E+00   0.000000000000000E+00   0.000000000000000E+00
   9.999864098900000E-01   6.874444881800000E+00   3.564682949000000E-01   5.588167795200000E-01   8.206006264000000E-02   0.000000000000000E+00   0.000000000000000E+00   0.000000000000000E+00   0.000000000000000E+00
   9.999877290700000E-01   6.884523882800000E+00   3.566437051800000E-01   5.535052138600000E-01   9.085659188900000E-02   0.000000000000000E+00   0.000000000000000E+00   0.000000000000000E+00   0.000000000000000E+00
   9.999890482500000E-01   6.894425178200000E+00   3.568187626000000E-01   5.556236380500000E-01   8.669228780900000E-02   0.000000000000000E+00   0.000000000000000E+00   0.000000000000000E+00   0.000000000000000E+00
   9.999903674300000E-01   6.904292804500000E+00   3.569938854100000E-01   5.544468190000000E-01   9.043385607300000E-02   0.000000000000000E+00   0.000000000000000E+00   0.000000000000000E+00   0.000000000000000E+00
   9.999916866100000E-01   6.913894482300000E+00   3.571681080800000E-01   5.604749319200000E-01   8.499421897999999E-02   0.000000000000000E+00   0.000000000000000E+00   0.000000000000000E+00   0.000000000000000E+00
   9.999925239300000E-01   6.919903948900000E+00   3.572782513300000E-01   5.610609595500000E-01   9.185451167200000E-02   0.000000000000000E+00   0.000000000000000E+00   0.000000000000000E+00   0.000000000000000E+00
   9.999933612400000E-01   6.925617009900000E+00   3.573870687100000E-01   5.688735127400000E-01   9.146970096199999E-02   0.000000000000000E+00   0.000000000000000E+00   0.000000000000000E+00   0.000000000000000E+00
   9.999941985600000E-01   6.930988496400000E+00   3.574940979900000E-01   5.792766825600000E-01   9.702945377800000E-02   0.000000000000000E+00   0.000000000000000E+00   0.000000000000000E+00   0.000000000000000E+00
   9.999950358800000E-01   6.935652493400000E+00   3.575975310100000E-01   6.014193872100000E-01   1.003979516100000E-01   0.000000000000000E+00   0.000000000000000E+00   0.000000000000000E+00   0.000000000000000E+00
   9.999955309900000E-01   6.937939686100000E+00   3.576561514800000E-01   6.190747204200000E-01   1.096345173100000E-01   0.000000000000000E+00   0.000000000000000E+00   0.000000000000000E+00   0.000000000000000E+00
   9.999960260900000E-01   6.939600372500000E+00   3.577115471100000E-01   6.472803905000000E-01   1.181448854700000E-01   0.000000000000000E+00   0.000000000000000E+00   0.000000000000000E+00   0.000000000000000E+00
   9.999965212000000E-01   6.940373522100000E+00   3.577622981400000E-01   6.878746741300000E-01   1.336935192400000E-01   0.000000000000000E+00   0.000000000000000E+00   0.000000000000000E+00   0.000000000000000E+00
   9.999970163000000E-01   6.939681338200000E+00   3.578055507600000E-01   7.517222646600000E-01   1.569613164600000E-01   0.000000000000000E+00   0.000000000000000E+00   0.000000000000000E+00   0.000000000000000E+00
   9.999972732600000E-01   6.938460233300000E+00   3.578236170300000E-01   7.979338164500001E-01   1.771486691800000E-01   0.000000000000000E+00   0.000000000000000E+00   0.000000000000000E+00   0.000000000000000E+00
   9.999975302100000E-01   6.936348423600000E+00   3.578372590300000E-01   8.591524941899999E-01   2.036210048900000E-01   0.000000000000000E+00   0.000000000000000E+00   0.000000000000000E+00   0.000000000000000E+00
   9.999977871600000E-01   6.932988000200000E+00   3.578447762000000E-01   9.411805444700000E-01   2.424076314900000E-01   0.000000000000000E+00   0.000000000000000E+00   0.000000000000000E+00   0.000000000000000E+00
   9.999980441100000E-01   6.927758200300000E+00   3.578433095200000E-01   1.055612011200000E+00   3.010466181600000E-01   0.000000000000000E+00   0.000000000000000E+00   0.000000000000000E+00   0.000000000000000E+00
   9.999981934600000E-01   6.923475563400000E+00   3.578365845900000E-01   1.143886196800000E+00   3.507782891100000E-01   0.000000000000000E+00   0.000000000000000E+00   0.000000000000000E+00   0.000000000000000E+00
   9.999983428100000E-01   6.917891476100000E+00   3.578238158400000E-01   1.255519765600000E+00   4.181353006800000E-01   0.000000000000000E+00   0.000000000000000E+00   0.000000000000000E+00   0.000000000000000E+00
   9.999984921600000E-01   6.910503062500000E+00   3.578027987700000E-01   1.399735969500000E+00   5.133626010000000E-01   0.000000000000000E+00   0.000000000000000E+00   0.000000000000000E+00   0.000000000000000E+00
   9.999986415200000E-01   6.900502955200000E+00   3.577700508600000E-01   1.591651914800000E+00   6.535133242900000E-01   0.000000000000000E+00   0.000000000000000E+00   0.000000000000000E+00   0.000000000000000E+00
   9.999987347000000E-01   6.892393056200000E+00   3.577413430600000E-01   1.745527004800000E+00   7.772437508900000E-01   0.000000000000000E+00   0.000000000000000E+00   0.000000000000000E+00   0.000000000000000E+00
   9.999988278800001E-01   6.882283600500000E+00   3.577039116900000E-01   1.935950826500000E+00   9.433679713699999E-01   0.000000000000000E+00   0.000000000000000E+00   0.000000000000000E+00   0.000000000000000E+00
   9.999989210600000E-01   6.869446766500000E+00   3.576547324200000E-01   2.175797247500000E+00   1.173624197100000E+00   0.000000000000000E+00   0.000000000000000E+00   0.000000000000000E+00   0.000000000000000E+00
   9.999990142400000E-01   6.852764520400000E+00   3.575892102000000E-01   2.484734295900000E+00   1.503327048200000E+00   0.000000000000000E+00   0.000000000000000E+00   0.000000000000000E+00   0.000000000000000E+00
   9.999990770400000E-01   6.838517503500000E+00   3.575324316400000E-01   2.745958267400000E+00   1.811271312100000E+00   0.000000000000000E+00   0.000000000000000E+00   0.000000000000000E+00   0.000000000000000E+00
   9.999991398500000E-01   6.820970514800000E+00   3.574619330200000E-01   3.064473314700000E+00   2.221291597100000E+00   0.000000000000000E+00   0.000000000000000E+00   0.000000000000000E+00   0.000000000000000E+00
   9.999992026600000E-01   6.798986208500000E+00   3.573731599000000E-01   3.458063600200000E+00   2.781039087400000E+00   0.000000000000000E+00   0.000000000000000E+00   0.000000000000000E+00   0.000000000000000E+00
   9.999992654700000E-01   6.770883164200000E+00   3.572594299200000E-01   3.952323286300000E+00   3.564873142400000E+00   0.000000000000000E+00   0.000000000000000E+00   0.000000000000000E+00   0.000000000000000E+00
   9.999993149500001E-01   6.742839331500000E+00   3.571459581500000E-01   4.435231103500000E+00   4.417789094000000E+00   0.000000000000000E+00   0.000000000000000E+00   0.000000000000000E+00   0.000000000000000E+00
   9.999993644300000E-01   6.707698906500000E+00   3.570040144400000E-01   5.026349904200000E+00   5.575347579900000E+00   0.000000000000000E+00   0.000000000000000E+00   0.000000000000000E+00   0.000000000000000E+00
   9.999994139200000E-01   6.662890887400000E+00   3.568235706000000E-01   5.757307663700000E+00   7.183025599400000E+00   0.000000000000000E+00   0.000000000000000E+00   0.000000000000000E+00   0.000000000000000E+00
   9.999994634000000E-01   6.604635344300000E+00   3.565899663300000E-01   6.671824034200000E+00   9.465899075899999E+00   0.000000000000000E+00   0.000000000000000E+00   0.000000000000000E+00   0.000000000000000E+00
   9.999995056800000E-01   6.540105674700000E+00   3.563324220200000E-01   7.639973339500000E+00   1.221781397300000E+01   0.000000000000000E+00   0.000000000000000E+00   0.000000000000000E+00   0.000000000000000E+00
   9.999995479700000E-01   6.456795449600000E+00   3.560015611600000E-01   8.827478057200000E+00   1.606326759600000E+01   0.000000000000000E+00   0.000000000000000E+00   0.000000000000000E+00   0.000000000000000E+00
   9.999995902500000E-01   6.347637098900000E+00   3.555703519400000E-01   1.028517932000000E+01   2.153022683300000E+01   0.000000000000000E+00   0.000000000000000E+00   0.000000000000000E+00   0.000000000000000E+00
   9.999996325300000E-01   6.202669942800000E+00   3.550008572400000E-01   1.207137278700000E+01   2.939968227200000E+01   0.000000000000000E+00   0.000000000000000E+00   0.000000000000000E+00   0.000000000000000E+00
   9.999996574900000E-01   6.095020499200000E+00   3.545797753000000E-01   1.329947540800000E+01   3.561745654800000E+01   0.000000000000000E+00   0.000000000000000E+00   0.000000000000000E+00   0.000000000000000E+00
   9.999996824500000E-01   5.966822551200000E+00   3.540799110000000E-01   1.466535731700000E+01   4.336698664100000E+01   0.000000000000000E+00   0.000000000000000E+00   0.000000000000000E+00   0.000000000000000E+00
   9.999997074100000E-01   5.814179410100000E+00   3.534865507700000E-01   1.616777543400000E+01   5.300773570700000E+01   0.000000000000000E+00   0.000000000000000E+00   0.000000000000000E+00   0.000000000000000E+00
   9.999997323599999E-01   5.632896468400000E+00   3.527838929500000E-01   1.779486210800000E+01   6.494085765299999E+01   0.000000000000000E+00   0.000000000000000E+00   0.000000000000000E+00   0.000000000000000E+00
   9.999997576800000E-01   5.415472378900000E+00   3.519434062900000E-01   1.954469585900000E+01   7.981189608699999E+01   0.000000000000000E+00   0.000000000000000E+00   0.000000000000000E+00   0.000000000000000E+00
   9.999997829900000E-01   5.160480575400000E+00   3.509600772500000E-01   2.134446766600000E+01   9.786080024000000E+01   0.000000000000000E+00   0.000000000000000E+00   0.000000000000000E+00   0.000000000000000E+00
   9.999998083100000E-01   4.865686770500000E+00   3.498256152100000E-01   2.311971536800000E+01   1.193220401000000E+02   0.000000000000000E+00   0.000000000000000E+00   0.000000000000000E+00   0.000000000000000E+00
   9.999998336200000E-01   4.531476769800000E+00   3.485416202400000E-01   2.476907462800000E+01   1.441588497300000E+02   0.000000000000000E+00   0.000000000000000E+00   0.000000000000000E+00   0.000000000000000E+00
   9.999998544199999E-01   4.229961326700000E+00   3.473845680000000E-01   2.594857458600000E+01   1.667965487600000E+02   0.000000000000000E+00   0.000000000000000E+00   0.000000000000000E+00   0.000000000000000E+00
   9.999998752300000E-01   3.908782757800000E+00   3.461529065900000E-01   2.689680355500000E+01   1.909142099600000E+02   0.000000000000000E+00   0.000000000000000E+00   0.000000000000000E+00   0.000000000000000E+00
   9.999998960299999E-01   3.574190224400000E+00   3.448702335500000E-01   2.755487423200000E+01   2.157707219600000E+02   0.000000000000000E+00   0.000000000000000E+00   0.000000000000000E+00   0.000000000000000E+00
   9.999999168300000E-01   3.233914782900000E+00   3.435657167800000E-01   2.787931679100000E+01   2.404360027400000E+02   0.000000000000000E+00   0.000000000000000E+00   0.000000000000000E+00   0.000000000000000E+00
   9.999999376199999E-01   2.896604856600000E+00   3.422719886700000E-01   2.784989371700000E+01   2.638616815200000E+02   0.000000000000000E+00   0.000000000000000E+00   0.000000000000000E+00   0.000000000000000E+00
   9.999999584100000E-01   2.570473436600000E+00   3.410200403700000E-01   2.747355940600000E+01   2.850368987300000E+02   0.000000000000000E+00   0.000000000000000E+00   0.000000000000000E+00   0.000000000000000E+00
   9.999999792099999E-01   2.262740090800000E+00   3.398371571900000E-01   2.678101222800000E+01   3.030908348500000E+02   0.000000000000000E+00   0.000000000000000E+00   0.000000000000000E+00   0.000000000000000E+00
   1.000000000000000E+00   1.978880643800000E+00   3.387440916500000E-01   2.582323710900000E+01   3.173863464900000E+02   0.000000000000000E+00   0.000000000000000E+00   0.000000000000000E+00   0.000000000000000E+00
