   0.000000000000000E+00   1.036476434700000E+01   7.500000000000000E-01   1.415130395900000E-01   2.282547760900000E-03
   3.794673383500000E-04   1.036446913400000E+01   7.498508874199999E-01   1.415224339800000E-01   2.283329152600000E-03
   7.589346766900000E-04   1.036417286600000E+01   7.497017741300001E-01   1.415471664500000E-01   2.284603735200000E-03
   1.138402015000000E-03   1.036387569800000E+01   7.495526625100000E-01   1.415845211600000E-01   2.286283243100000E-03
   1.517869353400000E-03   1.036357775900000E+01   7.494035545200000E-01   1.416322642800000E-01   2.288298464100000E-03
   1.975694194800000E-03   1.036321741900000E+01   7.492236637800000E-01   1.417011144300000E-01   2.291091108700000E-03
   2.433519036200000E-03   1.036285625700000E+01   7.490437829000000E-01   1.417798378100000E-01   2.294204986700000E-03
   2.891343877700000E-03   1.036249439200000E+01   7.488639136800000E-01   1.418663712100000E-01   2.297572118700000E-03
   3.349168719100000E-03   1.036213191900000E+01   7.486840575500000E-01   1.419590811200000E-01   2.301143155000000E-03
   3.931569813800000E-03   1.036167004800000E+01   7.484552823900000E-01   1.420839488600000E-01   2.305912187500000E-03
   4.513970908400000E-03   1.036120742800000E+01   7.482265320000000E-01   1.422147143000000E-01   2.310879892800000E-03
   5.096372003100000E-03   1.036074414400000E+01   7.479978076900000E-01   1.423498557800000E-01   2.315994735000000E-03
   5.678773097800000E-03   1.036028026300000E+01   7.477691104500001E-01   1.424882419300000E-01   2.321223953800000E-03
   6.545818999900000E-03   1.035958865600000E+01   7.474286905500001E-01   1.426985394300000E-01   2.329158191400000E-03
   7.412864902000000E-03   1.035889593800000E+01   7.470883338600000E-01   1.429123068500000E-01   2.337224700100000E-03
   8.279910804100000E-03   1.035820218000000E+01   7.467480414500000E-01   1.431282947500000E-01   2.345379783600000E-03
   9.146956706200001E-03   1.035750742900000E+01   7.464078140000000E-01   1.433457035600000E-01   2.353601710800000E-03
   1.131688235300000E-02   1.035576451300000E+01   7.455566256700000E-01   1.438931311200000E-01   2.374362294300000E-03
   1.348680799900000E-02   1.035401575800000E+01   7.447058496300000E-01   1.444427050600000E-01   2.395312243500000E-03
   1.565673364500000E-02   1.035226124600000E+01   7.438554868300000E-01   1.449929708300000E-01   2.416400784300000E-03
   1.782665929200000E-02   1.035050099600000E+01   7.430055373100000E-01   1.455435168700000E-01   2.437618956400000E-03
   3.801509279400000E-02   1.033384880300000E+01   7.351175865600000E-01   1.506703256100000E-01   2.640901528800000E-03
   5.820352629600000E-02   1.031669706500000E+01   7.272651592900000E-01   1.558047370400000E-01   2.855047749800000E-03
   7.839195979800000E-02   1.029904189400000E+01   7.194480279900000E-01   1.609477939200000E-01   3.080462450500000E-03
   9.858039330000000E-02   1.028087898500000E+01   7.116659773600000E-01   1.661007640200000E-01   3.317587182400000E-03
   1.211981093900000E-01   1.025992164700000E+01   7.029889260300000E-01   1.718869576900000E-01   3.597713197500000E-03
   1.438158254800000E-01   1.023831387600000E+01   6.943553856200000E-01   1.776888369800000E-01   3.893796346900000E-03
   1.664335415600000E-01   1.021604777700000E+01   6.857651103000000E-01   1.835081499600000E-01   4.206559046500000E-03
   1.890512576500000E-01   1.019311478600000E+01   6.772178748800000E-01   1.893467912900000E-01   4.536777911500000E-03
   2.085607867000000E-01   1.017279054500000E+01   6.698796407900000E-01   1.944000340200000E-01   4.836265749400000E-03
   2.280703157600000E-01   1.015195697300000E+01   6.625731599200000E-01   1.994703676500000E-01   5.149912942100000E-03
   2.475798448100000E-01   1.013060745000000E+01   6.552983266000000E-01   2.045590917300000E-01   5.478308612200000E-03
   2.670893738600000E-01   1.010873505100000E+01   6.480550477300000E-01   2.096675911800000E-01   5.822079117900000E-03
   2.856225178100000E-01   1.008746647000000E+01   6.412034222100000E-01   2.145400173300000E-01   6.163484520400000E-03
   3.041556617600000E-01   1.006571321800000E+01   6.343801417900000E-01   2.194328283900000E-01   6.519957893100000E-03
   3.226888057100000E-01   1.004346885000000E+01   6.275851600900000E-01   2.243473209900000E-01   6.892129361200000E-03
   3.412219496600000E-01   1.002072688800000E+01   6.208184421900000E-01   2.292848565000000E-01   7.280664906100000E-03
   3.581418468100000E-01   9.999524576000001E+00   6.146654046300000E-01   2.338139011800000E-01   7.650264382400000E-03
   3.750617439600000E-01   9.977897407900000E+00   6.085358964299999E-01   2.383644295700000E-01   8.034651454400001E-03
   3.919816411100000E-01   9.955840855500000E+00   6.024299176500000E-01   2.429375830300000E-01   8.434418509100001E-03
   4.089015382600000E-01   9.933350740500000E+00   5.963474773400000E-01   2.475345490200000E-01   8.850187105300000E-03
   4.241693488000000E-01   9.912681389999999E+00   5.908791547000000E-01   2.517041111400000E-01   9.239637100600001E-03
   4.394371593300000E-01   9.891653747900000E+00   5.854300331400000E-01   2.558949874000000E-01   9.643152062700000E-03
   4.547049698700000E-01   9.870266158300000E+00   5.800001392800000E-01   2.601081311200000E-01   1.006125984400000E-02
   4.699727804100000E-01   9.848517706999999E+00   5.745895063599999E-01   2.643445257900000E-01   1.049450977400000E-02
   4.828685073900000E-01   9.829867051600001E+00   5.700345305900000E-01   2.679415886200000E-01   1.087266979500000E-02
   4.957642343800000E-01   9.810959559200001E+00   5.654933522400000E-01   2.715565799400000E-01   1.126240282000000E-02
   5.086599613600000E-01   9.791796559400000E+00   5.609660029900000E-01   2.751901326400000E-01   1.166408429400000E-02
   5.215556883400000E-01   9.772380208700000E+00   5.564525182000000E-01   2.788428933400000E-01   1.207810001500000E-02
   5.331067523000000E-01   9.754775868599999E+00   5.524214667200000E-01   2.821316173500000E-01   1.245974790100000E-02
   5.446578162500000E-01   9.736973756999999E+00   5.484016011600000E-01   2.854367558600000E-01   1.285191056300000E-02
   5.562088802100000E-01   9.718977742700000E+00   5.443929547200000E-01   2.887587892600000E-01   1.325489569100000E-02
   5.677599441600000E-01   9.700792672200000E+00   5.403955631200000E-01   2.920982034000000E-01   1.366901622300000E-02
   5.780282289000001E-01   9.684473163500000E+00   5.368515737500000E-01   2.950817499400000E-01   1.404675962100000E-02
   5.882965136400000E-01   9.668013971600001E+00   5.333165370000000E-01   2.980797565100000E-01   1.443378958300000E-02
   5.985647983700000E-01   9.651421031100000E+00   5.297904829800000E-01   3.010925610000000E-01   1.483034468200000E-02
   6.088330831100000E-01   9.634701291600001E+00   5.262734434100000E-01   3.041205005600000E-01   1.523666451800000E-02
   6.181020691700000E-01   9.619506497500000E+00   5.231064472600000E-01   3.068670347800000E-01   1.561203307300000E-02
   6.273710552400000E-01   9.604221781600000E+00   5.199468490500000E-01   3.096264094100000E-01   1.599574064200000E-02
   6.366400413000000E-01   9.588854922399999E+00   5.167946753100000E-01   3.123988548000000E-01   1.638797349500000E-02
   6.459090273600000E-01   9.573414741400001E+00   5.136499536200000E-01   3.151845960100000E-01   1.678891596800000E-02
   6.544163251000000E-01   9.559187350700000E+00   5.107702356500000E-01   3.177532993500000E-01   1.716473800000000E-02
   6.629236228399999E-01   9.544915222900000E+00   5.078968420200000E-01   3.203335397900000E-01   1.754819876200000E-02
   6.714309205800000E-01   9.530608004099999E+00   5.050297960900000E-01   3.229254619700000E-01   1.793944393400000E-02
   6.799382183300000E-01   9.516276428899999E+00   5.021691218000000E-01   3.255292013300000E-01   1.833861498700000E-02
   6.878281289200000E-01   9.502973521700000E+00   4.995217670500000E-01   3.279546485800000E-01   1.871602689300000E-02
   6.957180395200000E-01   9.489670407600000E+00   4.968799336900000E-01   3.303904469700000E-01   1.910048838100000E-02
   7.036079501100000E-01   9.476378645400001E+00   4.942436420000000E-01   3.328366646500000E-01   1.949210934600000E-02
   7.114978607100000E-01   9.463110933199999E+00   4.916129125100000E-01   3.352933569200000E-01   1.989099351900000E-02
   7.188727842500000E-01   9.450743272200000E+00   4.891589428100000E-01   3.375991989300000E-01   2.027050101000000E-02
   7.262477078000000E-01   9.438421210800000E+00   4.867098682100000E-01   3.399142385900000E-01   2.065652189600000E-02
   7.336226313500001E-01   9.426158291100000E+00   4.842657059400000E-01   3.422384713000000E-01   2.104913214900000E-02
   7.409975548900000E-01   9.413969248600001E+00   4.818264732700000E-01   3.445718760400000E-01   2.144839978800000E-02
   7.479354876800000E-01   9.402584204100000E+00   4.795362894700000E-01   3.467753508000000E-01   2.183014532200000E-02
   7.548734204699999E-01   9.391293153700000E+00   4.772504979800000E-01   3.489868495100000E-01   2.221788593100000E-02
   7.618113532600000E-01   9.380111719700000E+00   4.749691129900000E-01   3.512062953500000E-01   2.261166381300000E-02
   7.687492860500000E-01   9.369056775300001E+00   4.726921485300000E-01   3.534335916600000E-01   2.301151152300000E-02
   7.753124300599999E-01   9.358731886099999E+00   4.705422675200000E-01   3.555476827600000E-01   2.339537121400000E-02
   7.818755740600000E-01   9.348553066799999E+00   4.683963661400000E-01   3.576685640200000E-01   2.378470013700000E-02
   7.884387180600000E-01   9.338538147500000E+00   4.662544555400000E-01   3.597960848700000E-01   2.417950570300000E-02
   7.950018620700000E-01   9.328706271300000E+00   4.641165465000000E-01   3.619300714500000E-01   2.457978403000000E-02
   8.012416235800000E-01   9.319547288300001E+00   4.620876976900000E-01   3.639647208000000E-01   2.496540442500000E-02
   8.074813850900000E-01   9.310591207100000E+00   4.600624836600000E-01   3.660048317900000E-01   2.535593975400000E-02
   8.137211465999999E-01   9.301858232100001E+00   4.580409124100000E-01   3.680501769600000E-01   2.575136071600000E-02
   8.199609081100000E-01   9.293369948900001E+00   4.560229914000000E-01   3.701005021000000E-01   2.615162508500000E-02
   8.259211589900000E-01   9.285511580000000E+00   4.540988782600000E-01   3.720633688100000E-01   2.653843472300000E-02
   8.318814098700000E-01   9.277918905500000E+00   4.521781072900000E-01   3.740302404100000E-01   2.692955739100000E-02
   8.378416607500000E-01   9.270614722500000E+00   4.502606832000000E-01   3.760008079700000E-01   2.732492436300000E-02
   8.438019116300000E-01   9.263623287700000E+00   4.483466100000000E-01   3.779747323800000E-01   2.772445235300000E-02
   8.495213901200001E-01   9.257232246299999E+00   4.465130119400000E-01   3.798717256700000E-01   2.811166474600000E-02
   8.552408686200000E-01   9.251177150200000E+00   4.446825045500000E-01   3.817711033200000E-01   2.850252157100000E-02
   8.609603471100000E-01   9.245483682500000E+00   4.428550890800000E-01   3.836724688900000E-01   2.889691118000000E-02
   8.666798256100000E-01   9.240179077300001E+00   4.410307658900000E-01   3.855753923400000E-01   2.929470571400000E-02
   8.721942086600000E-01   9.235459877100000E+00   4.392747886800000E-01   3.874111150900000E-01   2.968132651500000E-02
   8.777085917100000E-01   9.231156365100000E+00   4.375216838900000E-01   3.892473964700000E-01   3.007083580900000E-02
   8.832229747600000E-01   9.227297514500000E+00   4.357714490100000E-01   3.910837448100000E-01   3.046307463600000E-02
   8.887373578100000E-01   9.223913960200001E+00   4.340240804600000E-01   3.929196313500000E-01   3.085786613800000E-02
   8.940815343500000E-01   9.221118924200001E+00   4.323333765500000E-01   3.946978723100000E-01   3.124272476200000E-02
   8.994257108900000E-01   9.218831824300000E+00   4.306453548700000E-01   3.964745875400000E-01   3.162960415500000E-02
   9.047698874400000E-01   9.217085505000000E+00   4.289600087500000E-01   3.982491797700000E-01   3.201829241000000E-02
   9.101140639800001E-01   9.215914613600001E+00   4.272773302600000E-01   4.000210111300000E-01   3.240855798900000E-02
   9.153255509300000E-01   9.215361852999999E+00   4.256389909300000E-01   4.017455395100000E-01   3.279041316000000E-02
   9.205370378800000E-01   9.215426746300000E+00   4.240031696000000E-01   4.034661198800000E-01   3.317327684900000E-02
   9.257485248300000E-01   9.216146904200000E+00   4.223698548900000E-01   4.051820344300000E-01   3.355687647300000E-02
   9.309600117900000E-01   9.217561930700001E+00   4.207390339000000E-01   4.068925209800000E-01   3.394091794700000E-02
   9.360866965500000E-01   9.219672380500000E+00   4.191371690400000E-01   4.085690925400000E-01   3.431883475800000E-02
   9.412133813200000E-01   9.222537371400000E+00   4.175376879800000E-01   4.102388120100000E-01   3.469655036500000E-02
   9.463400660800000E-01   9.226200838400000E+00   4.159405736200000E-01   4.119008155300000E-01   3.507371913400000E-02
   9.514667508500000E-01   9.230708989300000E+00   4.143458070700000E-01   4.135541906100000E-01   3.544997171300000E-02
   9.565693253999999E-01   9.236082838600000E+00   4.127608512000000E-01   4.151902676400000E-01   3.582315461700000E-02
   9.616718999500000E-01   9.242391941099999E+00   4.111781780900000E-01   4.168158425500000E-01   3.619462641900000E-02
   9.667744745100000E-01   9.249689256100000E+00   4.095977632200000E-01   4.184298621100000E-01   3.656394785000000E-02
   9.718770490600001E-01   9.258030457200000E+00   4.080195798800000E-01   4.200312190200000E-01   3.693065308600000E-02
   9.765889183200001E-01   9.266710609200000E+00   4.065641951600000E-01   4.214977097400000E-01   3.726652987900000E-02
   9.813007875799999E-01   9.276379108400000E+00   4.051106640100000E-01   4.229514547900000E-01   3.759934604200000E-02
   9.860126568399999E-01   9.287086579300000E+00   4.036589600000000E-01   4.243914552800000E-01   3.792867124400000E-02
   9.907245260999999E-01   9.298886033300001E+00   4.022090547700000E-01   4.258166698100000E-01   3.825405405300000E-02
   9.926028154600000E-01   9.303906334400001E+00   4.016315747500000E-01   4.263804404300000E-01   3.838255755300000E-02
   9.944811048200000E-01   9.309112578000001E+00   4.010543737600000E-01   4.269416192300000E-01   3.851032880600000E-02
   9.963593941700000E-01   9.314508461799999E+00   4.004774497300000E-01   4.275001347000000E-01   3.863733636400000E-02
   9.982376835300000E-01   9.320097752100001E+00   3.999008005500000E-01   4.280559141500000E-01   3.876354825000000E-02
   9.984868718700000E-01   9.320854005899999E+00   3.998243183600000E-01   4.281294386500000E-01   3.878023097000000E-02
   9.987360602200001E-01   9.321613740300000E+00   3.997478409600000E-01   4.282029135100000E-01   3.879689904800000E-02
   9.989852485600000E-01   9.322376964300000E+00   3.996713683600000E-01   4.282763385800000E-01   3.881355238500000E-02
   9.992344369100000E-01   9.323143687100000E+00   3.995949005300000E-01   4.283497136600000E-01   3.883019093600000E-02
   9.992847192600000E-01   9.323298824900000E+00   3.995794710900000E-01   4.283645135500000E-01   3.883354652300000E-02
   9.993350016100000E-01   9.323454105600000E+00   3.995640418400000E-01   4.283793113700000E-01   3.883690154100000E-02
   9.993852839600000E-01   9.323609529300001E+00   3.995486127900000E-01   4.283941071500000E-01   3.884025594900000E-02
   9.994355663200000E-01   9.323765096100001E+00   3.995331839300000E-01   4.284089004600000E-01   3.884361046000000E-02
   9.994585212600000E-01   9.323836163099999E+00   3.995261403900000E-01   4.284156525500000E-01   3.884514277500000E-02
   9.994814762100001E-01   9.323907260100000E+00   3.995190969000000E-01   4.284224027600000E-01   3.884667738300000E-02
   9.995044311500000E-01   9.323978386900000E+00   3.995120534500000E-01   4.284291485300000E-01   3.884821848500000E-02
   9.995273861000000E-01   9.324049543799999E+00   3.995050100400000E-01   4.284358819800000E-01   3.884977911300000E-02
   9.995413389800000E-01   9.324092810500000E+00   3.995007288100000E-01   4.284399611400000E-01   3.885074993700000E-02
   9.995552918700000E-01   9.324136088500000E+00   3.994964475900000E-01   4.284440191900000E-01   3.885175531700000E-02
   9.995692447500000E-01   9.324179378300000E+00   3.994921663900000E-01   4.284480379100000E-01   3.885282538000000E-02
   9.995831976400000E-01   9.324222680300000E+00   3.994878852200000E-01   4.284519825700000E-01   3.885401750700000E-02
   9.995930084500000E-01   9.324253135499999E+00   3.994848749700000E-01   4.284546796600000E-01   3.885498202000000E-02
   9.996028192500001E-01   9.324283597799999E+00   3.994818647400000E-01   4.284572738300000E-01   3.885611645200000E-02
   9.996126300600000E-01   9.324314068300000E+00   3.994788545200000E-01   4.284597082400000E-01   3.885751469000000E-02
   9.996224408700000E-01   9.324344548399999E+00   3.994758443200000E-01   4.284618942000000E-01   3.885932327500000E-02
   9.996299371800000E-01   9.324367845699999E+00   3.994735442900000E-01   4.284633152700000E-01   3.886111682800000E-02
   9.996374335000000E-01   9.324391151400000E+00   3.994712442800000E-01   4.284644256000000E-01   3.886342372400000E-02
   9.996449298100000E-01   9.324414467500000E+00   3.994689443000000E-01   4.284651012700000E-01   3.886644869600000E-02
   9.996524261200000E-01   9.324437796900000E+00   3.994666443600000E-01   4.284651685900000E-01   3.887047875600000E-02
   9.996584632400000E-01   9.324456597499999E+00   3.994647921500000E-01   4.284646197700000E-01   3.887472065000000E-02
   9.996645003500000E-01   9.324475412200000E+00   3.994629399900000E-01   4.284633527800000E-01   3.888014910900000E-02
   9.996705374700000E-01   9.324494244600000E+00   3.994610878800000E-01   4.284611449600000E-01   3.888713201000000E-02
   9.996765745800000E-01   9.324513099700001E+00   3.994592358500000E-01   4.284577043300000E-01   3.889615181000000E-02
   9.996816144100000E-01   9.324528861999999E+00   3.994576898400000E-01   4.284536159800000E-01   3.890569086800000E-02
   9.996866542300000E-01   9.324544649100000E+00   3.994561439000000E-01   4.284481230100000E-01   3.891755070300000E-02
   9.996916940600000E-01   9.324560467100000E+00   3.994545980700000E-01   4.284408704600000E-01   3.893231781100000E-02
   9.996967338900000E-01   9.324576323300001E+00   3.994530523700000E-01   4.284314133900000E-01   3.895072735400000E-02
   9.997010519400000E-01   9.324589946000000E+00   3.994517281700000E-01   4.284211402800000E-01   3.897008650400000E-02
   9.997053699800000E-01   9.324603610700001E+00   3.994504041000000E-01   4.284084141100000E-01   3.899349873300000E-02
   9.997096880300000E-01   9.324617326100000E+00   3.994490802100000E-01   4.283927127600000E-01   3.902182672400000E-02
   9.997140060800001E-01   9.324631102900000E+00   3.994477565400000E-01   4.283734027500000E-01   3.905611716700000E-02
   9.997177790000000E-01   9.324643200500001E+00   3.994466001700000E-01   4.283529795800000E-01   3.909194569400000E-02
   9.997215519100000E-01   9.324655364800000E+00   3.994454440300000E-01   4.283286074900000E-01   3.913429884700000E-02
   9.997253248300000E-01   9.324667608000000E+00   3.994442881700000E-01   4.282995614400000E-01   3.918437454000000E-02
   9.997290977500000E-01   9.324679944300000E+00   3.994431326300000E-01   4.282649830900000E-01   3.924359095400000E-02
   9.997324452300000E-01   9.324690981200000E+00   3.994421077000000E-01   4.282288593800000E-01   3.930512559500000E-02
   9.997357927100000E-01   9.324702118399999E+00   3.994410831200000E-01   4.281867560200000E-01   3.937654000000000E-02
   9.997391401900000E-01   9.324713372200000E+00   3.994400589400000E-01   4.281377086200000E-01   3.945942750600000E-02
   9.997424876800000E-01   9.324724761300001E+00   3.994390352300000E-01   4.280805970900000E-01   3.955563868300000E-02
   9.997454943900000E-01   9.324735124000000E+00   3.994381161900000E-01   4.280213596600000E-01   3.965517382200000E-02
   9.997485011100000E-01   9.324745631400001E+00   3.994371976400000E-01   4.279534878200000E-01   3.976897463700000E-02
   9.997515078300000E-01   9.324756304199999E+00   3.994362796800000E-01   4.278757407600000E-01   3.989909104200000E-02
   9.997545145500000E-01   9.324767166000001E+00   3.994353623600000E-01   4.277866992400000E-01   4.004786772100000E-02
   9.997572425300000E-01   9.324777207000000E+00   3.994345307300000E-01   4.276947848400000E-01   4.020123621400000E-02
   9.997599705200000E-01   9.324787448900000E+00   3.994336997900000E-01   4.275908661600000E-01   4.037443725500000E-02
   9.997626985100000E-01   9.324797917500000E+00   3.994328696300000E-01   4.274733882900000E-01   4.057003942500000E-02
   9.997654265000000E-01   9.324808642200001E+00   3.994320403600000E-01   4.273405948500000E-01   4.079094407900000E-02
   9.997679225300000E-01   9.324818707500000E+00   3.994312824800000E-01   4.272039928300000E-01   4.101801115100000E-02
   9.997704185600000E-01   9.324829043199999E+00   3.994305255300000E-01   4.270512081300000E-01   4.127181229400000E-02
   9.997729145900000E-01   9.324839681300000E+00   3.994297696300000E-01   4.268803334700000E-01   4.155549781600000E-02
   9.997754106200000E-01   9.324850657300001E+00   3.994290149000000E-01   4.266892367100000E-01   4.187258922800000E-02
   9.997777108300000E-01   9.324861105600000E+00   3.994283205400000E-01   4.264931790800000E-01   4.219776440800000E-02
   9.997800110400000E-01   9.324871909200001E+00   3.994276274000000E-01   4.262758555200000E-01   4.255806808000000E-02
   9.997823112500001E-01   9.324883106600000E+00   3.994269356300000E-01   4.260349672300000E-01   4.295729648400000E-02
   9.997846114600000E-01   9.324894740100000E+00   3.994262453700000E-01   4.257679669400000E-01   4.339965588200000E-02
   9.997867443500000E-01   9.324905958300000E+00   3.994256068100000E-01   4.254946026600000E-01   4.385242849600000E-02
   9.997888772400000E-01   9.324917633400000E+00   3.994249698300000E-01   4.251938840600000E-01   4.435038100500000E-02
   9.997910101300000E-01   9.324929811000001E+00   3.994243346000000E-01   4.248630807400000E-01   4.489802114700000E-02
   9.997931430200000E-01   9.324942541400000E+00   3.994237012800000E-01   4.244991899500000E-01   4.550030588600000E-02
   9.997951315000000E-01   9.324954956099999E+00   3.994231127300000E-01   4.241272340300000E-01   4.611581902500000E-02
   9.997971199700000E-01   9.324967948099999E+00   3.994225261800000E-01   4.237207241100000E-01   4.678839336000000E-02
   9.997991084500000E-01   9.324981570800000E+00   3.994219418100000E-01   4.232764568000000E-01   4.752331554200000E-02
   9.998010969300000E-01   9.324995882600000E+00   3.994213598300000E-01   4.227909321200000E-01   4.832636107500000E-02
   9.998029596900000E-01   9.325009971600000E+00   3.994208170100000E-01   4.222952859600000E-01   4.914602908000000E-02
   9.998048224600000E-01   9.325024778500000E+00   3.994202766700000E-01   4.217566614600000E-01   5.003665304800000E-02
   9.998066852200000E-01   9.325040365600000E+00   3.994197390400000E-01   4.211713392100000E-01   5.100436825100000E-02
   9.998085479900000E-01   9.325056800300001E+00   3.994192043400000E-01   4.205352785000000E-01   5.205583889700000E-02
   9.998103005500000E-01   9.325073102199999E+00   3.994187041800000E-01   4.198866026200000E-01   5.312803794200000E-02
   9.998120531100000E-01   9.325090285500000E+00   3.994182070800000E-01   4.191851754100000E-01   5.428730067200000E-02
   9.998138056700000E-01   9.325108421800000E+00   3.994177132800000E-01   4.184267160300000E-01   5.554068378800000E-02
   9.998155582300000E-01   9.325127588399999E+00   3.994172230400000E-01   4.176065972900000E-01   5.689581353900000E-02
   9.998172136100000E-01   9.325146713800001E+00   3.994167635300000E-01   4.167708238800000E-01   5.827666433500000E-02
   9.998188690000001E-01   9.325166909000000E+00   3.994163077200000E-01   4.158710392800000E-01   5.976311989700000E-02
   9.998205243900000E-01   9.325188255700001E+00   3.994158559000000E-01   4.149023529600000E-01   6.136323522400000E-02
   9.998221797800000E-01   9.325210842200001E+00   3.994154083700000E-01   4.138595022400000E-01   6.308567610900000E-02
   9.998237491000000E-01   9.325233484900000E+00   3.994149883800000E-01   4.127972583700000E-01   6.483996385400000E-02
   9.998253184200000E-01   9.325257413499999E+00   3.994145728300000E-01   4.116580986400000E-01   6.672108065700000E-02
   9.998268877399999E-01   9.325282721000001E+00   3.994141620700000E-01   4.104364704400000E-01   6.873816213900000E-02
   9.998284570600000E-01   9.325309507000000E+00   3.994137564200000E-01   4.091264225500000E-01   7.090099674399999E-02
   9.998299499100000E-01   9.325336457400001E+00   3.994133756400000E-01   4.077923338000000E-01   7.310327472200000E-02
   9.998314427600000E-01   9.325364940800000E+00   3.994130001600000E-01   4.063665949300000E-01   7.545657883800000E-02
   9.998329356100000E-01   9.325395062200000E+00   3.994126303500000E-01   4.048429335800000E-01   7.797121491500000E-02
   9.998344284600000E-01   9.325426933899999E+00   3.994122666100000E-01   4.032146512800000E-01   8.065818460500000E-02
   9.998358532500000E-01   9.325459094999999E+00   3.994119254900000E-01   4.015564746800000E-01   8.339414045599999E-02
   9.998372780300000E-01   9.325493070800000E+00   3.994115906600000E-01   3.997898623700000E-01   8.630863689300000E-02
   9.998387028100000E-01   9.325528979800000E+00   3.994112625200000E-01   3.979077573400000E-01   8.941324924500001E-02
   9.998401276000000E-01   9.325566948000001E+00   3.994109415200000E-01   3.959026477500000E-01   9.272029292099999E-02
   9.998414917900000E-01   9.325605355500000E+00   3.994106412700000E-01   3.938601516200000E-01   9.608850634600000E-02
   9.998428559900000E-01   9.325645899100000E+00   3.994103484300000E-01   3.916901081800000E-01   9.966651570500000E-02
   9.998442201900000E-01   9.325688711900000E+00   3.994100634500000E-01   3.893846010600000E-01   1.034672785200000E-01
   9.998455843800000E-01   9.325733935100001E+00   3.994097868100000E-01   3.869352286700000E-01   1.075045382500000E-01
   9.998468947800000E-01   9.325779783700000E+00   3.994095294300000E-01   3.844387185900000E-01   1.116187857800000E-01
   9.998482051699999E-01   9.325828135600000E+00   3.994092807200000E-01   3.817928747100000E-01   1.159783598400000E-01
   9.998495155600000E-01   9.325879140000000E+00   3.994090412000000E-01   3.789888331000000E-01   1.205977312100000E-01
   9.998508259500000E-01   9.325932955000001E+00   3.994088114100000E-01   3.760172120300000E-01   1.254922046200000E-01
   9.998520888200000E-01   9.325987634400001E+00   3.994085997100000E-01   3.729855057400000E-01   1.304846208600000E-01
   9.998533517000000E-01   9.326045238100001E+00   3.994083981400000E-01   3.697795456600000E-01   1.357628685000000E-01
   9.998546145700000E-01   9.326105933399999E+00   3.994082072700000E-01   3.663894129800000E-01   1.413430887400000E-01
   9.998558774400000E-01   9.326169897200000E+00   3.994080277200000E-01   3.628046357000000E-01   1.472423075300000E-01
   9.998570988000000E-01   9.326235043100001E+00   3.994078654500000E-01   3.591421563300000E-01   1.532679234400000E-01
   9.998583201500000E-01   9.326303599099999E+00   3.994077149900000E-01   3.552767417900000E-01   1.596258040700000E-01
   9.998595415100000E-01   9.326375753300001E+00   3.994075770000000E-01   3.511972833300000E-01   1.663339564700000E-01
   9.998607628700000E-01   9.326451703900000E+00   3.994074521500000E-01   3.468920795500000E-01   1.734113273500000E-01
   9.998619486700000E-01   9.326529273600000E+00   3.994073441900000E-01   3.424845453700000E-01   1.806548048200000E-01
   9.998631344700000E-01   9.326610820100001E+00   3.994072500100000E-01   3.378407405700000E-01   1.882842637700000E-01
   9.998643202800001E-01   9.326696555300000E+00   3.994071703400000E-01   3.329481894700000E-01   1.963198304800000E-01
   9.998655060800000E-01   9.326786702000000E+00   3.994071059400000E-01   3.277937786800000E-01   2.047826315000000E-01
   9.998666625900000E-01   9.326879094800001E+00   3.994070586200000E-01   3.225013221900000E-01   2.134690463300000E-01
   9.998678190900000E-01   9.326976135600001E+00   3.994070273900000E-01   3.169332588800000E-01   2.226044887400000E-01
   9.998689756000000E-01   9.327078064500000E+00   3.994070131000000E-01   3.110755024600000E-01   2.322115509100000E-01
   9.998701321100000E-01   9.327185133900000E+00   3.994070166000000E-01   3.049132754300000E-01   2.423138944500000E-01
   9.998712664300000E-01   9.327295398800000E+00   3.994070382000000E-01   2.985585233200000E-01   2.527274939200000E-01
   9.998724007499999E-01   9.327411125999999E+00   3.994070787200000E-01   2.918806361100000E-01   2.636658365200000E-01
   9.998735350800000E-01   9.327532590800001E+00   3.994071391100000E-01   2.848635580100000E-01   2.751544892700000E-01
   9.998746694000000E-01   9.327660081599999E+00   3.994072203600000E-01   2.774904751400000E-01   2.872201719200000E-01
   9.998757906600000E-01   9.327792322300001E+00   3.994073222000000E-01   2.698352233300000E-01   2.997412781200000E-01
   9.998769119100001E-01   9.327931053000000E+00   3.994074465000000E-01   2.617971365500000E-01   3.128816105600000E-01
   9.998780331700000E-01   9.328076594500001E+00   3.994075943900000E-01   2.533576076600000E-01   3.266705378800000E-01
   9.998791544300000E-01   9.328229282900001E+00   3.994077670100000E-01   2.444971812300000E-01   3.411386899900000E-01
   9.998802770100000E-01   9.328389664299999E+00   3.994079658500000E-01   2.351842500500000E-01   3.563363859300000E-01
   9.998813995900000E-01   9.328557931900001E+00   3.994081919800000E-01   2.254077184700000E-01   3.722803067400000E-01
   9.998825221700000E-01   9.328734473000001E+00   3.994084467400000E-01   2.151453071200000E-01   3.890052298300000E-01
   9.998836447600000E-01   9.328919692700000E+00   3.994087315400000E-01   2.043737491200000E-01   4.065473579600000E-01
   9.998848062400000E-01   9.329120916100001E+00   3.994090593900000E-01   1.926672025400000E-01   4.255975565800000E-01
   9.998859677100000E-01   9.329332375100000E+00   3.994094226600000E-01   1.803615196100000E-01   4.456063000000000E-01
   9.998871291900000E-01   9.329554584600000E+00   3.994098231300000E-01   1.674273516100000E-01   4.666187516900000E-01
   9.998882906700000E-01   9.329788083600000E+00   3.994102626700000E-01   1.538340537200000E-01   4.886818699800000E-01
   9.998895442400000E-01   9.330053415600000E+00   3.994107831400000E-01   1.383864352700000E-01   5.137296114500000E-01
   9.998907978200000E-01   9.330333299499999E+00   3.994113539500000E-01   1.220917290100000E-01   5.401218692000000E-01
   9.998920513900000E-01   9.330628515900001E+00   3.994119778100000E-01   1.049059900300000E-01   5.679249669600001E-01
   9.998933049700000E-01   9.330939883799999E+00   3.994126575400000E-01   8.678328508200001E-02   5.972078129200000E-01
   9.998944830299999E-01   9.331247984099999E+00   3.994133499000000E-01   6.885538878700000E-02   6.261393477100000E-01
   9.998956611000001E-01   9.331571852900000E+00   3.994140968000000E-01   5.001615296200000E-02   6.565023078300000E-01
   9.998968391600001E-01   9.331912269700000E+00   3.994149009200000E-01   3.022240228500000E-02   6.883601616500000E-01
   9.998980172300000E-01   9.332270048500000E+00   3.994157650900000E-01   9.429257840000000E-03   7.217783825900000E-01
   9.998991931100000E-01   9.332645327100000E+00   3.994166904500000E-01  -1.236855542400000E-02   7.567581399400000E-01
   9.999003690000000E-01   9.333039631300000E+00   3.994176815900000E-01  -3.525660954500000E-02   7.934286984500000E-01
   9.999015448900000E-01   9.333453879700000E+00   3.994187416800000E-01  -5.928476857900000E-02   8.318608981600000E-01
   9.999027207800000E-01   9.333889029600000E+00   3.994198740100000E-01  -8.450467441499999E-02   8.721273517100000E-01
   9.999037429199999E-01   9.334285034900001E+00   3.994209196400000E-01  -1.074365946300000E-01   9.086765995500000E-01
   9.999047650500000E-01   9.334698264300000E+00   3.994220248000000E-01  -1.313455093300000E-01   9.467176495800000E-01
   9.999057871800000E-01   9.335129420199999E+00   3.994231918900000E-01  -1.562686198300000E-01   9.863010670200000E-01
   9.999068093200000E-01   9.335579228900000E+00   3.994244234300000E-01  -1.822441342400000E-01   1.027478150200000E+00
   9.999077620300000E-01   9.336015939899999E+00   3.994256316100000E-01  -2.074373717700000E-01   1.067338982200000E+00
   9.999087147300000E-01   9.336470133900001E+00   3.994269001800000E-01  -2.336114605900000E-01   1.108671938100000E+00
   9.999096674400000E-01   9.336942456299999E+00   3.994282313500000E-01  -2.607996306600000E-01   1.151519806700000E+00
   9.999106201500000E-01   9.337433570900000E+00   3.994296274100000E-01  -2.890358127900000E-01   1.195925595300000E+00
   9.999114849100000E-01   9.337896193200001E+00   3.994309527500000E-01  -3.156018901200000E-01   1.237617289200000E+00
   9.999123496700000E-01   9.338375384700001E+00   3.994323352900000E-01  -3.430862778100000E-01   1.280660338900000E+00
   9.999132144300000E-01   9.338871682200001E+00   3.994337768600000E-01  -3.715157398700000E-01   1.325086907600000E+00
   9.999140791900000E-01   9.339385635299999E+00   3.994352793700000E-01  -4.009174359400000E-01   1.370928987100000E+00
   9.999148718400001E-01   9.339872715900000E+00   3.994367117300000E-01  -4.287446984500000E-01   1.414218567900000E+00
   9.999156644900000E-01   9.340375544800001E+00   3.994381984300000E-01  -4.574333785100000E-01   1.458748247900000E+00
   9.999164571300000E-01   9.340894572800000E+00   3.994397410000000E-01  -4.870051453300000E-01   1.504541860500000E+00
   9.999172497800000E-01   9.341430259799999E+00   3.994413410300000E-01  -5.174818620300000E-01   1.551622831100000E+00
   9.999179936600000E-01   9.341948563400001E+00   3.994428963100000E-01  -5.469265387400000E-01   1.596998987300000E+00
   9.999187375500000E-01   9.342482345400001E+00   3.994445049500000E-01  -5.772059795500000E-01   1.643547698900000E+00
   9.999194814300000E-01   9.343032005900000E+00   3.994461683300000E-01  -6.083385926500000E-01   1.691286948400000E+00
   9.999202253200000E-01   9.343597951000000E+00   3.994478878200000E-01  -6.403428472000000E-01   1.740234131200000E+00
   9.999209322000000E-01   9.344151210200000E+00   3.994495750700000E-01  -6.715797071800000E-01   1.787881164700000E+00
   9.999216390800000E-01   9.344719904800000E+00   3.994513155000000E-01  -7.036362478700000E-01   1.836647813400000E+00
   9.999223459600000E-01   9.345304397600000E+00   3.994531103400000E-01  -7.365283351300000E-01   1.886547144200000E+00
   9.999230528500000E-01   9.345905055699999E+00   3.994549608400000E-01  -7.702717915800000E-01   1.937591484600000E+00
   9.999237304600000E-01   9.346496360400000E+00   3.994567881400000E-01  -8.034318059000000E-01   1.987607730300000E+00
   9.999244080700000E-01   9.347103190500000E+00   3.994586688900000E-01  -8.374024138400000E-01   2.038696102000000E+00
   9.999250856800000E-01   9.347725879000000E+00   3.994606042100000E-01  -8.721973005500000E-01   2.090865168900000E+00
   9.999257633000000E-01   9.348364761699999E+00   3.994625952400000E-01  -9.078300186800000E-01   2.144122622400000E+00
   9.999264173900000E-01   9.348997149500001E+00   3.994645711000000E-01  -9.430333655599999E-01   2.196570468300000E+00
   9.999270714900000E-01   9.349645248000000E+00   3.994666010000000E-01  -9.790417640500000E-01   2.250043933900000E+00
   9.999277255800000E-01   9.350309364599999E+00   3.994686859600000E-01  -1.015866907700000E+00   2.304547242800000E+00
   9.999283796800000E-01   9.350989808400000E+00   3.994708270400000E-01  -1.053520276100000E+00   2.360083608800000E+00
   9.999290149100000E-01   9.351666552499999E+00   3.994729610900000E-01  -1.090891287800000E+00   2.415009390600000E+00
   9.999296501500000E-01   9.352359272299999E+00   3.994751500300000E-01  -1.129064104100000E+00   2.470912470200000E+00
   9.999302853800000E-01   9.353068252500000E+00   3.994773948100000E-01  -1.168048510900000E+00   2.527792698600000E+00
   9.999309206100000E-01   9.353793777700000E+00   3.994796964000000E-01  -1.207854002200000E+00   2.585648787500000E+00
   9.999315410300000E-01   9.354518621900000E+00   3.994820000500000E-01  -1.247532344100000E+00   2.643094908700000E+00
   9.999321614500000E-01   9.355259783899999E+00   3.994843597000000E-01  -1.288010895300000E+00   2.701466045100000E+00
   9.999327818600000E-01   9.356017526700001E+00   3.994867762200000E-01  -1.329297540500000E+00   2.760757497600000E+00
   9.999334022800000E-01   9.356792112500001E+00   3.994892505000000E-01  -1.371399793900000E+00   2.820963295100000E+00
   9.999340116600000E-01   9.357569566500000E+00   3.994917378400000E-01  -1.413553919300000E+00   2.880981075100000E+00
   9.999346210400000E-01   9.358363765300000E+00   3.994942825600000E-01  -1.456508105600000E+00   2.941865692100000E+00
   9.999352304200000E-01   9.359174951500000E+00   3.994968854700000E-01  -1.500268271500000E+00   3.003607559800000E+00
   9.999358398000000E-01   9.360003364700001E+00   3.994995473800000E-01  -1.544839883700000E+00   3.066195678500000E+00
   9.999364419600000E-01   9.360839130700001E+00   3.995022365100000E-01  -1.589686120200000E+00   3.128862367300000E+00
   9.999370441300000E-01   9.361692174900000E+00   3.995049847700000E-01  -1.635333912400000E+00   3.192329731000000E+00
   9.999376463000000E-01   9.362562718800000E+00   3.995077928800000E-01  -1.681787069900000E+00   3.256582753100000E+00
   9.999382484700000E-01   9.363450979700000E+00   3.995106615700000E-01  -1.729048860200000E+00   3.321604846300000E+00
   9.999388477200000E-01   9.364352725000000E+00   3.995135771500000E-01  -1.776886500400000E+00   3.387056523500000E+00
   9.999394469600000E-01   9.365272431299999E+00   3.995165540800000E-01  -1.825529679000000E+00   3.453232189600000E+00
   9.999400462000000E-01   9.366210297900000E+00   3.995195930200000E-01  -1.874979845200000E+00   3.520110541000000E+00
   9.999406454500001E-01   9.367166518599999E+00   3.995226945900000E-01  -1.925237800900000E+00   3.587668519300000E+00
   9.999412472300000E-01   9.368145454500000E+00   3.995258729600000E-01  -1.976521975800000E+00   3.656171926400000E+00
   9.999418490200001E-01   9.369143272300001E+00   3.995291157100000E-01  -2.028620345400000E+00   3.725308597200000E+00
   9.999424508100000E-01   9.370160147200000E+00   3.995324233800000E-01  -2.081531568200000E+00   3.795049521600000E+00
   9.999430525900000E-01   9.371196246700000E+00   3.995357965100000E-01  -2.135253522400000E+00   3.865363698700000E+00
   9.999436654100000E-01   9.372271265400000E+00   3.995392992900000E-01  -2.190790676400000E+00   3.937522135900000E+00
   9.999442782300000E-01   9.373366542999999E+00   3.995428709700000E-01  -2.247161528900000E+00   4.010203667800000E+00
   9.999448910500000E-01   9.374482227200000E+00   3.995465120000000E-01  -2.304361143500000E+00   4.083368893200000E+00
   9.999455038700000E-01   9.375618454500000E+00   3.995502227900000E-01  -2.362383610100000E+00   4.156976075700000E+00
   9.999461481900001E-01   9.376835374300001E+00   3.995541999700000E-01  -2.424268178700000E+00   4.234794820800000E+00
   9.999467925100000E-01   9.378075271800000E+00   3.995582550600000E-01  -2.487045432500000E+00   4.312999188500000E+00
   9.999474368300000E-01   9.379338261299999E+00   3.995623883900000E-01  -2.550704781900000E+00   4.391532027800000E+00
   9.999480811500000E-01   9.380624440400000E+00   3.995666002100000E-01  -2.615234285800000E+00   4.470333150100000E+00
   9.999488388400000E-01   9.382166701599999E+00   3.995716537900000E-01  -2.692213068100000E+00   4.563256913800000E+00
   9.999495965300000E-01   9.383741236600001E+00   3.995768163900000E-01  -2.770352452100000E+00   4.656355700700000E+00
   9.999503542100000E-01   9.385348103600000E+00   3.995820880500000E-01  -2.849625410100000E+00   4.749515174100000E+00
   9.999511119000000E-01   9.386987321099999E+00   3.995874687000000E-01  -2.930002023300000E+00   4.842614995800000E+00
   9.999517679500000E-01   9.388432761600001E+00   3.995922154200000E-01  -3.000462776200000E+00   4.923080463100000E+00
   9.999524240000000E-01   9.389902396500000E+00   3.995970434200000E-01  -3.071703169800000E+00   5.003320933100000E+00
   9.999530800500001E-01   9.391396157799999E+00   3.996019523600000E-01  -3.143698294000000E+00   5.083247409500000E+00
   9.999537361000000E-01   9.392913950900001E+00   3.996069418000000E-01  -3.216421479100000E+00   5.162767574400000E+00
   9.999543980000000E-01   9.394469512100001E+00   3.996120567800000E-01  -3.290502255100000E+00   5.242488105100000E+00
   9.999550599000000E-01   9.396049255199999E+00   3.996172524900000E-01  -3.365264092600000E+00   5.321596201500000E+00
   9.999557218000000E-01   9.397652993299999E+00   3.996225281600000E-01  -3.440674022500000E+00   5.399987065300000E+00
   9.999563837000000E-01   9.399280507800000E+00   3.996278829000000E-01  -3.516697174900000E+00   5.477552692700000E+00
   9.999570101500000E-01   9.400842521900000E+00   3.996330227600000E-01  -3.589179933400000E+00   5.550103113000000E+00
   9.999576365900000E-01   9.402425367199999E+00   3.996382316000000E-01  -3.662146291100000E+00   5.621718120400000E+00
   9.999582630400000E-01   9.404028774400000E+00   3.996435083700000E-01  -3.735561949500000E+00   5.692298699600000E+00
   9.999588894900000E-01   9.405652445899999E+00   3.996488519200000E-01  -3.809391075300000E+00   5.761743608200000E+00
   9.999594690000000E-01   9.407172208200000E+00   3.996538534200000E-01  -3.878023595000000E+00   5.824883781900000E+00
   9.999600485000000E-01   9.408708750200001E+00   3.996589099100000E-01  -3.946947246900000E+00   5.886880317600000E+00
   9.999606280100000E-01   9.410261768100000E+00   3.996640202400000E-01  -4.016130194700000E+00   5.947648489500000E+00
   9.999612075099999E-01   9.411830935199999E+00   3.996691831800000E-01  -4.085539511400000E+00   6.007102289100000E+00
   9.999617664000000E-01   9.413359251099999E+00   3.996742110400000E-01  -4.152662256700000E+00   6.063114386300000E+00
   9.999623252900000E-01   9.414901928400001E+00   3.996792853500000E-01  -4.219932489700000E+00   6.117743693100000E+00
   9.999628841800000E-01   9.416458612500000E+00   3.996844047700000E-01  -4.287317871000000E+00   6.170910207400000E+00
   9.999634430700000E-01   9.418028928300000E+00   3.996895679100000E-01  -4.354785178100000E+00   6.222533186900000E+00
   9.999639996700000E-01   9.419605954800000E+00   3.996947518500000E-01  -4.422023221300000E+00   6.272329507800000E+00
   9.999645562600000E-01   9.421195696500000E+00   3.996999761600000E-01  -4.489274210700000E+00   6.320433304900000E+00
   9.999651128600000E-01   9.422797720400000E+00   3.997052392300000E-01  -4.556502843200000E+00   6.366763263200000E+00
   9.999656694500000E-01   9.424411572700000E+00   3.997105393800000E-01  -4.623673037000000E+00   6.411237770500000E+00
   9.999662116700000E-01   9.425994645099999E+00   3.997157365600000E-01  -4.689016271600000E+00   6.452700937300000E+00
   9.999667538800000E-01   9.427588033899999E+00   3.997209655900000E-01  -4.754234382600000E+00   6.492249996700000E+00
   9.999672961000000E-01   9.429191261800000E+00   3.997262247000000E-01  -4.819292036600000E+00   6.529809334600000E+00
   9.999678383100000E-01   9.430803832600001E+00   3.997315120800000E-01  -4.884153306800000E+00   6.565303505000000E+00
   9.999683541500000E-01   9.432346177700000E+00   3.997365668100000E-01  -4.945644425100000E+00   6.597085807100000E+00
   9.999688700000000E-01   9.433896053300000E+00   3.997416437400000E-01  -5.006892903100000E+00   6.626866499500000E+00
   9.999693858399999E-01   9.435452984499999E+00   3.997467411200000E-01  -5.067866464600000E+00   6.654581611600000E+00
   9.999699016800000E-01   9.437016480900001E+00   3.997518571700000E-01  -5.128532452200000E+00   6.680167684800000E+00
   9.999704036000000E-01   9.438543574800001E+00   3.997568512100000E-01  -5.187233478400000E+00   6.702959418000000E+00
   9.999709055100000E-01   9.440075926200000E+00   3.997618594400000E-01  -5.245581361700000E+00   6.723618774900000E+00
   9.999714074200000E-01   9.441613042500000E+00   3.997668800500000E-01  -5.303545135300000E+00   6.742089208800000E+00
   9.999719093300000E-01   9.443154417500001E+00   3.997719112000000E-01  -5.361093594800000E+00   6.758314969400000E+00
   9.999724036300000E-01   9.444676073100000E+00   3.997768745300000E-01  -5.417332781100000E+00   6.772047409900000E+00
   9.999728979300000E-01   9.446200847900000E+00   3.997818444100000E-01  -5.473108505600000E+00   6.783498019500000E+00
   9.999733922300000E-01   9.447728222300000E+00   3.997868189700000E-01  -5.528390445900000E+00   6.792616285200000E+00
   9.999738865300000E-01   9.449257664799999E+00   3.997917962700000E-01  -5.583148163200000E+00   6.799352755000000E+00
   9.999743779100000E-01   9.450779561399999E+00   3.997967448800000E-01  -5.637031789200000E+00   6.803640850000000E+00
   9.999748692800000E-01   9.452302420800001E+00   3.998016923000000E-01  -5.690337162700000E+00   6.805481250000000E+00
   9.999753606500000E-01   9.453825688300000E+00   3.998066365200000E-01  -5.743034201800000E+00   6.804828937500000E+00
   9.999758520199999E-01   9.455348798499999E+00   3.998115755100000E-01  -5.795092820200000E+00   6.801640222300000E+00
   9.999763448600000E-01   9.456875699399999E+00   3.998165218400000E-01  -5.846634677500000E+00   6.795851777700000E+00
   9.999768376900000E-01   9.458401273000000E+00   3.998214586800000E-01  -5.897473786100000E+00   6.787428083200000E+00
   9.999773305200000E-01   9.459924919500001E+00   3.998263838900000E-01  -5.947579945300000E+00   6.776329495800000E+00
   9.999778233600000E-01   9.461446029699999E+00   3.998312952600000E-01  -5.996923063000000E+00   6.762517986800000E+00
   9.999783226500000E-01   9.462983857599999E+00   3.998362546300000E-01  -6.046104120200000E+00   6.745721732000000E+00
   9.999788219400000E-01   9.464517796799999E+00   3.998411951900000E-01  -6.094440277800000E+00   6.726067678700000E+00
   9.999793212300000E-01   9.466047187499999E+00   3.998461145600000E-01  -6.141900764200000E+00   6.703521739700000E+00
   9.999798205300000E-01   9.467571362099999E+00   3.998510103500000E-01  -6.188455041800000E+00   6.678051780100000E+00
   9.999803333800000E-01   9.469130799400000E+00   3.998560120500000E-01  -6.235298661500000E+00   6.648814065100000E+00
   9.999808462400001E-01   9.470683280899999E+00   3.998609836700000E-01  -6.281121738300000E+00   6.616429146600000E+00
   9.999813590900000E-01   9.472228059300001E+00   3.998659225400000E-01  -6.325892142300000E+00   6.580868992400000E+00
   9.999818719500000E-01   9.473764380800000E+00   3.998708259700000E-01  -6.369578134100000E+00   6.542107973600000E+00
   9.999824129400000E-01   9.475374979800000E+00   3.998759569800000E-01  -6.414450890400000E+00   6.497725911300000E+00
   9.999829539300000E-01   9.476974423400000E+00   3.998810423200000E-01  -6.458045926700000E+00   6.449732191000000E+00
   9.999834949200000E-01   9.478561806300000E+00   3.998860787500000E-01  -6.500327628100000E+00   6.398105761000000E+00
   9.999840359100000E-01   9.480136217700000E+00   3.998910630400000E-01  -6.541261015700000E+00   6.342828755400000E+00
   9.999847010000000E-01   9.482052643099999E+00   3.998971143600000E-01  -6.589685505700000E+00   6.269848232800000E+00
   9.999853660800000E-01   9.483946371200000E+00   3.999030758600000E-01  -6.635958102000000E+00   6.191307921000000E+00
   9.999860311600000E-01   9.485815687000001E+00   3.999089414400000E-01  -6.680018246400000E+00   6.107194857400000E+00
   9.999866962500000E-01   9.487658871500001E+00   3.999147050100000E-01  -6.721807178100000E+00   6.017503617800000E+00
   9.999872646300000E-01   9.489212048100001E+00   3.999195451000000E-01  -6.755677115000000E+00   5.936434502700000E+00
   9.999878330100000E-01   9.490743809300000E+00   3.999243024300000E-01  -6.787812341700000E+00   5.851298562700000E+00
   9.999884013900000E-01   9.492253082900000E+00   3.999289731900000E-01  -6.818179557700000E+00   5.762105506600000E+00
   9.999889697700000E-01   9.493738799100001E+00   3.999335536100000E-01  -6.846746566100000E+00   5.668869030200000E+00
   9.999895316200000E-01   9.495183271100000E+00   3.999379890000000E-01  -6.873186041100000E+00   5.572745486800000E+00
   9.999900934800000E-01   9.496602655600000E+00   3.999423288100000E-01  -6.897807116100000E+00   5.472708825500000E+00
   9.999906553400000E-01   9.497995932400000E+00   3.999465694400000E-01  -6.920582010800000E+00   5.368783533900000E+00
   9.999912171999999E-01   9.499362087700000E+00   3.999507073300000E-01  -6.941484083300000E+00   5.260997725400000E+00
   9.999918163500000E-01   9.500787898500000E+00   3.999550026700000E-01  -6.961681324900000E+00   5.141840700400000E+00
   9.999924154900000E-01   9.502180513900001E+00   3.999591729000000E-01  -6.979690482600000E+00   5.018372560700000E+00
   9.999930146400000E-01   9.503538735999999E+00   3.999632138200000E-01  -6.995483627200000E+00   4.890640463000000E+00
   9.999936137900000E-01   9.504861380099999E+00   3.999671212900000E-01  -7.009034356500000E+00   4.758695828000000E+00
   9.999941634100000E-01   9.506042406200001E+00   3.999705849000000E-01  -7.019471655800000E+00   4.634000440700000E+00
   9.999947130400000E-01   9.507191615900000E+00   3.999739296500000E-01  -7.027982919200000E+00   4.505852688200000E+00
   9.999952626600001E-01   9.508308129400000E+00   3.999771524600000E-01  -7.034551164400000E+00   4.374301115700000E+00
   9.999958122800000E-01   9.509391079200000E+00   3.999802503200000E-01  -7.039160486900000E+00   4.239396875800000E+00
   9.999963357500000E-01   9.510390500500000E+00   3.999830818400000E-01  -7.041715559800000E+00   4.107845093800000E+00
   9.999968592100000E-01   9.511357975499999E+00   3.999857948000000E-01  -7.042468356300000E+00   3.973349189500000E+00
   9.999973826800000E-01   9.512292789900000E+00   3.999883867200000E-01  -7.041407823300000E+00   3.835959372500000E+00
   9.999979061399999E-01   9.513194241500001E+00   3.999908551800000E-01  -7.038523762500000E+00   3.695727610700000E+00
   9.999984296100000E-01   9.514061641100000E+00   3.999931977800000E-01  -7.033806819200000E+00   3.552707533400000E+00
   9.999989530700000E-01   9.514894312899999E+00   3.999954122100000E-01  -7.027248467500000E+00   3.406954320000000E+00
   9.999994765400000E-01   9.515691594400000E+00   3.999974961700000E-01  -7.018840994100000E+00   3.258524581000000E+00
   1.000000000000000E+00   9.516452837399999E+00   3.999994474400000E-01  -7.008577482200000E+00   3.107476255600000E+00
