   0.000000000000000E+00   1.036475990600000E+01   7.500000000000000E-01   1.415130505500000E-01   2.282548558800000E-03
   2.655174146400000E-04   1.036455371400000E+01   7.498957986000000E-01   1.415178641800000E-01   2.283038802000000E-03
   5.310348292900000E-04   1.036434698100000E+01   7.497915964700000E-01   1.415306067300000E-01   2.283783500700000E-03
   7.965522439300000E-04   1.036413976500000E+01   7.496873945000000E-01   1.415502685700000E-01   2.284750304500000E-03
   1.062069658600000E-03   1.036393211800000E+01   7.495831934500000E-01   1.415759694000000E-01   2.285911337200000E-03
   1.363075716900000E-03   1.036369624900000E+01   7.494650670100000E-01   1.416114449000000E-01   2.287431433400000E-03
   1.664081775200000E-03   1.036345993700000E+01   7.493469434600000E-01   1.416527329200000E-01   2.289139085800000E-03
   1.965087833500000E-03   1.036322322900000E+01   7.492288235300000E-01   1.416990041600000E-01   2.291007663700000E-03
   2.266093891800000E-03   1.036298616500000E+01   7.491107078400000E-01   1.417495477400000E-01   2.293014835800000E-03
   2.612477232100000E-03   1.036271297000000E+01   7.489747918900000E-01   1.418122120400000E-01   2.295470606700000E-03
   2.958860572500000E-03   1.036243939500000E+01   7.488388829400000E-01   1.418789453900000E-01   2.298059340900000E-03
   3.305243912900000E-03   1.036216548000000E+01   7.487029815700000E-01   1.419490878300000E-01   2.300759675900000E-03
   3.651627253200000E-03   1.036189125500000E+01   7.485670882500000E-01   1.420220861400000E-01   2.303554427800000E-03
   4.059029757000000E-03   1.036156836200000E+01   7.484072667200000E-01   1.421109773600000E-01   2.306941813800000E-03
   4.466432260700000E-03   1.036124511300000E+01   7.482474574400000E-01   1.422025614700000E-01   2.310419690500000E-03
   4.873834764400000E-03   1.036092153900000E+01   7.480876608400000E-01   1.422963322900000E-01   2.313971408800000E-03
   5.281237268200000E-03   1.036059766100000E+01   7.479278772900000E-01   1.423918782900000E-01   2.317584434400000E-03
   5.777365088500000E-03   1.036020286700000E+01   7.477333136400000E-01   1.425101531800000E-01   2.322050841600000E-03
   6.273492908800000E-03   1.035980767900000E+01   7.475387701700000E-01   1.426300918300000E-01   2.326577103100000E-03
   6.769620729200000E-03   1.035941211900000E+01   7.473442472100000E-01   1.427513213500000E-01   2.331150601500000E-03
   7.265748549500000E-03   1.035901620400000E+01   7.471497450100000E-01   1.428735518100000E-01   2.335762837600000E-03
   7.918143814300000E-03   1.035849506700000E+01   7.468940115500000E-01   1.430354368500000E-01   2.341873490300000E-03
   8.570539079199999E-03   1.035797335800000E+01   7.466383146300000E-01   1.431982902800000E-01   2.348026393900000E-03
   9.222934344000001E-03   1.035745109500000E+01   7.463826544800000E-01   1.433618375000000E-01   2.354211851300000E-03
   9.875329608900000E-03   1.035692828800000E+01   7.461270312700000E-01   1.435258815100000E-01   2.360424495000000E-03
   1.098472472000000E-02   1.035603803000000E+01   7.456924302900000E-01   1.438056039100000E-01   2.371037038600000E-03
   1.209411983200000E-02   1.035514624700000E+01   7.452579367800000E-01   1.440859309200000E-01   2.381700376300000E-03
   1.320351494400000E-02   1.035425295300000E+01   7.448235509100000E-01   1.443666045200000E-01   2.392405165900000E-03
   1.431291005500000E-02   1.035335815500000E+01   7.443892727700000E-01   1.446474803400000E-01   2.403147871600000E-03
   1.738201943300000E-02   1.035087492100000E+01   7.431884162900000E-01   1.454250272200000E-01   2.433042547600000E-03
   2.045112881100000E-02   1.034838023700000E+01   7.419883841500000E-01   1.462029262600000E-01   2.463185714100000E-03
   2.352023818900000E-02   1.034587410200000E+01   7.407891756400000E-01   1.469810053800000E-01   2.493571799700000E-03
   2.658934756600000E-02   1.034335650400000E+01   7.395907899300000E-01   1.477592483500000E-01   2.524202596300000E-03
   4.361435870700000E-02   1.032918212900000E+01   7.329579894900000E-01   1.520793252000000E-01   2.698604463000000E-03
   6.063936984800000E-02   1.031465243700000E+01   7.263503418200000E-01   1.564049649800000E-01   2.880788060300000E-03
   7.766438098800001E-02   1.029976500400000E+01   7.197677124000000E-01   1.607368625700000E-01   3.071001386700000E-03
   9.468939212900000E-02   1.028451719100000E+01   7.132099729200000E-01   1.650757278200000E-01   3.269506014800000E-03
   1.120821439700000E-01   1.026856491300000E+01   7.065361614500000E-01   1.695162567000000E-01   3.481142497100000E-03
   1.294748958100000E-01   1.025223025300000E+01   6.998880762600000E-01   1.739655942600000E-01   3.702021126800000E-03
   1.468676476600000E-01   1.023550967500000E+01   6.932656011500000E-01   1.784245424400000E-01   3.932460005100000E-03
   1.642603995000000E-01   1.021839939000000E+01   6.866686270100000E-01   1.828939224700000E-01   4.172794109800000E-03
   1.801242742100000E-01   1.020244990200000E+01   6.806736981700000E-01   1.869802403200000E-01   4.400926497300000E-03
   1.959881489100000E-01   1.018616958000000E+01   6.746998272800000E-01   1.910765936400000E-01   4.637860836600000E-03
   2.118520236200000E-01   1.016955497900000E+01   6.687469475300000E-01   1.951836564100000E-01   4.883887615300000E-03
   2.277158983300000E-01   1.015260246900000E+01   6.628149974000000E-01   1.993021196000000E-01   5.139311387800000E-03
   2.417879784000000E-01   1.013727883200000E+01   6.575705216200000E-01   2.029655249800000E-01   5.374005831400000E-03
   2.558600584700000E-01   1.012168353100000E+01   6.523424346800000E-01   2.066389700100000E-01   5.616576060600000E-03
   2.699321385400000E-01   1.010581367900000E+01   6.471307044600000E-01   2.103229787000000E-01   5.867262893300000E-03
   2.840042186100000E-01   1.008966628200000E+01   6.419353023800000E-01   2.140180879300000E-01   6.126317557900000E-03
   2.969273720100000E-01   1.007459012400000E+01   6.371784446200000E-01   2.174217586800000E-01   6.371816040800000E-03
   3.098505254200000E-01   1.005927481900000E+01   6.324353199000000E-01   2.208356962000000E-01   6.624802688300000E-03
   3.227736788300000E-01   1.004371784100000E+01   6.277059142900000E-01   2.242603517200000E-01   6.885496080500000E-03
   3.356968322400000E-01   1.002791661200000E+01   6.229902166200000E-01   2.276961875300000E-01   7.154123447200000E-03
   3.477972545700000E-01   1.001289759300000E+01   6.185871552100000E-01   2.309238437100000E-01   7.413050725800000E-03
   3.598976769100000E-01   9.997659952699999E+00   6.141960999400000E-01   2.341621186100000E-01   7.679341803500000E-03
   3.719980992400000E-01   9.982201493700000E+00   6.098170484600000E-01   2.374114230300000E-01   7.953205136700000E-03
   3.840985215800000E-01   9.966520015500000E+00   6.054500007100000E-01   2.406721777400000E-01   8.234856817700000E-03
   3.956158626400000E-01   9.951385014600000E+00   6.013045393599999E-01   2.437868378400000E-01   8.510375896899999E-03
   4.071332037000000E-01   9.936044109599999E+00   5.971699588300000E-01   2.469126444200000E-01   8.793354063800000E-03
   4.186505447600000E-01   9.920495462400000E+00   5.930462651400000E-01   2.500499889400000E-01   9.083998785900001E-03
   4.301678858200000E-01   9.904737285700000E+00   5.889334663500000E-01   2.531992721600000E-01   9.382524621700000E-03
   4.418833521500000E-01   9.888491290099999E+00   5.847611059300000E-01   2.564154030200000E-01   9.694501126800001E-03
   4.535988184900000E-01   9.872025001000001E+00   5.806000420200000E-01   2.596447548700000E-01   1.001510465600000E-02
   4.653142848300000E-01   9.855336831600001E+00   5.764502899500000E-01   2.628877816300000E-01   1.034458655800000E-02
   4.770297511700000E-01   9.838425352300000E+00   5.723118674900000E-01   2.661449480100000E-01   1.068320673900000E-02
   4.876490438000000E-01   9.822902231000000E+00   5.685704681900000E-01   2.691099683300000E-01   1.099826498500000E-02
   4.982683364200000E-01   9.807193853999999E+00   5.648384109700000E-01   2.720873591700000E-01   1.132126028100000E-02
   5.088876290500000E-01   9.791299652699999E+00   5.611157144000000E-01   2.750774901600000E-01   1.165240718900000E-02
   5.195069216800000E-01   9.775219279400000E+00   5.574023988300000E-01   2.780807383300000E-01   1.199192642700000E-02
   5.290111578700000E-01   9.760669433200000E+00   5.540869653800000E-01   2.807800743300000E-01   1.230308193100000E-02
   5.385153940600000E-01   9.745970514800000E+00   5.507790811100000E-01   2.834905052500000E-01   1.262129473700000E-02
   5.480196302600000E-01   9.731122878400001E+00   5.474787643400000E-01   2.862123153500000E-01   1.294673824500000E-02
   5.575238664500000E-01   9.716127127100000E+00   5.441860345900000E-01   2.889457933300000E-01   1.327958975200000E-02
   5.662193257200000E-01   9.702278460800001E+00   5.411801681900000E-01   2.914571312200000E-01   1.359076175900000E-02
   5.749147849800000E-01   9.688307456000000E+00   5.381806866600000E-01   2.939787067900000E-01   1.390843050100000E-02
   5.836102442500000E-01   9.674215269499999E+00   5.351876076700000E-01   2.965107483800000E-01   1.423274300800000E-02
   5.923057035100000E-01   9.660003335400001E+00   5.322009498000000E-01   2.990534867300000E-01   1.456384878300000E-02
   6.004457621100000E-01   9.646592171900000E+00   5.294108935000000E-01   3.014437131400000E-01   1.488009875100000E-02
   6.085858207000000E-01   9.633079288299999E+00   5.266264980000001E-01   3.038437080400000E-01   1.520256448900000E-02
   6.167258793000000E-01   9.619466673700000E+00   5.238477807000000E-01   3.062536628100000E-01   1.553137725400000E-02
   6.248659379000000E-01   9.605756636200001E+00   5.210747596999999E-01   3.086737695900000E-01   1.586666980600000E-02
   6.322130852700000E-01   9.593300622399999E+00   5.185767612500000E-01   3.108670128200000E-01   1.617497887600000E-02
   6.395602326299999E-01   9.580769621800000E+00   5.160834330300000E-01   3.130688228800000E-01   1.648877840100000E-02
   6.469073800000000E-01   9.568166136100000E+00   5.135947898300000E-01   3.152793387400000E-01   1.680817144900000E-02
   6.542545273700000E-01   9.555492969299999E+00   5.111108469000000E-01   3.174986987600000E-01   1.713326146700000E-02
   6.610569288100000E-01   9.543700033700000E+00   5.088152771900000E-01   3.195615098100000E-01   1.743941905100000E-02
   6.678593302500000E-01   9.531852803600000E+00   5.065237628700000E-01   3.216321255500000E-01   1.775063440900000E-02
   6.746617317000000E-01   9.519954319900000E+00   5.042363170900001E-01   3.237106501600000E-01   1.806699290400000E-02
   6.814641331400000E-01   9.508007928600000E+00   5.019529533200000E-01   3.257971861100000E-01   1.838857954800000E-02
   6.878315224400000E-01   9.496785348800000E+00   4.998193212000000E-01   3.277576354400000E-01   1.869441488700000E-02
   6.941989117400000E-01   9.485527300499999E+00   4.976892893500000E-01   3.297252701900000E-01   1.900497698600000E-02
   7.005663010400000E-01   9.474237368900001E+00   4.955628695800000E-01   3.317001659300000E-01   1.932033706200000E-02
   7.069336903500000E-01   9.462919451199999E+00   4.934400739000000E-01   3.336823956400000E-01   1.964056538800000E-02
   7.129352982600000E-01   9.452229875900001E+00   4.914425532400000E-01   3.355575296000000E-01   1.994691857000000E-02
   7.189369061799999E-01   9.441523024000000E+00   4.894482735700000E-01   3.374392945500000E-01   2.025771814300000E-02
   7.249385141000000E-01   9.430803029300000E+00   4.874572454800000E-01   3.393277405600000E-01   2.057302288100000E-02
   7.309401220100000E-01   9.420074346200000E+00   4.854694797000000E-01   3.412229142300000E-01   2.089289009400000E-02
   7.366267848200000E-01   9.409904995400000E+00   4.835890453600000E-01   3.430248799400000E-01   2.120023357500000E-02
   7.423134476200000E-01   9.399736524500000E+00   4.817115590500000E-01   3.448329543000000E-01   2.151177212000000E-02
   7.480001104200000E-01   9.389573624700001E+00   4.798370302400000E-01   3.466471635300000E-01   2.182755295100000E-02
   7.536867732300000E-01   9.379421317000000E+00   4.779654684600000E-01   3.484675295500000E-01   2.214762135900000E-02
   7.590982557900000E-01   9.369775021200001E+00   4.761872363400000E-01   3.502055386400000E-01   2.245622405800000E-02
   7.645097383400000E-01   9.360148115199999E+00   4.744117081100000E-01   3.519491465800000E-01   2.276878672300000E-02
   7.699212209000000E-01   9.350545860100000E+00   4.726388921300000E-01   3.536983565600000E-01   2.308534544700000E-02
   7.753327034500000E-01   9.340973857200000E+00   4.708687968100000E-01   3.554531666400000E-01   2.340593394900000E-02
   7.805013523600000E-01   9.331865108800001E+00   4.691806803700000E-01   3.571344523800000E-01   2.371592933100000E-02
   7.856700012600000E-01   9.322794906500000E+00   4.674950609300000E-01   3.588208260200000E-01   2.402965697800000E-02
   7.908386501700000E-01   9.313769098600000E+00   4.658119458200000E-01   3.605122679500000E-01   2.434714195600000E-02
   7.960072990700000E-01   9.304793884300000E+00   4.641313423600000E-01   3.622087526900000E-01   2.466840653300000E-02
   8.009601631000000E-01   9.296246915299999E+00   4.625232653500000E-01   3.638391119000000E-01   2.497982430600000E-02
   8.059130271300000E-01   9.287758543400001E+00   4.609175076900000E-01   3.654740361700000E-01   2.529474725300000E-02
   8.108658911600000E-01   9.279335226400001E+00   4.593140756800000E-01   3.671134829400000E-01   2.561318928300000E-02
   8.158187551900000E-01   9.270983784100000E+00   4.577129755700000E-01   3.687574030200000E-01   2.593516109400000E-02
   8.205789517500000E-01   9.263031641600000E+00   4.561763619200000E-01   3.703415363200000E-01   2.624794286700000E-02
   8.253391483100000E-01   9.255159274300000E+00   4.546419133400000E-01   3.719296907200000E-01   2.656399768800000E-02
   8.300993448700000E-01   9.247373777000000E+00   4.531096351100000E-01   3.735218002900000E-01   2.688332798700000E-02
   8.348595414300000E-01   9.239682618300000E+00   4.515795324000000E-01   3.751177916300000E-01   2.720593257900000E-02
   8.394470193900000E-01   9.232367134000000E+00   4.501070110900000E-01   3.766594700900000E-01   2.751992672700000E-02
   8.440344973400000E-01   9.225153956900000E+00   4.486365193800000E-01   3.782045959500000E-01   2.783695148800000E-02
   8.486219752900001E-01   9.218050851899999E+00   4.471680615000000E-01   3.797530791500000E-01   2.815699733900000E-02
   8.532094532400000E-01   9.211065970500000E+00   4.457016415700000E-01   3.813048213700000E-01   2.848005073900000E-02
   8.576417880000000E-01   9.204437634200000E+00   4.442867536800000E-01   3.828070795300000E-01   2.879502008800000E-02
   8.620741227700000E-01   9.197935733600000E+00   4.428737752700000E-01   3.843121735400000E-01   2.911276252200000E-02
   8.665064575300000E-01   9.191568743800000E+00   4.414627095300000E-01   3.858199882000000E-01   2.943325594700000E-02
   8.709387922900000E-01   9.185345540700000E+00   4.400535594800000E-01   3.873303993800000E-01   2.975647385400000E-02
   8.752326860300000E-01   9.179462601899999E+00   4.386902527900000E-01   3.887959829600000E-01   3.007216613300000E-02
   8.795265797700000E-01   9.173732166300001E+00   4.373287489400000E-01   3.902637457800000E-01   3.039035531300000E-02
   8.838204735100000E-01   9.168163474500000E+00   4.359690500600000E-01   3.917335463000000E-01   3.071100596600000E-02
   8.881143672600000E-01   9.162766183800001E+00   4.346111580100000E-01   3.932052332300000E-01   3.103407784200000E-02
   8.922846485900000E-01   9.157697904000001E+00   4.332940880100000E-01   3.946362050800000E-01   3.135012483100000E-02
   8.964549299200000E-01   9.152810466600000E+00   4.319787251100000E-01   3.960686446600000E-01   3.166836828200000E-02
   9.006252112499999E-01   9.148113943100000E+00   4.306650703000000E-01   3.975023825900000E-01   3.198875852300000E-02
   9.047954925900000E-01   9.143618840500000E+00   4.293531242800000E-01   3.989372389700000E-01   3.231124065300000E-02
   9.088561663200000E-01   9.139445866999999E+00   4.280773026000000E-01   4.003352751400000E-01   3.262720044000000E-02
   9.129168400500000E-01   9.135484798900000E+00   4.268031015700000E-01   4.017340025700000E-01   3.294502684100000E-02
   9.169775137800000E-01   9.131746622200000E+00   4.255305210000000E-01   4.031332222400000E-01   3.326465486300000E-02
   9.210381875100000E-01   9.128242779800001E+00   4.242595603600000E-01   4.045327238200000E-01   3.358601387800000E-02
   9.250029024000000E-01   9.125059234300000E+00   4.230201962800000E-01   4.058992121900000E-01   3.390137632500000E-02
   9.289676172800000E-01   9.122121979599999E+00   4.217823745300000E-01   4.072655383700000E-01   3.421824029500000E-02
   9.329323321700000E-01   9.119443025300001E+00   4.205460936600000E-01   4.086314714800000E-01   3.453652419800000E-02
   9.368970470600000E-01   9.117034862500001E+00   4.193113518200000E-01   4.099967685600000E-01   3.485614039200000E-02
   9.407797004900000E-01   9.114951486200001E+00   4.181036560500000E-01   4.113329440000000E-01   3.517034250100000E-02
   9.446623539300000E-01   9.113152946200000E+00   4.168974316900000E-01   4.126680114000000E-01   3.548563882000000E-02
   9.485450073700000E-01   9.111652420300000E+00   4.156926758900000E-01   4.140017052800000E-01   3.580192959600000E-02
   9.524276608100000E-01   9.110463599599999E+00   4.144893853800000E-01   4.153337472400000E-01   3.611910859900000E-02
   9.562433842100000E-01   9.109612737499999E+00   4.133082615100000E-01   4.166409348000000E-01   3.643157633600000E-02
   9.600591076100000E-01   9.109090677199999E+00   4.121285453700000E-01   4.179459546200000E-01   3.674467972500000E-02
   9.638748310100000E-01   9.108911969699999E+00   4.109502325700000E-01   4.192485028200000E-01   3.705829883300000E-02
   9.676905544200000E-01   9.109091717800000E+00   4.097733182900000E-01   4.205482618000000E-01   3.737230680100000E-02
   9.714612452300000E-01   9.109636814100000E+00   4.086116624100000E-01   4.218296164100000E-01   3.768285996900000E-02
   9.752319360400000E-01   9.110562952200000E+00   4.074513614100000E-01   4.231075888000000E-01   3.799352595300000E-02
   9.790026268499999E-01   9.111886411700000E+00   4.062924091600000E-01   4.243818301400000E-01   3.830416137200000E-02
   9.827733176700000E-01   9.113624078100001E+00   4.051347989900000E-01   4.256519769500000E-01   3.861461538200000E-02
   9.859334533400000E-01   9.115412153399999E+00   4.041656590400000E-01   4.267130307500000E-01   3.887454532800000E-02
   9.890935890200000E-01   9.117514104900000E+00   4.031974521300000E-01   4.277707117000000E-01   3.913413917300000E-02
   9.922537246899999E-01   9.119940922500000E+00   4.022301734100000E-01   4.288247807500000E-01   3.939329542200000E-02
   9.954138603600000E-01   9.122703936200001E+00   4.012638177400000E-01   4.298749909000000E-01   3.965190852100000E-02
   9.962544831300000E-01   9.123497008499999E+00   4.010069137200000E-01   4.301536736300000E-01   3.972059647600000E-02
   9.970951058900001E-01   9.124314918800000E+00   4.007500745200000E-01   4.304320604100000E-01   3.978923614500000E-02
   9.979357286500000E-01   9.125157893000001E+00   4.004933000300000E-01   4.307101462900000E-01   3.985782538900000E-02
   9.987763514200000E-01   9.126026158800000E+00   4.002365901500000E-01   4.309879263000000E-01   3.992636205400000E-02
   9.989120784700000E-01   9.126168736100000E+00   4.001951477900000E-01   4.310327476700000E-01   3.993742291500000E-02
   9.990478055300001E-01   9.126311979700001E+00   4.001537071100000E-01   4.310775609200000E-01   3.994848234000000E-02
   9.991835325800000E-01   9.126455890500001E+00   4.001122681200000E-01   4.311223660200000E-01   3.995954031700000E-02
   9.993192596300000E-01   9.126600469600000E+00   4.000708308000000E-01   4.311671629400000E-01   3.997059684400000E-02
   9.993594203200000E-01   9.126643377800001E+00   4.000585701100000E-01   4.311804164700000E-01   3.997386811200000E-02
   9.993995810000000E-01   9.126686344600000E+00   4.000463095700000E-01   4.311936692700000E-01   3.997713927000000E-02
   9.994397416900000E-01   9.126729370000000E+00   4.000340491700000E-01   4.312069213300000E-01   3.998041033800000E-02
   9.994799023700000E-01   9.126772454099999E+00   4.000217889200000E-01   4.312201724300000E-01   3.998368167500000E-02
   9.995001484000000E-01   9.126794196200001E+00   4.000156082700000E-01   4.312268520400000E-01   3.998533134600000E-02
   9.995203944200000E-01   9.126815953199999E+00   4.000094276600000E-01   4.312335308200000E-01   3.998698206200000E-02
   9.995406404400000E-01   9.126837725100000E+00   4.000032470900000E-01   4.312402078400000E-01   3.998863536300000E-02
   9.995608864600000E-01   9.126859511999999E+00   3.999970665600000E-01   4.312468806800000E-01   3.999029525700000E-02
   9.995737957200000E-01   9.126873411700000E+00   3.999931257500000E-01   4.312511309100000E-01   3.999136092600000E-02
   9.995867049800000E-01   9.126887317500000E+00   3.999891849500000E-01   4.312553745200000E-01   3.999243746100000E-02
   9.995996142400000E-01   9.126901229600000E+00   3.999852441800000E-01   4.312596064600000E-01   3.999353323100000E-02
   9.996125234900000E-01   9.126915148100000E+00   3.999813034100000E-01   4.312638177000000E-01   3.999466323400000E-02
   9.996218324400000E-01   9.126925188900000E+00   3.999784617200000E-01   4.312668332200000E-01   3.999551323500000E-02
   9.996311413900000E-01   9.126935233399999E+00   3.999756200300000E-01   4.312698207900000E-01   3.999640956500000E-02
   9.996404503400000E-01   9.126945281699999E+00   3.999727783500000E-01   4.312727662300000E-01   3.999737576800000E-02
   9.996497592900000E-01   9.126955334200000E+00   3.999699366800000E-01   4.312756480500000E-01   3.999844749700000E-02
   9.996569795700000E-01   9.126963134500000E+00   3.999677326100000E-01   4.312778196300000E-01   3.999938436200000E-02
   9.996641998500000E-01   9.126970937999999E+00   3.999655285600000E-01   4.312799127900000E-01   4.000045137000000E-02
   9.996714201400000E-01   9.126978745200001E+00   3.999633245100000E-01   4.312818981400000E-01   4.000169729000000E-02
   9.996786404200000E-01   9.126986556700000E+00   3.999611204700000E-01   4.312837352300000E-01   4.000318929100000E-02
   9.996845123100000E-01   9.126992913300001E+00   3.999593280600000E-01   4.312850823900000E-01   4.000464640100000E-02
   9.996903841900000E-01   9.126999273999999E+00   3.999575356600000E-01   4.312862559900000E-01   4.000639159500000E-02
   9.996962560800000E-01   9.127005639800000E+00   3.999557432700000E-01   4.312872048100000E-01   4.000850989500000E-02
   9.997021279600000E-01   9.127012011600000E+00   3.999539509000000E-01   4.312878624600000E-01   4.001111152400000E-02
   9.997070633400000E-01   9.127017372999999E+00   3.999524444200000E-01   4.312881280500000E-01   4.001377490700000E-02
   9.997119987100000E-01   9.127022740699999E+00   3.999509379600000E-01   4.312880637100000E-01   4.001698597600000E-02
   9.997169340900000E-01   9.127028116200000E+00   3.999494315200000E-01   4.312875893700000E-01   4.002087763600000E-02
   9.997218694700000E-01   9.127033501000000E+00   3.999479251200000E-01   4.312866054800000E-01   4.002561513000000E-02
   9.997261191700000E-01   9.127038146800000E+00   3.999466280300000E-01   4.312852566000000E-01   4.003052724700000E-02
   9.997303688700000E-01   9.127042802700000E+00   3.999453309800000E-01   4.312833429000000E-01   4.003637696500000E-02
   9.997346185700000E-01   9.127047470600001E+00   3.999440339700000E-01   4.312807482400000E-01   4.004335708800000E-02
   9.997388682700000E-01   9.127052152799999E+00   3.999427370000000E-01   4.312773325400000E-01   4.005170014800000E-02
   9.997425955200000E-01   9.127056273399999E+00   3.999415995400000E-01   4.312735287900000E-01   4.006035877400000E-02
   9.997463227600000E-01   9.127060409500000E+00   3.999404621200000E-01   4.312688291700000E-01   4.007050456600000E-02
   9.997500499999999E-01   9.127064563599999E+00   3.999393247700000E-01   4.312630740500000E-01   4.008240251500000E-02
   9.997537772400000E-01   9.127068739000000E+00   3.999381874900000E-01   4.312560753100000E-01   4.009636490300000E-02
   9.997570939600000E-01   9.127072475300000E+00   3.999371755500000E-01   4.312486234100000E-01   4.011082134600000E-02
   9.997604106900000E-01   9.127076234400000E+00   3.999361636800000E-01   4.312398303500000E-01   4.012750416000000E-02
   9.997637274100000E-01   9.127080019699999E+00   3.999351519000000E-01   4.312294854600000E-01   4.014676303600000E-02
   9.997670441299999E-01   9.127083835400001E+00   3.999341402300000E-01   4.312173449800000E-01   4.016900265000000E-02
   9.997700301700000E-01   9.127087300500000E+00   3.999332295300000E-01   4.312046469500000E-01   4.019195981600000E-02
   9.997730162000000E-01   9.127090797899999E+00   3.999323189300000E-01   4.311900299400000E-01   4.021810253400000E-02
   9.997760022400000E-01   9.127094332000000E+00   3.999314084700000E-01   4.311732246400000E-01   4.024787785300000E-02
   9.997789882800000E-01   9.127097908100000E+00   3.999304981500000E-01   4.311539239300000E-01   4.028179561400000E-02
   9.997817025100000E-01   9.127101200000000E+00   3.999296708300000E-01   4.311339217100000E-01   4.031670690700000E-02
   9.997844167400000E-01   9.127104536199999E+00   3.999288436700000E-01   4.311112716600000E-01   4.035601362900000E-02
   9.997871309700000E-01   9.127107922400000E+00   3.999280166800000E-01   4.310856381100000E-01   4.040027298300000E-02
   9.997898451900000E-01   9.127111364999999E+00   3.999271898900000E-01   4.310566428100000E-01   4.045011285200000E-02
   9.997923322400000E-01   9.127114574900000E+00   3.999264324900000E-01   4.310267605600000E-01   4.050128210700000E-02
   9.997948192900000E-01   9.127117844100001E+00   3.999256752900000E-01   4.309933318500000E-01   4.055833846800000E-02
   9.997973063400000E-01   9.127121179400000E+00   3.999249183300000E-01   4.309559468500000E-01   4.062196220300000E-02
   9.997997933800000E-01   9.127124588599999E+00   3.999241616200000E-01   4.309141483700000E-01   4.069291222600000E-02
   9.998020878300000E-01   9.127127806600001E+00   3.999234637600000E-01   4.308712335100000E-01   4.076559411900000E-02
   9.998043822800000E-01   9.127131101900000E+00   3.999227661700000E-01   4.308236848800000E-01   4.084596791200000E-02
   9.998066767200000E-01   9.127134482900001E+00   3.999220688700000E-01   4.307710106400000E-01   4.093484995000000E-02
   9.998089711700000E-01   9.127137958600001E+00   3.999213719100000E-01   4.307126667600000E-01   4.103314324100000E-02
   9.998111003900000E-01   9.127141277400000E+00   3.999207254500000E-01   4.306529283200000E-01   4.113364723600000E-02
   9.998132296100000E-01   9.127144695300000E+00   3.999200793400000E-01   4.305872607200000E-01   4.124399312300000E-02
   9.998153588299999E-01   9.127148221800001E+00   3.999194336100000E-01   4.305150822100000E-01   4.136514648500000E-02
   9.998174880500000E-01   9.127151867700000E+00   3.999187882800000E-01   4.304357539300000E-01   4.149816764800000E-02
   9.998194740100000E-01   9.127155386200000E+00   3.999181867900000E-01   4.303547021400000E-01   4.163395900200000E-02
   9.998214599700000E-01   9.127159029000000E+00   3.999175857200000E-01   4.302661985400000E-01   4.178211927100000E-02
   9.998234459300001E-01   9.127162807500000E+00   3.999169851200000E-01   4.301695634300000E-01   4.194377649100000E-02
   9.998254318899999E-01   9.127166733999999E+00   3.999163850400000E-01   4.300640551200000E-01   4.212016155900000E-02
   9.998272925600000E-01   9.127170559200000E+00   3.999158233200000E-01   4.299564342200000E-01   4.229997339500000E-02
   9.998291532300000E-01   9.127174538200000E+00   3.999152621300000E-01   4.298395912200000E-01   4.249509175700000E-02
   9.998310139000000E-01   9.127178684100000E+00   3.999147015200000E-01   4.297127403800000E-01   4.270682057900000E-02
   9.998328745800000E-01   9.127183011300000E+00   3.999141415400000E-01   4.295750289800000E-01   4.293657483100000E-02
   9.998346247800000E-01   9.127187260600000E+00   3.999136154200000E-01   4.294347548200000E-01   4.317051142300000E-02
   9.998363749800000E-01   9.127191697800001E+00   3.999130899500000E-01   4.292832207000000E-01   4.342313569500000E-02
   9.998381251800000E-01   9.127196337899999E+00   3.999125651800000E-01   4.291195265700000E-01   4.369594099800000E-02
   9.998398753800000E-01   9.127201197000000E+00   3.999120411800000E-01   4.289427004900000E-01   4.399053993900000E-02
   9.998415275400000E-01   9.127206000499999E+00   3.999115472700000E-01   4.287627879200000E-01   4.429019680600000E-02
   9.998431796900000E-01   9.127211030700000E+00   3.999110541600000E-01   4.285692885500000E-01   4.461240114400000E-02
   9.998448318399999E-01   9.127216304599999E+00   3.999105618800000E-01   4.283611796800000E-01   4.495884951100000E-02
   9.998464839900000E-01   9.127221840500001E+00   3.999100705100000E-01   4.281373617000000E-01   4.533136598300000E-02
   9.998480485800000E-01   9.127227342399999E+00   3.999096060800000E-01   4.279098552000000E-01   4.570994387100000E-02
   9.998496131600000E-01   9.127233114799999E+00   3.999091425900000E-01   4.276661245300000E-01   4.611544299400000E-02
   9.998511777400000E-01   9.127239177100000E+00   3.999086801000000E-01   4.274050158100000E-01   4.654977709300000E-02
   9.998527423300000E-01   9.127245549900000E+00   3.999082186900000E-01   4.271252932000000E-01   4.701499573800000E-02
   9.998542283000000E-01   9.127251910000000E+00   3.999077815200000E-01   4.268411878700000E-01   4.748743005100000E-02
   9.998557142600000E-01   9.127258590200000E+00   3.999073454700000E-01   4.265378875300000E-01   4.799171078100000E-02
   9.998572002300000E-01   9.127265612200000E+00   3.999069105900000E-01   4.262140983600000E-01   4.852998314700000E-02
   9.998586862000000E-01   9.127272999000001E+00   3.999064769800000E-01   4.258684394800000E-01   4.910453657000000E-02
   9.998601012600000E-01   9.127280394900000E+00   3.999060653100000E-01   4.255175994000000E-01   4.968763046500000E-02
   9.998615163200000E-01   9.127288166400000E+00   3.999056549400000E-01   4.251442359300000E-01   5.030808644200000E-02
   9.998629313700000E-01   9.127296337700001E+00   3.999052459500000E-01   4.247469063200000E-01   5.096829585000000E-02
   9.998643464300000E-01   9.127304934500000E+00   3.999048384300000E-01   4.243240755300000E-01   5.167080267300000E-02
   9.998656972700000E-01   9.127313563000000E+00   3.999044508700000E-01   4.238951426400000E-01   5.238337492000000E-02
   9.998670481100000E-01   9.127322629100000E+00   3.999040648200000E-01   4.234399746300000E-01   5.313945711400000E-02
   9.998683989600000E-01   9.127332159700000E+00   3.999036803800000E-01   4.229569704100000E-01   5.394170185800000E-02
   9.998697498000000E-01   9.127342183000000E+00   3.999032976500000E-01   4.224444314500000E-01   5.479292288100000E-02
   9.998710422700000E-01   9.127352262200001E+00   3.999029331400000E-01   4.219247291400000E-01   5.565596326800000E-02
   9.998723347500000E-01   9.127362848000001E+00   3.999025703900000E-01   4.213746691600000E-01   5.656933778800000E-02
   9.998736272199999E-01   9.127373969800001E+00   3.999022094900000E-01   4.207924823400000E-01   5.753597592300000E-02
   9.998749196900000E-01   9.127385659000000E+00   3.999018505500000E-01   4.201762967700000E-01   5.855897686300000E-02
   9.998761589600000E-01   9.127397430300000E+00   3.999015083400000E-01   4.195517195600000E-01   5.959582344100000E-02
   9.998773982200000E-01   9.127409784399999E+00   3.999011681500000E-01   4.188922212100000E-01   6.069055256500000E-02
   9.998786374800001E-01   9.127422753799999E+00   3.999008300800000E-01   4.181958542900000E-01   6.184638687700000E-02
   9.998798767400000E-01   9.127436372800000E+00   3.999004942700000E-01   4.174605632100000E-01   6.306672739400000E-02
   9.998810673900000E-01   9.127450103299999E+00   3.999001738600000E-01   4.167154340900000E-01   6.430329526799999E-02
   9.998822580400000E-01   9.127464500900000E+00   3.998998557500000E-01   4.159303444300000E-01   6.560607404000000E-02
   9.998834487000000E-01   9.127479601299999E+00   3.998995400800000E-01   4.151031575300000E-01   6.697859685200000E-02
   9.998846393500000E-01   9.127495442000001E+00   3.998992269700000E-01   4.142316230000000E-01   6.842458401000000E-02
   9.998857854800000E-01   9.127511426700000E+00   3.998989281200000E-01   4.133485799300000E-01   6.988954367000000E-02
   9.998869316000000E-01   9.127528171400000E+00   3.998986319000000E-01   4.124200255400000E-01   7.142987809600000E-02
   9.998880777300000E-01   9.127545715100000E+00   3.998983384400000E-01   4.114436222700000E-01   7.304944900800001E-02
   9.998892238500000E-01   9.127564099000001E+00   3.998980478900000E-01   4.104169132800000E-01   7.475231419599999E-02
   9.998903291700000E-01   9.127582664500000E+00   3.998977705800000E-01   4.093766989700000E-01   7.647742736400000E-02
   9.998914344800000E-01   9.127602092300000E+00   3.998974962500000E-01   4.082848661000000E-01   7.828798535700000E-02
   9.998925398000000E-01   9.127622425100000E+00   3.998972250500000E-01   4.071388635800000E-01   8.018819815500000E-02
   9.998936451100000E-01   9.127643707600001E+00   3.998969571400000E-01   4.059360152000000E-01   8.218248088000001E-02
   9.998947129600000E-01   9.127665214900000E+00   3.998967015800000E-01   4.047173139600000E-01   8.420285454500000E-02
   9.998957808100000E-01   9.127687697100001E+00   3.998964494000000E-01   4.034402832500000E-01   8.631972248899999E-02
   9.998968486599999E-01   9.127711200600000E+00   3.998962007500000E-01   4.021021446900000E-01   8.853766397700000E-02
   9.998979165100000E-01   9.127735774200000E+00   3.998959558000000E-01   4.006999887700000E-01   9.086147267300000E-02
   9.998989499800000E-01   9.127760623900000E+00   3.998957224300000E-01   3.992791403800000E-01   9.321601250700000E-02
   9.998999834600000E-01   9.127786572300000E+00   3.998954928600000E-01   3.977925880100000E-01   9.567916832300000E-02
   9.999010169300000E-01   9.127813669900000E+00   3.998952672600000E-01   3.962373105500000E-01   9.825591199500000E-02
   9.999020504100000E-01   9.127841969900000E+00   3.998950458300000E-01   3.946101495900000E-01   1.009514392800000E-01
   9.999030523600000E-01   9.127870606600000E+00   3.998948353000000E-01   3.929608837700000E-01   1.036832630300000E-01
   9.999040543000000E-01   9.127900478300001E+00   3.998946290400000E-01   3.912378086400000E-01   1.065369998200000E-01
   9.999050562500000E-01   9.127931640000000E+00   3.998944272500000E-01   3.894376432200000E-01   1.095180398300000E-01
   9.999060581900000E-01   9.127964149300000E+00   3.998942301200000E-01   3.875569627000000E-01   1.126320069000000E-01
   9.999070312700000E-01   9.127997068699999E+00   3.998940433300000E-01   3.856500116500000E-01   1.157890521500000E-01
   9.999080043500000E-01   9.128031373300001E+00   3.998938613300000E-01   3.836603323500000E-01   1.190826096100000E-01
   9.999089774300000E-01   9.128067122899999E+00   3.998936843300000E-01   3.815843643700000E-01   1.225185167600000E-01
   9.999099505100000E-01   9.128104380000000E+00   3.998935125500000E-01   3.794183965400000E-01   1.261028548100000E-01
   9.999108972600000E-01   9.128142137699999E+00   3.998933506300000E-01   3.772209757800000E-01   1.297386950300000E-01
   9.999118440100000E-01   9.128181446599999E+00   3.998931940800000E-01   3.749309888200000E-01   1.335271099400000E-01
   9.999127907599999E-01   9.128222371700000E+00   3.998930431200000E-01   3.725445729000000E-01   1.374744178600000E-01
   9.999137375100000E-01   9.128264980699999E+00   3.998928979800000E-01   3.700577071600000E-01   1.415871913900000E-01
   9.999146603600000E-01   9.128308202700000E+00   3.998927623500000E-01   3.675329277100000E-01   1.457619523400000E-01
   9.999155832200000E-01   9.128353159800000E+00   3.998926327200000E-01   3.649046972400000E-01   1.501070084000000E-01
   9.999165060800000E-01   9.128399922800000E+00   3.998925093300000E-01   3.621688237000000E-01   1.546291977800000E-01
   9.999174289400000E-01   9.128448565399999E+00   3.998923924500000E-01   3.593209490900000E-01   1.593356241200000E-01
   9.999183302800000E-01   9.128497961800001E+00   3.998922848300000E-01   3.564270130900000E-01   1.641172411500000E-01
   9.999192316200000E-01   9.128549298199999E+00   3.998921839100000E-01   3.534175322000000E-01   1.690887778700000E-01
   9.999201329700000E-01   9.128602651900000E+00   3.998920899700000E-01   3.502879528800000E-01   1.742576387400000E-01
   9.999210343100000E-01   9.128658102799999E+00   3.998920032900000E-01   3.470335470200000E-01   1.796315054800000E-01
   9.999219165500000E-01   9.128714489300000E+00   3.998919257400000E-01   3.437225202400000E-01   1.850976559400000E-01
   9.999227987900000E-01   9.128773045799999E+00   3.998918557000000E-01   3.402824240900000E-01   1.907755922300000E-01
   9.999236810200000E-01   9.128833856400000E+00   3.998917934600000E-01   3.367083035500000E-01   1.966733422600000E-01
   9.999245632600000E-01   9.128897008199999E+00   3.998917393100000E-01   3.329950194600000E-01   2.027992239500000E-01
   9.999254288900000E-01   9.128961334100000E+00   3.998916943600000E-01   3.292112437100000E-01   2.090398194500000E-01
   9.999262945200000E-01   9.129028089800000E+00   3.998916578100000E-01   3.252831475400000E-01   2.155167589600000E-01
   9.999271601400000E-01   9.129097367400000E+00   3.998916299900000E-01   3.212053238400000E-01   2.222387658000000E-01
   9.999280257700000E-01   9.129169262400000E+00   3.998916112100000E-01   3.169721705600000E-01   2.292148673400000E-01
   9.999288774800000E-01   9.129242652300000E+00   3.998916019100000E-01   3.126498164400000E-01   2.363359140400000E-01
   9.999297292000000E-01   9.129318769599999E+00   3.998916020300000E-01   3.081657442500000E-01   2.437211957700000E-01
   9.999305809100000E-01   9.129397715400000E+00   3.998916119400000E-01   3.035140284200000E-01   2.513802253900000E-01
   9.999314326300000E-01   9.129479594399999E+00   3.998916319900000E-01   2.986885359100000E-01   2.593228356100000E-01
   9.999322734900000E-01   9.129563413500000E+00   3.998916621100000E-01   2.937478809900000E-01   2.674523170800000E-01
   9.999331143500000E-01   9.129650305600000E+00   3.998917028500000E-01   2.886253477500000E-01   2.758781992900000E-01
   9.999339551999999E-01   9.129740382800000E+00   3.998917546000000E-01   2.833144018600000E-01   2.846109126000000E-01
   9.999347960600000E-01   9.129833761100000E+00   3.998918177700000E-01   2.778082864900000E-01   2.936612256000000E-01
   9.999356298300000E-01   9.129929729200001E+00   3.998918920900000E-01   2.721490503600000E-01   3.029597024900000E-01
   9.999364635900000E-01   9.130029181999999E+00   3.998919784600000E-01   2.662840177900000E-01   3.125925504600000E-01
   9.999372973500000E-01   9.130132244800000E+00   3.998920773000000E-01   2.602059145400000E-01   3.225713036000000E-01
   9.999381311200000E-01   9.130239047400000E+00   3.998921890800000E-01   2.539072250500000E-01   3.329078567300000E-01
   9.999389628599999E-01   9.130349450600001E+00   3.998923139400000E-01   2.473963007500000E-01   3.435880453400000E-01
   9.999397946000000E-01   9.130463846500000E+00   3.998924525900000E-01   2.406501737800000E-01   3.546490526400000E-01
   9.999406263400000E-01   9.130582377400000E+00   3.998926055400000E-01   2.336606244200000E-01   3.661038098300000E-01
   9.999414580800000E-01   9.130705190500001E+00   3.998927733000000E-01   2.264191664400000E-01   3.779656382900000E-01
   9.999422958600001E-01   9.130833379300000E+00   3.998929577800000E-01   2.188615569400000E-01   3.903390722700000E-01
   9.999431336500000E-01   9.130966227900000E+00   3.998931583600000E-01   2.110302381600000E-01   4.031538703700000E-01
   9.999439714300000E-01   9.131103902600000E+00   3.998933756200000E-01   2.029156737200000E-01   4.164248955000000E-01
   9.999448092200000E-01   9.131246575200000E+00   3.998936101700000E-01   1.945080234100000E-01   4.301674440600000E-01
   9.999456716200000E-01   9.131398848700000E+00   3.998938702900000E-01   1.855364281400000E-01   4.448230048400000E-01
   9.999465340300000E-01   9.131556806600001E+00   3.998941500700000E-01   1.762320823300000E-01   4.600125517100000E-01
   9.999473964400000E-01   9.131720656100001E+00   3.998944502000000E-01   1.665831929700000E-01   4.757542571600000E-01
   9.999482588400000E-01   9.131890611199999E+00   3.998947714400000E-01   1.565775917000000E-01   4.920668115500000E-01
   9.999491699800001E-01   9.132077048099999E+00   3.998951346000000E-01   1.456051908600000E-01   5.099425567700000E-01
   9.999500811199999E-01   9.132270817400000E+00   3.998955231000000E-01   1.342053331000000E-01   5.285002425000001E-01
   9.999509922599999E-01   9.132472198900000E+00   3.998959379100000E-01   1.223622395100000E-01   5.477638388800000E-01
   9.999519034000000E-01   9.132681482100001E+00   3.998963800100000E-01   1.100596203300000E-01   5.677579890400000E-01
   9.999528080900000E-01   9.132897397300001E+00   3.998968470200000E-01   9.737285219200000E-02   5.883583895500000E-01
   9.999537127700000E-01   9.133121701500000E+00   3.998973430100000E-01   8.419949521099999E-02   6.097294473200000E-01
   9.999546174600000E-01   9.133354708300001E+00   3.998978690700000E-01   7.052204820300000E-02   6.318972733100000E-01
   9.999555221500001E-01   9.133596742300000E+00   3.998984263100000E-01   5.632247478100000E-02   6.548886395100000E-01
   9.999563866300000E-01   9.133836762900000E+00   3.998989889900000E-01   4.224901007600000E-02   6.776529467000000E-01
   9.999572511100000E-01   9.134085634200000E+00   3.998995822400000E-01   2.766515265400000E-02   7.012187561000000E-01
   9.999581156000000E-01   9.134343667800000E+00   3.999002071300000E-01   1.255375495300000E-02   7.256110971600001E-01
   9.999589800799999E-01   9.134611185000001E+00   3.999008647700000E-01  -3.102801507600000E-03   7.508555305700000E-01
   9.999598943300000E-01   9.134904788500000E+00   3.999015971800000E-01  -2.027389481900000E-02   7.785092683400000E-01
   9.999608085800000E-01   9.135209773700000E+00   3.999023688800000E-01  -3.809694927500000E-02   8.071766792900000E-01
   9.999617228300000E-01   9.135526557600000E+00   3.999031813200000E-01  -5.659455395300000E-02   8.368898503800000E-01
   9.999626370800000E-01   9.135855570400000E+00   3.999040359700000E-01  -7.578990407000000E-02   8.676814624600000E-01
   9.999634136500000E-01   9.136144973700000E+00   3.999047962300000E-01  -9.266044538700000E-02   8.947080720000000E-01
   9.999641902300000E-01   9.136443799800000E+00   3.999055890100000E-01  -1.100665052400000E-01   9.225574384900000E-01
   9.999649668000000E-01   9.136752335500001E+00   3.999064152900000E-01  -1.280233306500000E-01   9.512505042000000E-01
   9.999657433800000E-01   9.137070874999999E+00   3.999072761100000E-01  -1.465464824500000E-01   9.808084555900000E-01
   9.999664725400000E-01   9.137379343699999E+00   3.999081167200000E-01  -1.644685189200000E-01   1.009368364400000E+00
   9.999672017100000E-01   9.137697153500000E+00   3.999089895600000E-01  -1.829172255100000E-01   1.038727547800000E+00
   9.999679308800000E-01   9.138024565900000E+00   3.999098955300000E-01  -2.019062264600000E-01   1.068904031200000E+00
   9.999686600400000E-01   9.138361848300001E+00   3.999108355500000E-01  -2.214493796000000E-01   1.099915959700000E+00
   9.999693761400000E-01   9.138702956900000E+00   3.999117927700000E-01  -2.411952799700000E-01   1.131202906300000E+00
   9.999700922400000E-01   9.139054112900000E+00   3.999127846500000E-01  -2.615027904100000E-01   1.163330571200000E+00
   9.999708083400000E-01   9.139415586500000E+00   3.999138121000000E-01  -2.823856692600000E-01   1.196316351600000E+00
   9.999715244400000E-01   9.139787653300001E+00   3.999148760800000E-01  -3.038578729300000E-01   1.230177666900000E+00
   9.999721654900000E-01   9.140129944100000E+00   3.999158603400000E-01  -3.235913097400000E-01   1.261247318900000E+00
   9.999728065500000E-01   9.140481155000000E+00   3.999168753400000E-01  -3.438186339600000E-01   1.293045042400000E+00
   9.999734476000000E-01   9.140841495200000E+00   3.999179218100000E-01  -3.645502343600000E-01   1.325583270500000E+00
   9.999740886500000E-01   9.141211177500001E+00   3.999190004800000E-01  -3.857966080800000E-01   1.358874378600000E+00
   9.999746885700000E-01   9.141565793300000E+00   3.999200397700000E-01  -4.061554131700000E-01   1.390722268900000E+00
   9.999752884899999E-01   9.141928960400000E+00   3.999211085100000E-01  -4.269830986400000E-01   1.423250298600000E+00
   9.999758884100000E-01   9.142300861500001E+00   3.999222073500000E-01  -4.482884982500000E-01   1.456468378000000E+00
   9.999764883400000E-01   9.142681682099999E+00   3.999233369200000E-01  -4.700805099000000E-01   1.490386308500000E+00
   9.999770582600001E-01   9.143051895899999E+00   3.999244390600000E-01  -4.912418775800000E-01   1.523265511100000E+00
   9.999776281900000E-01   9.143430492900000E+00   3.999255700700000E-01  -5.128582228000000E-01   1.556793244300000E+00
   9.999781981100000E-01   9.143817638600000E+00   3.999267305200000E-01  -5.349373070800000E-01   1.590977550000000E+00
   9.999787680400000E-01   9.144213500699999E+00   3.999279209900000E-01  -5.574869247300001E-01   1.625826321200000E+00
   9.999793141100000E-01   9.144601126400000E+00   3.999290903100000E-01  -5.795413003800000E-01   1.659846874800000E+00
   9.999798601800000E-01   9.144997060800000E+00   3.999302882400000E-01  -6.020417225900000E-01   1.694491169500000E+00
   9.999804062500000E-01   9.145401456400000E+00   3.999315152800000E-01  -6.249951031099999E-01   1.729765676700000E+00
   9.999809523199999E-01   9.145814467399999E+00   3.999327719800000E-01  -6.484083615000000E-01   1.765676684300000E+00
   9.999814787100000E-01   9.146220894400001E+00   3.999340119400000E-01  -6.714195926400000E-01   1.800901656500000E+00
   9.999820051000000E-01   9.146635612400001E+00   3.999352804300000E-01  -6.948707806800000E-01   1.836729001500000E+00
   9.999825314900000E-01   9.147058763700000E+00   3.999365779300000E-01  -7.187681145800000E-01   1.873163783300000E+00
   9.999830578800000E-01   9.147490491399999E+00   3.999379049200000E-01  -7.431177697700000E-01   1.910210850300000E+00
   9.999835677100000E-01   9.147916943700000E+00   3.999392187400000E-01  -7.671380788300000E-01   1.946679994400000E+00
   9.999840775300000E-01   9.148351708700000E+00   3.999405611300000E-01  -7.915940325900001E-01   1.983731801900000E+00
   9.999845873500000E-01   9.148794919800000E+00   3.999419325600000E-01  -8.164911749100000E-01   2.021370019400000E+00
   9.999850971799999E-01   9.149246710800000E+00   3.999433334800000E-01  -8.418350171000000E-01   2.059598148900000E+00
   9.999855929300000E-01   9.149694388900000E+00   3.999447244500000E-01  -8.669129688800000E-01   2.097340014100000E+00
   9.999860886800001E-01   9.150150432000000E+00   3.999461441700000E-01  -8.924234724200000E-01   2.135645482700000E+00
   9.999865844300000E-01   9.150614965500001E+00   3.999475930500000E-01  -9.183714756300000E-01   2.174517030600000E+00
   9.999870801900000E-01   9.151088115100000E+00   3.999490715200000E-01  -9.447618763200000E-01   2.213956861600000E+00
   9.999875639400000E-01   9.151558239800000E+00   3.999505431500000E-01  -9.709446456600000E-01   2.252991783000000E+00
   9.999880476900000E-01   9.152036806700000E+00   3.999520437700000E-01  -9.975577107500000E-01   2.292571146800000E+00
   9.999885314500000E-01   9.152523934000000E+00   3.999535737700000E-01  -1.024605452700000E+00   2.332696172700000E+00
   9.999890152000001E-01   9.153019740200000E+00   3.999551335700000E-01  -1.052092185900000E+00   2.373367781600000E+00
   9.999894887700000E-01   9.153513629400001E+00   3.999566897600000E-01  -1.079429572500000E+00   2.413713199200000E+00
   9.999899623400000E-01   9.154016061000000E+00   3.999582752600000E-01  -1.107195634300000E+00   2.454583280300000E+00
   9.999904359100000E-01   9.154527146600000E+00   3.999598904400000E-01  -1.135394200800000E+00   2.495977978500000E+00
   9.999909094800000E-01   9.155046997700000E+00   3.999615356900000E-01  -1.164029018100000E+00   2.537896920800000E+00
   9.999913745000000E-01   9.155566096299999E+00   3.999631808300000E-01  -1.192574662000000E+00   2.579568144500000E+00
   9.999918395100000E-01   9.156093859500000E+00   3.999648556800000E-01  -1.221547841000000E+00   2.621743154500000E+00
   9.999923045300000E-01   9.156630392600000E+00   3.999665605700000E-01  -1.250951835500000E+00   2.664420603500000E+00
   9.999927695400000E-01   9.157175800499999E+00   3.999682958800000E-01  -1.280789826400000E+00   2.707598790600000E+00
   9.999932275500000E-01   9.157721765100000E+00   3.999700351000000E-01  -1.310605335700000E+00   2.750613676000000E+00
   9.999936855600000E-01   9.158276540199999E+00   3.999718045000000E-01  -1.340847676400000E+00   2.794109980000000E+00
   9.999941435700000E-01   9.158840224900000E+00   3.999736043900000E-01  -1.371519572000000E+00   2.838084996500000E+00
   9.999946015700000E-01   9.159412917799999E+00   3.999754351300000E-01  -1.402623629900000E+00   2.882535637400000E+00
   9.999950540900000E-01   9.159987689299999E+00   3.999772745200000E-01  -1.433781740400000E+00   2.926917209600000E+00
   9.999955066100000E-01   9.160571443900000E+00   3.999791446500000E-01  -1.465366418300000E+00   2.971755925500000E+00
   9.999959591299999E-01   9.161164274600001E+00   3.999810458200000E-01  -1.497379810900000E+00   3.017047634600000E+00
   9.999964116500000E-01   9.161766273800000E+00   3.999829783400000E-01  -1.529823932300000E+00   3.062787773900000E+00
   9.999968602000000E-01   9.162372134300000E+00   3.999849251600000E-01  -1.562410589400000E+00   3.108564619600000E+00
   9.999973087500000E-01   9.162987181000000E+00   3.999869033800000E-01  -1.595423985300000E+00   3.154771889000000E+00
   9.999977573000000E-01   9.163611501100000E+00   3.999889132700000E-01  -1.628865658700000E+00   3.201403867600000E+00
   9.999982058500000E-01   9.164245180400000E+00   3.999909551300000E-01  -1.662736996200000E+00   3.248454395500000E+00
   9.999986543900000E-01   9.164888283300000E+00   3.999930291700000E-01  -1.697038147000000E+00   3.295915365700000E+00
   9.999991029300001E-01   9.165540912799999E+00   3.999951357200000E-01  -1.731771228500000E+00   3.343781160000000E+00
   9.999995514600000E-01   9.166203150999999E+00   3.999972750600000E-01  -1.766937134600000E+00   3.392044213600000E+00
   1.000000000000000E+00   9.166875078200000E+00   3.999994474400000E-01  -1.802536582400000E+00   3.440696470200000E+00
