   0.000000000000000E+00   1.060891425700000E+01   9.499999880800000E-01   1.558774790200000E-02   2.193495743700000E-05   7.437454409499999E-01   8.000000119200000E-01   1.548776641600000E+00   1.503969612900000E+00
   2.095192479300000E-04   1.060886459100000E+01   9.498912257500000E-01   1.558822797300000E-02   2.193563725300000E-05   7.439158381099999E-01   7.998976547300000E-01   1.548714850300000E+00   1.503784556300000E+00
   4.190384958600000E-04   1.060881479000000E+01   9.497824633400000E-01   1.558963264000000E-02   2.194394964800000E-05   7.440862784300000E-01   7.997953179600000E-01   1.548651253500000E+00   1.503605797400000E+00
   6.285577437900000E-04   1.060876485500000E+01   9.496737009500000E-01   1.559195882100000E-02   2.195092497700000E-05   7.442567351600000E-01   7.996930015500000E-01   1.548588123800000E+00   1.503425498700000E+00
   8.380769917199999E-04   1.060871478700000E+01   9.495649386600000E-01   1.559518962200000E-02   2.196716643300000E-05   7.444272180000000E-01   7.995907055000000E-01   1.548524636100000E+00   1.503246505300000E+00
   1.801975425000000E-03   1.060848273600000E+01   9.490645793100000E-01   1.562153796400000E-02   2.204815729800000E-05   7.452117971000000E-01   7.991203521300000E-01   1.548233706900000E+00   1.502419999500000E+00
   2.765873858200000E-03   1.060824790400000E+01   9.485642336200000E-01   1.566612973800000E-02   2.218831840300000E-05   7.459968403000000E-01   7.986504291199999E-01   1.547942722600000E+00   1.501595184400000E+00
   3.729772291500000E-03   1.060801032500000E+01   9.480639104600000E-01   1.572824445500000E-02   2.237364818100000E-05   7.467823428500000E-01   7.981809360100000E-01   1.547652078600000E+00   1.500770693900000E+00
   4.693670724700000E-03   1.060777003500000E+01   9.475636183200000E-01   1.580721735100000E-02   2.261586731500000E-05   7.475683084700000E-01   7.977118723900000E-01   1.547361451600000E+00   1.499947639800000E+00
   6.136321106300000E-03   1.060740540000000E+01   9.468149152999999E-01   1.595565263100000E-02   2.305518729200000E-05   7.487455076900000E-01   7.970106343100000E-01   1.546927116200000E+00   1.498716369400000E+00
   7.578971487900000E-03   1.060703487100000E+01   9.460663262700000E-01   1.613875048000000E-02   2.360846297900000E-05   7.499237408800000E-01   7.963103558400000E-01   1.546493062700000E+00   1.497487464300000E+00
   9.021621869500000E-03   1.060665855400000E+01   9.453178761900000E-01   1.635490852500000E-02   2.426105188400000E-05   7.511030047900000E-01   7.956110355200000E-01   1.546059541400000E+00   1.496260055500000E+00
   1.046427225100000E-02   1.060627655400000E+01   9.445695888400000E-01   1.660262877700000E-02   2.502651404900000E-05   7.522833017300000E-01   7.949126718900000E-01   1.545626331900000E+00   1.495034893600000E+00
   1.265481801900000E-02   1.060568589400000E+01   9.434337377999999E-01   1.703599163800000E-02   2.637512722100000E-05   7.540774548100000E-01   7.938540902000000E-01   1.544969568700000E+00   1.493177374600000E+00
   1.484536378800000E-02   1.060508276500000E+01   9.422983887700001E-01   1.753408769500000E-02   2.797569911200000E-05   7.558739859300000E-01   7.927977058300000E-01   1.544313692500000E+00   1.491324414700000E+00
   1.703590955600000E-02   1.060446756800000E+01   9.411636110600000E-01   1.809207910800000E-02   2.981627006300000E-05   7.576728918700000E-01   7.917435137300000E-01   1.543658885700000E+00   1.489475361700000E+00
   1.922645532400000E-02   1.060384072000000E+01   9.400294684100000E-01   1.870492046000000E-02   3.191356928900000E-05   7.594741736000000E-01   7.906915088599999E-01   1.543004974900000E+00   1.487630784500000E+00
   2.106594569600000E-02   1.060330564400000E+01   9.390776158000000E-01   1.925806801000000E-02   3.385579896200000E-05   7.609886153099999E-01   7.898097834400000E-01   1.542456739500000E+00   1.486084611500000E+00
   2.290543606800000E-02   1.060276291500000E+01   9.381262829700000E-01   1.984286647700000E-02   3.598140953600000E-05   7.625047312400000E-01   7.889295938699999E-01   1.541909110400000E+00   1.484541649500000E+00
   2.474492644000000E-02   1.060221279100000E+01   9.371754977300000E-01   2.045591138600000E-02   3.827298308300000E-05   7.640225190000000E-01   7.880509372000000E-01   1.541362232400000E+00   1.483001386700000E+00
   2.658441681200000E-02   1.060165553200000E+01   9.362252846400000E-01   2.109368790600000E-02   4.074262810600000E-05   7.655419795200000E-01   7.871738104700000E-01   1.540815971600000E+00   1.481464267300000E+00
   2.949930484900000E-02   1.060075848600000E+01   9.347207831700000E-01   2.214633313300000E-02   4.497277498600000E-05   7.679531633400000E-01   7.857870262500000E-01   1.539951895900000E+00   1.479033979700000E+00
   3.241419288700000E-02   1.059984509200000E+01   9.332178381200000E-01   2.323828361700000E-02   4.959642691900000E-05   7.703685418200000E-01   7.844040647100000E-01   1.539089477100000E+00   1.476611121300000E+00
   3.532908092400000E-02   1.059891619100000E+01   9.317164968000000E-01   2.435644966600000E-02   5.456433548400000E-05   7.727881109000000E-01   7.830249142300000E-01   1.538228823600000E+00   1.474195261900000E+00
   3.824396896100000E-02   1.059797250500000E+01   9.302167879400000E-01   2.548904829700000E-02   5.985509355800000E-05   7.752118691500000E-01   7.816495632800000E-01   1.537369819300000E+00   1.471786740800000E+00
   4.080588184300000E-02   1.059713134800000E+01   9.289000425700000E-01   2.648843232400000E-02   6.472118034399999E-05   7.773455803300000E-01   7.804438870300000E-01   1.536616319300000E+00   1.469675471300000E+00
   4.336779472500000E-02   1.059627952300000E+01   9.275845674099999E-01   2.748569595900000E-02   6.978374228600001E-05   7.794825236600000E-01   7.792411291600000E-01   1.535864071500000E+00   1.467569860500000E+00
   4.592970760700000E-02   1.059541725500000E+01   9.262703557000000E-01   2.847658170800000E-02   7.500373202300000E-05   7.816226960400000E-01   7.780412819000000E-01   1.535113168700000E+00   1.465469553100000E+00
   4.849162048800000E-02   1.059454469300000E+01   9.249573958300000E-01   2.945799104400000E-02   8.037767956600000E-05   7.837660966000000E-01   7.768443375400000E-01   1.534363515200000E+00   1.463374836700000E+00
   5.122815075200000E-02   1.059360138700000E+01   9.235563115600000E-01   3.049357050600000E-02   8.624607822700001E-05   7.860591511400000E-01   7.755690084100000E-01   1.533564268000000E+00   1.461143062600000E+00
   5.396468101500000E-02   1.059264647900000E+01   9.221566173900000E-01   3.151470178900000E-02   9.225585650900000E-05   7.883558840900000E-01   7.742969732800000E-01   1.532766445000000E+00   1.458917581300000E+00
   5.670121127900000E-02   1.059167996500000E+01   9.207582912000000E-01   3.252095355900000E-02   9.838035928000000E-05   7.906562920000000E-01   7.730282228299999E-01   1.531970121300000E+00   1.456698090400000E+00
   5.943774154200000E-02   1.059070180600000E+01   9.193613107300000E-01   3.351255497000000E-02   1.046297013700000E-04   7.929603732600000E-01   7.717627478300000E-01   1.531175215200000E+00   1.454484821700000E+00
   6.539819594300000E-02   1.058853065800000E+01   9.163230934300000E-01   3.562546814900000E-02   1.186073421200000E-04   7.979916063500000E-01   7.690177007600000E-01   1.529448945600000E+00   1.449684676000000E+00
   7.135865034400000E-02   1.058630320600000E+01   9.132909580800000E-01   3.768327107200000E-02   1.331316550900000E-04   8.030402252500000E-01   7.662880544600000E-01   1.527729479100000E+00   1.444913100900000E+00
   7.731910474500001E-02   1.058401873700000E+01   9.102647377899999E-01   3.969726579400000E-02   1.482109784500000E-04   8.081062013800000E-01   7.635737150700000E-01   1.526016825400000E+00   1.440169600200000E+00
   8.327955914600001E-02   1.058167667700000E+01   9.072442978900001E-01   4.167718279000000E-02   1.638950813800000E-04   8.131895070000000E-01   7.608745895600000E-01   1.524310857300000E+00   1.435454149200000E+00
   8.834201078800000E-02   1.057964193300000E+01   9.046833767400000E-01   4.333768440000000E-02   1.776912776800000E-04   8.175205481800000E-01   7.585939941399999E-01   1.522867196800000E+00   1.431470700400000E+00
   9.340446242900000E-02   1.057756517300000E+01   9.021264928100000E-01   4.498239459200000E-02   1.919623324700000E-04   8.218640509900000E-01   7.563242510900000E-01   1.521428270900000E+00   1.427507185500000E+00
   9.846691407100000E-02   1.057544627400000E+01   8.995735990700000E-01   4.661391948300000E-02   2.067016746400000E-04   8.262199957100000E-01   7.540653047500000E-01   1.519994109000000E+00   1.423563235600000E+00
   1.035293657100000E-01   1.057328515300000E+01   8.970246544600000E-01   4.823421289500000E-02   2.219377839400000E-04   8.305883637600000E-01   7.518170999000000E-01   1.518564613800000E+00   1.419638911100000E+00
   1.103871622800000E-01   1.057029017400000E+01   8.935779874699999E-01   5.041392165600000E-02   2.433482463800000E-04   8.365257040100000E-01   7.487886262600000E-01   1.516635658900000E+00   1.414353516900000E+00
   1.172449588400000E-01   1.056721751900000E+01   8.901384205100000E-01   5.257871868700000E-02   2.656929942300000E-04   8.424857545900000E-01   7.457796280700000E-01   1.514715151000000E+00   1.409103396200000E+00
   1.241027554100000E-01   1.056406713000000E+01   8.867058821100000E-01   5.473085362200000E-02   2.889679587300000E-04   8.484684629800000E-01   7.427899715400000E-01   1.512803065500000E+00   1.403887990900000E+00
   1.309605519800000E-01   1.056083897500000E+01   8.832803079000000E-01   5.687203723300000E-02   3.132063162900000E-04   8.544737765600000E-01   7.398195241900000E-01   1.510899262200000E+00   1.398707142600000E+00
   1.399314951800000E-01   1.055649866300000E+01   8.788096011700000E-01   5.965878258600000E-02   3.463538106500000E-04   8.623635882000000E-01   7.359625510900000E-01   1.508421295500000E+00   1.391981125100000E+00
   1.489024383900000E-01   1.055202520200000E+01   8.743505916900000E-01   6.243162987900000E-02   3.811915820900000E-04   8.702918614100000E-01   7.321379344600000E-01   1.505957207200000E+00   1.385312796700000E+00
   1.578733816000000E-01   1.054741855500000E+01   8.699031698000000E-01   6.519256856400001E-02   4.177269927600000E-04   8.782584641500000E-01   7.283453875900000E-01   1.503506877000000E+00   1.378701219100000E+00
   1.668443248000000E-01   1.054267867200000E+01   8.654672342900001E-01   6.794315576500000E-02   4.560071064300000E-04   8.862632616800000E-01   7.245846273700000E-01   1.501070076000000E+00   1.372145834100000E+00
   1.794868519800000E-01   1.053577253700000E+01   8.592351001800000E-01   7.180442770600000E-02   5.129287305100000E-04   8.976087927100000E-01   7.193381060100000E-01   1.497658702000000E+00   1.363001143700000E+00
   1.921293791500000E-01   1.052860134100000E+01   8.530253478299999E-01   7.565064991600000E-02   5.734338921100000E-04   9.090294931600000E-01   7.141533894200000E-01   1.494273427500000E+00   1.353964523000000E+00
   2.047719063300000E-01   1.052116462600000E+01   8.468377504900000E-01   7.948420734800000E-02   6.375803593900000E-04   9.205249361400000E-01   7.090297202800000E-01   1.490913853500000E+00   1.345033860800000E+00
   2.174144335000000E-01   1.051346175700000E+01   8.406720963900000E-01   8.330698169200000E-02   7.054691843100000E-04   9.320946779600000E-01   7.039663543900000E-01   1.487579483100000E+00   1.336207441500000E+00
   2.303831238300000E-01   1.050528272600000E+01   8.343699662700000E-01   8.721889570300000E-02   7.790550196200000E-04   9.440396183100001E-01   6.988342498400000E-01   1.484184902200000E+00   1.327259454100000E+00
   2.433518141600000E-01   1.049682154300000E+01   8.280905131300000E-01   9.112261032700000E-02   8.567577922800001E-04   9.560617324300000E-01   6.937640547700000E-01   1.480815937500000E+00   1.318417279600000E+00
   2.563205045000000E-01   1.048807669800000E+01   8.218335435500000E-01   9.501941672399999E-02   9.386519631499999E-04   9.681604778200000E-01   6.887550068000000E-01   1.477472201800000E+00   1.309678865300000E+00
   2.692891948300000E-01   1.047904631000000E+01   8.155988730600000E-01   9.891039547200001E-02   1.024858169800000E-03   9.803352922900000E-01   6.838063566800000E-01   1.474153212400000E+00   1.301042538500000E+00
   2.829366111700000E-01   1.046923242600000E+01   8.090617929700000E-01   1.029998354600000E-01   1.120314496800000E-03   9.932287860500000E-01   6.786631284200000E-01   1.470686862400000E+00   1.292062262100000E+00
   2.965840275200000E-01   1.045909651900000E+01   8.025490149600000E-01   1.070849520900000E-01   1.220783637200000E-03   1.006205164800000E+00   6.735851268400000E-01   1.467246984900000E+00   1.283191013400000E+00
   3.102314438700000E-01   1.044863462200000E+01   7.960603502400000E-01   1.111667151900000E-01   1.326373978300000E-03   1.019263693900000E+00   6.685715236799999E-01   1.463833172700000E+00   1.274426654000000E+00
   3.238788602100000E-01   1.043784195900000E+01   7.895956175900000E-01   1.152459808400000E-01   1.437242902700000E-03   1.032403613000000E+00   6.636215052800000E-01   1.460444927800000E+00   1.265767419300000E+00
   3.377262563700000E-01   1.042654719800000E+01   7.830604371000000E-01   1.193833430600000E-01   1.555246390100000E-03   1.045818452500000E+00   6.586631208900000E-01   1.457032792800000E+00   1.257086600200000E+00
   3.515736525300000E-01   1.041489888500000E+01   7.765495411900000E-01   1.235197997600000E-01   1.678984095900000E-03   1.059315420500000E+00   6.537685549100000E-01   1.453646096100000E+00   1.248510174500000E+00
   3.654210486900000E-01   1.040288848400000E+01   7.700627619000000E-01   1.276561556900000E-01   1.808595710800000E-03   1.072893634900000E+00   6.489370011100000E-01   1.450284462200000E+00   1.240036133200000E+00
   3.792684448500000E-01   1.039050582700000E+01   7.635999378700000E-01   1.317931544200000E-01   1.944272428300000E-03   1.086552184800000E+00   6.441676672700000E-01   1.446947428600000E+00   1.231662829500000E+00
   3.908502652700000E-01   1.037985452200000E+01   7.582127822000000E-01   1.352543568100000E-01   2.062511580800000E-03   1.098037068100000E+00   6.402258625100000E-01   1.444175027400000E+00   1.224735391700000E+00
   4.024320857000000E-01   1.036892614000000E+01   7.528421886500000E-01   1.387169634400000E-01   2.185230159100000E-03   1.109576925700000E+00   6.363265902600000E-01   1.441419319100000E+00   1.217876223400000E+00
   4.140139061200000E-01   1.035771112700000E+01   7.474880730300000E-01   1.421814256000000E-01   2.312519453900000E-03   1.121171175500000E+00   6.324694084100000E-01   1.438680131200000E+00   1.211084195400000E+00
   4.255957265400000E-01   1.034619845600000E+01   7.421503542100000E-01   1.456481624600000E-01   2.444519950700000E-03   1.132819222100000E+00   6.286538811200000E-01   1.435957199700000E+00   1.204358500600000E+00
   4.384013272500000E-01   1.033310743100000E+01   7.362676243900000E-01   1.494844137900000E-01   2.596068150900000E-03   1.145759932700000E+00   6.244831617900000E-01   1.432965297100000E+00   1.196998010900000E+00
   4.512069279500000E-01   1.031961697100000E+01   7.304047430400000E-01   1.533245965000000E-01   2.753700314000000E-03   1.158764815200000E+00   6.203622671500000E-01   1.429992743100000E+00   1.189716218300000E+00
   4.640125286600000E-01   1.030570363900000E+01   7.245616136900001E-01   1.571693534100000E-01   2.917580119100000E-03   1.171833000100000E+00   6.162906334800000E-01   1.427039318000000E+00   1.182511775100000E+00
   4.768181293600000E-01   1.029133997300000E+01   7.187381446900000E-01   1.610193167300000E-01   3.087926333000000E-03   1.184963596400000E+00   6.122677055100000E-01   1.424104716400000E+00   1.175383652800000E+00
   4.883021536700000E-01   1.027804939600000E+01   7.135323253200000E-01   1.644769575000000E-01   3.246335861000000E-03   1.196791407400000E+00   6.087009316699999E-01   1.421488836300000E+00   1.169054969200000E+00
   4.997861779800000E-01   1.026434397500000E+01   7.083421887300000E-01   1.679398418600000E-01   3.410276386400000E-03   1.208668003600000E+00   6.051725002800000E-01   1.418887712800000E+00   1.162785957100000E+00
   5.112702022900000E-01   1.025019264300000E+01   7.031676792400000E-01   1.714085281800000E-01   3.579895952500000E-03   1.220592695800000E+00   6.016820275600000E-01   1.416301221200000E+00   1.156575689200000E+00
   5.227542266000000E-01   1.023555956700000E+01   6.980087447500000E-01   1.748835749800000E-01   3.755397714600000E-03   1.232564781100000E+00   5.982291347599999E-01   1.413729151200000E+00   1.150423534300000E+00
   5.319712389400000E-01   1.022343898300000E+01   6.938794471700001E-01   1.776776613400000E-01   3.900615095900000E-03   1.242207306400000E+00   5.954847943600000E-01   1.411675196900000E+00   1.145527222500000E+00
   5.411882512800000E-01   1.021095737100000E+01   6.897601279900000E-01   1.804765756800000E-01   4.049857680800000E-03   1.251879520600000E+00   5.927642294800000E-01   1.409630339100000E+00   1.140667506400000E+00
   5.504052636300000E-01   1.019808751400000E+01   6.856507657899999E-01   1.832806957800000E-01   4.203217113500000E-03   1.261581039500000E+00   5.900672510900000E-01   1.407594542900000E+00   1.135843877200000E+00
   5.596222759700000E-01   1.018479887800000E+01   6.815513410400000E-01   1.860903924500000E-01   4.360836356300000E-03   1.271311473700000E+00   5.873936720900000E-01   1.405567688600000E+00   1.131056099100000E+00
   5.687318767800000E-01   1.017122013400000E+01   6.775094365600000E-01   1.888732540600000E-01   4.520900956200000E-03   1.280956536900000E+00   5.847740606400000E-01   1.403573225300000E+00   1.126358811600000E+00
   5.778414775900000E-01   1.015716186700000E+01   6.734772070500000E-01   1.916624018100000E-01   4.685387163000000E-03   1.290629071200000E+00   5.821769485200000E-01   1.401587352700000E+00   1.121695849800000E+00
   5.869510784000000E-01   1.014258255200000E+01   6.694546396400000E-01   1.944583208900000E-01   4.854417006900000E-03   1.300328682500000E+00   5.796021604800000E-01   1.399610044100000E+00   1.117066750000000E+00
   5.960606792100001E-01   1.012743565700000E+01   6.654417237700000E-01   1.972615054500000E-01   5.028167823100000E-03   1.310054972300000E+00   5.770495230500000E-01   1.397641191400000E+00   1.112471306800000E+00
   6.040842909100000E-01   1.011358307600000E+01   6.619151901300000E-01   1.997369914300000E-01   5.185221984700000E-03   1.318643530000000E+00   5.748194052800000E-01   1.395914054900000E+00   1.108451170200000E+00
   6.121079026100000E-01   1.009921025400000E+01   6.583961338600000E-01   2.022189577200000E-01   5.346196224200000E-03   1.327252190400000E+00   5.726062220200000E-01   1.394193379200000E+00   1.104456689300000E+00
   6.201315143000000E-01   1.008427338200000E+01   6.548845529200000E-01   2.047078714500000E-01   5.511202891800000E-03   1.335880669400000E+00   5.704098579400000E-01   1.392479161900000E+00   1.100487528500000E+00
   6.281551260000000E-01   1.006872402800000E+01   6.513804471300000E-01   2.072042086400000E-01   5.680409333300000E-03   1.344528680600000E+00   5.682301987300000E-01   1.390771322400000E+00   1.096543594700000E+00
   6.361812662800000E-01   1.005250346500000E+01   6.478827176100000E-01   2.097093197500000E-01   5.853998553600000E-03   1.353198667500000E+00   5.660664519400000E-01   1.389069338300000E+00   1.092623287800000E+00
   6.442074065600000E-01   1.003555729800000E+01   6.443924739500000E-01   2.122229875700000E-01   6.032120373400000E-03   1.361887614400000E+00   5.639191946100000E-01   1.387373656700000E+00   1.088727809400000E+00
   6.522335468400000E-01   1.001782003700000E+01   6.409097227200000E-01   2.147458777000000E-01   6.214941153600000E-03   1.370595223900000E+00   5.617883151600001E-01   1.385684276800000E+00   1.084856843700000E+00
   6.602596871200000E-01   9.999219274700000E+00   6.374344731600000E-01   2.172786897200000E-01   6.402689026100000E-03   1.379321195900000E+00   5.596737029400000E-01   1.384001124000000E+00   1.081010303500000E+00
   6.676295813699999E-01   9.981310518600001E+00   6.342499895600000E-01   2.196138449500000E-01   6.579591416400000E-03   1.387349612100000E+00   5.577462214900000E-01   1.382461091400000E+00   1.077499473700000E+00
   6.749994756100000E-01   9.962538187500000E+00   6.310718531100000E-01   2.219587053900000E-01   6.761034003200000E-03   1.395393017000000E+00   5.558322790800000E-01   1.380926247800000E+00   1.074008933600000E+00
   6.823693698500000E-01   9.942827507000001E+00   6.279000781700000E-01   2.243140308300000E-01   6.947206775900000E-03   1.403451170300000E+00   5.539317920600000E-01   1.379396602000000E+00   1.070538428800000E+00
   6.897392640900000E-01   9.922096494500000E+00   6.247346819000000E-01   2.266806247200000E-01   7.138364007700000E-03   1.411523830300000E+00   5.520446774100000E-01   1.377872092800000E+00   1.067087919100000E+00
   6.962664347800001E-01   9.902812063700001E+00   6.219365808500000E-01   2.287867608800000E-01   7.312004006100000E-03   1.418685324100000E+00   5.503844481500000E-01   1.376526217400000E+00   1.064048417800000E+00
   7.027936054600000E-01   9.882588939500000E+00   6.191435150900000E-01   2.309031347300000E-01   7.489953092300000E-03   1.425857833500000E+00   5.487345864299999E-01   1.375184329600000E+00   1.061024402500000E+00
   7.093207761400000E-01   9.861353292800001E+00   6.163555030800000E-01   2.330305210200000E-01   7.672404259000000E-03   1.433041185500000E+00   5.470950357700000E-01   1.373846445800000E+00   1.058015675900000E+00
   7.158479468200000E-01   9.839025041399999E+00   6.135725657900000E-01   2.351697360500000E-01   7.859614108400000E-03   1.440235206200000E+00   5.454657400500000E-01   1.372512516700000E+00   1.055022240500000E+00
   7.227171820300000E-01   9.814251146800000E+00   6.106492918300001E-01   2.374348635900000E-01   8.062027775200001E-03   1.447817567300000E+00   5.437620729500000E-01   1.371112981400000E+00   1.051888201400000E+00
   7.295864172400000E-01   9.788060915699999E+00   6.077316957800000E-01   2.397152829600000E-01   8.270329880299999E-03   1.455411344100000E+00   5.420696375000000E-01   1.369717792200000E+00   1.048770878100000E+00
   7.364556524500000E-01   9.760334506900000E+00   6.048198128400000E-01   2.420123144700000E-01   8.484868740599999E-03   1.463016328400000E+00   5.403883695800000E-01   1.368326962600000E+00   1.045670069700000E+00
   7.433248876600000E-01   9.730941410400000E+00   6.019136827000000E-01   2.443273877400000E-01   8.706075662200000E-03   1.470632311100000E+00   5.387182054900000E-01   1.366940444300000E+00   1.042585762100000E+00
   7.498152543000000E-01   9.701510190000000E+00   5.991731642100000E-01   2.465328212700000E-01   8.921593967800000E-03   1.477838153200000E+00   5.371503033100000E-01   1.365634384000000E+00   1.039686516600000E+00
   7.563056209300000E-01   9.670334242399999E+00   5.964378633400000E-01   2.487572993100000E-01   9.143904058000000E-03   1.485053446100000E+00   5.355922043900000E-01   1.364332141600000E+00   1.036801826900000E+00
   7.627959875700000E-01   9.637272512799999E+00   5.937078271300000E-01   2.510025091900000E-01   9.373464391300001E-03   1.492278008800000E+00   5.340438560100000E-01   1.363033733000000E+00   1.033931519800000E+00
   7.692863542000000E-01   9.602172173600000E+00   5.909831080200000E-01   2.532702878100000E-01   9.610827636800000E-03   1.499511659700000E+00   5.325052058100000E-01   1.361739116100000E+00   1.031075596000000E+00
   7.745251439500001E-01   9.572241127200000E+00   5.887877306500000E-01   2.551186371600000E-01   9.808492408400000E-03   1.505356904600000E+00   5.312703006200000E-01   1.360696936800000E+00   1.028780734800000E+00
   7.797639337000000E-01   9.540780830299999E+00   5.865958891800001E-01   2.569842226300000E-01   1.001197863700000E-02   1.511207854500000E+00   5.300416527800000E-01   1.359657207100000E+00   1.026495163000000E+00
   7.850027234500000E-01   9.507691521600000E+00   5.844076205700000E-01   2.588683679200000E-01   1.022164853500000E-02   1.517064411300000E+00   5.288192352300000E-01   1.358619947900000E+00   1.024218756300000E+00
   7.902415132000000E-01   9.472866817200000E+00   5.822229651400000E-01   2.607724880900000E-01   1.043793951500000E-02   1.522926477600000E+00   5.276030209900000E-01   1.357585126300000E+00   1.021951550900000E+00
   7.956321855500000E-01   9.435101301700000E+00   5.799787905900000E-01   2.627543391900000E-01   1.066787332800000E-02   1.528964143600000E+00   5.263579937900000E-01   1.356522878200000E+00   1.019628066300000E+00
   8.010228579000001E-01   9.395246355699999E+00   5.777385408000000E-01   2.647608777900000E-01   1.090586062500000E-02   1.535007430800000E+00   5.251194773500000E-01   1.355463199100000E+00   1.017314230200000E+00
   8.064135302400000E-01   9.353161137800001E+00   5.755022732500000E-01   2.667941890600000E-01   1.115249919600000E-02   1.541056230600000E+00   5.238874427300000E-01   1.354406107600000E+00   1.015009923000000E+00
   8.118042025900000E-01   9.308695258300000E+00   5.732700509300001E-01   2.688565408100000E-01   1.140848990100000E-02   1.547110434200000E+00   5.226618611400000E-01   1.353351573100000E+00   1.012715172600000E+00
   8.169775408900000E-01   9.263634666700000E+00   5.711316923200001E-01   2.708654152900000E-01   1.166363728200000E-02   1.552925531700000E+00   5.214917324000000E-01   1.352341984400000E+00   1.010521790500000E+00
   8.221508791900000E-01   9.216082521900001E+00   5.689971897900000E-01   2.729058274300000E-01   1.192884741600000E-02   1.558745407900000E+00   5.203274952600000E-01   1.351334738700000E+00   1.008337133200000E+00
   8.273242174800000E-01   9.165877822600001E+00   5.668666166100000E-01   2.749805234000000E-01   1.220493844800000E-02   1.564569964600000E+00   5.191691246500000E-01   1.350329854100000E+00   1.006161094100000E+00
   8.324975557800000E-01   9.112849234600001E+00   5.647400530600000E-01   2.770925087300000E-01   1.249285485100000E-02   1.570399104000000E+00   5.180165956200000E-01   1.349327303000000E+00   1.003993701600000E+00
   8.368580734500000E-01   9.065825339200000E+00   5.629507879900000E-01   2.789041036700000E-01   1.274546497100000E-02   1.575315871200000E+00   5.170496674200000E-01   1.348484104700000E+00   1.002173455000000E+00
   8.412185911300000E-01   9.016550429900001E+00   5.611644913800000E-01   2.807467796600000E-01   1.300790712000000E-02   1.580235764600000E+00   5.160868569100000E-01   1.347642554300000E+00   1.000359312900000E+00
   8.455791088000000E-01   8.964902836900000E+00   5.593812255000000E-01   2.826229784900000E-01   1.328093199700000E-02   1.585158724500000E+00   5.151281493300000E-01   1.346802670200000E+00   9.985511906200000E-01
   8.499396264700000E-01   8.910754446600000E+00   5.576010578500000E-01   2.845353492300000E-01   1.356539583400000E-02   1.590084691200000E+00   5.141735299700000E-01   1.345964429200000E+00   9.967491264800000E-01
   8.540083271900000E-01   8.857855653900000E+00   5.559428821900000E-01   2.863549551500000E-01   1.384194725200000E-02   1.594683658200000E+00   5.132864702500000E-01   1.345183790700000E+00   9.950730296100000E-01
   8.580770279100000E-01   8.802547163000000E+00   5.542875321100000E-01   2.882112096100000E-01   1.413011229600000E-02   1.599285141800000E+00   5.124029452800000E-01   1.344404577100000E+00   9.934021742600000E-01
   8.621457286300001E-01   8.744708277899999E+00   5.526350773800000E-01   2.901069888900000E-01   1.443080962100000E-02   1.603889092700000E+00   5.115229432600000E-01   1.343626805200000E+00   9.917364868600000E-01
   8.662144293500000E-01   8.684212472900001E+00   5.509855935900000E-01   2.920454249200000E-01   1.474507740600000E-02   1.608495461900000E+00   5.106464524100000E-01   1.342850454800000E+00   9.900760041200000E-01
   8.698852873100000E-01   8.627242167400000E+00   5.495000156800000E-01   2.938338024600000E-01   1.504119528100000E-02   1.612653448200000E+00   5.098586691900000E-01   1.342151257500000E+00   9.885822715100000E-01
   8.735561452700000E-01   8.567899520399999E+00   5.480169877600000E-01   2.956625018400000E-01   1.535021570900000E-02   1.616813326400000E+00   5.090737259400000E-01   1.341453212500000E+00   9.870927539400000E-01
   8.772270032300000E-01   8.506078415299999E+00   5.465365800000000E-01   2.975345856900000E-01   1.567315517900000E-02   1.620975059700000E+00   5.082916141100000E-01   1.340756335400000E+00   9.856073888400000E-01
   8.808978611900000E-01   8.441668253500000E+00   5.450588682000000E-01   2.994533878900000E-01   1.601115184100000E-02   1.625138611600000E+00   5.075123251600000E-01   1.340060608600000E+00   9.841262118300000E-01
   8.840420764400000E-01   8.384353110999999E+00   5.437953629100000E-01   3.011368346800000E-01   1.631356902400000E-02   1.628706254100000E+00   5.068470755800000E-01   1.339465627500000E+00   9.828607980200000E-01
   8.871862916900000E-01   8.324978867800001E+00   5.425339508500000E-01   3.028597653100000E-01   1.662881999400000E-02   1.632275180700000E+00   5.061838854500000E-01   1.338871486200000E+00   9.815984466800000E-01
   8.903305069400000E-01   8.263467696999999E+00   5.412746914000000E-01   3.046249292900000E-01   1.695785263700000E-02   1.635845368100000E+00   5.055227494700000E-01   1.338278199300000E+00   9.803391061700000E-01
   8.934747221900000E-01   8.199739070300000E+00   5.400176482200000E-01   3.064353045900000E-01   1.730171615100000E-02   1.639416793100000E+00   5.048636623300000E-01   1.337685751200000E+00   9.790828104500000E-01
   8.960860005700000E-01   8.145067116800000E+00   5.389754043100000E-01   3.079755239000000E-01   1.759938746200000E-02   1.642383794300000E+00   5.043178424500000E-01   1.337194374200000E+00   9.780417145800000E-01
   8.986972789500000E-01   8.088759124699999E+00   5.379347779300000E-01   3.095511879000000E-01   1.790880058000000E-02   1.645351620300000E+00   5.037734290700000E-01   1.336703570400000E+00   9.770027122900000E-01
   9.013085573300000E-01   8.030764541100000E+00   5.368958135600000E-01   3.111644798500000E-01   1.823073618200000E-02   1.648320259000000E+00   5.032304191800000E-01   1.336213348200000E+00   9.759657551599999E-01
   9.039198357100000E-01   7.971031429300000E+00   5.358585585400000E-01   3.128177472200000E-01   1.856604739800000E-02   1.651289700200000E+00   5.026888098100000E-01   1.335723688400000E+00   9.749308642600000E-01
   9.058523765299999E-01   7.925673730700000E+00   5.350920425800000E-01   3.140685171800000E-01   1.882335660200000E-02   1.653487819800000E+00   5.022888784900000E-01   1.335361674100000E+00   9.741662528300000E-01
   9.077849173600000E-01   7.879312518300000E+00   5.343265119800000E-01   3.153436712800000E-01   1.908890416900000E-02   1.655686371500000E+00   5.018897114300001E-01   1.334999961000000E+00   9.734027699700000E-01
   9.097174581900001E-01   7.831925244600000E+00   5.335619894000000E-01   3.166443808000000E-01   1.936312251900000E-02   1.657885350900000E+00   5.014913074100000E-01   1.334638572200000E+00   9.726403995300000E-01
   9.116499990200000E-01   7.783488931800000E+00   5.327984986099999E-01   3.179718866600000E-01   1.964647559000000E-02   1.660084746400000E+00   5.010936652000000E-01   1.334277541200000E+00   9.718792312800000E-01
   9.133239627300000E-01   7.740667526400000E+00   5.321380173600000E-01   3.191444462000000E-01   1.989967986400000E-02   1.661990174300000E+00   5.007498428800000E-01   1.333965194500000E+00   9.712209598700000E-01
   9.149979264400000E-01   7.697025993700000E+00   5.314783460100000E-01   3.203390084600000E-01   2.016045275000000E-02   1.663895854800000E+00   5.004065901600000E-01   1.333653324600000E+00   9.705639015500001E-01
   9.166718901499999E-01   7.652548613400000E+00   5.308195023200000E-01   3.215565333300000E-01   2.042915870400000E-02   1.665801707700000E+00   5.000639058600000E-01   1.333342185200000E+00   9.699083991000000E-01
   9.183458538600000E-01   7.607219422400000E+00   5.301615048700000E-01   3.227980335100000E-01   2.070618590200000E-02   1.667707586300000E+00   4.997217884000000E-01   1.333032171900000E+00   9.692550867500000E-01
   9.195302469600000E-01   7.574623910200000E+00   5.296964683600000E-01   3.236915068600000E-01   2.090744366400000E-02   1.669055954500000E+00   4.994800685600000E-01   1.332813834100000E+00   9.687946358500000E-01
   9.207146400600000E-01   7.541588051700000E+00   5.292318723300000E-01   3.245979153200000E-01   2.111322745000000E-02   1.670404084700000E+00   4.992386304400000E-01   1.332596644200000E+00   9.683361891000000E-01
   9.218990331600000E-01   7.508105973300000E+00   5.287677241800000E-01   3.255176733700000E-01   2.132369847800000E-02   1.671751801900000E+00   4.989974728100000E-01   1.332380942100000E+00   9.678802535700000E-01
   9.230834262499999E-01   7.474171741900000E+00   5.283040315400001E-01   3.264512123400000E-01   2.153902567600000E-02   1.673098885000000E+00   4.987565941500000E-01   1.332167061500000E+00   9.674273949400000E-01
   9.239768850600000E-01   7.448270281700000E+00   5.279545465400000E-01   3.271648282200000E-01   2.170478029900000E-02   1.674114492200000E+00   4.985750684700000E-01   1.332007102300000E+00   9.670880938200000E-01
   9.248703438600000E-01   7.422105515900000E+00   5.276053287100000E-01   3.278867417100000E-01   2.187347783100000E-02   1.675129466400000E+00   4.983936997200000E-01   1.331848385000000E+00   9.667509299100000E-01
   9.257638026700000E-01   7.395674830800000E+00   5.272563816200000E-01   3.286171592900000E-01   2.204520009200000E-02   1.676143691500000E+00   4.982124871400000E-01   1.331690821300000E+00   9.664158043400000E-01
   9.266572614700000E-01   7.368975594000000E+00   5.269077089500001E-01   3.293562940400000E-01   2.222003195600000E-02   1.677157078900000E+00   4.980314300500000E-01   1.331534084800000E+00   9.660823108100000E-01
   9.274009472400000E-01   7.346545320000000E+00   5.266176972400000E-01   3.299783314600000E-01   2.236799082000000E-02   1.677999925100000E+00   4.978808424000000E-01   1.331403787600000E+00   9.658053146900000E-01
   9.281446330100001E-01   7.323925609000000E+00   5.263278804700000E-01   3.306066913700000E-01   2.251821740900000E-02   1.678842204200000E+00   4.977303623200000E-01   1.331272941700000E+00   9.655278912200000E-01
   9.288883187800000E-01   7.301114913700000E+00   5.260382609199999E-01   3.312415080400000E-01   2.267076572200000E-02   1.679684037800000E+00   4.975799903500000E-01   1.331140512600000E+00   9.652485527700000E-01
   9.296320045499999E-01   7.278111678100000E+00   5.257488409000000E-01   3.318829193500000E-01   2.282569148600000E-02   1.680525671800000E+00   4.974297277200000E-01   1.331004960500000E+00   9.649650868000000E-01
   9.302821619400000E-01   7.257842436600000E+00   5.254959846300000E-01   3.324491785700000E-01   2.296312604200000E-02   1.681261618800000E+00   4.972984538400000E-01   1.330882200800000E+00   9.647114152900000E-01
   9.309323193300000E-01   7.237423792400000E+00   5.252432842800000E-01   3.330206834100000E-01   2.310246104100000E-02   1.681998161100000E+00   4.971672674100000E-01   1.330753391900000E+00   9.644492506500000E-01
   9.315824767100001E-01   7.216854689900000E+00   5.249907415000000E-01   3.335975334300000E-01   2.324373705700000E-02   1.682735925700000E+00   4.970361717400000E-01   1.330615876300000E+00   9.641746848900000E-01
   9.322326341000000E-01   7.196134068900000E+00   5.247383579800000E-01   3.341798306000000E-01   2.338699583400000E-02   1.683475792500000E+00   4.969051715500000E-01   1.330466182700000E+00   9.638826038100000E-01
   9.328225686100000E-01   7.177200751000000E+00   5.245094915200000E-01   3.347129919500000E-01   2.351873651300000E-02   1.684149943000000E+00   4.967863936500000E-01   1.330316103500000E+00   9.635969240900000E-01
   9.334125031300000E-01   7.158141008500000E+00   5.242807588900000E-01   3.352508039700000E-01   2.365217784000000E-02   1.684827990900000E+00   4.966677060500000E-01   1.330148151300000E+00   9.632851973800000E-01
   9.340024376500000E-01   7.138954039200000E+00   5.240521614200000E-01   3.357933484000000E-01   2.378735353500000E-02   1.685511472700000E+00   4.965491170800000E-01   1.329957130500000E+00   9.629396914500000E-01
   9.345923721700000E-01   7.119639038000000E+00   5.238237004500000E-01   3.363407088200000E-01   2.392429822700000E-02   1.686202351500000E+00   4.964306374300000E-01   1.329736668300000E+00   9.625509028100000E-01
   9.351496134600000E-01   7.101276129300000E+00   5.236080270400000E-01   3.368622355000000E-01   2.405531029500000E-02   1.686863958700000E+00   4.963188362500000E-01   1.329494430900000E+00   9.621335159400000E-01
   9.357068547500000E-01   7.082797581500000E+00   5.233924778300000E-01   3.373882091000000E-01   2.418796307600000E-02   1.687536960000000E+00   4.962071587900000E-01   1.329211208300000E+00   9.616554914300000E-01
   9.362640960400000E-01   7.064202708600000E+00   5.231770540400000E-01   3.379187049000000E-01   2.432228799200000E-02   1.688224544600000E+00   4.960956225400000E-01   1.328877695700000E+00   9.611028701800000E-01
   9.368213373299999E-01   7.045490822700000E+00   5.229617568700000E-01   3.384537998100000E-01   2.445831728300000E-02   1.688930598500000E+00   4.959842488000000E-01   1.328482928200000E+00   9.604591718800000E-01
   9.373849176100000E-01   7.026446354600000E+00   5.227441406200000E-01   3.389997399600000E-01   2.459766126300000E-02   1.689668262400000E+00   4.958717997800000E-01   1.328008271800000E+00   9.596958143700000E-01
   9.379484978900000E-01   7.007280773400000E+00   5.225266564700000E-01   3.395505480200000E-01   2.473881743200000E-02   1.690435452500000E+00   4.957595755300000E-01   1.327442419200000E+00   9.587963202599999E-01
   9.385120781600000E-01   6.987993360300000E+00   5.223093057700000E-01   3.401063090400000E-01   2.488182170100000E-02   1.691239156500000E+00   4.956476146000000E-01   1.326767528300000E+00   9.577337894200000E-01
   9.390756584400000E-01   6.968583394600000E+00   5.220920898700000E-01   3.406671099500000E-01   2.502671093900000E-02   1.692087671000000E+00   4.955359628500000E-01   1.325963155100000E+00   9.564773590600000E-01
   9.396385616300000E-01   6.949073694800000E+00   5.218752708600000E-01   3.412323566600000E-01   2.517334538200000E-02   1.692989641900000E+00   4.954248078300000E-01   1.325007313100000E+00   9.549939135900000E-01
   9.402014648100000E-01   6.929440292900000E+00   5.216585891000000E-01   3.418028105100000E-01   2.532193663300000E-02   1.693957455000000E+00   4.953140784000000E-01   1.323873018800000E+00   9.532426656100000E-01
   9.407643680000000E-01   6.909682464700000E+00   5.214420460200000E-01   3.423785642400000E-01   2.547252433800000E-02   1.695004371500000E+00   4.952038482800000E-01   1.322531108400000E+00   9.511796746000000E-01
   9.413272711900000E-01   6.889799483700000E+00   5.212256430800000E-01   3.429597127000000E-01   2.562514921500000E-02   1.696145692600000E+00   4.950942027000000E-01   1.320949363800000E+00   9.487564148800000E-01
   9.418318879000001E-01   6.871868327000000E+00   5.210317681600000E-01   3.434853508200000E-01   2.576373629900000E-02   1.697263402000000E+00   4.949964873200000E-01   1.319298641000000E+00   9.462345123500000E-01
   9.423365046100000E-01   6.853835483100000E+00   5.208380081400000E-01   3.440154737600000E-01   2.590402493400000E-02   1.698485265400000E+00   4.948993997800000E-01   1.317399487400000E+00   9.433396318800000E-01
   9.428411213200000E-01   6.835700424900000E+00   5.206443641100000E-01   3.445501545100000E-01   2.604604670600000E-02   1.699827164900000E+00   4.948030292000000E-01   1.315222813400000E+00   9.400285180600000E-01
   9.433457380300000E-01   6.817462624700000E+00   5.204508371900000E-01   3.450894675900000E-01   2.618983398500000E-02   1.701306677300000E+00   4.947074744400000E-01   1.312738101600000E+00   9.362559663900000E-01
   9.437916800200000E-01   6.801259499400000E+00   5.202799111700001E-01   3.455699881700000E-01   2.631839827600000E-02   1.702744113400000E+00   4.946237963800000E-01   1.310260533500000E+00   9.325008266400000E-01
   9.442376220100001E-01   6.784975357000000E+00   5.201090783000000E-01   3.460542394400000E-01   2.644839063900000E-02   1.704318561400000E+00   4.945409223500000E-01   1.307495235100000E+00   9.283164299100000E-01
   9.446835640100000E-01   6.768609831400000E+00   5.199383393900000E-01   3.465422760100000E-01   2.657983496300000E-02   1.706045568400000E+00   4.944589406200000E-01   1.304419595000000E+00   9.236703767300000E-01
   9.451295060000000E-01   6.752162555900000E+00   5.197676952800000E-01   3.470341535100000E-01   2.671275568100000E-02   1.707941722500000E+00   4.943779457000000E-01   1.301011120300000E+00   9.185308187800000E-01
   9.455458454100000E-01   6.736732971400000E+00   5.196084651800000E-01   3.474968960900000E-01   2.683820747300000E-02   1.709880196700000E+00   4.943033068400000E-01   1.297508925700000E+00   9.132599404700000E-01
   9.459621848300001E-01   6.721231510900000E+00   5.194493191300000E-01   3.479630829800000E-01   2.696498863100000E-02   1.711996487700000E+00   4.942297022600000E-01   1.293679920800000E+00   9.075086313500000E-01
   9.463785242400000E-01   6.705657874700000E+00   5.192902578200000E-01   3.484327620100000E-01   2.709312029900000E-02   1.714306295500000E+00   4.941572225200000E-01   1.289507563600000E+00   9.012552791200000E-01
   9.467948636500000E-01   6.690011763100000E+00   5.191312819600000E-01   3.489059818900000E-01   2.722262409000000E-02   1.716825891400000E+00   4.940859619800000E-01   1.284976476600000E+00   8.944805644600000E-01
   9.472221981300000E-01   6.673876768600000E+00   5.189681973600000E-01   3.493954333500000E-01   2.735699799000000E-02   1.719647783800000E+00   4.940141899500000E-01   1.279937987600000E+00   8.869674833800000E-01
   9.476495326000000E-01   6.657664778900000E+00   5.188052043400000E-01   3.498887219700000E-01   2.749286500500000E-02   1.722726886200000E+00   4.939439140400000E-01   1.274493594000000E+00   8.788735469500000E-01
   9.480768670800001E-01   6.641375469200000E+00   5.186423037000000E-01   3.503859033900000E-01   2.763024997500000E-02   1.726082006500000E+00   4.938752453400000E-01   1.268632263200000E+00   8.701887276200000E-01
   9.485042015500000E-01   6.625008514000000E+00   5.184794962500000E-01   3.508870342700000E-01   2.776917832000000E-02   1.729732084400000E+00   4.938082966000000E-01   1.262345462800000E+00   8.609075634600000E-01
   9.489878402900001E-01   6.606391024700000E+00   5.182953512800000E-01   3.514590296800000E-01   2.792830588600000E-02   1.734242718100000E+00   4.937347448500000E-01   1.254709874400000E+00   8.496837368500000E-01
   9.494714790200000E-01   6.587673192300000E+00   5.181113279600000E-01   3.520362432600000E-01   2.808948205300000E-02   1.739182502800000E+00   4.936637063400000E-01   1.246518112100000E+00   8.377029590400000E-01
   9.499551177600000E-01   6.568854544400000E+00   5.179274275300000E-01   3.526187622700000E-01   2.825274623600000E-02   1.744577882600000E+00   4.935953437400000E-01   1.237771494900000E+00   8.249815293400000E-01
   9.504387565000000E-01   6.549934608400000E+00   5.177436512600000E-01   3.532066758700000E-01   2.841813888900000E-02   1.750454329400000E+00   4.935298161400000E-01   1.228476615300000E+00   8.115447541000000E-01
   9.508536236200000E-01   6.533623949600000E+00   5.175861072000000E-01   3.537153579600000E-01   2.856174071400000E-02   1.755896904900000E+00   4.934759823100000E-01   1.220075526900000E+00   7.994741992400000E-01
   9.512684907400000E-01   6.517238114100000E+00   5.174286562500000E-01   3.542281352000000E-01   2.870696597200000E-02   1.761725649300000E+00   4.934244410100000E-01   1.211290381500000E+00   7.869286337400000E-01
   9.516833578700000E-01   6.500776803700000E+00   5.172712992700000E-01   3.547450674000000E-01   2.885384197700000E-02   1.767953911100000E+00   4.933752807400000E-01   1.202134596800000E+00   7.739386262500000E-01
   9.520982249900000E-01   6.484239720000000E+00   5.171140370900000E-01   3.552662154600000E-01   2.900239671200000E-02   1.774593929200000E+00   4.933285847700000E-01   1.192624139000000E+00   7.605386552100000E-01
   9.525322895800000E-01   6.466855965100000E+00   5.169496002300000E-01   3.558160595300000E-01   2.915965366700000E-02   1.781993959300000E+00   4.932824501500000E-01   1.182314001900000E+00   7.461207720800000E-01
   9.529663541700000E-01   6.449388594300000E+00   5.167852691000000E-01   3.563706591200000E-01   2.931881301700000E-02   1.789867907900000E+00   4.932391791900000E-01   1.171659419400000E+00   7.313420201100000E-01
   9.534004187600000E-01   6.431837266300000E+00   5.166210447100000E-01   3.569300882100000E-01   2.947990892900000E-02   1.798225236000000E+00   4.931988449100000E-01   1.160686286700000E+00   7.162514497700000E-01
   9.538344833500000E-01   6.414201640300000E+00   5.164569281100000E-01   3.574944222200000E-01   2.964297647200000E-02   1.807073707000000E+00   4.931615116900000E-01   1.149422316200000E+00   7.009000834200000E-01
   9.542606079400000E-01   6.396806280200000E+00   5.162959194300000E-01   3.580532789700000E-01   2.980501356700000E-02   1.816243906700000E+00   4.931278342600000E-01   1.138109822700000E+00   6.856260779300000E-01
   9.546867325300000E-01   6.379329027500000E+00   5.161350166400001E-01   3.586170113400000E-01   2.996902004800000E-02   1.825897328000000E+00   4.930971464700000E-01   1.126573970000000E+00   6.702004543800000E-01
   9.551128571300000E-01   6.361769560600000E+00   5.159742207800000E-01   3.591856951900000E-01   3.013503133900000E-02   1.836036430300000E+00   4.930694837000000E-01   1.114844132800000E+00   6.546722813900000E-01
   9.555389817200000E-01   6.344127558200000E+00   5.158135328900000E-01   3.597594078200000E-01   3.030308384800000E-02   1.846662100200000E+00   4.930448728600000E-01   1.102949918100000E+00   6.390897503200000E-01
   9.559865073300000E-01   6.325510323200000E+00   5.156448922600000E-01   3.603674341400000E-01   3.048181449100000E-02   1.858344528600000E+00   4.930223319000000E-01   1.090313827900000E+00   6.227170197300000E-01
   9.564340329300000E-01   6.306801329500000E+00   5.154763731300001E-01   3.609811874100000E-01   3.066288164000000E-02   1.870560420800000E+00   4.930031894300000E-01   1.077562966500000E+00   6.063872657300000E-01
   9.568815585400000E-01   6.288000206800000E+00   5.153079767800000E-01   3.616007630500000E-01   3.084633038200000E-02   1.883305628500000E+00   4.929874479400000E-01   1.064730398300000E+00   5.901489709600000E-01
   9.573290841500000E-01   6.269106585600000E+00   5.151397044900000E-01   3.622262584000000E-01   3.103220717300000E-02   1.896574444600000E+00   4.929751010300000E-01   1.051848039300000E+00   5.740472744900000E-01
   9.578344384400000E-01   6.247659892900000E+00   5.149498390700000E-01   3.629398210000000E-01   3.124508105100000E-02   1.912178289500000E+00   4.929652206100000E-01   1.037279465100000E+00   5.560808949700000E-01
   9.583397927400000E-01   6.226094252500000E+00   5.147601354600000E-01   3.636612056600000E-01   3.146118182900000E-02   1.928428361500000E+00   4.929596163400000E-01   1.022727866200000E+00   5.383949753900000E-01
   9.588451470400000E-01   6.204409136500000E+00   5.145705956200000E-01   3.643905627900000E-01   3.168058159400000E-02   1.945310524600000E+00   4.929582436400000E-01   1.008231844900000E+00   5.210365460700001E-01
   9.593505013300000E-01   6.182604018800000E+00   5.143812215500000E-01   3.651280463500000E-01   3.190335487200000E-02   1.962809026600000E+00   4.929610477100000E-01   9.938268959800000E-01   5.040460344900000E-01
   9.598223600500000E-01   6.162135376800000E+00   5.142045509199999E-01   3.658241243600000E-01   3.211447520600000E-02   1.979689004500000E+00   4.929673803200000E-01   9.804874321400000E-01   4.885440102700000E-01
   9.602942187800000E-01   6.141561231500000E+00   5.140280283000001E-01   3.665275566100000E-01   3.232866742300000E-02   1.997076550000000E+00   4.929772406400000E-01   9.672791394800000E-01   4.734152759700000E-01
   9.607660775000000E-01   6.120881159400000E+00   5.138516554100000E-01   3.672384781000000E-01   3.254599710300000E-02   2.014956133900000E+00   4.929905655300000E-01   9.542231355100000E-01   4.586782521300000E-01
   9.612379362200000E-01   6.100094738900000E+00   5.136754340300000E-01   3.679570267400000E-01   3.276653213800000E-02   2.033311680400000E+00   4.930072875800000E-01   9.413381433500000E-01   4.443470867900000E-01
   9.617105691300000E-01   6.079167182200000E+00   5.134990772000000E-01   3.686845423200000E-01   3.299071157900000E-02   2.052157937900000E+00   4.930273714000000E-01   9.286197696600000E-01   4.304097495600000E-01
   9.621832020500000E-01   6.058132087100000E+00   5.133228760100000E-01   3.694199974600000E-01   3.321824847400000E-02   2.071448328900000E+00   4.930507181800000E-01   9.161034524400000E-01   4.168968960100000E-01
   9.626558349600000E-01   6.036989036000000E+00   5.131468323300000E-01   3.701635414200000E-01   3.344921632500000E-02   2.091165852900000E+00   4.930772516300000E-01   9.038011310200000E-01   4.038123385600000E-01
   9.631284678799999E-01   6.015737613900000E+00   5.129709480900000E-01   3.709153266800000E-01   3.368369146700000E-02   2.111293451500000E+00   4.931068938700000E-01   8.917227905900000E-01   3.911569427400000E-01
   9.636265383300000E-01   5.993224689300000E+00   5.127857722700000E-01   3.717166650500000E-01   3.393466723100000E-02   2.132929354600000E+00   4.931414087400000E-01   8.792455843200000E-01   3.782832134800000E-01
   9.641246087799999E-01   5.970590476600000E+00   5.126007780100000E-01   3.725275172300000E-01   3.418971885000000E-02   2.154981970700000E+00   4.931791952500000E-01   8.670334183800000E-01   3.658799669600000E-01
   9.646226792300000E-01   5.947834499300000E+00   5.124159676800000E-01   3.733480762200000E-01   3.444894280100000E-02   2.177431760100000E+00   4.932201602000000E-01   8.550917067500000E-01   3.539406609600000E-01
   9.651207496799999E-01   5.924956285100000E+00   5.122313436900000E-01   3.741785394300000E-01   3.471243963600000E-02   2.200259493800000E+00   4.932642107300000E-01   8.434241887100000E-01   3.424567438400000E-01
   9.656699937700000E-01   5.899585193700000E+00   5.120279697800000E-01   3.751060546500000E-01   3.500808576600000E-02   2.225848224500000E+00   4.933162541100000E-01   8.308782701200000E-01   3.303089326200000E-01
   9.662192378600000E-01   5.874064264100000E+00   5.118248289000000E-01   3.760461407300000E-01   3.530919597600000E-02   2.251848955100000E+00   4.933718156600000E-01   8.186692623100000E-01   3.186875010700000E-01
   9.667684819500000E-01   5.848392880000000E+00   5.116219245300000E-01   3.769990863300000E-01   3.561591718800000E-02   2.278237714900000E+00   4.934307755500000E-01   8.067962996900000E-01   3.075759734200000E-01
   9.673177260400000E-01   5.822570432000000E+00   5.114192602300000E-01   3.779651877800000E-01   3.592840306300000E-02   2.304991281500000E+00   4.934930164300000E-01   7.952570662200000E-01   2.969567423900000E-01
   9.679341777700000E-01   5.793407580900000E+00   5.111920876100000E-01   3.790655543700000E-01   3.628618670800000E-02   2.335425233400000E+00   4.935666392100000E-01   7.826986993700000E-01   2.856019328500000E-01
   9.685506295000000E-01   5.764052836300000E+00   5.109652273100000E-01   3.801833250000000E-01   3.665166349600000E-02   2.366259989700000E+00   4.936440934600000E-01   7.705492981700000E-01   2.748179764500000E-01
   9.691670812299999E-01   5.734505371800000E+00   5.107386847600000E-01   3.813189618200000E-01   3.702507381400000E-02   2.397466358200000E+00   4.937252270100000E-01   7.588006735700000E-01   2.645784056000000E-01
   9.697835329600000E-01   5.704764374600000E+00   5.105124655500000E-01   3.824729416600000E-01   3.740666995300000E-02   2.429016457600000E+00   4.938098930200000E-01   7.474436048200001E-01   2.548567616000000E-01
   9.704291177400000E-01   5.673409503200000E+00   5.102759082700000E-01   3.837016607700000E-01   3.781535837600000E-02   2.462397151200000E+00   4.939021932300000E-01   7.359584899100000E-01   2.452026489800000E-01
   9.710747025100001E-01   5.641840601200000E+00   5.100397187200000E-01   3.849516275800000E-01   3.823362436100000E-02   2.496096683300000E+00   4.939980568400000E-01   7.248793518000000E-01   2.360588615200000E-01
   9.717202872900000E-01   5.610056790500000E+00   5.098039038700000E-01   3.862234526900000E-01   3.866179323600000E-02   2.530087545600000E+00   4.940973346200000E-01   7.141933029200001E-01   2.273971828200000E-01
   9.723658720700000E-01   5.578057214500000E+00   5.095684709400000E-01   3.875177678900000E-01   3.910020736300000E-02   2.564343690700000E+00   4.941998839200000E-01   7.038871740900000E-01   2.191903709300000E-01
   9.730672111200001E-01   5.543048584300000E+00   5.093131469100000E-01   3.889501179600000E-01   3.958850806500000E-02   2.601830234100000E+00   4.943148385000000E-01   6.931059327400000E-01   2.107599673100000E-01
   9.737685501800000E-01   5.507783291000000E+00   5.090582921800000E-01   3.904106607100000E-01   4.008979841400000E-02   2.639571043700000E+00   4.944333271800000E-01   6.827401357300000E-01   2.028038495900000E-01
   9.744698892400000E-01   5.472260333900000E+00   5.088039169100000E-01   3.919003088700000E-01   4.060457842100000E-02   2.677538143100000E+00   4.945551921400000E-01   6.727727523000000E-01   1.952919518400000E-01
   9.751712283000000E-01   5.436478750700000E+00   5.085500315900000E-01   3.934200116500000E-01   4.113337614600000E-02   2.715705264200000E+00   4.946802836800000E-01   6.631870228200000E-01   1.881959144900000E-01
   9.758742243300000E-01   5.400352161900000E+00   5.082960490200000E-01   3.949744622200000E-01   4.167804376700000E-02   2.754138541100000E+00   4.948087663100000E-01   6.539451732200000E-01   1.814736713900000E-01
   9.765772203500001E-01   5.363963913500000E+00   5.080425809300000E-01   3.965611452100000E-01   4.223793621100000E-02   2.792724751300000E+00   4.949402128700000E-01   6.450542114100000E-01   1.751173041900000E-01
   9.772802163800000E-01   5.327313168500000E+00   5.077896390100000E-01   3.981811475300000E-01   4.281366724000000E-02   2.831442067100000E+00   4.950744951100000E-01   6.364985589400000E-01   1.691032429800000E-01
   9.779832124100000E-01   5.290399139800000E+00   5.075372353900000E-01   3.998356015800000E-01   4.340588589300000E-02   2.870270029900000E+00   4.952114915700000E-01   6.282631594500000E-01   1.634094946400000E-01
   9.786929591600000E-01   5.252862798300000E+00   5.072829668500000E-01   4.015420985700000E-01   4.402120863200000E-02   2.909563593200000E+00   4.953524399900000E-01   6.202588347900000E-01   1.579650752300000E-01
   9.794027059100000E-01   5.215056647400000E+00   5.070292731700000E-01   4.032861912100000E-01   4.465477045500000E-02   2.948931928900000E+00   4.954959257500000E-01   6.125518757900000E-01   1.528065113900000E-01
   9.801124526600000E-01   5.176980053100000E+00   5.067761682500000E-01   4.050692115700000E-01   4.530734861900000E-02   2.988357731900000E+00   4.956418427700000E-01   6.051285980500000E-01   1.479154302600000E-01
   9.808221994200000E-01   5.138632448500000E+00   5.065236664800000E-01   4.068925508000000E-01   4.597976623800000E-02   3.027824799100000E+00   4.957900906000000E-01   5.979758925300001E-01   1.432747949500000E-01
   9.815487661100000E-01   5.099094824600000E+00   5.062658211700000E-01   4.088023864800000E-01   4.668957293200000E-02   3.068254091300000E+00   4.959441667400000E-01   5.909209314600000E-01   1.387669885000000E-01
   9.822753328000000E-01   5.059272222900000E+00   5.060086402400000E-01   4.107576386200000E-01   4.742206244700000E-02   3.108695512100000E+00   4.961004892500000E-01   5.841236723900000E-01   1.344891871300000E-01
   9.830018995000001E-01   5.019164281900000E+00   5.057521410200000E-01   4.127600252000000E-01   4.817827389600000E-02   3.149134821900000E+00   4.962589666700000E-01   5.775720059900000E-01   1.304266723400000E-01
   9.837284661900000E-01   4.978770734800000E+00   5.054963415100000E-01   4.148113466100000E-01   4.895930981900000E-02   3.189558706200000E+00   4.964195124500000E-01   5.712544056200000E-01   1.265658589500000E-01
   9.843503089000000E-01   4.943972375400000E+00   5.052779815900000E-01   4.166072904300000E-01   4.964836548300000E-02   3.224134393200000E+00   4.965584984400000E-01   5.660250564400000E-01   1.234120920200000E-01
   9.849721516000000E-01   4.908964642200000E+00   5.050601601100000E-01   4.184417022000000E-01   5.035723128000000E-02   3.258682314500000E+00   4.966988904600000E-01   5.609526931100000E-01   1.203894275900000E-01
   9.855939943100001E-01   4.873747553700000E+00   5.048428896700000E-01   4.203158760400000E-01   5.108671903600000E-02   3.293195538000000E+00   4.968406417500000E-01   5.560311900000000E-01   1.174909221200000E-01
   9.862158370100000E-01   4.838321193000000E+00   5.046261833500000E-01   4.222311614200000E-01   5.183768420800000E-02   3.327667511300000E+00   4.969837075800000E-01   5.512547465900000E-01   1.147101496100000E-01
   9.867140715600000E-01   4.809785875900000E+00   5.044529694600000E-01   4.237963448700000E-01   5.245547707300000E-02   3.355253288700000E+00   4.970992548300000E-01   5.475287923000000E-01   1.125629897000000E-01
   9.872123061000000E-01   4.781116420600000E+00   5.042801335800000E-01   4.253895768900000E-01   5.308811971400000E-02   3.382805564000000E+00   4.972155972300000E-01   5.438899275200000E-01   1.104846594200000E-01
   9.877105406400000E-01   4.752312968600000E+00   5.041076831100000E-01   4.270116380400000E-01   5.373611793800000E-02   3.410321423800000E+00   4.973327142000000E-01   5.403358436300000E-01   1.084724455800000E-01
   9.882087751900001E-01   4.723375693800000E+00   5.039356256600001E-01   4.286633364400000E-01   5.439999991900000E-02   3.437798065700000E+00   4.974505857700000E-01   5.368645242500000E-01   1.065238876000000E-01
   9.886167581600001E-01   4.699580683500000E+00   5.037950333300000E-01   4.300384973800000E-01   5.495583765300000E-02   3.460266412500000E+00   4.975476540600000E-01   5.340825156200000E-01   1.049741073300000E-01
   9.890247411300001E-01   4.675696211300000E+00   5.036547142200000E-01   4.314345667600000E-01   5.552300954500000E-02   3.482705201200000E+00   4.976452047600000E-01   5.313543179800000E-01   1.034644169200000E-01
   9.894327241000000E-01   4.651722425100000E+00   5.035146728500000E-01   4.328520338000000E-01   5.610184150300000E-02   3.505113009500000E+00   4.977432274800000E-01   5.286796945100000E-01   1.019938787200000E-01
   9.898407070700000E-01   4.627659489900000E+00   5.033749138700000E-01   4.342914022600000E-01   5.669267150900000E-02   3.527488426500000E+00   4.978417118200000E-01   5.260588854100000E-01   1.005617800100000E-01
   9.901809430600000E-01   4.607524246700000E+00   5.032585817400000E-01   4.355088812800000E-01   5.719481971900000E-02   3.546122536800000E+00   4.979241879500000E-01   5.239150506500000E-01   9.939652492200000E-02
   9.905211790500000E-01   4.587327245800000E+00   5.031424521500000E-01   4.367422620600000E-01   5.770576557300000E-02   3.564732301200000E+00   4.980069716600000E-01   5.218102473400000E-01   9.825758041800001E-02
   9.908614150500000E-01   4.567068612200000E+00   5.030265279700000E-01   4.379918618600000E-01   5.822572553000000E-02   3.583316856600000E+00   4.980900565300000E-01   5.197460826000000E-01   9.714506486100000E-02
   9.912016510400000E-01   4.546748480100000E+00   5.029108121500000E-01   4.392580060200000E-01   5.875492286500000E-02   3.601875295200000E+00   4.981734358400000E-01   5.177249589100000E-01   9.605938881800000E-02
   9.914904554100000E-01   4.529451882000000E+00   5.028127542000000E-01   4.403459844900000E-01   5.921154400100000E-02   3.617607140100000E+00   4.982444368500000E-01   5.160456635800000E-01   9.515943758100000E-02
   9.917792597900000E-01   4.512111170300000E+00   5.027148504300000E-01   4.414463327100000E-01   5.967513149400000E-02   3.633318819400000E+00   4.983156400600000E-01   5.144027247800000E-01   9.428009337200000E-02
   9.920680641600000E-01   4.494726444400000E+00   5.026171027500000E-01   4.425592642100000E-01   6.014583407300000E-02   3.649009616100000E+00   4.983870402400000E-01   5.127999884500000E-01   9.342239870300000E-02
   9.923568685400000E-01   4.477297808800000E+00   5.025195131000000E-01   4.436849971800000E-01   6.062380451300000E-02   3.664678722400000E+00   4.984586315100000E-01   5.112425156700000E-01   9.258780580400000E-02
   9.926054376800000E-01   4.462262195500000E+00   5.024356473600000E-01   4.446643175800000E-01   6.104112499000000E-02   3.678146792400000E+00   4.985203968900000E-01   5.099432548000000E-01   9.188945055700000E-02
   9.928540068200000E-01   4.447194210400000E+00   5.023519014400000E-01   4.456534312700000E-01   6.146404800900000E-02   3.691597433500000E+00   4.985822940600000E-01   5.086877419800000E-01   9.121126052600000E-02
   9.931025759600000E-01   4.432093930500000E+00   5.022682766600000E-01   4.466524861500000E-01   6.189267850500000E-02   3.705029857900000E+00   4.986443174200000E-01   5.074827305500000E-01   9.055529954900000E-02
   9.933511450900000E-01   4.416961436300000E+00   5.021847743300000E-01   4.476616329800000E-01   6.232712390200000E-02   3.718443142800000E+00   4.987064604500000E-01   5.063366816800000E-01   8.992418838900000E-02
   9.935670751400000E-01   4.403789876100000E+00   5.021123369500000E-01   4.485465812500000E-01   6.270932816200001E-02   3.730078783000000E+00   4.987605348600000E-01   5.053971040000000E-01   8.939864456700000E-02
   9.937830051800000E-01   4.390594126400000E+00   5.020399939000000E-01   4.494393636100000E-01   6.309607710300000E-02   3.741698321500000E+00   4.988146879800000E-01   5.045184563600000E-01   8.889698705100001E-02
   9.939989352300000E-01   4.377374246200000E+00   5.019677460900001E-01   4.503400843300000E-01   6.348744591200001E-02   3.753300770000000E+00   4.988689129600000E-01   5.037111085800000E-01   8.842247356700000E-02
   9.942148652700000E-01   4.364130296800000E+00   5.018955944300000E-01   4.512488494400000E-01   6.388351134900000E-02   3.764884961800000E+00   4.989232017200000E-01   5.029876666999999E-01   8.797908310999999E-02
   9.944033515100000E-01   4.352549972800000E+00   5.018326922900000E-01   4.520487744000000E-01   6.423313898200000E-02   3.774980853300000E+00   4.989706353400000E-01   5.024366481500000E-01   8.762124413200000E-02
   9.945918377400000E-01   4.340951400500000E+00   5.017698647600000E-01   4.528549838600000E-01   6.458645807200000E-02   3.785060706400000E+00   4.990181029500000E-01   5.019733638600000E-01   8.729465720900000E-02
   9.947803239800000E-01   4.329334624700000E+00   5.017071124800000E-01   4.536675517600000E-01   6.494352271800000E-02   3.795123256900000E+00   4.990655958800000E-01   5.016123427600000E-01   8.700394026000000E-02
   9.949688102100001E-01   4.317699691400000E+00   5.016444361100000E-01   4.544865531500000E-01   6.530438801400000E-02   3.805167022500000E+00   4.991131040200000E-01   5.013708696100000E-01   8.675460564699999E-02
   9.951335616600000E-01   4.307515031200000E+00   5.015897148200000E-01   4.552077523200000E-01   6.562296890200001E-02   3.813929302900000E+00   4.991546330000000E-01   5.012737407300000E-01   8.657568602300000E-02
   9.952983131100001E-01   4.297316567100000E+00   5.015350524600000E-01   4.559339764700000E-01   6.594453449100000E-02   3.822674555000000E+00   4.991961554200000E-01   5.012997390300000E-01   8.643857063000000E-02
   9.954630645600000E-01   4.287104332200000E+00   5.014804494900000E-01   4.566652778700000E-01   6.626912351100001E-02   3.831401211000000E+00   4.992376606500000E-01   5.014677776499999E-01   8.634935768500000E-02
   9.956278160100001E-01   4.276878360700000E+00   5.014259063399999E-01   4.574017094400000E-01   6.659677532100000E-02   3.840107452500000E+00   4.992791364000000E-01   5.017999971600000E-01   8.631521858600000E-02
   9.957717286800000E-01   4.267934619800000E+00   5.013783114700000E-01   4.580492325300000E-01   6.688552124200001E-02   3.847694125600000E+00   4.993153308500000E-01   5.022447385800000E-01   8.633704428000000E-02
   9.959156413600000E-01   4.258980447900000E+00   5.013307629100000E-01   4.587007471700000E-01   6.717666172800001E-02   3.855261996800000E+00   4.993514810900000E-01   5.028545228700000E-01   8.641388813000001E-02
   9.960595540400000E-01   4.250015869100000E+00   5.012832609700000E-01   4.593562899700000E-01   6.747022422800000E-02   3.862809207500000E+00   4.993875746600000E-01   5.036525371700000E-01   8.655340684899999E-02
   9.962034667100000E-01   4.241040908300000E+00   5.012358059699999E-01   4.600158979700000E-01   6.776623658700000E-02   3.870333624600000E+00   4.994235973100000E-01   5.046656011000000E-01   8.676451759500001E-02
   9.963290296500000E-01   4.233201848700000E+00   5.011944403600000E-01   4.605947519500000E-01   6.802652886100000E-02   3.876878106300000E+00   4.994549561800000E-01   5.057493099400000E-01   8.701529863500000E-02
   9.964545925800000E-01   4.225354922000000E+00   5.011531109400000E-01   4.611767542100000E-01   6.828872658200000E-02   3.883401519700000E+00   4.994862363100000E-01   5.070439772999999E-01   8.733650790399999E-02
   9.965801555100000E-01   4.217500145900000E+00   5.011118179200000E-01   4.617619301300000E-01   6.855284899700000E-02   3.889901753800000E+00   4.995174236800000E-01   5.085767383499999E-01   8.773743445500000E-02
   9.967057184500000E-01   4.209637537900000E+00   5.010705615100000E-01   4.623503053800000E-01   6.881891559700000E-02   3.896376407000000E+00   4.995485024400000E-01   5.103787044000000E-01   8.822883096799999E-02
   9.968151859100000E-01   4.202776433400000E+00   5.010346236700000E-01   4.628658896000000E-01   6.905247780600000E-02   3.901998098200000E+00   4.995754946800000E-01   5.121970875600000E-01   8.874077338600000E-02
   9.969246533800000E-01   4.195909402100000E+00   5.009987139600000E-01   4.633839425400000E-01   6.928754593899999E-02   3.907596219800000E+00   4.996023772400000E-01   5.142741422600000E-01   8.934051633300000E-02
   9.970341208500000E-01   4.189036456300000E+00   5.009628325500000E-01   4.639044817000000E-01   6.952413337200000E-02   3.913168455000000E+00   4.996291349600000E-01   5.166405730200000E-01   9.003909179700000E-02
   9.971435883200001E-01   4.182157608400000E+00   5.009269795700000E-01   4.644275247200000E-01   6.976225363200000E-02   3.918712185400000E+00   4.996557507900000E-01   5.193313600700000E-01   9.084922235499999E-02
   9.972390173100000E-01   4.176156121600000E+00   5.008957478200000E-01   4.648855476700000E-01   6.997109780200000E-02   3.923519409600000E+00   4.996788226300000E-01   5.219727165700000E-01   9.165793798100000E-02
   9.973344463100000E-01   4.170150167700000E+00   5.008645378900000E-01   4.653454988900000E-01   7.018112640200000E-02   3.928300515000000E+00   4.997017578000000E-01   5.249208198000000E-01   9.257385626400000E-02
   9.974298753000000E-01   4.164139755200000E+00   5.008333498899999E-01   4.658073903600000E-01   7.039234867400000E-02   3.933053020500000E+00   4.997245403700000E-01   5.282096244900000E-01   9.360992202300000E-02
   9.975253043000000E-01   4.158124893000000E+00   5.008021839100000E-01   4.662712341700000E-01   7.060477394900000E-02   3.937774136400000E+00   4.997471524900000E-01   5.318776322600000E-01   9.478102699500000E-02
   9.976085659100000E-01   4.152873309500000E+00   5.007750097300000E-01   4.666775413200000E-01   7.079110465900000E-02   3.941865212500000E+00   4.997667267000000E-01   5.354217651400000E-01   9.592653801100000E-02
   9.976918275200000E-01   4.147618351300000E+00   5.007478524600000E-01   4.670853521200000E-01   7.097836464500000E-02   3.945927668100000E+00   4.997861411500000E-01   5.393205927900000E-01   9.720107161800000E-02
   9.977750891400000E-01   4.142360024300000E+00   5.007207121700000E-01   4.674946747500000E-01   7.116656027500000E-02   3.949958887700000E+00   4.998053793600000E-01   5.436111229800000E-01   9.861972782400000E-02
   9.978583507500000E-01   4.137098334800000E+00   5.006935889300000E-01   4.679055174900000E-01   7.135569797400000E-02   3.953955941700000E+00   4.998244229800000E-01   5.483351658300000E-01   1.001998443400000E-01
   9.979310904599999E-01   4.132498825900000E+00   5.006699073000000E-01   4.682656920000000E-01   7.152171013800000E-02   3.957417353200000E+00   4.998408847600000E-01   5.528539471300000E-01   1.017280476000000E-01
   9.980038301700001E-01   4.127896759500000E+00   5.006462387900000E-01   4.686270386200000E-01   7.168845060900000E-02   3.960847736300000E+00   4.998571672300000E-01   5.577751557500000E-01   1.034100277700000E-01
   9.980765698900000E-01   4.123292139600000E+00   5.006225834300000E-01   4.689895629500000E-01   7.185592377300000E-02   3.964244361200000E+00   4.998732535700000E-01   5.631387333100000E-01   1.052633373000000E-01
   9.981493096000000E-01   4.118684970500000E+00   5.005989412800000E-01   4.693532706600000E-01   7.202413404999999E-02   3.967604179000000E+00   4.998891251100000E-01   5.689896642100000E-01   1.073080927500000E-01
   9.982129658100000E-01   4.114651042000000E+00   5.005782623600000E-01   4.696725350900000E-01   7.217194704400000E-02   3.970511561900000E+00   4.999028221400000E-01   5.745495433900000E-01   1.092727328800000E-01
   9.982766220100000E-01   4.110615167300000E+00   5.005575936200000E-01   4.699927139700000E-01   7.232033096200000E-02   3.973385601800000E+00   4.999163233500000E-01   5.805596275700000E-01   1.114194810800000E-01
   9.983402782200000E-01   4.106577349400000E+00   5.005369350900000E-01   4.703138111500000E-01   7.246928882700000E-02   3.976223465600000E+00   4.999296117000000E-01   5.870627286500000E-01   1.137686890200000E-01
   9.984039344300000E-01   4.102537591200000E+00   5.005162868100000E-01   4.706358304900000E-01   7.261882368399999E-02   3.979021996800000E+00   4.999426683200000E-01   5.941069247700000E-01   1.163436355500000E-01
   9.984597986000000E-01   4.098990735800000E+00   5.004981745000000E-01   4.709191949000000E-01   7.275053205800000E-02   3.981442786000000E+00   4.999539192800000E-01   6.007772078000000E-01   1.188104319500000E-01
   9.985156627700000E-01   4.095442390400000E+00   5.004800701400000E-01   4.712032751700000E-01   7.288268925499999E-02   3.983827927000000E+00   4.999649600200000E-01   6.079467155000000E-01   1.214923134900000E-01
   9.985715269500000E-01   4.091892556900000E+00   5.004619737300000E-01   4.714880739500000E-01   7.301529737100000E-02   3.986174481100000E+00   4.999757732900000E-01   6.156612079000000E-01   1.244128812800000E-01
   9.986273911200000E-01   4.088341237400000E+00   5.004438853099999E-01   4.717735939200000E-01   7.314835851400001E-02   3.988479181200000E+00   4.999863400400000E-01   6.239719335500000E-01   1.275990755700000E-01
   9.986764974600000E-01   4.085218291900000E+00   5.004279916300000E-01   4.720251725400000E-01   7.326569920200000E-02   3.990467644700000E+00   4.999954082800000E-01   6.318150987400000E-01   1.306436004100000E-01
   9.987256038000000E-01   4.082094201100000E+00   5.004121041400000E-01   4.722773123200000E-01   7.338339302700000E-02   3.992418218700000E+00   5.000042539600000E-01   6.402068961900000E-01   1.339411178800000E-01
   9.987747101400000E-01   4.078968966500000E+00   5.003962228800000E-01   4.725300150800000E-01   7.350144144400000E-02   3.994327864900000E+00   5.000128596800000E-01   6.491959391800000E-01   1.375188855300000E-01
   9.988238164800000E-01   4.075842589600000E+00   5.003803478400000E-01   4.727832826700000E-01   7.361984591600000E-02   3.996193211900000E+00   5.000212062800000E-01   6.588365177800000E-01   1.414079449100000E-01
   9.988671870200000E-01   4.073080436000000E+00   5.003663322500000E-01   4.730074388700000E-01   7.372471758700000E-02   3.997800855100000E+00   5.000283455800000E-01   6.679412083600000E-01   1.451298920600000E-01
   9.989105575600000E-01   4.070317393500000E+00   5.003523215500000E-01   4.732320383900000E-01   7.382986915799999E-02   3.999368166300000E+00   5.000352501999999E-01   6.776479740700000E-01   1.491501153900000E-01
   9.989539281000001E-01   4.067553462900000E+00   5.003383157400000E-01   4.734570825000000E-01   7.393530165100000E-02   4.000891983200000E+00   5.000419024800000E-01   6.880086249000000E-01   1.535002410500000E-01
   9.989972986400000E-01   4.064788645400000E+00   5.003243148299999E-01   4.736825724800000E-01   7.404101609200001E-02   4.002368802800000E+00   5.000482829700000E-01   6.990808692200000E-01   1.582162063600000E-01
   9.990353148400000E-01   4.062364431700000E+00   5.003120464500000E-01   4.738805921700000E-01   7.413391217800000E-02   4.003621594400000E+00   5.000536354000000E-01   7.094219777000000E-01   1.626830415300000E-01
   9.990733310400000E-01   4.059939537900000E+00   5.002997818600000E-01   4.740789563200000E-01   7.422702638500001E-02   4.004832403400000E+00   5.000587467199999E-01   7.204073021100000E-01   1.674937086800000E-01
   9.991113472399999E-01   4.057513964900000E+00   5.002875210500000E-01   4.742776657900000E-01   7.432035940999999E-02   4.005998038800000E+00   5.000635995600000E-01   7.320901701500000E-01   1.726836740900000E-01
   9.991493634300000E-01   4.055087713100000E+00   5.002752640400000E-01   4.744767214600000E-01   7.441391195900000E-02   4.007114976300000E+00   5.000681748300000E-01   7.445297558300000E-01   1.782930921600000E-01
   9.991821243300000E-01   4.052996319000000E+00   5.002647044700000E-01   4.746485383700000E-01   7.449470857800000E-02   4.008035472400000E+00   5.000718789600000E-01   7.559068409000000E-01   1.834983144600000E-01
   9.992148852200000E-01   4.050904421900000E+00   5.002541477300000E-01   4.748206136100000E-01   7.457566920000000E-02   4.008914166600000E+00   5.000753467100000E-01   7.679410917100000E-01   1.890817863400000E-01
   9.992476461200001E-01   4.048812022100000E+00   5.002435938300001E-01   4.749929477400000E-01   7.465679427900000E-02   4.009748042600000E+00   5.000785620200000E-01   7.806837302900000E-01   1.950805923200000E-01
   9.992804070100000E-01   4.046719120300000E+00   5.002330427600000E-01   4.751655413300000E-01   7.473808427100000E-02   4.010533784600000E+00   5.000815073500000E-01   7.941912589100000E-01   2.015364579900000E-01
   9.993081592000000E-01   4.044945803000000E+00   5.002241070400000E-01   4.753119510600000E-01   7.480707545500000E-02   4.011159040200000E+00   5.000837769599999E-01   8.062782045100000E-01   2.073976881900000E-01
   9.993359113800000E-01   4.043172126000000E+00   5.002151733500000E-01   4.754585477400000E-01   7.487618558799999E-02   4.011744712700000E+00   5.000858263700000E-01   8.190003353200001E-01   2.136526721500000E-01
   9.993636635699999E-01   4.041398089500000E+00   5.002062417200001E-01   4.756053317100000E-01   7.494541494500000E-02   4.012288152900000E+00   5.000876417900000E-01   8.324031732700000E-01   2.203371831800000E-01
   9.993914157500000E-01   4.039623693900000E+00   5.001973121300000E-01   4.757523033500000E-01   7.501476379600000E-02   4.012786468800000E+00   5.000892082300000E-01   8.465365415900000E-01   2.274911253300000E-01
   9.994146719200000E-01   4.038136484500000E+00   5.001898307700000E-01   4.758756094800000E-01   7.507296992699999E-02   4.013167009600000E+00   5.000903173400000E-01   8.589824061200000E-01   2.338799549900000E-01
   9.994379280800000E-01   4.036649023400000E+00   5.001823508600000E-01   4.759990478600000E-01   7.513126027900000E-02   4.013511625500000E+00   5.000912298200000E-01   8.720144836300000E-01   2.406588262500000E-01
   9.994611842400000E-01   4.035161310500000E+00   5.001748723800000E-01   4.761226187600000E-01   7.518963493500000E-02   4.013818128300000E+00   5.000919345000000E-01   8.856706860500000E-01   2.478599240700000E-01
   9.994844404100000E-01   4.033673346100000E+00   5.001673953600000E-01   4.762463224800000E-01   7.524809386000000E-02   4.014084147600000E+00   5.000924193400000E-01   8.999921446700000E-01   2.555187938400000E-01
   9.995038055500000E-01   4.032434143200000E+00   5.001611704300000E-01   4.763494308000000E-01   7.529683605300000E-02   4.014272924100000E+00   5.000926459700000E-01   9.124571194800000E-01   2.622737512900000E-01
   9.995231706900000E-01   4.031194766200000E+00   5.001549465000000E-01   4.764526319000000E-01   7.534563608600001E-02   4.014430252500000E+00   5.000927031100000E-01   9.254420891400000E-01   2.693982610100000E-01
   9.995425358400000E-01   4.029955215000000E+00   5.001487235800000E-01   4.765559264100000E-01   7.539449302900000E-02   4.014554415500000E+00   5.000925821300000E-01   9.389769578900000E-01   2.769195863300000E-01
   9.995619009800000E-01   4.028715489800000E+00   5.001425016600000E-01   4.766593155000000E-01   7.544340490300000E-02   4.014643568100000E+00   5.000922738200000E-01   9.530938779000000E-01   2.848675243500000E-01
   9.995780198699999E-01   4.027683452000000E+00   5.001373235200000E-01   4.767454467200000E-01   7.548415666300000E-02   4.014689653700000E+00   5.000918672400000E-01   9.653130137000000E-01   2.918318391400000E-01
   9.995941387500000E-01   4.026651293700000E+00   5.001321460800000E-01   4.768316471000000E-01   7.552493977900000E-02   4.014708888200000E+00   5.000913179699999E-01   9.779806774100001E-01   2.991347176600000E-01
   9.996102576400000E-01   4.025619014800000E+00   5.001269693300000E-01   4.769179205000000E-01   7.556574690100000E-02   4.014699968600000E+00   5.000906195700000E-01   9.911196129099999E-01   3.067982845400000E-01
   9.996263765300000E-01   4.024586615400000E+00   5.001217932899999E-01   4.770042737200000E-01   7.560656486099999E-02   4.014661506800000E+00   5.000897652000000E-01   1.004754064800000E+00   3.148464781200000E-01
   9.996398607100000E-01   4.023722873800000E+00   5.001174638300000E-01   4.770765816900000E-01   7.564070315000000E-02   4.014605565800000E+00   5.000889254000001E-01   1.016559270300000E+00   3.218933841800000E-01
   9.996533448800000E-01   4.022859047700000E+00   5.001131348600000E-01   4.771489647700000E-01   7.567481151600000E-02   4.014526996800000E+00   5.000879668600000E-01   1.028745374500000E+00   3.292439093100000E-01
   9.996668290600000E-01   4.021995136700000E+00   5.001088063700000E-01   4.772214411700000E-01   7.570885433500001E-02   4.014424827100000E+00   5.000868848500000E-01   1.041329369000000E+00   3.369155774100000E-01
   9.996803132400000E-01   4.021131140300000E+00   5.001044783800001E-01   4.772940403000000E-01   7.574277397800000E-02   4.014298027700000E+00   5.000856743500000E-01   1.054329227300000E+00   3.449271762400000E-01
   9.996916934900000E-01   4.020401886100000E+00   5.001008260599999E-01   4.773554409100000E-01   7.577123948000000E-02   4.014171046400000E+00   5.000845488500000E-01   1.065638315200000E+00   3.519680654500000E-01
   9.997030737400000E-01   4.019672569800000E+00   5.000971740800000E-01   4.774170041000000E-01   7.579946987400001E-02   4.014025057000000E+00   5.000833247399999E-01   1.077269196700000E+00   3.592783557600000E-01
   9.997144539800000E-01   4.018943190700000E+00   5.000935224400000E-01   4.774787938800000E-01   7.582733958900000E-02   4.013859334300000E+00   5.000819985100000E-01   1.089234531900000E+00   3.668718082400000E-01
   9.997258342300001E-01   4.018213747100000E+00   5.000898711300000E-01   4.775409060100000E-01   7.585466068000001E-02   4.013673116100000E+00   5.000805665000000E-01   1.101547623800000E+00   3.747630592600000E-01
   9.997355434500000E-01   4.017591359600000E+00   5.000867562300000E-01   4.775942570500000E-01   7.587733149100000E-02   4.013497437800000E+00   5.000792582400000E-01   1.112338111800000E+00   3.817426897100000E-01
   9.997452526700000E-01   4.016968921500000E+00   5.000836415700000E-01   4.776480698200000E-01   7.589915718900000E-02   4.013305736700000E+00   5.000778676900000E-01   1.123400990700000E+00   3.889606583400000E-01
   9.997549618800000E-01   4.016346430100000E+00   5.000805271200000E-01   4.777025220000000E-01   7.591978894800000E-02   4.013097467500000E+00   5.000763922300000E-01   1.134745763900000E+00   3.964277950500000E-01
   9.997646711000000E-01   4.015723881300000E+00   5.000774128900000E-01   4.777578638500000E-01   7.593873540100000E-02   4.012872060200000E+00   5.000748291600000E-01   1.146382361300000E+00   4.041555405600000E-01
   9.997730499200000E-01   4.015186586200000E+00   5.000747255400000E-01   4.778066017900000E-01   7.595321248799999E-02   4.012663306100000E+00   5.000734076500000E-01   1.156667000000000E+00   4.110431492800000E-01
   9.997814287500000E-01   4.014649239300000E+00   5.000720383100000E-01   4.778565652600000E-01   7.596532897100000E-02   4.012440945900000E+00   5.000719168800000E-01   1.167183641200000E+00   4.181420196800000E-01
   9.997898075700000E-01   4.014111834100000E+00   5.000693511900000E-01   4.779081662400000E-01   7.597427581299999E-02   4.012204563900000E+00   5.000703548900000E-01   1.177939513000000E+00   4.254607484700000E-01
   9.997981863900000E-01   4.013574361600000E+00   5.000666641500000E-01   4.779619579200000E-01   7.597896655500000E-02   4.011953727800000E+00   5.000687196100000E-01   1.188942132400000E+00   4.330083653400000E-01
   9.998054983100000E-01   4.013105263500000E+00   5.000643192999999E-01   4.780112609400000E-01   7.597846120300000E-02   4.011722669100000E+00   5.000672310299999E-01   1.198751475500000E+00   4.397893527900000E-01
   9.998128102300000E-01   4.012636095000000E+00   5.000619744400000E-01   4.780634314400000E-01   7.597235931300000E-02   4.011479949700000E+00   5.000656835600000E-01   1.208760070500000E+00   4.467584737400000E-01
   9.998201221400000E-01   4.012166842800000E+00   5.000596295400001E-01   4.781193016600000E-01   7.595902611400000E-02   4.011225247400000E+00   5.000640757000000E-01   1.218973502400000E+00   4.539226336400000E-01
   9.998274340600000E-01   4.011697489500000E+00   5.000572845300000E-01   4.781799474400000E-01   7.593634822299999E-02   4.010958228600000E+00   5.000624058599999E-01   1.229397556700000E+00   4.612890508800000E-01
   9.998338818300000E-01   4.011283504700000E+00   5.000552165300000E-01   4.782384812500000E-01   7.590644988500000E-02   4.010712272300000E+00   5.000608806700000E-01   1.238769187600000E+00   4.679587016600000E-01
   9.998403296000000E-01   4.010869405000000E+00   5.000531483300000E-01   4.783030001900000E-01   7.586482239099999E-02   4.010456224200000E+00   5.000593048899999E-01   1.248313505600000E+00   4.747968904400000E-01
   9.998467773600000E-01   4.010455166000000E+00   5.000510798500000E-01   4.783750156200000E-01   7.580849642500000E-02   4.010189830500000E+00   5.000576773199999E-01   1.258034897700000E+00   4.818092372300000E-01
   9.998532251300000E-01   4.010040757500000E+00   5.000490110000000E-01   4.784564222700000E-01   7.573374924600000E-02   4.009912829300000E+00   5.000559967500000E-01   1.267937893100000E+00   4.890015928700000E-01
   9.998589651499999E-01   4.009671663800000E+00   5.000471688300000E-01   4.785386990000000E-01   7.564796607300001E-02   4.009657089100000E+00   5.000544550400000E-01   1.276910456500000E+00   4.955608576100000E-01
   9.998647051800000E-01   4.009302372800000E+00   5.000453261500000E-01   4.786323446000000E-01   7.553986923600001E-02   4.009392530600000E+00   5.000528694000000E-01   1.286034048700000E+00   5.022720742000000E-01
   9.998704452000000E-01   4.008932843900000E+00   5.000434828500000E-01   4.787398836100000E-01   7.540449781899999E-02   4.009118950600000E+00   5.000512389000000E-01   1.295312170900000E+00   5.091398769200000E-01
   9.998761852200000E-01   4.008563027700000E+00   5.000416387600000E-01   4.788644028700000E-01   7.523578569700000E-02   4.008836139800000E+00   5.000495625600000E-01   1.304748427800000E+00   5.161690737400000E-01
   9.998813388400000E-01   4.008230697700000E+00   5.000399822200000E-01   4.789937466500000E-01   7.504985337500000E-02   4.008574179200000E+00   5.000480175999999E-01   1.313358458800000E+00   5.226217761700001E-01
   9.998864924600001E-01   4.007898034800000E+00   5.000383247300000E-01   4.791430876900000E-01   7.482464483300000E-02   4.008304443100000E+00   5.000464341500001E-01   1.322101717200000E+00   5.292123411800000E-01
   9.998916460800000E-01   4.007564975900000E+00   5.000366660600000E-01   4.793163714200000E-01   7.455240527300000E-02   4.008026766600000E+00   5.000448114400000E-01   1.330981039100000E+00   5.359446380700000E-01
   9.998967997100000E-01   4.007231445100000E+00   5.000350059799999E-01   4.795183234500000E-01   7.422384578600000E-02   4.007740979800000E+00   5.000431486800000E-01   1.339999337800000E+00   5.428226693500000E-01
   9.999014618099999E-01   4.006929242600000E+00   5.000335027700000E-01   4.797303988400000E-01   7.386888989000000E-02   4.007475317300000E+00   5.000416093400000E-01   1.348279751900000E+00   5.491737191900000E-01
   9.999061239100000E-01   4.006626500800000E+00   5.000319979000000E-01   4.799754954100000E-01   7.344904984200000E-02   4.007202742500000E+00   5.000400359700000E-01   1.356678617400000E+00   5.556505846300001E-01
   9.999107860200001E-01   4.006323125900000E+00   5.000304910800000E-01   4.802594555600000E-01   7.295283874600000E-02   4.006923119400000E+00   5.000384279300000E-01   1.365198263300000E+00   5.622565332400000E-01
   9.999154481200000E-01   4.006019007700000E+00   5.000289819400000E-01   4.805891575600000E-01   7.236673181800000E-02   4.006636308600000E+00   5.000367845900000E-01   1.373841076700000E+00   5.689949365500000E-01
   9.999196934900000E-01   4.005741318400000E+00   5.000276053400000E-01   4.809359730800000E-01   7.174145473800000E-02   4.006368761500000E+00   5.000352568799999E-01   1.381820539300000E+00   5.752491691800000E-01
   9.999239388600000E-01   4.005462791400000E+00   5.000262261100000E-01   4.813345248300000E-01   7.101448257000000E-02   4.006095024800000E+00   5.000336988500000E-01   1.389906053900000E+00   5.816188265500000E-01
   9.999281842300000E-01   4.005183294100000E+00   5.000248438200000E-01   4.817930885900000E-01   7.016953689200001E-02   4.005814985100000E+00   5.000321099700000E-01   1.398099555800000E+00   5.881066961000000E-01
   9.999324296000000E-01   4.004902672700000E+00   5.000234579700000E-01   4.823212670500000E-01   6.918772663800000E-02   4.005528526200000E+00   5.000304897100000E-01   1.406403024900000E+00   5.947156476300000E-01
   9.999363175900000E-01   4.004644537400000E+00   5.000221851700000E-01   4.828755051500000E-01   6.814990271599999E-02   4.005260449600000E+00   5.000289778700000E-01   1.414105679300000E+00   6.008769761900000E-01
   9.999402055700000E-01   4.004385152300000E+00   5.000209083900000E-01   4.835072831000000E-01   6.695960044900000E-02   4.004986796000000E+00   5.000274388300000E-01   1.421903854700000E+00   6.071446703300000E-01
   9.999440935500000E-01   4.004124336800000E+00   5.000196270600000E-01   4.842278949400000E-01   6.559459002199999E-02   4.004707469700000E+00   5.000258721600001E-01   1.429799175800000E+00   6.135211286100000E-01
   9.999479815300000E-01   4.003861883500000E+00   5.000183404900000E-01   4.850502848100000E-01   6.402938852100000E-02   4.004422373100000E+00   5.000242774100000E-01   1.437793302300000E+00   6.200088156000000E-01
   9.999515595200000E-01   4.003618705600000E+00   5.000171512200000E-01   4.859097383600000E-01   6.238708027000000E-02   4.004154823400000E+00   5.000227846200000E-01   1.445238803000000E+00   6.260796845300000E-01
   9.999551375000000E-01   4.003373729600000E+00   5.000159561900001E-01   4.868810631000000E-01   6.052466559500000E-02   4.003882222800000E+00   5.000212672900000E-01   1.452770765500000E+00   6.322489229400000E-01
   9.999587154900000E-01   4.003126716800000E+00   5.000147546300000E-01   4.879791889200000E-01   5.841272995100000E-02   4.003604490100000E+00   5.000197250800000E-01   1.460390565500000E+00   6.385186094300001E-01
   9.999622934700000E-01   4.002877396200000E+00   5.000135456600000E-01   4.892210469500000E-01   5.601790578500000E-02   4.003321542400000E+00   5.000181576000000E-01   1.468099606400000E+00   6.448908761500000E-01
   9.999655995300000E-01   4.002644707900000E+00   5.000124211300000E-01   4.905128586300000E-01   5.352095943700000E-02   4.003055390000000E+00   5.000166864500000E-01   1.475303320900000E+00   6.508719234700000E-01
   9.999689055900000E-01   4.002409515000000E+00   5.000112885500000E-01   4.919608021700000E-01   5.071659836200000E-02   4.002784644900000E+00   5.000151931000000E-01   1.482585600100000E+00   6.569441866000000E-01
   9.999722116400001E-01   4.002171510900000E+00   5.000101469200000E-01   4.935840736500000E-01   4.756694931400000E-02   4.002509237500000E+00   5.000136772100000E-01   1.489947616800000E+00   6.631094768200000E-01
   9.999755177000000E-01   4.001930351000000E+00   5.000089951400000E-01   4.954042446600000E-01   4.402943343100000E-02   4.002229097100000E+00   5.000121384900000E-01   1.497390566100000E+00   6.693696491900000E-01
   9.999785780800000E-01   4.001703964400000E+00   5.000079188000000E-01   4.972856526200000E-01   4.036761951700000E-02   4.001965493300000E+00   5.000106934600000E-01   1.504353604400000E+00   6.752508318900000E-01
   9.999816384500000E-01   4.001474200000000E+00   5.000068315900000E-01   4.993779958600000E-01   3.629006054400000E-02   4.001697713500000E+00   5.000092283200001E-01   1.511388019700000E+00   6.812164890200000E-01
   9.999846988300000E-01   4.001240675500000E+00   5.000057322500000E-01   5.017052447100000E-01   3.174936794000000E-02   4.001425698300000E+00   5.000077427900000E-01   1.518494812400000E+00   6.872681980399999E-01
   9.999877592100000E-01   4.001002965200000E+00   5.000046194200000E-01   5.042941198000001E-01   2.669268301700000E-02   4.001149387000000E+00   5.000062366000000E-01   1.525675000700000E+00   6.934075722200000E-01
   9.999908194100000E-01   4.000760609300000E+00   5.000034916300000E-01   5.071742106500000E-01   2.106142773700000E-02   4.000868734500000E+00   5.000047095700000E-01   1.532929196700000E+00   6.996358969299999E-01
   9.999938796000000E-01   4.000513066200000E+00   5.000023471000000E-01   5.103788370100000E-01   1.478959884800000E-02   4.000583662100000E+00   5.000031613200000E-01   1.540258869900000E+00   7.059552139000000E-01
   9.999969398000000E-01   4.000259747100000E+00   5.000011839300000E-01   5.139450377200000E-01   7.803757072600000E-03   4.000294105600000E+00   5.000015915600000E-01   1.547665093300000E+00   7.123672494600000E-01
   1.000000000000000E+00   3.999999995600000E+00   4.999999999900000E-01   5.179141403200000E-01   2.188323634000000E-05   4.000000000000000E+00   5.000000000000000E-01   1.555148959200000E+00   7.188737697100001E-01
