   0.000000000000000E+00   1.060891425700000E+01   9.499999880800000E-01   1.558774794100000E-02   2.193490294900000E-05   7.437454409499999E-01   8.000000119200000E-01   1.548776641600000E+00   1.503969612900000E+00
   2.032573314100000E-04   1.060886607700000E+01   9.498944763400000E-01   1.558820017800000E-02   2.193550013000000E-05   7.439086104500000E-01   7.999019953199999E-01   1.548717523700000E+00   1.503792221300000E+00
   4.065146628300000E-04   1.060881777100000E+01   9.497889645199999E-01   1.558952270200000E-02   2.194347278300000E-05   7.440718209000000E-01   7.998039974500000E-01   1.548656632600000E+00   1.503621009700000E+00
   6.097719942400000E-04   1.060876933800000E+01   9.496834527100000E-01   1.559171312600000E-02   2.195002271600000E-05   7.442350463500000E-01   7.997060182400000E-01   1.548596173400000E+00   1.503448373800000E+00
   8.130293256500000E-04   1.060872078000000E+01   9.495779410000000E-01   1.559475545000000E-02   2.196560976600000E-05   7.443982957400000E-01   7.996080577000000E-01   1.548535387300000E+00   1.503276930100000E+00
   1.792235396700000E-03   1.060848509500000E+01   9.490696353000000E-01   1.562117916000000E-02   2.204703917100000E-05   7.451850294600000E-01   7.991363876000001E-01   1.548243629300000E+00   1.502448166600000E+00
   2.771441467700000E-03   1.060824653900000E+01   9.485613436100000E-01   1.566643887900000E-02   2.218924571100000E-05   7.459722295700000E-01   7.986651502500000E-01   1.547951840600000E+00   1.501621017300000E+00
   3.750647538700000E-03   1.060800515000000E+01   9.480530752200000E-01   1.572977845800000E-02   2.237827738800000E-05   7.467598917300000E-01   7.981943452100000E-01   1.547660380000000E+00   1.500794243200000E+00
   4.729853609700000E-03   1.060776096200000E+01   9.475448390300000E-01   1.581050240300000E-02   2.262566290700000E-05   7.475480193400000E-01   7.977239720400000E-01   1.547368954200000E+00   1.499968852900000E+00
   6.189539921400000E-03   1.060739183500000E+01   9.467872979600001E-01   1.596180154500000E-02   2.307363583100000E-05   7.487237255200000E-01   7.970235953000000E-01   1.546935145300000E+00   1.498739126000000E+00
   7.649226233200000E-03   1.060701667800000E+01   9.460298745400000E-01   1.614852364200000E-02   2.363793754900000E-05   7.499004629100000E-01   7.963241757900000E-01   1.546501631800000E+00   1.497511710100000E+00
   9.108912545000000E-03   1.060663560000000E+01   9.452725945900000E-01   1.636901484500000E-02   2.430407576900000E-05   7.510782285599999E-01   7.956257120500000E-01   1.546068640500000E+00   1.496285816200000E+00
   1.056859885700000E-02   1.060624871200000E+01   9.445154826700000E-01   1.662172925500000E-02   2.508547207300000E-05   7.522570245300000E-01   7.949282026500000E-01   1.545635971500000E+00   1.495062125000000E+00
   1.269925574500000E-02   1.060567378100000E+01   9.434107007200000E-01   1.704546926400000E-02   2.640512577200000E-05   7.539795194100000E-01   7.939117809000000E-01   1.545005373000000E+00   1.493278588700000E+00
   1.482991263300000E-02   1.060508706200000E+01   9.423063951000000E-01   1.753035884900000E-02   2.796355157900000E-05   7.557042063900000E-01   7.928973849099999E-01   1.544375594200000E+00   1.491499249600000E+00
   1.696056952100000E-02   1.060448892300000E+01   9.412026295800000E-01   1.807194738000000E-02   2.974877211500000E-05   7.574310825900000E-01   7.918850101800000E-01   1.543746800000000E+00   1.489723517700000E+00
   1.909122641000000E-02   1.060387974700000E+01   9.400994629100000E-01   1.866559654100000E-02   3.177720472300000E-05   7.591601489100001E-01   7.908746522700000E-01   1.543118834300000E+00   1.487951906000000E+00
   2.090299581200000E-02   1.060335335600000E+01   9.391619144100000E-01   1.920774097900000E-02   3.367618053500000E-05   7.606321525300000E-01   7.900170941600000E-01   1.542585676600000E+00   1.486448082900000E+00
   2.271476521300000E-02   1.060281951900000E+01   9.382248676000000E-01   1.978087815100000E-02   3.575333330000000E-05   7.621057387200000E-01   7.891609884100000E-01   1.542053096700000E+00   1.484947281900000E+00
   2.452653461500000E-02   1.060227848300000E+01   9.372883493600001E-01   2.038176541000000E-02   3.799165403100000E-05   7.635809053200000E-01   7.883063322900000E-01   1.541521224400000E+00   1.483449043900000E+00
   2.633830401700000E-02   1.060173049400000E+01   9.363523835100001E-01   2.100705101200000E-02   4.040336938500000E-05   7.650576531500000E-01   7.874531230900000E-01   1.540989939900000E+00   1.481953765800000E+00
   2.903015939200000E-02   1.060090399200000E+01   9.349628261100000E-01   2.197389847100000E-02   4.426422028200000E-05   7.672546626200000E-01   7.861881246900000E-01   1.540201891700000E+00   1.479736795800000E+00
   3.172201476700000E-02   1.060006342300000E+01   9.335745882299999E-01   2.297613828200000E-02   4.846613767100000E-05   7.694551583100000E-01   7.849263055300000E-01   1.539415217900000E+00   1.477526021200000E+00
   3.441387014200000E-02   1.059920947000000E+01   9.321877101800000E-01   2.400329380600000E-02   5.296795445100000E-05   7.716591369900000E-01   7.836676568199999E-01   1.538630015800000E+00   1.475321064400000E+00
   3.710572551700000E-02   1.059834272700000E+01   9.308022184300000E-01   2.504574335800000E-02   5.775678252100000E-05   7.738665977400000E-01   7.824121697800001E-01   1.537846184000000E+00   1.473122228300000E+00
   3.953876400200000E-02   1.059754873300000E+01   9.295511436900000E-01   2.599409216100000E-02   6.228640576200000E-05   7.758648081400000E-01   7.812801085100000E-01   1.537139005900000E+00   1.471139656800000E+00
   4.197180248600000E-02   1.059674499200000E+01   9.283012156200000E-01   2.694283171500000E-02   6.700520784600000E-05   7.778658600700000E-01   7.801506166000000E-01   1.536432931500000E+00   1.469162070700000E+00
   4.440484097100000E-02   1.059593173100000E+01   9.270524311100000E-01   2.788776983300000E-02   7.187623432000000E-05   7.798697509300000E-01   7.790236876600000E-01   1.535728042100000E+00   1.467189160400000E+00
   4.683787945600000E-02   1.059510911300000E+01   9.258047824000000E-01   2.882568604600000E-02   7.689728879500001E-05   7.818764800700000E-01   7.778993153000000E-01   1.535024254700000E+00   1.465221177100000E+00
   4.951476738200000E-02   1.059419336500000E+01   9.244333877399999E-01   2.984680758700000E-02   8.255151913600001E-05   7.840876080900000E-01   7.766651997500000E-01   1.534251313100000E+00   1.463061236400000E+00
   5.219165530900000E-02   1.059326649600000E+01   9.230633359900000E-01   3.085478969000000E-02   8.834984158800000E-05   7.863021675500000E-01   7.754341628000000E-01   1.533479707400000E+00   1.460907172400000E+00
   5.486854323500000E-02   1.059232852900000E+01   9.216946070599999E-01   3.184871042900000E-02   9.426348245000000E-05   7.885201554200000E-01   7.742061960500000E-01   1.532709502400000E+00   1.458758722400000E+00
   5.754543116100000E-02   1.059137944800000E+01   9.203271800700000E-01   3.282839272200000E-02   1.003007140600000E-04   7.907415702400000E-01   7.729812911400000E-01   1.531940627400000E+00   1.456616085400000E+00
   6.326757260400000E-02   1.058931318200000E+01   9.174084260499999E-01   3.487711312800000E-02   1.135477364500000E-04   7.955015672800000E-01   7.703731519100000E-01   1.530301712000000E+00   1.452054657800000E+00
   6.898971404600000E-02   1.058719527800000E+01   9.144953399300000E-01   3.687128853700000E-02   1.272949797700000E-04   8.002771886900000E-01   7.677788844000000E-01   1.528668934200000E+00   1.447518996900000E+00
   7.471185548900000E-02   1.058502507600000E+01   9.115877624600000E-01   3.882101331000000E-02   1.415421909300000E-04   8.050684105000000E-01   7.651984083700000E-01   1.527042302800000E+00   1.443008676500000E+00
   8.043399693200000E-02   1.058280200700000E+01   9.086855630100000E-01   4.073567501900000E-02   1.563345116500000E-04   8.098752095000000E-01   7.626316442600000E-01   1.525421708400000E+00   1.438523676100000E+00
   8.538715104400001E-02   1.058083467100000E+01   9.061776453900000E-01   4.237059823000000E-02   1.695790497400000E-04   8.140485902400000E-01   7.604208333000000E-01   1.524023807700000E+00   1.434661449000000E+00
   9.034030515600000E-02   1.057882720400000E+01   9.036736220700000E-01   4.398861895900000E-02   1.832705147500000E-04   8.182336080900000E-01   7.582201865400000E-01   1.522630352600000E+00   1.430817918800000E+00
   9.529345926799999E-02   1.057677946300000E+01   9.011734449100000E-01   4.559260794000000E-02   1.974036189600000E-04   8.224302456800000E-01   7.560296535500000E-01   1.521241366600000E+00   1.426992761700000E+00
   1.002466133800000E-01   1.057469135000000E+01   8.986770722100000E-01   4.718472219900000E-02   2.120068058700000E-04   8.266384865700001E-01   7.538491842600000E-01   1.519856764500000E+00   1.423186021300000E+00
   1.068247353200000E-01   1.057185566900000E+01   8.953675402700000E-01   4.928365491300000E-02   2.321081333800000E-04   8.322452202400000E-01   7.509688467500000E-01   1.518024739000000E+00   1.418158331700000E+00
   1.134028572500000E-01   1.056894855600000E+01   8.920645782900000E-01   5.136756995700000E-02   2.530617528300000E-04   8.378723463500000E-01   7.481060560900000E-01   1.516200342500000E+00   1.413162493500000E+00
   1.199809791900000E-01   1.056596994700000E+01   8.887681191100000E-01   5.343876125700000E-02   2.748633246700000E-04   8.435198212300000E-01   7.452606978700000E-01   1.514383553500000E+00   1.408198029000000E+00
   1.265591011200000E-01   1.056291980000000E+01   8.854781025400000E-01   5.549896423800000E-02   2.975444438100000E-04   8.491876012300000E-01   7.424326587300000E-01   1.512574252200000E+00   1.403264800700000E+00
   1.351570843800000E-01   1.055882518500000E+01   8.811874851200000E-01   5.817752989200000E-02   3.285011683600000E-04   8.566262529799999E-01   7.387621750900000E-01   1.510220652000000E+00   1.396863094100000E+00
   1.437550676500000E-01   1.055460827900000E+01   8.769076698500000E-01   6.084218796900000E-02   3.609976748300000E-04   8.640994112600000E-01   7.351208395500000E-01   1.507879591000000E+00   1.390513512400000E+00
   1.523530509100000E-01   1.055026905100000E+01   8.726385553500000E-01   6.349492649400000E-02   3.950388962700000E-04   8.716069672000000E-01   7.315084069900000E-01   1.505550965700000E+00   1.384215251400000E+00
   1.609510341800000E-01   1.054580746500000E+01   8.683800483100000E-01   6.613729889900000E-02   4.306681780600000E-04   8.791488096800000E-01   7.279246352600000E-01   1.503234580200000E+00   1.377967830100000E+00
   1.731350327000000E-01   1.053927540600000E+01   8.623634171400000E-01   6.986651166400000E-02   4.838847883900000E-04   8.898946678300000E-01   7.228947752300000E-01   1.499972853800000E+00   1.369200311000000E+00
   1.853190312200000E-01   1.053249732000000E+01   8.563676854600000E-01   7.358045445100000E-02   5.403943461300000E-04   9.007088033200000E-01   7.179213179200000E-01   1.496735033400000E+00   1.360531800100000E+00
   1.975030297400000E-01   1.052547287400000E+01   8.503926422600000E-01   7.728152050300000E-02   6.002461540900000E-04   9.115908598000000E-01   7.130036032600000E-01   1.493520767200000E+00   1.351960451000000E+00
   2.096870282700000E-01   1.051820159400000E+01   8.444380909000000E-01   8.097159080600000E-02   6.635311657800001E-04   9.225404672600001E-01   7.081409821600000E-01   1.490329621200000E+00   1.343484753700000E+00
   2.216581246200000E-01   1.051081634500000E+01   8.386073678700000E-01   8.458805509200000E-02   7.290968018000000E-04   9.333641583300000E-01   7.034163697700000E-01   1.487216449700000E+00   1.335248557600000E+00
   2.336292209700000E-01   1.050319139700000E+01   8.327960827699999E-01   8.819671688800000E-02   7.981186120400000E-04   9.442523073800000E-01   6.987437302600000E-01   1.484124880200000E+00   1.327101643800000E+00
   2.456003173200000E-01   1.049532574300000E+01   8.270040779100000E-01   9.179870333200001E-02   8.706493176700000E-04   9.552045188800000E-01   6.941224773500000E-01   1.481054615900000E+00   1.319042408900000E+00
   2.575714136700000E-01   1.048721813700000E+01   8.212312027499999E-01   9.539495433500000E-02   9.467855991500000E-04   9.662203842100000E-01   6.895520340700000E-01   1.478005277900000E+00   1.311069564200000E+00
   2.711553343100000E-01   1.047772324400000E+01   8.147035552000000E-01   9.946988229400000E-02   1.037613067400000E-03   9.787969359100001E-01   6.844266513800000E-01   1.474570116300000E+00   1.302125221900000E+00
   2.847392549400000E-01   1.046791214500000E+01   8.082001520400000E-01   1.035396473700000E-01   1.133299531300000E-03   9.914542593200000E-01   6.793651445600000E-01   1.471161024800000E+00   1.293288311700000E+00
   2.983231755800000E-01   1.045778153200000E+01   8.017208001700000E-01   1.076052801900000E-01   1.233947679900000E-03   1.004191686500000E+00   6.743667120500000E-01   1.467777597200000E+00   1.284556764500000E+00
   3.119070962100000E-01   1.044732739800000E+01   7.952653144200000E-01   1.116676840000000E-01   1.339707634200000E-03   1.017008525800000E+00   6.694305662700000E-01   1.464419352100000E+00   1.275928831800000E+00
   3.256677648100000E-01   1.043640244300000E+01   7.887499846900000E-01   1.157805600400000E-01   1.452163674200000E-03   1.030072365100000E+00   6.644929087900000E-01   1.461042712200000E+00   1.267292219200000E+00
   3.394284334100000E-01   1.042513456200000E+01   7.822587862200000E-01   1.198918414000000E-01   1.570148940200000E-03   1.043216187500000E+00   6.596175847700000E-01   1.457691049600000E+00   1.258758196400000E+00
   3.531891020000000E-01   1.041351658100000E+01   7.757915483200000E-01   1.240023448700000E-01   1.693794541100000E-03   1.056439193000000E+00   6.548038172800000E-01   1.454363990100000E+00   1.250324826100000E+00
   3.669497706000000E-01   1.040153994300000E+01   7.693481069700000E-01   1.281128190200000E-01   1.823281289700000E-03   1.069740555600000E+00   6.500508426900000E-01   1.451061087200000E+00   1.241990480900000E+00
   3.795470548200000E-01   1.039025278300000E+01   7.634701504300000E-01   1.318764101700000E-01   1.947056809200000E-03   1.081985337800000E+00   6.457523652900000E-01   1.448058323900000E+00   1.234445953700000E+00
   3.921443390500000E-01   1.037864737600000E+01   7.576118883300000E-01   1.356411635900000E-01   2.076003532700000E-03   1.094294397300000E+00   6.415036402199999E-01   1.445075180000000E+00   1.226981713100000E+00
   4.047416232700000E-01   1.036671296100000E+01   7.517732086500000E-01   1.394076551800000E-01   2.210240201800000E-03   1.106667038800000E+00   6.373041096199999E-01   1.442111412900000E+00   1.219596383300000E+00
   4.173389075000000E-01   1.035443695900000E+01   7.459540036700000E-01   1.431764263500000E-01   2.349935116600000E-03   1.119102548700000E+00   6.331532241100000E-01   1.439166705600000E+00   1.212288871700000E+00
   4.296558268300000E-01   1.034208982600000E+01   7.402830409000000E-01   1.468640862800000E-01   2.491917035200000E-03   1.131321374400000E+00   6.291412345200000E-01   1.436305761200000E+00   1.205217926400000E+00
   4.419727461600000E-01   1.032938611900000E+01   7.346305040100000E-01   1.505549965800000E-01   2.639415908300000E-03   1.143598895700000E+00   6.251747333500000E-01   1.433462536600000E+00   1.198219155700000E+00
   4.542896654900000E-01   1.031630718400000E+01   7.289963042499999E-01   1.542497194300000E-01   2.792569298900000E-03   1.155934390000000E+00   6.212532296500000E-01   1.430636835300000E+00   1.191291377900000E+00
   4.666065848200000E-01   1.030283129100000E+01   7.233803568700000E-01   1.579488003300000E-01   2.951566436700000E-03   1.168327117700000E+00   6.173762395500000E-01   1.427828388000000E+00   1.184433680500000E+00
   4.774820380800000E-01   1.029058242400000E+01   7.184367603100000E-01   1.612190803900000E-01   3.096928713600000E-03   1.179316479600000E+00   6.139896019900000E-01   1.425362830200000E+00   1.178435851600000E+00
   4.883574913300000E-01   1.027798438300000E+01   7.135072782400000E-01   1.644936276300000E-01   3.247116839200000E-03   1.190349338000000E+00   6.106369729000000E-01   1.422910396000000E+00   1.172491208100000E+00
   4.992329445800000E-01   1.026501418900000E+01   7.085918605700000E-01   1.677728949700000E-01   3.402245492400000E-03   1.201425147700000E+00   6.073180324300000E-01   1.420470978400000E+00   1.166598966300000E+00
   5.101083978299999E-01   1.025164554300000E+01   7.036904599500000E-01   1.710573259000000E-01   3.562480359100000E-03   1.212543353300000E+00   6.040324646800000E-01   1.418044398300000E+00   1.160758591500000E+00
   5.194495119800000E-01   1.023982213200000E+01   6.994917187900000E-01   1.738828904200000E-01   3.704275598500000E-03   1.222126386000000E+00   6.012368388600000E-01   1.415970355500000E+00   1.155782975400000E+00
   5.287906261200001E-01   1.022766107600000E+01   6.953032592600000E-01   1.767129460900000E-01   3.850056980000000E-03   1.231739912100000E+00   5.984654077300000E-01   1.413905591100000E+00   1.150844773700000E+00
   5.381317402700000E-01   1.021513811000000E+01   6.911250566600000E-01   1.795478544000000E-01   3.999911977500000E-03   1.241383559600000E+00   5.957179778700000E-01   1.411850059100000E+00   1.145943484000000E+00
   5.474728544100000E-01   1.020222597500000E+01   6.869570880700000E-01   1.823879678800000E-01   4.153977939600000E-03   1.251056951000000E+00   5.929943579100000E-01   1.409803642200000E+00   1.141078835000000E+00
   5.564810783400000E-01   1.018937677600000E+01   6.829473275900000E-01   1.851321871700000E-01   4.306628505300000E-03   1.260413424100000E+00   5.903901748000000E-01   1.407838761200000E+00   1.136421755800000E+00
   5.654893022600000E-01   1.017610647000000E+01   6.789470481100000E-01   1.878819912700000E-01   4.463428885600000E-03   1.269796852800000E+00   5.878077904700000E-01   1.405882213500000E+00   1.131798076100000E+00
   5.744975261800001E-01   1.016238061600000E+01   6.749562344400000E-01   1.906378035100000E-01   4.624483798000000E-03   1.279206882100000E+00   5.852470384000000E-01   1.403933966700000E+00   1.127207363500000E+00
   5.835057501000001E-01   1.014816067400000E+01   6.709748733799999E-01   1.934000487700000E-01   4.789950418200000E-03   1.288643152600000E+00   5.827077537200001E-01   1.401993920600000E+00   1.122649403800000E+00
   5.920394202900000E-01   1.013419512200000E+01   6.672119593700000E-01   1.960231654200000E-01   4.950873204400000E-03   1.297606192700000E+00   5.803218915300000E-01   1.400163626800000E+00   1.118361347000000E+00
   6.005730904700000E-01   1.011970667800000E+01   6.634575108100000E-01   1.986529239500000E-01   5.116021152600000E-03   1.306592140200000E+00   5.779550104700000E-01   1.398340579700000E+00   1.114102144500000E+00
   6.091067606600000E-01   1.010464984800000E+01   6.597115221900000E-01   2.012898204900000E-01   5.285517184500000E-03   1.315600676100000E+00   5.756069742800000E-01   1.396524760900000E+00   1.109871436500000E+00
   6.176404308500000E-01   1.008897401100000E+01   6.559739901700000E-01   2.039343637400000E-01   5.459539441700000E-03   1.324631478000000E+00   5.732776479500000E-01   1.394716086800000E+00   1.105669068700000E+00
   6.252424929300000E-01   1.007444262400000E+01   6.526516003000000E-01   2.062971307100000E-01   5.618486909300000E-03   1.332694887600000E+00   5.712182596599999E-01   1.393110880400000E+00   1.101949010700000E+00
   6.328445550100000E-01   1.005933145100000E+01   6.493359215700000E-01   2.086668627200000E-01   5.781294337400000E-03   1.340775474200000E+00   5.691735191600000E-01   1.391511266800000E+00   1.098251082000000E+00
   6.404466170899999E-01   1.004359209000000E+01   6.460269567300000E-01   2.110440594800000E-01   5.948081640700000E-03   1.348873000800000E+00   5.671433334100000E-01   1.389917244400000E+00   1.094575015500000E+00
   6.480486791700000E-01   1.002717131100000E+01   6.427247104200000E-01   2.134292341400000E-01   6.119024094800000E-03   1.356987229100000E+00   5.651276101100000E-01   1.388328749500000E+00   1.090920736100000E+00
   6.558427788600000E-01   1.000956697900000E+01   6.393460275000000E-01   2.158835730100000E-01   6.298743589500000E-03   1.365323519500000E+00   5.630758862900000E-01   1.386705875800000E+00   1.087196460000000E+00
   6.636368785500000E-01   9.991115445000000E+00   6.359744235500000E-01   2.183475935400000E-01   6.483203517600000E-03   1.373676849200000E+00   5.610391706300000E-01   1.385088746800000E+00   1.083494730500000E+00
   6.714309782400000E-01   9.971740153700001E+00   6.326099109900000E-01   2.208220689100000E-01   6.672599156200000E-03   1.382046952100000E+00   5.590173659800000E-01   1.383477359400000E+00   1.079815283400000E+00
   6.792250779300000E-01   9.951356719400000E+00   6.292525052400000E-01   2.233078199400000E-01   6.867190497800000E-03   1.390433560000000E+00   5.570103759500000E-01   1.381871652700000E+00   1.076158035600000E+00
   6.868340039600001E-01   9.930396159100001E+00   6.259817388100000E-01   2.257462995800000E-01   7.062394077700000E-03   1.398636578800000E+00   5.550652677200000E-01   1.380309583500000E+00   1.072608812800000E+00
   6.944429299900000E-01   9.908291055599999E+00   6.227177841200000E-01   2.281973644000000E-01   7.263072117200000E-03   1.406854814400000E+00   5.531340991300000E-01   1.378752869800000E+00   1.069080433000000E+00
   7.020518560200000E-01   9.884936680799999E+00   6.194606656700000E-01   2.306620928000000E-01   7.469504127800000E-03   1.415088008900000E+00   5.512167825800000E-01   1.377201512200000E+00   1.065572658600000E+00
   7.096607820400000E-01   9.860217883400001E+00   6.162104120200000E-01   2.331416486200000E-01   7.682044560400000E-03   1.423335902800000E+00   5.493132311300000E-01   1.375655456300000E+00   1.062085422500000E+00
   7.159321078699999E-01   9.838729625399999E+00   6.135367159600000E-01   2.351974066200000E-01   7.862051684100001E-03   1.430144734700000E+00   5.477545987400000E-01   1.374385185800000E+00   1.059226460000000E+00
   7.222034337000000E-01   9.816151577499999E+00   6.108677266900000E-01   2.372649382200000E-01   8.046693884600000E-03   1.436963226000000E+00   5.462052105900000E-01   1.373118479800000E+00   1.056381281700000E+00
   7.284747595200000E-01   9.792400243700000E+00   6.082034678300000E-01   2.393451520000000E-01   8.236203187700001E-03   1.443791227300000E+00   5.446650189800000E-01   1.371855350900000E+00   1.053549727300000E+00
   7.347460853500000E-01   9.767385360700001E+00   6.055439657900000E-01   2.414390117000000E-01   8.430877395299999E-03   1.450628588400000E+00   5.431339765200000E-01   1.370595759600000E+00   1.050731794200000E+00
   7.408918679299999E-01   9.741551428599999E+00   6.029423465600000E-01   2.435052526600000E-01   8.626932234500000E-03   1.457338009500000E+00   5.416424142500000E-01   1.369364837100000E+00   1.047983308300000E+00
   7.470376505200000E-01   9.714311266899999E+00   6.003453546800001E-01   2.455867467400000E-01   8.828558008900001E-03   1.464056130700000E+00   5.401595491600000E-01   1.368137286600000E+00   1.045247755500000E+00
   7.531834331000000E-01   9.685557866700000E+00   5.977530244100000E-01   2.476847368800000E-01   9.036084526900001E-03   1.470782807000000E+00   5.386853374400000E-01   1.366913120800000E+00   1.042524989300000E+00
   7.593292156800000E-01   9.655175763300001E+00   5.951653937500000E-01   2.498005592100000E-01   9.249918236900001E-03   1.477517893500000E+00   5.372197355400000E-01   1.365692303800000E+00   1.039815010000000E+00
   7.649354183500000E-01   9.625935378799999E+00   5.928090830700000E-01   2.517474520400000E-01   9.450815726900000E-03   1.483668871500000E+00   5.358902812200000E-01   1.364581611600000E+00   1.037353960800000E+00
   7.705416210300000E-01   9.595134609000000E+00   5.904567532100000E-01   2.537116672900000E-01   9.657678090900000E-03   1.489826613900000E+00   5.345679225400000E-01   1.363473685900000E+00   1.034903445600000E+00
   7.761478237000000E-01   9.562664536700000E+00   5.881084428900000E-01   2.556945881600000E-01   9.870881476900000E-03   1.495991007800000E+00   5.332526269700000E-01   1.362368541300000E+00   1.032463343600000E+00
   7.817540263700000E-01   9.528408466300000E+00   5.857641946200000E-01   2.576977010100000E-01   1.009088127300000E-02   1.502161940200000E+00   5.319443621700000E-01   1.361266147500000E+00   1.030033668900000E+00
   7.868445882300000E-01   9.495651246300000E+00   5.836391207800000E-01   2.595354693900000E-01   1.029691385100000E-02   1.507770858000000E+00   5.307624909300001E-01   1.360267552100000E+00   1.027836375500000E+00
   7.919351500900000E-01   9.461218634800000E+00   5.815174727100000E-01   2.613926017100000E-01   1.050934691500000E-02   1.513384987200000E+00   5.295863661100000E-01   1.359271210200000E+00   1.025647604800000E+00
   7.970257119500000E-01   9.425004290100000E+00   5.793992920100000E-01   2.632705974100000E-01   1.072859926700000E-02   1.519004241400000E+00   5.284159638500000E-01   1.358277137400000E+00   1.023467256000000E+00
   8.021162738099999E-01   9.386895048300000E+00   5.772846240300000E-01   2.651710661900000E-01   1.095517061900000E-02   1.524628534200000E+00   5.272512604100000E-01   1.357285307500000E+00   1.021295352500000E+00
   8.070414760500000E-01   9.348106888300000E+00   5.752420378999999E-01   2.670328871000000E-01   1.118182354600000E-02   1.530074843500000E+00   5.261297926000000E-01   1.356327852400000E+00   1.019201924100000E+00
   8.119666783000000E-01   9.307316432400000E+00   5.732028349100000E-01   2.689191804000000E-01   1.141635505200000E-02   1.535525708600000E+00   5.250136159700000E-01   1.355372486400000E+00   1.017116334500000E+00
   8.168918805399999E-01   9.264400655999999E+00   5.711670681300000E-01   2.708319022700000E-01   1.165933261000000E-02   1.540981049800000E+00   5.239027092900000E-01   1.354419224200000E+00   1.015038493500000E+00
   8.218170827800000E-01   9.219228980500001E+00   5.691347953300000E-01   2.727731686100000E-01   1.191141979000000E-02   1.546440787300000E+00   5.227970514800000E-01   1.353468042500000E+00   1.012968423800000E+00
   8.263222874700000E-01   9.175816065099999E+00   5.672789382100000E-01   2.745758998700000E-01   1.215057434000000E-02   1.551438725900000E+00   5.217902574900000E-01   1.352599814200000E+00   1.011081588900000E+00
   8.308274921500000E-01   9.130287555600001E+00   5.654261095300001E-01   2.764064412700000E-01   1.239855591300000E-02   1.556440214000000E+00   5.207878217300000E-01   1.351733318000000E+00   1.009201209200000E+00
   8.353326968300000E-01   9.082524989800000E+00   5.635763660599999E-01   2.782669635700000E-01   1.265601557200000E-02   1.561445189400000E+00   5.197897282300000E-01   1.350868568100000E+00   1.007327208200000E+00
   8.398379015100000E-01   9.032403354700000E+00   5.617297693800000E-01   2.801598152300000E-01   1.292370514100000E-02   1.566453589900000E+00   5.187959611000000E-01   1.350005544300000E+00   1.005459612100000E+00
   8.440899328200000E-01   8.982815794800000E+00   5.599898901700000E-01   2.819783034600000E-01   1.318644810400000E-02   1.571183624900000E+00   5.178619937500000E-01   1.349192620800000E+00   1.003702756400000E+00
   8.483419641300000E-01   8.930892677499999E+00   5.582529343700000E-01   2.838302920400000E-01   1.345978607700000E-02   1.575916602600000E+00   5.169318528300000E-01   1.348381228700000E+00   1.001951566900000E+00
   8.525939954300000E-01   8.876511206700000E+00   5.565189679700000E-01   2.857184203600000E-01   1.374454116900000E-02   1.580652469600000E+00   5.160055251400000E-01   1.347571381200000E+00   1.000205976800000E+00
   8.568460267400000E-01   8.819542298500000E+00   5.547880625100000E-01   2.876455560800000E-01   1.404165182000000E-02   1.585391173100000E+00   5.150829975400000E-01   1.346763060400000E+00   9.984660117200000E-01
   8.608170102400000E-01   8.763882639800000E+00   5.531743977900000E-01   2.894833518300000E-01   1.433117044900000E-02   1.589819175100000E+00   5.142248665700000E-01   1.346009563400000E+00   9.968460590000000E-01
   8.647879937400000E-01   8.705732169099999E+00   5.515635388000000E-01   2.913607673500000E-01   1.463328571700000E-02   1.594249560900000E+00   5.133700278600000E-01   1.345257393000000E+00   9.952309819900000E-01
   8.687589772300000E-01   8.644969553699999E+00   5.499555596700000E-01   2.932809307000000E-01   1.494901095600000E-02   1.598682286500000E+00   5.125184708300000E-01   1.344506561600000E+00   9.936207229700000E-01
   8.727299607300000E-01   8.581467807599999E+00   5.483505406900000E-01   2.952472514600000E-01   1.527949206400000E-02   1.603117308200000E+00   5.116701849000000E-01   1.343757053500000E+00   9.920153067100000E-01
   8.762789241500000E-01   8.522288525300000E+00   5.469186725100000E-01   2.970467446100000E-01   1.558835413300000E-02   1.607082900600000E+00   5.109148109000000E-01   1.343088335200000E+00   9.905845443300000E-01
   8.798278875600000E-01   8.460716415400000E+00   5.454893053200000E-01   2.988890657600000E-01   1.591100742900000E-02   1.611050260300000E+00   5.101620337700000E-01   1.342420669800000E+00   9.891576307500000E-01
   8.833768509800000E-01   8.396648515100001E+00   5.440625115800000E-01   3.007774610600000E-01   1.624854595600000E-02   1.615019355600000E+00   5.094118460600000E-01   1.341754068800000E+00   9.877345177600000E-01
   8.869258143900000E-01   8.329977726099999E+00   5.426383695000000E-01   3.027154648200000E-01   1.660219482500000E-02   1.618990154800000E+00   5.086642403100000E-01   1.341088518800000E+00   9.863152302000000E-01
   8.899946962500001E-01   8.270141582600001E+00   5.414090791700000E-01   3.044343035500000E-01   1.692202280800000E-02   1.622425158400000E+00   5.080198419600001E-01   1.340513861000000E+00   9.850909692299999E-01
   8.930635781000000E-01   8.208201300000001E+00   5.401818934600000E-01   3.061958944300000E-01   1.725586923600000E-02   1.625861391600000E+00   5.073773639400000E-01   1.339939985900000E+00   9.838695584000000E-01
   8.961324599600000E-01   8.144079739400000E+00   5.389568754000000E-01   3.080032419500000E-01   1.760478756900000E-02   1.629298833800000E+00   5.067368014800000E-01   1.339366904200000E+00   9.826509583100000E-01
   8.992013418100000E-01   8.077697207400000E+00   5.377340926600001E-01   3.098596043300000E-01   1.796994460600000E-02   1.632737464200000E+00   5.060981498300000E-01   1.338794604300000E+00   9.814351926400000E-01
   9.016340714700000E-01   8.023414319300000E+00   5.367664182000000E-01   3.113683403300000E-01   1.827178703800000E-02   1.635464127500000E+00   5.055932396100000E-01   1.338341502600000E+00   9.804734192400000E-01
   9.040668011300000E-01   7.967616832200000E+00   5.358002325900000E-01   3.129120341900000E-01   1.858533500000000E-02   1.638191514700000E+00   5.050895247900000E-01   1.337888886500000E+00   9.795134209400000E-01
   9.064995307800000E-01   7.910261514600000E+00   5.348355768100000E-01   3.144927588000000E-01   1.891134270300000E-02   1.640919617000000E+00   5.045870030000000E-01   1.337436760700000E+00   9.785551595600001E-01
   9.089322604400000E-01   7.851304067400000E+00   5.338724943800000E-01   3.161127375300000E-01   1.925063220000000E-02   1.643648427300000E+00   5.040856719300000E-01   1.336985108100000E+00   9.775986456500000E-01
   9.107747954199999E-01   7.805556082300000E+00   5.331441367600001E-01   3.173672874800000E-01   1.951698877400000E-02   1.645715680100000E+00   5.037067577700000E-01   1.336643347300000E+00   9.768753123100000E-01
   9.126173304000000E-01   7.758842907400000E+00   5.324167293299999E-01   3.186468420300000E-01   1.979189170800000E-02   1.647783335400000E+00   5.033285243400000E-01   1.336301847100000E+00   9.761529689700000E-01
   9.144598653700000E-01   7.711144057500000E+00   5.316902943500000E-01   3.199525841200000E-01   2.007578542300000E-02   1.649851391700000E+00   5.029509706400001E-01   1.335960621200000E+00   9.754315985300001E-01
   9.163024003500000E-01   7.662438690000000E+00   5.309648551100000E-01   3.212857662900000E-01   2.036914639800000E-02   1.651919843200000E+00   5.025740956300000E-01   1.335619692200000E+00   9.747112621600000E-01
   9.178523954800000E-01   7.620671253300000E+00   5.303553831600000E-01   3.224295045400000E-01   2.062363373000000E-02   1.653660179900000E+00   5.022575820300000E-01   1.335333184300000E+00   9.741061493299999E-01
   9.194023906200000E-01   7.578163724400000E+00   5.297466484000000E-01   3.235944398800000E-01   2.088550262800000E-02   1.655400760800000E+00   5.019415472400000E-01   1.335047032100000E+00   9.735019842800000E-01
   9.209523857500000E-01   7.534903109400000E+00   5.291386667400000E-01   3.247814558100000E-01   2.115509438000000E-02   1.657141535600000E+00   5.016259904200000E-01   1.334761415600000E+00   9.728990083900000E-01
   9.225023808800000E-01   7.490876237900000E+00   5.285314547400000E-01   3.259914823000000E-01   2.143277173900000E-02   1.658882409400000E+00   5.013109104600000E-01   1.334476621700000E+00   9.722976776700000E-01
   9.237233579300000E-01   7.455646702600000E+00   5.280536891099999E-01   3.269614988100000E-01   2.165745032000000E-02   1.660253714000000E+00   5.010630474600000E-01   1.334253155100000E+00   9.718255726300000E-01
   9.249443349699999E-01   7.419926814100000E+00   5.275764205900000E-01   3.279469048100000E-01   2.188758287200000E-02   1.661624857900000E+00   5.008154785000000E-01   1.334030788600000E+00   9.713553920700000E-01
   9.261653120100000E-01   7.383709906900000E+00   5.270996582600000E-01   3.289482258400000E-01   2.212337745900000E-02   1.662995664200000E+00   5.005682022900000E-01   1.333809928300000E+00   9.708877452000000E-01
   9.273862890500000E-01   7.346989250100000E+00   5.266234115500000E-01   3.299660103000000E-01   2.236505281400000E-02   1.664365893300000E+00   5.003212172200000E-01   1.333591043100000E+00   9.704233874200000E-01
   9.282953633800000E-01   7.319317815100000E+00   5.262691643200000E-01   3.307348300200000E-01   2.254894654300000E-02   1.665385536900000E+00   5.001375132300000E-01   1.333429660600000E+00   9.700802606300000E-01
   9.292044377000001E-01   7.291360533300000E+00   5.259152124799999E-01   3.315133391400000E-01   2.273632630700000E-02   1.666404538000000E+00   4.999539685400000E-01   1.333269843000000E+00   9.697397297900000E-01
   9.301135120300000E-01   7.263114557800000E+00   5.255615602700000E-01   3.323017918100000E-01   2.292729477100000E-02   1.667422730100000E+00   4.997705821000000E-01   1.333111711000000E+00   9.694020099800000E-01
   9.310225863600000E-01   7.234577022800000E+00   5.252082121000000E-01   3.331004507000000E-01   2.312195866400000E-02   1.668439945700000E+00   4.995873528200000E-01   1.332955236800000E+00   9.690671336400000E-01
   9.317709637100000E-01   7.210863221700000E+00   5.249175565800001E-01   3.337657818400000E-01   2.328506321600000E-02   1.669276509000000E+00   4.994366301900000E-01   1.332827494800000E+00   9.687933763400000E-01
   9.325193410700000E-01   7.186948255200000E+00   5.246271127100000E-01   3.344383701300000E-01   2.345081121800000E-02   1.670112252000000E+00   4.992860129900000E-01   1.332700365600000E+00   9.685208948900000E-01
   9.332677184300000E-01   7.162830496300000E+00   5.243368831400000E-01   3.351183764000000E-01   2.361926870700000E-02   1.670947166800000E+00   4.991355010300000E-01   1.332573240000000E+00   9.682488388300000E-01
   9.340160957900000E-01   7.138508310100000E+00   5.240468705500000E-01   3.358059660700000E-01   2.379050394400000E-02   1.671781324400000E+00   4.989850945900000E-01   1.332445129400000E+00   9.679758164400000E-01
   9.346673967400000E-01   7.117173446700000E+00   5.237946559200000E-01   3.364106685700000E-01   2.394184266300000E-02   1.672506803300000E+00   4.988542847700000E-01   1.332331694200000E+00   9.677357822800000E-01
   9.353186976900000E-01   7.095681418900000E+00   5.235426095700000E-01   3.370213587700000E-01   2.409538643400000E-02   1.673232073900000E+00   4.987235566600000E-01   1.332214999200000E+00   9.674913963300000E-01
   9.359699986500000E-01   7.074031134500000E+00   5.232907333900000E-01   3.376381548800000E-01   2.425118448300000E-02   1.673957502200000E+00   4.985929121500000E-01   1.332093132100000E+00   9.672398699600000E-01
   9.366212996000000E-01   7.052221497000000E+00   5.230390293100000E-01   3.382611780800000E-01   2.440928751500000E-02   1.674683638500000E+00   4.984623541300000E-01   1.331963532400000E+00   9.669774562700000E-01
   9.372100962400000E-01   7.032366831200000E+00   5.228116306300000E-01   3.388298736300000E-01   2.455424483500000E-02   1.675341347300000E+00   4.983444034500000E-01   1.331836940100000E+00   9.667267714800000E-01
   9.377988928700000E-01   7.012380214700000E+00   5.225843757000000E-01   3.394038541000000E-01   2.470116818300000E-02   1.676001071500000E+00   4.982265311300000E-01   1.331698125100000E+00   9.664584871800000E-01
   9.383876895100000E-01   6.992260828600000E+00   5.223572660300000E-01   3.399832158300000E-01   2.485009821000000E-02   1.676663875300000E+00   4.981087429200000E-01   1.331543096600000E+00   9.661666891100000E-01
   9.389764861400000E-01   6.972007851600000E+00   5.221303031600000E-01   3.405680574300000E-01   2.500107670400000E-02   1.677331150000000E+00   4.979910463300000E-01   1.331366897400000E+00   9.658440099900000E-01
   9.395296466100000E-01   6.952858217100000E+00   5.219172120700000E-01   3.411225847600000E-01   2.514482190800000E-02   1.677963701100000E+00   4.978805652900000E-01   1.331176658300000E+00   9.655046551299999E-01
   9.400828070800000E-01   6.933589260800000E+00   5.217042532600000E-01   3.416821234300000E-01   2.529044947500000E-02   1.678603644200000E+00   4.977701838600000E-01   1.330956249400000E+00   9.651209091100000E-01
   9.406359675500000E-01   6.914200295500000E+00   5.214914280700000E-01   3.422467610500000E-01   2.543799682300000E-02   1.679253314900000E+00   4.976599147800000E-01   1.330698324600000E+00   9.646817747300001E-01
   9.411891280200000E-01   6.894690632400000E+00   5.212787378900000E-01   3.428165871900000E-01   2.558750238000000E-02   1.679915594300000E+00   4.975497738300000E-01   1.330394149100000E+00   9.641741472899999E-01
   9.417500030200000E-01   6.874784939400000E+00   5.210632207400000E-01   3.433997518300000E-01   2.574113274000000E-02   1.680603593200000E+00   4.974382474300000E-01   1.330027937400000E+00   9.635736239100000E-01
   9.423108780200000E-01   6.854753727000000E+00   5.208478453099999E-01   3.439884426200000E-01   2.589685897700000E-02   1.681312625000000E+00   4.973268970200000E-01   1.329590982200000E+00   9.628677978400000E-01
   9.428717530200000E-01   6.834596271900000E+00   5.206326131100000E-01   3.445827595600000E-01   2.605472434800000E-02   1.682048081500000E+00   4.972157522900000E-01   1.329068566300000E+00   9.620344883800001E-01
   9.434326280200001E-01   6.814311849200000E+00   5.204175256800000E-01   3.451828049800000E-01   2.621477331300000E-02   1.682816429200000E+00   4.971048488600000E-01   1.328443659500000E+00   9.610479859000000E-01
   9.439807600900000E-01   6.794364913300000E+00   5.202074663600000E-01   3.457748527200000E-01   2.637333947100000E-02   1.683606461600000E+00   4.969967389400000E-01   1.327715197000000E+00   9.599076092900000E-01
   9.445288921500000E-01   6.774295340500000E+00   5.199975482900000E-01   3.463725717300000E-01   2.653407844400000E-02   1.684443708300000E+00   4.968889468100000E-01   1.326849432500000E+00   9.585613735800000E-01
   9.450770242200000E-01   6.754102450200000E+00   5.197877730000000E-01   3.469760644500000E-01   2.669703511500000E-02   1.685338083100000E+00   4.967815274200000E-01   1.325822966900000E+00   9.569739341100000E-01
   9.456251562900000E-01   6.733785560600000E+00   5.195781420400000E-01   3.475854356700000E-01   2.686225560800000E-02   1.686301101600000E+00   4.966745447200000E-01   1.324609686600000E+00   9.551058265600000E-01
   9.461488510600000E-01   6.714257997400000E+00   5.193779932900000E-01   3.481732293500000E-01   2.702226831200000E-02   1.687297499200000E+00   4.965728073600000E-01   1.323249417400000E+00   9.530187767300000E-01
   9.466725458400000E-01   6.694616025300000E+00   5.191779791300000E-01   3.487665827300000E-01   2.718443308200000E-02   1.688381873200000E+00   4.964716096300000E-01   1.321664683900000E+00   9.505942454000000E-01
   9.471962406100000E-01   6.674859047200000E+00   5.189781009800000E-01   3.493655937600000E-01   2.734879339100000E-02   1.689569176700000E+00   4.963710351000000E-01   1.319825686200000E+00   9.477875356300000E-01
   9.477199353900000E-01   6.654986465300000E+00   5.187783602900000E-01   3.499703626100000E-01   2.751539388700000E-02   1.690876196700000E+00   4.962711778100000E-01   1.317700593600000E+00   9.445510138800000E-01
   9.481894631200000E-01   6.637070576300000E+00   5.185993973700000E-01   3.505175580900000E-01   2.766670464500000E-02   1.692165124800000E+00   4.961823448400000E-01   1.315524431300000E+00   9.412428042500000E-01
   9.486589908400000E-01   6.619060848600000E+00   5.184205472200000E-01   3.510695397000000E-01   2.781988678700000E-02   1.693580140600000E+00   4.960942563600000E-01   1.313065928000000E+00   9.375115031900000E-01
   9.491285185700000E-01   6.600956850300000E+00   5.182418109500000E-01   3.516263845100000E-01   2.797497494700000E-02   1.695137397400000E+00   4.960070036400000E-01   1.310299074500000E+00   9.333191056200000E-01
   9.495980462900000E-01   6.582758149300000E+00   5.180631896700000E-01   3.521881711700000E-01   2.813200461700000E-02   1.696854353800000E+00   4.959206856400000E-01   1.307197503800000E+00   9.286274020300000E-01
   9.500142685400000E-01   6.566546013200000E+00   5.179049443400000E-01   3.526903749000000E-01   2.827285929900000E-02   1.698524970600000E+00   4.958450345300000E-01   1.304146877600000E+00   9.240205274800000E-01
   9.504304907900000E-01   6.550258816000000E+00   5.177467910700000E-01   3.531965822300000E-01   2.841529410600000E-02   1.700349677200000E+00   4.957702808900000E-01   1.300794238700000E+00   9.189661284200000E-01
   9.508467130400000E-01   6.533896256500000E+00   5.175887307000000E-01   3.537068513000000E-01   2.855933547200000E-02   1.702343074300000E+00   4.956965084300000E-01   1.297121877600000E+00   9.134399664800000E-01
   9.512629352899999E-01   6.517458033400000E+00   5.174307640400000E-01   3.542212413300000E-01   2.870501043100000E-02   1.704520431200000E+00   4.956238050500000E-01   1.293112857400000E+00   9.074194107400000E-01
   9.516831882700000E-01   6.500783548300000E+00   5.172713635700000E-01   3.547448552300000E-01   2.885378159700000E-02   1.706921675200000E+00   4.955515757300000E-01   1.288707203800000E+00   9.008181363800000E-01
   9.521034412600000E-01   6.484031309900000E+00   5.171120603900000E-01   3.552727951400000E-01   2.900427533700000E-02   1.709543525200000E+00   4.954806280500000E-01   1.283927017200000E+00   8.936735868700000E-01
   9.525236942400001E-01   6.467201008200000E+00   5.169528553800000E-01   3.558051256100000E-01   2.915652131900000E-02   1.712403287100000E+00   4.954110632200000E-01   1.278758900600000E+00   8.859706687500000E-01
   9.529439472200000E-01   6.450292333500000E+00   5.167937494700000E-01   3.563419124300000E-01   2.931054991100000E-02   1.715518582300000E+00   4.953429849900000E-01   1.273191418700000E+00   8.776979551500000E-01
   9.533836684000000E-01   6.432516125900000E+00   5.166273800700000E-01   3.569084095900000E-01   2.947365596500000E-02   1.719071126500000E+00   4.952734593700000E-01   1.266928446100000E+00   8.684241375900000E-01
   9.538233895700000E-01   6.414653422200000E+00   5.164611212400000E-01   3.574799373400000E-01   2.963878395100000E-02   1.722943394600000E+00   4.952057992800000E-01   1.260210449600000E+00   8.585154764400000E-01
   9.542631107500000E-01   6.396703868400000E+00   5.162949740700000E-01   3.580565756900000E-01   2.980597106500000E-02   1.727155697300000E+00   4.951401273500000E-01   1.253032964100000E+00   8.479746891500000E-01
   9.547028319300001E-01   6.378667110700000E+00   5.161289396700000E-01   3.586384062700000E-01   2.997525544500000E-02   1.731728012000000E+00   4.950765655300000E-01   1.245394944400000E+00   8.368105114400000E-01
   9.551278709900000E-01   6.361149375900000E+00   5.159685573400000E-01   3.592058231600000E-01   3.014091751300000E-02   1.736508136800000E+00   4.950172447100000E-01   1.237576573400000E+00   8.254404773500000E-01
   9.555529100500000E-01   6.343549514400000E+00   5.158082824700000E-01   3.597782460000000E-01   3.030861166300000E-02   1.741659745900000E+00   4.949601140200000E-01   1.229335768900000E+00   8.135207092800000E-01
   9.559779491100000E-01   6.325867207800000E+00   5.156481161100001E-01   3.603557531800000E-01   3.047837478400000E-02   1.747198952800000E+00   4.949052761800000E-01   1.220681250700000E+00   8.010752527600000E-01
   9.564029881700000E-01   6.308102138400000E+00   5.154880593200000E-01   3.609384246300000E-01   3.065024469600000E-02   1.753140915000000E+00   4.948528296900000E-01   1.211624829700000E+00   7.881331589300000E-01
   9.568258881900000E-01   6.290344019200000E+00   5.153289178600000E-01   3.615233700000000E-01   3.082337884400000E-02   1.759466634100000E+00   4.948031131200000E-01   1.202229839600000E+00   7.747965411900000E-01
   9.572487882200000E-01   6.272503342200000E+00   5.151698870500000E-01   3.621135906000000E-01   3.099867592200000E-02   1.766217639200000E+00   4.947559428500000E-01   1.192469085300000E+00   7.610387205000000E-01
   9.576716882500000E-01   6.254579796000000E+00   5.150109679800000E-01   3.627091701800000E-01   3.117617580900000E-02   1.773405257700000E+00   4.947113988700000E-01   1.182362526900000E+00   7.469002882400000E-01
   9.580945882700000E-01   6.236573070100000E+00   5.148521617800000E-01   3.633101941500000E-01   3.135591943200000E-02   1.781039417900000E+00   4.946695542900000E-01   1.171932345900000E+00   7.324248332300000E-01
   9.585210718700000E-01   6.218329204200000E+00   5.146921253700000E-01   3.639219134800000E-01   3.153950094000000E-02   1.789199092900000E+00   4.946301557100000E-01   1.161110663100000E+00   7.175318369100000E-01
   9.589475554700000E-01   6.200000111000000E+00   5.145322061099999E-01   3.645393498700000E-01   3.172545091200000E-02   1.797828623700000E+00   4.945936288000000E-01   1.150011007900000E+00   7.023912732399999E-01
   9.593740390700000E-01   6.181585474700000E+00   5.143724052000000E-01   3.651625966200000E-01   3.191381432900000E-02   1.806933520900000E+00   4.945600247300000E-01   1.138661255600000E+00   6.870525581600000E-01
   9.598005226700000E-01   6.163084980300000E+00   5.142127238899999E-01   3.657917489200000E-01   3.210463741300000E-02   1.816517692800000E+00   4.945293862900000E-01   1.127090194100000E+00   6.715654432700000E-01
   9.602322525600000E-01   6.144269136600000E+00   5.140512013900000E-01   3.664347550900000E-01   3.230036135800000E-02   1.826710280400000E+00   4.945014266300000E-01   1.115181550000000E+00   6.557869807200000E-01
   9.606639824500000E-01   6.125364663200000E+00   5.138898040500000E-01   3.670840157300000E-01   3.249870460300000E-02   1.837397152000000E+00   4.944765680100000E-01   1.103107129000000E+00   6.399569498000000E-01
   9.610957123300000E-01   6.106371237200000E+00   5.137285332200000E-01   3.677396362200000E-01   3.269971861200000E-02   1.848577507100000E+00   4.944548286700000E-01   1.090897662700000E+00   6.241235836100000E-01
   9.615274422200000E-01   6.087288536500000E+00   5.135673902600000E-01   3.684017241400000E-01   3.290345635300000E-02   1.860249038300000E+00   4.944362184500000E-01   1.078583419500000E+00   6.083330025600000E-01
   9.620018912900000E-01   6.066214280600000E+00   5.133904515300000E-01   3.691369151300000E-01   3.313055949300000E-02   1.873637443100000E+00   4.944193775600000E-01   1.064965115000000E+00   5.910809613100000E-01
   9.624763403600000E-01   6.045031398600000E+00   5.132136708100000E-01   3.698801990400000E-01   3.336109144300000E-02   1.887607681000000E+00   4.944063094800000E-01   1.051293903800000E+00   5.739865656799999E-01
   9.629507894300000E-01   6.023739469600000E+00   5.130370500100000E-01   3.706317290100000E-01   3.359512806700000E-02   1.902151180000000E+00   4.943969956500000E-01   1.037605904900000E+00   5.570985957500000E-01
   9.634252384999999E-01   6.002338075400000E+00   5.128605910800000E-01   3.713916617700000E-01   3.383274768700000E-02   1.917257771600000E+00   4.943914079800000E-01   1.023935170100000E+00   5.404608777500000E-01
   9.639003793699999E-01   5.980795353300000E+00   5.126840391000000E-01   3.721612850600000E-01   3.407438503700000E-02   1.932939084600000E+00   4.943895095300000E-01   1.010293685500000E+00   5.240885536400000E-01
   9.643755202500000E-01   5.959142014600000E+00   5.125076535200001E-01   3.729396622600000E-01   3.431977962100000E-02   1.949160607900000E+00   4.943912662600000E-01   9.967308969400001E-01   5.080398293400000E-01
   9.648506611300000E-01   5.937377647600000E+00   5.123314364200000E-01   3.737269630700000E-01   3.456901679800000E-02   1.965908398300000E+00   4.943966264100000E-01   9.832737506800000E-01   4.923434653200000E-01
   9.653258020100000E-01   5.915501843600000E+00   5.121553899400000E-01   3.745233612200000E-01   3.482218483800000E-02   1.983167621500000E+00   4.944055320800000E-01   9.699466555400000E-01   4.770233070300000E-01
   9.657875758700000E-01   5.894134302600000E+00   5.119844616900000E-01   3.753062409200000E-01   3.507208282800000E-02   2.000416572200000E+00   4.944175245900000E-01   9.571398083300000E-01   4.625130186000000E-01
   9.662493497300000E-01   5.872660754600000E+00   5.118136986700000E-01   3.760980494100000E-01   3.532586492200000E-02   2.018119071700000E+00   4.944327443200000E-01   9.444941717699999E-01   4.483900755100000E-01
   9.667111235900000E-01   5.851080833700000E+00   5.116431029600000E-01   3.768989587900000E-01   3.558361900400000E-02   2.036259938100000E+00   4.944511260400000E-01   9.320253033700000E-01   4.346647740200000E-01
   9.671728974500000E-01   5.829394177800000E+00   5.114726766900000E-01   3.777091451400000E-01   3.584543612100000E-02   2.054823720400000E+00   4.944726019100000E-01   9.197467294800000E-01   4.213440492000000E-01
   9.676480239200000E-01   5.806968645300000E+00   5.112975015100000E-01   3.785526327400000E-01   3.611916284400000E-02   2.074349265100000E+00   4.944978546700000E-01   9.073238160500000E-01   4.080647668600000E-01
   9.681231503900000E-01   5.784429349600000E+00   5.111225103800000E-01   3.794063347800000E-01   3.639739468300000E-02   2.094288910300000E+00   4.945262311400000E-01   8.951250177700000E-01   3.952195781900000E-01
   9.685982768700000E-01   5.761775908700000E+00   5.109477057700000E-01   3.802704587000000E-01   3.668023925600000E-02   2.114625592500000E+00   4.945576523200000E-01   8.831588644000000E-01   3.828074775200000E-01
   9.690734033400000E-01   5.739007945400000E+00   5.107730901600001E-01   3.811452169000000E-01   3.696780839000000E-02   2.135342348800000E+00   4.945920385100000E-01   8.714321605699999E-01   3.708250866900000E-01
   9.695850165700000E-01   5.714363065100000E+00   5.105852794400000E-01   3.820992926100000E-01   3.728287474000000E-02   2.158055748700000E+00   4.946322890000000E-01   8.590784641500000E-01   3.583970212400000E-01
   9.700966298000000E-01   5.689584507800000E+00   5.103976941000000E-01   3.830662319800000E-01   3.760370033800000E-02   2.181169721400000E+00   4.946757851500000E-01   8.470128140500000E-01   3.464524069300000E-01
   9.706082430200000E-01   5.664671822400000E+00   5.102103374800000E-01   3.840463236300000E-01   3.793043764300000E-02   2.204664016500000E+00   4.947224281500000E-01   8.352379046800000E-01   3.349808434500000E-01
   9.711198562500000E-01   5.639624565700000E+00   5.100232129900000E-01   3.850398638700000E-01   3.826324563100000E-02   2.228518838300000E+00   4.947721202900000E-01   8.237549179700000E-01   3.239703625700000E-01
   9.716937143800000E-01   5.611369295900000E+00   5.098136027600000E-01   3.861706637000000E-01   3.864396965500000E-02   2.255681056800000E+00   4.948313672500000E-01   8.112218246300000E-01   3.121528483800000E-01
   9.722675725000000E-01   5.582943568900000E+00   5.096042940500000E-01   3.873192125800000E-01   3.903277709200000E-02   2.283246203900000E+00   4.948941962300000E-01   7.990535165000000E-01   3.008793433200000E-01
   9.728414306299999E-01   5.554346797800000E+00   5.093952920500000E-01   3.884859704300000E-01   3.942991616700000E-02   2.311188790100000E+00   4.949604773100000E-01   7.872462257500000E-01   2.901293443500000E-01
   9.734152887500001E-01   5.525578410000000E+00   5.091866021100000E-01   3.896714115900000E-01   3.983564672400000E-02   2.339484268100000E+00   4.950300840700000E-01   7.757949009700000E-01   2.798816806600000E-01
   9.740244968100000E-01   5.494849454900000E+00   5.089654043900000E-01   3.909508710300000E-01   4.027607160300000E-02   2.369882608300000E+00   4.951074809800000E-01   7.640207022300000E-01   2.695286774600000E-01
   9.746337048700000E-01   5.463925816200000E+00   5.087445712699999E-01   3.922525481800000E-01   4.072681820600000E-02   2.400625069600000E+00   4.951883457700000E-01   7.526321190900001E-01   2.596921715200000E-01
   9.752429129300000E-01   5.432806871000000E+00   5.085241097099999E-01   3.935770742000000E-01   4.118823560800000E-02   2.431685862600000E+00   4.952725416400000E-01   7.416197077000000E-01   2.503469501500000E-01
   9.758521209900000E-01   5.401492020100000E+00   5.083040268700000E-01   3.949251022000000E-01   4.166069035000000E-02   2.463040409500000E+00   4.953599369600000E-01   7.309733989400000E-01   2.414682007800000E-01
   9.765344659000000E-01   5.366184444000000E+00   5.080579813100000E-01   3.964637070000000E-01   4.220343870700000E-02   2.498479079800000E+00   4.954614670400000E-01   7.194705122600000E-01   2.320476785400000E-01
   9.772168108100000E-01   5.330629613200000E+00   5.078124307900000E-01   3.980336376500000E-01   4.276107383800000E-02   2.534225830200000E+00   4.955666824900000E-01   7.083982263400000E-01   2.231494099600000E-01
   9.778991557200000E-01   5.294826804500000E+00   5.075673863500000E-01   3.996359280600000E-01   4.333418427900000E-02   2.570251284600000E+00   4.956754213500000E-01   6.977408759500000E-01   2.147420933900000E-01
   9.785815006300000E-01   5.258775341500000E+00   5.073228594400000E-01   4.012716549100000E-01   4.392339096600000E-02   2.606527757300000E+00   4.957875294500000E-01   6.874827286600000E-01   2.067958575200000E-01
   9.792567422700000E-01   5.222853777600000E+00   5.070813991599999E-01   4.029243733400000E-01   4.452294735400000E-02   2.642648129000000E+00   4.959016434800000E-01   6.777089518000000E-01   1.993584654600000E-01
   9.799319839100000E-01   5.186687539600000E+00   5.068404691500000E-01   4.046120728900000E-01   4.513956888000000E-02   2.678965022300000E+00   4.960187784100000E-01   6.682957089700000E-01   1.923188916900000E-01
   9.806072255400000E-01   5.150276125500000E+00   5.066000817100000E-01   4.063359407900000E-01   4.577395325600000E-02   2.715456063400000E+00   4.961388059400000E-01   6.592282450800000E-01   1.856526445500000E-01
   9.812824671800000E-01   5.113619090800000E+00   5.063602495800000E-01   4.080972150800000E-01   4.642683700800000E-02   2.752100207800000E+00   4.962616042100000E-01   6.504921499600000E-01   1.793366784700000E-01
   9.819343056600000E-01   5.077999191000000E+00   5.061292689100000E-01   4.098341429500000E-01   4.707536589900000E-02   2.787600982500000E+00   4.963826662900000E-01   6.423600449200000E-01   1.735515715000000E-01
   9.825861441300000E-01   5.042149754600000E+00   5.058988303200000E-01   4.116083495100000E-01   4.774258913800000E-02   2.823209245500000E+00   4.965061037100000E-01   6.345114687500000E-01   1.680544223800000E-01
   9.832379825999999E-01   5.006070552600000E+00   5.056689465300001E-01   4.134211038500000E-01   4.842927786700000E-02   2.858909220800000E+00   4.966318224300000E-01   6.269346329500000E-01   1.628280592000000E-01
   9.838898210700000E-01   4.969761419100000E+00   5.054396307400000E-01   4.152737297900000E-01   4.913624555400000E-02   2.894686049900000E+00   4.967597330300000E-01   6.196181692000000E-01   1.578564192600000E-01
   9.844717461900000E-01   4.937152300500000E+00   5.052354013700000E-01   4.169624633600000E-01   4.978521577200000E-02   2.926679128200000E+00   4.968757070000000E-01   6.132975372800000E-01   1.536209122200000E-01
   9.850536713000000E-01   4.904359824100000E+00   5.050316456500000E-01   4.186851017100000E-01   5.045167013700000E-02   2.958712891400000E+00   4.969933023600000E-01   6.071682885400000E-01   1.495663580200000E-01
   9.856355964200000E-01   4.871384013500000E+00   5.048283739700000E-01   4.204427126800000E-01   5.113627950600000E-02   2.990778418300000E+00   4.971124638700000E-01   6.012233231600000E-01   1.456832863700000E-01
   9.862175215300000E-01   4.838224942000000E+00   5.046255970900000E-01   4.222364068700000E-01   5.183974846700000E-02   3.022867246000000E+00   4.972331386800000E-01   5.954558796500000E-01   1.419628480500000E-01
   9.867005235300000E-01   4.810563584700000E+00   5.044576745400000E-01   4.237534167900000E-01   5.243848384800000E-02   3.049513131900000E+00   4.973344125500000E-01   5.907991259699999E-01   1.389923895800000E-01
   9.871835255300000E-01   4.782776162500000E+00   5.042901070500000E-01   4.252967667500000E-01   5.305116211600000E-02   3.076165146600000E+00   4.974366661400000E-01   5.862568959000000E-01   1.361238045800000E-01
   9.876665275399999E-01   4.754862803100000E+00   5.041229013500000E-01   4.268671667900000E-01   5.367824326600000E-02   3.102819081600000E+00   4.975398724400000E-01   5.818260883100000E-01   1.333529182500000E-01
   9.881495295400000E-01   4.726823662700000E+00   5.039560643700000E-01   4.284653512600000E-01   5.432020698700000E-02   3.129470888800000E+00   4.976440052900000E-01   5.775039422000000E-01   1.306758863000000E-01
   9.885488732600000E-01   4.703546178900000E+00   5.038184078700000E-01   4.298082452300000E-01   5.486257355100000E-02   3.151502085100000E+00   4.977307834200000E-01   5.740108227300000E-01   1.285308733900000E-01
   9.889482169900000E-01   4.680182959700000E+00   5.036810124300000E-01   4.311710948300000E-01   5.541574839800000E-02   3.173527011600000E+00   4.978181634300000E-01   5.705894058900000E-01   1.264458047000000E-01
   9.893475607200000E-01   4.656734141100000E+00   5.035438822700000E-01   4.325543564600000E-01   5.598003524800000E-02   3.195543568600000E+00   4.979061314400000E-01   5.672390952500000E-01   1.244190886300000E-01
   9.897469044400000E-01   4.633199874700000E+00   5.034070217300000E-01   4.339584998000000E-01   5.655574881200000E-02   3.217549686500000E+00   4.979946736800000E-01   5.639598056000000E-01   1.224494102300000E-01
   9.900824282100000E-01   4.613360735300000E+00   5.032922448400000E-01   4.351547402000000E-01   5.704852793500000E-02   3.236029385800000E+00   4.980694996100000E-01   5.612599066200000E-01   1.208378471500000E-01
   9.904179519800000E-01   4.593461503600000E+00   5.031776641100000E-01   4.363663570300000E-01   5.754980290400000E-02   3.254499039300000E+00   4.981447129200000E-01   5.586114067200000E-01   1.192654516200000E-01
   9.907534757499999E-01   4.573502296600000E+00   5.030632822900000E-01   4.375936522900000E-01   5.805977944200000E-02   3.272957400900000E+00   4.982203051700000E-01   5.560157929200000E-01   1.177320989900000E-01
   9.910889995200000E-01   4.553483240400000E+00   5.029491021900000E-01   4.388369355500000E-01   5.857866964600000E-02   3.291403186100000E+00   4.982962676300000E-01   5.534753629900000E-01   1.162380024200000E-01
   9.913753806600000E-01   4.536349042600000E+00   5.028518072400000E-01   4.399110063500000E-01   5.902877558100000E-02   3.307136344500000E+00   4.983613901900000E-01   5.513531540600000E-01   1.149942353500000E-01
   9.916617618000000E-01   4.519171431000000E+00   5.027546631499999E-01   4.409971578000000E-01   5.948567424200000E-02   3.322858477000000E+00   4.984267697400000E-01   5.492764305500000E-01   1.137801900300000E-01
   9.919481429400000E-01   4.501950500300000E+00   5.026576717800000E-01   4.420955962900000E-01   5.994950911000000E-02   3.338568630100000E+00   4.984923997700000E-01   5.472490220200000E-01   1.125969049900000E-01
   9.922345240800000E-01   4.484686350300000E+00   5.025608349900000E-01   4.432065326600000E-01   6.042042752800000E-02   3.354265761300000E+00   4.985582731300000E-01   5.452759620099999E-01   1.114458742600000E-01
   9.924820805900000E-01   4.469727951200000E+00   5.024772524100000E-01   4.441770965100000E-01   6.083332805400000E-02   3.367823455500000E+00   4.986154061000000E-01   5.436191703600000E-01   1.104784273700000E-01
   9.927296370900000E-01   4.454737406700000E+00   5.023937880300000E-01   4.451573022300000E-01   6.125173479700000E-02   3.381369720100000E+00   4.986727092800000E-01   5.420132165200000E-01   1.095383293300000E-01
   9.929771936000000E-01   4.439714791500000E+00   5.023104431500000E-01   4.461472945700000E-01   6.167575022300000E-02   3.394903609400000E+00   4.987301762400000E-01   5.404648329200000E-01   1.086278008700000E-01
   9.932247501000000E-01   4.424660183200000E+00   5.022272190600000E-01   4.471472210100000E-01   6.210547921500000E-02   3.408424043300000E+00   4.987877996200000E-01   5.389824142900000E-01   1.077496671700000E-01
   9.934405887200000E-01   4.411508384800000E+00   5.021547575700001E-01   4.480272568800000E-01   6.248489586600000E-02   3.420200240200000E+00   4.988381611300000E-01   5.377518375300000E-01   1.070132205000000E-01
   9.936564273500000E-01   4.398332383700000E+00   5.020823897900000E-01   4.489150599800000E-01   6.286881004700000E-02   3.431964313500000E+00   4.988886286700000E-01   5.365877420900000E-01   1.063069795700000E-01
   9.938722659700000E-01   4.385132237700000E+00   5.020101166299999E-01   4.498107334400000E-01   6.325729595700000E-02   3.443715163100000E+00   4.989391947900000E-01   5.355003814000000E-01   1.056344811200000E-01
   9.940881045900000E-01   4.371908006800000E+00   5.019379390000001E-01   4.507143821200000E-01   6.365042933999999E-02   3.455451511600000E+00   4.989898508500000E-01   5.345021602100000E-01   1.050000328700000E-01
   9.942771469200000E-01   4.360305823400000E+00   5.018748014200000E-01   4.515124785200000E-01   6.399863398900001E-02   3.465717717200000E+00   4.990342839900000E-01   5.337128120100000E-01   1.044796877900000E-01
   9.944661892400000E-01   4.348685254500000E+00   5.018117384600000E-01   4.523168473700000E-01   6.435051601700000E-02   3.475970498400000E+00   4.990787706000000E-01   5.330153013100000E-01   1.039967193800000E-01
   9.946552315700000E-01   4.337046344400000E+00   5.017487507700000E-01   4.531275625400000E-01   6.470612934700000E-02   3.486208509600000E+00   4.991233016400000E-01   5.324238793700000E-01   1.035561260500000E-01
   9.948442738900000E-01   4.325389138700000E+00   5.016858390000000E-01   4.539446989900000E-01   6.506552889599999E-02   3.496430189200000E+00   4.991678666200000E-01   5.319554291800001E-01   1.031638529300000E-01
   9.950100707400000E-01   4.315150331600000E+00   5.016307261400000E-01   4.546667022400000E-01   6.538389570800000E-02   3.505380098100000E+00   4.992069700700000E-01   5.316614842100000E-01   1.028651272500000E-01
   9.951758676000000E-01   4.304897520100000E+00   5.015756726300000E-01   4.553937552300000E-01   6.570525622900000E-02   3.514314638100000E+00   4.992460808200000E-01   5.314932564600000E-01   1.026145870600000E-01
   9.953416644500001E-01   4.294630737500000E+00   5.015206789100000E-01   4.561259107200000E-01   6.602964946100000E-02   3.523232180900000E+00   4.992851879800000E-01   5.314691930600000E-01   1.024188024300000E-01
   9.955074613000000E-01   4.284350017900000E+00   5.014657454500000E-01   4.568632221200000E-01   6.635711504199999E-02   3.532130850000000E+00   4.993242790400000E-01   5.316108102900000E-01   1.022854721800000E-01
   9.956527942800000E-01   4.275326785300000E+00   5.014176422100000E-01   4.575138124000000E-01   6.664672108899999E-02   3.539913958400000E+00   4.993585206400000E-01   5.318909009100000E-01   1.022270486500000E-01
   9.957981272600001E-01   4.266292894700000E+00   5.013695859400000E-01   4.581684428900000E-01   6.693874636000000E-02   3.547679237000000E+00   4.993927277400000E-01   5.323370797700000E-01   1.022306087900000E-01
   9.959434602400000E-01   4.257248370600000E+00   5.013215769600000E-01   4.588271509200000E-01   6.723321879900000E-02   3.555424779800000E+00   4.994268876900000E-01   5.329718883600000E-01   1.023043684800000E-01
   9.960887932200000E-01   4.248193238200000E+00   5.012736155800001E-01   4.594899742900000E-01   6.753016675400000E-02   3.563148409100000E+00   4.994609860900000E-01   5.338213150800000E-01   1.024578634300000E-01
   9.962160463700001E-01   4.240255898800000E+00   5.012316600900000E-01   4.600737498900000E-01   6.779222890500000E-02   3.569891252800000E+00   4.994907791300000E-01   5.347647779200000E-01   1.026664285400000E-01
   9.963432995200000E-01   4.232310463400000E+00   5.011897415700000E-01   4.606607358300000E-01   6.805623056700000E-02   3.576613493100000E+00   4.995204999100000E-01   5.359187609300000E-01   1.029532165900000E-01
   9.964705526700000E-01   4.224356949900000E+00   5.011478602300000E-01   4.612509583300000E-01   6.832219155499999E-02   3.583312978500000E+00   4.995501343100000E-01   5.373095968000000E-01   1.033281602800000E-01
   9.965978058200000E-01   4.216395376400000E+00   5.011060163100000E-01   4.618444438400000E-01   6.859013193500001E-02   3.589987270500000E+00   4.995796663600000E-01   5.389673862400000E-01   1.038027190700000E-01
   9.967091473600000E-01   4.209422713500000E+00   5.010694353800000E-01   4.623664180500000E-01   6.882620888900000E-02   3.595804184400000E+00   4.996054076700000E-01   5.406638026100000E-01   1.043100355700000E-01
   9.968204889000000E-01   4.202443907000000E+00   5.010328834300000E-01   4.628909288500000E-01   6.906383050900000E-02   3.601597605400000E+00   4.996310432300000E-01   5.426171301500000E-01   1.049139757100000E-01
   9.969318304400000E-01   4.195458969600000E+00   5.009963605900000E-01   4.634179945000000E-01   6.930301072400000E-02   3.607365179300000E+00   4.996565577800000E-01   5.448571393500000E-01   1.056262989400000E-01
   9.970431719800000E-01   4.188467914300000E+00   5.009598670300000E-01   4.639476334100000E-01   6.954376361800001E-02   3.613104253500000E+00   4.996819341900000E-01   5.474176488600000E-01   1.064605221700000E-01
   9.971405814700000E-01   4.182346634900000E+00   5.009279639999999E-01   4.644131242100000E-01   6.975569236800000E-02   3.618099488200000E+00   4.997040069200000E-01   5.499507116100000E-01   1.073025491300000E-01
   9.972379909700000E-01   4.176220691800000E+00   5.008960836000000E-01   4.648806113700000E-01   6.996884538500001E-02   3.623068375200000E+00   4.997259448100000E-01   5.527876027400001E-01   1.082617883100000E-01
   9.973354004600000E-01   4.170090094100000E+00   5.008642259500000E-01   4.653501075200000E-01   7.018323240100000E-02   3.628008396000000E+00   4.997477318000000E-01   5.559612240900000E-01   1.093519950400000E-01
   9.974328099600001E-01   4.163954851100000E+00   5.008323911400000E-01   4.658216254300000E-01   7.039886324700000E-02   3.632916727200000E+00   4.997693499600000E-01   5.595087785600000E-01   1.105889418700000E-01
   9.975180977600000E-01   4.158579274300000E+00   5.008045367100000E-01   4.662361375100000E-01   7.058868996100000E-02   3.637185757700000E+00   4.997881236000000E-01   5.629549117600000E-01   1.118066930300000E-01
   9.976033855600001E-01   4.153200149800000E+00   5.007766999500000E-01   4.666522180200000E-01   7.077948453400000E-02   3.641425690400000E+00   4.998067375100000E-01   5.667517918400000E-01   1.131648065300000E-01
   9.976886733600000E-01   4.147817483900000E+00   5.007488809400000E-01   4.670698757000000E-01   7.097125374799999E-02   3.645633871600000E+00   4.998251750600000E-01   5.709352580700000E-01   1.146792775100000E-01
   9.977739611599999E-01   4.142431283200000E+00   5.007210797300000E-01   4.674891193800000E-01   7.116400444500000E-02   3.649807336800000E+00   4.998434178100000E-01   5.755456888500000E-01   1.163684125200000E-01
   9.978487149200000E-01   4.137707439600000E+00   5.006967270200000E-01   4.678578928000000E-01   7.133376074200000E-02   3.653434175400000E+00   4.998592309900000E-01   5.799735676800000E-01   1.180090925500000E-01
   9.979234686800000E-01   4.132980889900000E+00   5.006723880900000E-01   4.682278974600000E-01   7.150428103299999E-02   3.657029311900000E+00   4.998748634100000E-01   5.847988409900000E-01   1.198163041800000E-01
   9.979982224300000E-01   4.128251638500000E+00   5.006480630000000E-01   4.685991394100000E-01   7.167557003699999E-02   3.660589977800000E+00   4.998902980800000E-01   5.900601465999999E-01   1.218085739900000E-01
   9.980729761900000E-01   4.123519690100000E+00   5.006237518100000E-01   4.689716247500000E-01   7.184763251200001E-02   3.664113089500000E+00   4.999055162000000E-01   5.958008824300000E-01   1.240070680500000E-01
   9.981386242900000E-01   4.119361913700000E+00   5.006024134400000E-01   4.692997683800000E-01   7.199937794800000E-02   3.667173371700000E+00   4.999186855700000E-01   6.012762015000001E-01   1.261269910300000E-01
   9.982042723800000E-01   4.115202063900000E+00   5.005810858500001E-01   4.696288798300000E-01   7.215172686700000E-02   3.670199452100000E+00   4.999316562600000E-01   6.071958706600000E-01   1.284434393800000E-01
   9.982699204700000E-01   4.111040143900000E+00   5.005597690800000E-01   4.699589632900000E-01   7.230468256000000E-02   3.673188456400000E+00   4.999444110300000E-01   6.136012976900000E-01   1.309778408400000E-01
   9.983355685700001E-01   4.106876156800000E+00   5.005384631799999E-01   4.702900229900000E-01   7.245824834200000E-02   3.676137190200000E+00   4.999569308400000E-01   6.205388623200000E-01   1.337546308900000E-01
   9.983933130300000E-01   4.103211782500000E+00   5.005197313800001E-01   4.705820354800000E-01   7.259383271100001E-02   3.678694812400000E+00   4.999677324500000E-01   6.271221964100000E-01   1.364196117100000E-01
   9.984510574900000E-01   4.099545813500000E+00   5.005010080300000E-01   4.708748094700000E-01   7.272989397700000E-02   3.681215846100000E+00   4.999783201800000E-01   6.341969678600000E-01   1.393154448400000E-01
   9.985088019500000E-01   4.095878252100000E+00   5.004822931600000E-01   4.711683478800000E-01   7.286643443800001E-02   3.683697318400000E+00   4.999886766500000E-01   6.418072788200000E-01   1.424668368800000E-01
   9.985665464100000E-01   4.092209100600000E+00   5.004635867800000E-01   4.714626536400000E-01   7.300345640800000E-02   3.686135932800000E+00   4.999987826500000E-01   6.500023912700000E-01   1.459019042200000E-01
   9.986175431900000E-01   4.088967384300000E+00   5.004470734200001E-01   4.717232089800000E-01   7.312486904300000E-02   3.688251029300000E+00   5.000074825800001E-01   6.577700272600000E-01   1.491970449700000E-01
   9.986685399600000E-01   4.085724431000000E+00   5.004305667200000E-01   4.719843671400000E-01   7.324666065500000E-02   3.690327054300000E+00   5.000159546100000E-01   6.660789550600000E-01   1.527636124900000E-01
   9.987195367400000E-01   4.082480242400000E+00   5.004140667000000E-01   4.722461301700000E-01   7.336883286199999E-02   3.692360920300000E+00   5.000241811100000E-01   6.749762109900000E-01   1.566301947800000E-01
   9.987705335200000E-01   4.079234820100000E+00   5.003975733800000E-01   4.725085001200000E-01   7.349138729500000E-02   3.694349209100000E+00   5.000321426500000E-01   6.845142002500000E-01   1.608292597900000E-01
   9.988155535000000E-01   4.076368736000000E+00   5.003830186500000E-01   4.727406264500000E-01   7.359989735600000E-02   3.696063576500000E+00   5.000389338600000E-01   6.935133478800000E-01   1.648419694800000E-01
   9.988605734700000E-01   4.073501692700000E+00   5.003684691700000E-01   4.729732288100000E-01   7.370870770600001E-02   3.697736593200000E+00   5.000454857700000E-01   7.031020083900000E-01   1.691714799000000E-01
   9.989055934500000E-01   4.070633691300000E+00   5.003539249400000E-01   4.732063086300000E-01   7.381781948299999E-02   3.699365079500000E+00   5.000517806300000E-01   7.133297557000000E-01   1.738505296300000E-01
   9.989506134200000E-01   4.067764733000000E+00   5.003393859900001E-01   4.734398673400000E-01   7.392723382900000E-02   3.700945522300000E+00   5.000577989700000E-01   7.242516619800000E-01   1.789162066000000E-01
   9.989904324900000E-01   4.065226412600000E+00   5.003265310400000E-01   4.736468446000000E-01   7.402426123399999E-02   3.702300241500000E+00   5.000628744800000E-01   7.345392311900000E-01   1.837525541400000E-01
   9.990302515700000E-01   4.062687345200000E+00   5.003136802200000E-01   4.738541986200000E-01   7.412152703300000E-02   3.703611373500000E+00   5.000677006699999E-01   7.454646236800000E-01   1.889572906000000E-01
   9.990700706400000E-01   4.060147531600000E+00   5.003008335600000E-01   4.740619304200000E-01   7.421903202900000E-02   3.704875651300000E+00   5.000722597600000E-01   7.570797718300000E-01   1.945677147700000E-01
   9.991098897100000E-01   4.057606972700000E+00   5.002879910500000E-01   4.742700409800000E-01   7.431677702500000E-02   3.706089473200000E+00   5.000765322300000E-01   7.694421931800000E-01   2.006259644800000E-01
   9.991444497500001E-01   4.055401350000000E+00   5.002768480699999E-01   4.744509735300000E-01   7.440180769200000E-02   3.707099010500000E+00   5.000799915700000E-01   7.808268419200000E-01   2.062839555900000E-01
   9.991790097900000E-01   4.053195167000000E+00   5.002657082300001E-01   4.746321928400000E-01   7.448702029000000E-02   3.708064690100000E+00   5.000832035900000E-01   7.928683554600000E-01   2.123503721000000E-01
   9.992135698300000E-01   4.050988424200000E+00   5.002545715400000E-01   4.748136995600000E-01   7.457241535000000E-02   3.708983376600000E+00   5.000861516300000E-01   8.056173576900000E-01   2.188647491400000E-01
   9.992481298600000E-01   4.048781122000000E+00   5.002434380100000E-01   4.749954943700000E-01   7.465799340600000E-02   3.709851627900000E+00   5.000888174400000E-01   8.191296205000000E-01   2.258715059400000E-01
   9.992775396600000E-01   4.046902318300000E+00   5.002339661100000E-01   4.751504249700000E-01   7.473096289500000E-02   3.710547947200000E+00   5.000908488600000E-01   8.312752068800000E-01   2.322591697700000E-01
   9.993069494700000E-01   4.045023110200000E+00   5.002244965000000E-01   4.753055651000000E-01   7.480406562200000E-02   3.711202458000000E+00   5.000926481600000E-01   8.440595155600000E-01   2.390740601000000E-01
   9.993363592700000E-01   4.043143498100000E+00   5.002150291900000E-01   4.754609151600000E-01   7.487730191600001E-02   3.711812380700000E+00   5.000942008400000E-01   8.575279492900000E-01   2.463546395700000E-01
   9.993657690700000E-01   4.041263482300000E+00   5.002055641800000E-01   4.756164755700000E-01   7.495067210799999E-02   3.712374682900000E+00   5.000954911900000E-01   8.717301566500000E-01   2.541437704300000E-01
   9.993904621300000E-01   4.039684671900000E+00   5.001976189400000E-01   4.757472499600000E-01   7.501237883100000E-02   3.712807615000000E+00   5.000963595500000E-01   8.842608577700000E-01   2.611112677900000E-01
   9.994151551800000E-01   4.038105577400000E+00   5.001896753300000E-01   4.758781732000000E-01   7.507418035299999E-02   3.713202518200000E+00   5.000970200400000E-01   8.973820503000000E-01   2.685023622100000E-01
   9.994398482400000E-01   4.036526198900000E+00   5.001817333400000E-01   4.760092455500000E-01   7.513607682900000E-02   3.713557089900000E+00   5.000974608700000E-01   9.111316390700001E-01   2.763517322800000E-01
   9.994645413000000E-01   4.034946536700000E+00   5.001737929800000E-01   4.761404673200000E-01   7.519806834300000E-02   3.713868837700000E+00   5.000976693700000E-01   9.255507167800000E-01   2.846976471300000E-01
   9.994850809700000E-01   4.033632358500000E+00   5.001671894300000E-01   4.762497316200000E-01   7.524970522000000E-02   3.714093589400000E+00   5.000976560000000E-01   9.380864793600000E-01   2.920483552700000E-01
   9.995056206400000E-01   4.032317984200000E+00   5.001605870200000E-01   4.763590998700000E-01   7.530140762500000E-02   3.714285172500000E+00   5.000974639900000E-01   9.511439030300000E-01   2.997985434700000E-01
   9.995261603100000E-01   4.031003413900000E+00   5.001539857300000E-01   4.764685725300000E-01   7.535317502199999E-02   3.714441790600000E+00   5.000970843100000E-01   9.647526968800000E-01   3.079773958000000E-01
   9.995466999800000E-01   4.029688647700000E+00   5.001473855800000E-01   4.765781504600000E-01   7.540500614600000E-02   3.714561515400000E+00   5.000965073200000E-01   9.789447764600000E-01   3.166167804100000E-01
   9.995637373500000E-01   4.028597919300000E+00   5.001419117000000E-01   4.766691247400000E-01   7.544804585300000E-02   3.714631354600000E+00   5.000958716200000E-01   9.911839483800000E-01   3.241573009600000E-01
   9.995807747200000E-01   4.027507056300000E+00   5.001364386000000E-01   4.767601740700000E-01   7.549112478700000E-02   3.714673123500000E+00   5.000950868000000E-01   1.003868936600000E+00   3.320602127500000E-01
   9.995978120800000E-01   4.026416058600000E+00   5.001309662900000E-01   4.768513012800000E-01   7.553423760300000E-02   3.714685477800000E+00   5.000941461800000E-01   1.017022020800000E+00   3.403488618400000E-01
   9.996148494500000E-01   4.025324926200000E+00   5.001254947500000E-01   4.769425115500000E-01   7.557737436000000E-02   3.714666986300000E+00   5.000930427200000E-01   1.030666925800000E+00   3.490484794600000E-01
   9.996290319800000E-01   4.024416524300000E+00   5.001209406400000E-01   4.770185081400000E-01   7.561328884500000E-02   3.714626972600000E+00   5.000919945800000E-01   1.042418708400000E+00   3.566233952400000E-01
   9.996432145200000E-01   4.023508028900000E+00   5.001163870699999E-01   4.770945773500000E-01   7.564919065500000E-02   3.714563597000000E+00   5.000908238300000E-01   1.054544242400000E+00   3.645189037400000E-01
   9.996573970600000E-01   4.022599439900000E+00   5.001118340400000E-01   4.771707339300000E-01   7.568505099500000E-02   3.714475874600000E+00   5.000895256600000E-01   1.067059854300000E+00   3.727531341700000E-01
   9.996715796000000E-01   4.021690756800000E+00   5.001072815499999E-01   4.772470023000000E-01   7.572082204600000E-02   3.714362764600000E+00   5.000880950000000E-01   1.079982792000000E+00   3.813454955500000E-01
   9.996834838699999E-01   4.020927970600000E+00   5.001034607800000E-01   4.773111335300000E-01   7.575072267600000E-02   3.714247425000000E+00   5.000867879899999E-01   1.091157522000000E+00   3.888491952200000E-01
   9.996953881400000E-01   4.020165117100000E+00   5.000996403900000E-01   4.773754071500000E-01   7.578043569200001E-02   3.714112740200000E+00   5.000853805600000E-01   1.102643393900000E+00   3.966329425300000E-01
   9.997072924100000E-01   4.019402195500000E+00   5.000958203700000E-01   4.774398787600000E-01   7.580985203500000E-02   3.713957991500000E+00   5.000838692300000E-01   1.114452309200000E+00   4.047106565500000E-01
   9.997191966800000E-01   4.018639204600000E+00   5.000920007200000E-01   4.775046331600000E-01   7.583880532200001E-02   3.713782424400000E+00   5.000822503700000E-01   1.126596755700000E+00   4.130971168400000E-01
   9.997292981900000E-01   4.017991703400000E+00   5.000887598000000E-01   4.775598961000000E-01   7.586282824899999E-02   3.713616528000000E+00   5.000807894800000E-01   1.137174974600000E+00   4.204673672600000E-01
   9.997393997100000E-01   4.017344149000000E+00   5.000855191400000E-01   4.776155660500000E-01   7.588611855800000E-02   3.713434564600000E+00   5.000792460000000E-01   1.148012597800000E+00   4.280813734300000E-01
   9.997495012199999E-01   4.016696538900000E+00   5.000822787200000E-01   4.776718051800000E-01   7.590835787300000E-02   3.713236005700000E+00   5.000776173800000E-01   1.159118362200000E+00   4.359498379000000E-01
   9.997596027300000E-01   4.016048869200000E+00   5.000790385400000E-01   4.777288451800000E-01   7.592909132800001E-02   3.713020299400000E+00   5.000759009800000E-01   1.170501381900000E+00   4.440840457600000E-01
   9.997682767100000E-01   4.015492676400000E+00   5.000762564400000E-01   4.777787087000000E-01   7.594521144999999E-02   3.712820955400000E+00   5.000743550200000E-01   1.180504232300000E+00   4.512898319000000E-01
   9.997769506800001E-01   4.014936431300000E+00   5.000734744899999E-01   4.778296872000000E-01   7.595919138700000E-02   3.712608163800000E+00   5.000727405099999E-01   1.190724782400000E+00   4.587082496200000E-01
   9.997856246600000E-01   4.014380127700000E+00   5.000706926600000E-01   4.778821698600000E-01   7.597026686300000E-02   3.712381530000000E+00   5.000710555700000E-01   1.201169535600000E+00   4.663476044300000E-01
   9.997942986300000E-01   4.013823757100000E+00   5.000679109300000E-01   4.779366848400000E-01   7.597740063199999E-02   3.712140644000000E+00   5.000692982700000E-01   1.211845244100000E+00   4.742166028600000E-01
   9.998018346100001E-01   4.013340317300000E+00   5.000654942100000E-01   4.779862432100000E-01   7.597932675000001E-02   3.711919461100000E+00   5.000677112100000E-01   1.221313265000000E+00   4.812467199000000E-01
   9.998093705900000E-01   4.012856808500000E+00   5.000630775000000E-01   4.780384840500000E-01   7.597602196400000E-02   3.711686909600000E+00   5.000660666400000E-01   1.230965666500000E+00   4.884633215500000E-01
   9.998169065700000E-01   4.012373217800000E+00   5.000606607700000E-01   4.780942126600000E-01   7.596590446300000E-02   3.711442689700000E+00   5.000643631500000E-01   1.240807373300000E+00   4.958729383300000E-01
   9.998244425500000E-01   4.011889528500000E+00   5.000582439600000E-01   4.781544783700000E-01   7.594691298099999E-02   3.711186491200000E+00   5.000625992700000E-01   1.250843478100000E+00   5.034823827500000E-01
   9.998310623300000E-01   4.011464545700000E+00   5.000561208500000E-01   4.782122267500000E-01   7.592081442600000E-02   3.710951304100000E+00   5.000609988300000E-01   1.259823979100000E+00   5.103371819600000E-01
   9.998376821200000E-01   4.011039451300000E+00   5.000539975700000E-01   4.782756944000000E-01   7.588351059800000E-02   3.710706401700000E+00   5.000593495700000E-01   1.268962229300000E+00   5.173566700100000E-01
   9.998443019000000E-01   4.010614221200000E+00   5.000518740300000E-01   4.783463685900000E-01   7.583207955200000E-02   3.710451552200000E+00   5.000576504200001E-01   1.278262026000000E+00   5.245460575400001E-01
   9.998509216800000E-01   4.010188825500000E+00   5.000497501400000E-01   4.784261252700000E-01   7.576283557000001E-02   3.710186516600000E+00   5.000559002400000E-01   1.287727282900000E+00   5.319107579500000E-01
   9.998567952600000E-01   4.009811213300000E+00   5.000478652700000E-01   4.785063803700000E-01   7.568278024500000E-02   3.709942629800000E+00   5.000543037200000E-01   1.296267358500000E+00   5.385965900400000E-01
   9.998626688300000E-01   4.009433408300000E+00   5.000459799300000E-01   4.785976730300000E-01   7.558106347900000E-02   3.709690352300000E+00   5.000526652900000E-01   1.304943767500000E+00   5.454289390800000E-01
   9.998685424100000E-01   4.009055370200000E+00   5.000440939800000E-01   4.787025173600000E-01   7.545274499200000E-02   3.709429501600000E+00   5.000509841200000E-01   1.313759489800000E+00   5.524120239100000E-01
   9.998744159800000E-01   4.008677049500000E+00   5.000422072500000E-01   4.788240019100000E-01   7.529175536799999E-02   3.709159889900000E+00   5.000492593300000E-01   1.322717587900000E+00   5.595502125000000E-01
   9.998796744800000E-01   4.008338057100000E+00   5.000405173000000E-01   4.789499600700000E-01   7.511385765000000E-02   3.708910920800000E+00   5.000476774100000E-01   1.330860969300000E+00   5.660761867700000E-01
   9.998849329800000E-01   4.007998737100000E+00   5.000388264000000E-01   4.790955645900000E-01   7.489737450200000E-02   3.708654632500000E+00   5.000460591500000E-01   1.339123308900000E+00   5.727334596500000E-01
   9.998901914800000E-01   4.007659025800000E+00   5.000371343500000E-01   4.792647781000000E-01   7.463451746700001E-02   3.708390878900000E+00   5.000444038700000E-01   1.347506983900000E+00   5.795254948400000E-01
   9.998954499800000E-01   4.007318847000000E+00   5.000354409100000E-01   4.794623643500000E-01   7.431592284499999E-02   3.708119509900000E+00   5.000427108800000E-01   1.356014431100000E+00   5.864558680200000E-01
   9.999001953000000E-01   4.007011389000000E+00   5.000339112800000E-01   4.796697425600000E-01   7.397129788800000E-02   3.707867959300000E+00   5.000411501399999E-01   1.363799956900000E+00   5.928317181000000E-01
   9.999049406200000E-01   4.006703395900000E+00   5.000323800199999E-01   4.799098539500000E-01   7.356235632200001E-02   3.707609966000000E+00   5.000395575700000E-01   1.371690191000000E+00   5.993260247900000E-01
   9.999096859500000E-01   4.006394773000000E+00   5.000308468200000E-01   4.801886021800000E-01   7.307749102600000E-02   3.707345411400000E+00   5.000379326300000E-01   1.379687057700000E+00   6.059416681799999E-01
   9.999144312700000E-01   4.006085408600000E+00   5.000293113199999E-01   4.805129579900000E-01   7.250299570000000E-02   3.707074174000000E+00   5.000362747600000E-01   1.387792526100000E+00   6.126816140500000E-01
   9.999187433200000E-01   4.005803537800000E+00   5.000279136600000E-01   4.808541265300000E-01   7.188970376200000E-02   3.706821802000000E+00   5.000347392100000E-01   1.395253788500000E+00   6.189165236700001E-01
   9.999230553600000E-01   4.005520830700000E+00   5.000265133800000E-01   4.812469296900000E-01   7.117491852799999E-02   3.706563713600000E+00   5.000331755600000E-01   1.402807934700000E+00   6.252589510000000E-01
   9.999273674100000E-01   4.005237152700000E+00   5.000251100400001E-01   4.816997666700000E-01   7.034211924600001E-02   3.706299810800000E+00   5.000315833600000E-01   1.410456543100000E+00   6.317113180600000E-01
   9.999316794500001E-01   4.004952347300000E+00   5.000237031300000E-01   4.822224061900000E-01   6.937208883100000E-02   3.706029993800000E+00   5.000299621299999E-01   1.418201226200000E+00   6.382761135000000E-01
   9.999356212500000E-01   4.004690856200000E+00   5.000224134000000E-01   4.827708441300000E-01   6.834638942200000E-02   3.705778083500000E+00   5.000284543400000E-01   1.425366370700000E+00   6.443777614300000E-01
   9.999395630500000E-01   4.004428111400000E+00   5.000211196900000E-01   4.833970700900000E-01   6.716772667600000E-02   3.705521066000000E+00   5.000269215299999E-01   1.432614459300000E+00   6.505775009600000E-01
   9.999435048400001E-01   4.004163928600000E+00   5.000198213900000E-01   4.841125818900000E-01   6.581347047400000E-02   3.705258860000000E+00   5.000253633600000E-01   1.439946801600000E+00   6.568773886000000E-01
   9.999474466400000E-01   4.003898096400000E+00   5.000185178300000E-01   4.849305820100000E-01   6.425763018500000E-02   3.704991382500000E+00   5.000237794300000E-01   1.447364733100000E+00   6.632795334500000E-01
   9.999510683500000E-01   4.003652189100000E+00   5.000173148000000E-01   4.857854462600000E-01   6.262494356200000E-02   3.704740905000000E+00   5.000223010900000E-01   1.454256930900000E+00   6.692538074100000E-01
   9.999546900700000E-01   4.003404470700000E+00   5.000161059700000E-01   4.867529833900000E-01   6.077057777700000E-02   3.704485838800000E+00   5.000208003700000E-01   1.461223608700000E+00   6.753179507200000E-01
   9.999583117800001E-01   4.003154697600000E+00   5.000148905500000E-01   4.878484253700000E-01   5.866452421800000E-02   3.704226115400000E+00   5.000192769600000E-01   1.468265863100000E+00   6.814737235900000E-01
   9.999619335000000E-01   4.002902593000000E+00   5.000136676500000E-01   4.890890723600000E-01   5.627268936500000E-02   3.703961665100000E+00   5.000177305500000E-01   1.475384811100000E+00   6.877229282300000E-01
   9.999652752500000E-01   4.002667637500000E+00   5.000125317700000E-01   4.903795354500000E-01   5.377889750600000E-02   3.703713402700000E+00   5.000162830000000E-01   1.482022474700000E+00   6.935735385900000E-01
   9.999686170099999E-01   4.002430152000000E+00   5.000113877500000E-01   4.918277211600000E-01   5.097456518400000E-02   3.703460998600000E+00   5.000148153300000E-01   1.488727311300000E+00   6.995067480200000E-01
   9.999719587600000E-01   4.002189822900000E+00   5.000102345900000E-01   4.934532421700000E-01   4.782099867900000E-02   3.703204395000000E+00   5.000133272800000E-01   1.495500246200000E+00   7.055240726300001E-01
   9.999753005200001E-01   4.001946297800000E+00   5.000090711400000E-01   4.952781658200000E-01   4.427464226100000E-02   3.702943532900000E+00   5.000118185800000E-01   1.502342220700000E+00   7.116270623700000E-01
   9.999783891400000E-01   4.001718034900000E+00   5.000079855600000E-01   4.971636235400000E-01   4.060527021800000E-02   3.702698591800000E+00   5.000104055600000E-01   1.508728150700000E+00   7.173453118100001E-01
   9.999814777600000E-01   4.001486354200000E+00   5.000068889700000E-01   4.992625101700000E-01   3.651524585300000E-02   3.702449913600000E+00   5.000089744500000E-01   1.515174643800000E+00   7.231393713900000E-01
   9.999845663900000E-01   4.001250865100000E+00   5.000057801000000E-01   5.015993146300000E-01   3.195615697000000E-02   3.702197449000000E+00   5.000075250300000E-01   1.521682481100000E+00   7.290105459800000E-01
   9.999876550100000E-01   4.001011132300000E+00   5.000046575500000E-01   5.042013628000001E-01   2.687394922000000E-02   3.701941148400000E+00   5.000060570700000E-01   1.528252456300000E+00   7.349601676800001E-01
   9.999907412600000E-01   4.000766860400000E+00   5.000035206300000E-01   5.070967736999999E-01   2.121290625300000E-02   3.701681162500000E+00   5.000045715000000E-01   1.534880249400000E+00   7.409849275800000E-01
   9.999938275100000E-01   4.000517327100000E+00   5.000023667300000E-01   5.103213649900000E-01   1.490212868100000E-02   3.701417244300000E+00   5.000030669500000E-01   1.541571707900000E+00   7.470907573400000E-01
   9.999969137500000E-01   4.000261929600000E+00   5.000011939100000E-01   5.139130424200000E-01   7.866459796900000E-03   3.701149341500000E+00   5.000015432000000E-01   1.548327663000000E+00   7.532790717200000E-01
   1.000000000000000E+00   3.999999995600000E+00   4.999999999900000E-01   5.179141400700000E-01   2.188373396200000E-05   3.700877400700000E+00   5.000000000000000E-01   1.555148959200000E+00   7.595513154000000E-01
