   0.000000000000000E+00   1.060891425700000E+01   9.499999880800000E-01   1.558774791700000E-02   2.193493532500000E-05   7.437454409499999E-01   8.000000119200000E-01   1.548776641600000E+00   1.503969612900000E+00
   1.361392613300000E-04   1.060888200100000E+01   9.499293176300000E-01   1.558795453600000E-02   2.193397566000000E-05   7.438488279600000E-01   7.999379005200000E-01   1.548739578900000E+00   1.503855826800000E+00
   2.722785226500000E-04   1.060884968800000E+01   9.498586471300000E-01   1.558855076900000E-02   2.193927235100000E-05   7.439522393900000E-01   7.998757966500000E-01   1.548701126600000E+00   1.503746859100000E+00
   4.084177839800000E-04   1.060881731800000E+01   9.497879766000000E-01   1.558954077700000E-02   2.194134573100000E-05   7.440556577800000E-01   7.998137002900000E-01   1.548662768400000E+00   1.503637593000000E+00
   5.445570453100000E-04   1.060878489100000E+01   9.497173060800000E-01   1.559091307700000E-02   2.195255042800000E-05   7.441590853900000E-01   7.997516114200000E-01   1.548624311600000E+00   1.503528692800000E+00
   1.523241211500000E-03   1.060855012700000E+01   9.492092691400000E-01   1.561201002300000E-02   2.201767760800000E-05   7.449028430100000E-01   7.993054847100000E-01   1.548348268500000E+00   1.502745159900000E+00
   2.501925377800000E-03   1.060831248400000E+01   9.487012435700000E-01   1.565214713500000E-02   2.214593136700000E-05   7.456470159600000E-01   7.988597450600000E-01   1.548072339800000E+00   1.501962581900000E+00
   3.480609544000000E-03   1.060807199900000E+01   9.481932387599999E-01   1.571054749700000E-02   2.232003968700000E-05   7.463916030100000E-01   7.984143920800000E-01   1.547796623500000E+00   1.501180619400000E+00
   4.459293710200000E-03   1.060782871000000E+01   9.476852636999999E-01   1.578649413700000E-02   2.255476899400000E-05   7.471366050500000E-01   7.979694254200000E-01   1.547521040200000E+00   1.500399544100000E+00
   5.856939350600000E-03   1.060747647800000E+01   9.469599000300000E-01   1.592414833100000E-02   2.296047972600000E-05   7.482012500600000E-01   7.973346435599999E-01   1.547127854100000E+00   1.499285152100000E+00
   7.254584991100000E-03   1.060711869400000E+01   9.462346386800000E-01   1.609464385600000E-02   2.347590080600000E-05   7.492667404200000E-01   7.967006477100000E-01   1.546734989500000E+00   1.498172386900000E+00
   8.652230631500000E-03   1.060675545500000E+01   9.455095025800000E-01   1.629649755700000E-02   2.408297596500000E-05   7.503330752300000E-01   7.960674367800000E-01   1.546342505900000E+00   1.497061037300000E+00
   1.004987627200000E-02   1.060638685700000E+01   9.447845136100000E-01   1.652832154900000E-02   2.479860340700000E-05   7.514002548700000E-01   7.954350096900000E-01   1.545950350800000E+00   1.495951279200000E+00
   1.215033686600000E-02   1.060582304200000E+01   9.436952816400000E-01   1.693027780400000E-02   2.604145494900000E-05   7.530056598200000E-01   7.944860344600000E-01   1.545361715200000E+00   1.494286110100000E+00
   1.425079746100000E-02   1.060524767900000E+01   9.426064958700000E-01   1.739276510100000E-02   2.751826264800000E-05   7.546129712500000E-01   7.935388235100000E-01   1.544773857200000E+00   1.492624381100000E+00
   1.635125805500000E-02   1.060466111900000E+01   9.415182186300000E-01   1.791154617700000E-02   2.921319698000000E-05   7.562221879200000E-01   7.925933732100000E-01   1.544186817500000E+00   1.490965933500000E+00
   1.845171865000000E-02   1.060406372400000E+01   9.404305075800000E-01   1.848222825400000E-02   3.114660262700000E-05   7.578333095599999E-01   7.916496799400000E-01   1.543600554600000E+00   1.489310891100000E+00
   2.024551473100000E-02   1.060354525400000E+01   9.395020890700000E-01   1.900725045100000E-02   3.296495925400000E-05   7.592107165500001E-01   7.908451529000000E-01   1.543100542700000E+00   1.487900019100000E+00
   2.203931081300000E-02   1.060301939600000E+01   9.385741520699999E-01   1.956378251900000E-02   3.496083923800000E-05   7.605895119000000E-01   7.900419024000001E-01   1.542601090000000E+00   1.486491631200000E+00
   2.383310689400000E-02   1.060248639100000E+01   9.376467237300000E-01   2.014871970200000E-02   3.711383428300000E-05   7.619696947600000E-01   7.892399262100001E-01   1.542102228200000E+00   1.485085606900000E+00
   2.562690297600000E-02   1.060194647800000E+01   9.367198283000000E-01   2.075883287500000E-02   3.944073910200000E-05   7.633512649800001E-01   7.884392220899999E-01   1.541603926200000E+00   1.483682041300000E+00
   2.829151687400000E-02   1.060113221400000E+01   9.353439900100000E-01   2.170461480800000E-02   4.316877212700000E-05   7.654060928999999E-01   7.872521509500000E-01   1.540864806500000E+00   1.481601426400000E+00
   3.095613077200000E-02   1.060030397100000E+01   9.339694313500000E-01   2.268799897100000E-02   4.723962288600000E-05   7.674639792500000E-01   7.860678745400000E-01   1.540126935900000E+00   1.479526128000000E+00
   3.362074467000000E-02   1.059946243100000E+01   9.325961953600000E-01   2.369865371600000E-02   5.161004253800000E-05   7.695249221100000E-01   7.848863856300000E-01   1.539390335200000E+00   1.477456038000000E+00
   3.628535856900000E-02   1.059860819800000E+01   9.312243114900000E-01   2.472695699000000E-02   5.627300814400000E-05   7.715889201000000E-01   7.837076769800000E-01   1.538654976200000E+00   1.475391217000000E+00
   3.872985476800000E-02   1.059781380600000E+01   9.299669596900000E-01   2.567851754400000E-02   6.075696475300000E-05   7.734851011200000E-01   7.826287778500000E-01   1.537981480300000E+00   1.473501484200000E+00
   4.117435096800000E-02   1.059700948400000E+01   9.287107651900000E-01   2.663210745000000E-02   6.544168137000000E-05   7.753838506600000E-01   7.815522070000001E-01   1.537309020400000E+00   1.471616157600000E+00
   4.361884716800000E-02   1.059619548500000E+01   9.274557266700000E-01   2.758313997300000E-02   7.028501553600000E-05   7.772851671500000E-01   7.804779589300000E-01   1.536637614000000E+00   1.469735150200000E+00
   4.606334336700000E-02   1.059537199400000E+01   9.262018376400000E-01   2.852802341000000E-02   7.528806231900001E-05   7.791890494700000E-01   7.794060281100000E-01   1.535967238200000E+00   1.467858512300000E+00
   4.827834624200000E-02   1.059461772300000E+01   9.250666497700000E-01   2.937671045500000E-02   7.991894221900000E-05   7.809164065899999E-01   7.784367284900000E-01   1.535360708500000E+00   1.466161737900000E+00
   5.049334911600000E-02   1.059385581900000E+01   9.239323874000001E-01   3.021688470600000E-02   8.465902264300000E-05   7.826458682500000E-01   7.774693228900000E-01   1.534755018300000E+00   1.464468531300000E+00
   5.270835199000000E-02   1.059308631200000E+01   9.227990396200000E-01   3.104774949400000E-02   8.947898524000000E-05   7.843774332300000E-01   7.765038072600000E-01   1.534150181600000E+00   1.462778823600000E+00
   5.492335486400000E-02   1.059230920800000E+01   9.216665948200000E-01   3.186890331100000E-02   9.439385007200000E-05   7.861111006600000E-01   7.755401775500000E-01   1.533546180600000E+00   1.461092656000000E+00
   5.809077340900000E-02   1.059118473200000E+01   9.200487622200000E-01   3.302626037500000E-02   1.015357520100000E-04   7.885938676200001E-01   7.741654711900000E-01   1.532683944600000E+00   1.458687492500000E+00
   6.125819195400000E-02   1.059004461600000E+01   9.184327175800000E-01   3.416444201200000E-02   1.088422739800000E-04   7.910809283700000E-01   7.727946012800000E-01   1.531823414200000E+00   1.456289479000000E+00
   6.442561049900000E-02   1.058888875200000E+01   9.168184284599999E-01   3.528480724100000E-02   1.162891381800000E-04   7.935722795600000E-01   7.714275561600000E-01   1.530964595600000E+00   1.453898536700000E+00
   6.759302904400000E-02   1.058771702600000E+01   9.152058648600000E-01   3.638902240900000E-02   1.238992273900000E-04   7.960679181100000E-01   7.700643241900000E-01   1.530107468500000E+00   1.451514676700000E+00
   7.245790836200000E-02   1.058588620000000E+01   9.127324063100000E-01   3.805766493700000E-02   1.358660322200000E-04   7.999093434300000E-01   7.679779178800000E-01   1.528794299400000E+00   1.447866904100000E+00
   7.732278768000000E-02   1.058401730800000E+01   9.102628695900000E-01   3.969848148400000E-02   1.482245293700000E-04   8.037608627600000E-01   7.659004378299999E-01   1.527485086600000E+00   1.444235613200000E+00
   8.218766699799999E-02   1.058211004700000E+01   9.077971832400000E-01   4.131666480600000E-02   1.609697795800000E-04   8.076224635800000E-01   7.638318425800000E-01   1.526179815200000E+00   1.440620650000000E+00
   8.705254631600000E-02   1.058016418800000E+01   9.053352875300000E-01   4.291634299700000E-02   1.741405440800000E-04   8.114941333700000E-01   7.617720909400000E-01   1.524878447600000E+00   1.437021940000000E+00
   9.210858524100000E-02   1.057810078700000E+01   9.027806175700001E-01   4.456273740100000E-02   1.882611715000000E-04   8.155285919300000E-01   7.596407315800000E-01   1.523530069100000E+00   1.433298873200000E+00
   9.716462416600000E-02   1.057599538100000E+01   9.002299391300000E-01   4.619535816800000E-02   2.028674093300000E-04   8.195738975000000E-01   7.575188346700000E-01   1.522185850600000E+00   1.429593114300000E+00
   1.022206630900000E-01   1.057384787800000E+01   8.976832098999999E-01   4.781633593100000E-02   2.179460905100000E-04   8.236300347900000E-01   7.554063549000000E-01   1.520845774300000E+00   1.425904504300000E+00
   1.072767020200000E-01   1.057165821500000E+01   8.951403924600000E-01   4.942727669800000E-02   2.335293677800000E-04   8.276969884399999E-01   7.533032472800000E-01   1.519509801200000E+00   1.422232955900000E+00
   1.138537687000000E-01   1.056874666400000E+01   8.918384085300000E-01   5.150993586800000E-02   2.545247559200000E-04   8.330035799400000E-01   7.505814055500000E-01   1.517778034200000E+00   1.417482154600000E+00
   1.204308353900000E-01   1.056576363600000E+01   8.885429210600000E-01   5.357998047000000E-02   2.763905477500000E-04   8.383284120900000E-01   7.478752498800000E-01   1.516053105900000E+00   1.412759742700000E+00
   1.270079020800000E-01   1.056270909200000E+01   8.852538702400000E-01   5.563916805500000E-02   2.991153184500000E-04   8.436714482100000E-01   7.451846835600000E-01   1.514334965200000E+00   1.408065428100000E+00
   1.335849687700000E-01   1.055958300900000E+01   8.819712016300000E-01   5.768885738900000E-02   3.227351668900000E-04   8.490326509000000E-01   7.425096106900000E-01   1.512623542600000E+00   1.403398986100000E+00
   1.418356381700000E-01   1.055556027300000E+01   8.778621723800000E-01   6.024842669000000E-02   3.536058267200000E-04   8.557836964900000E-01   7.391756008700000E-01   1.510486056100000E+00   1.397584092100000E+00
   1.500863075700000E-01   1.055142490600000E+01   8.737630169800000E-01   6.279662791100001E-02   3.859158680100000E-04   8.625631914700000E-01   7.358656373800000E-01   1.508358936400000E+00   1.391812158900000E+00
   1.583369769800000E-01   1.054717687500000E+01   8.696736513700000E-01   6.533495352099999E-02   4.196616883400000E-04   8.693710551800000E-01   7.325795364700000E-01   1.506242079300000E+00   1.386082671900000E+00
   1.665876463800000E-01   1.054281614200000E+01   8.655939974100000E-01   6.786458642100000E-02   4.548891919600000E-04   8.762072047800000E-01   7.293171163800000E-01   1.504135363800000E+00   1.380395183000000E+00
   1.780980036300000E-01   1.053654416600000E+01   8.599186344400001E-01   7.138102971300000E-02   5.065010646700000E-04   8.857912855900000E-01   7.248049973200000E-01   1.501213076600000E+00   1.372529894300000E+00
   1.896083608800000E-01   1.053005251100000E+01   8.542618453000000E-01   7.488476247299999E-02   5.610812673100000E-04   8.954300113000000E-01   7.203381357000000E-01   1.498310025200000E+00   1.364744163600000E+00
   2.011187181400000E-01   1.052334085200000E+01   8.486234570000000E-01   7.837764682800000E-02   6.186633645000000E-04   9.051231324200000E-01   7.159160568600000E-01   1.495425931300000E+00   1.357036738000000E+00
   2.126290753900000E-01   1.051640874600000E+01   8.430033071900001E-01   8.186116748100000E-02   6.793330227400001E-04   9.148703902999999E-01   7.115382931999999E-01   1.492560505300000E+00   1.349406446800000E+00
   2.239106046800000E-01   1.050939997100000E+01   8.375124374100000E-01   8.526762061600000E-02   7.418174632600000E-04   9.244761449500000E-01   7.072901185700000E-01   1.489769906400000E+00   1.342001530000000E+00
   2.351921339800000E-01   1.050217816400000E+01   8.320388037599999E-01   8.866733920200000E-02   8.073879394800000E-04   9.341333855600000E-01   7.030836445899999E-01   1.486996722900000E+00   1.334668504800000E+00
   2.464736632800000E-01   1.049474245500000E+01   8.265822752799999E-01   9.206124952600001E-02   8.760803099300000E-04   9.438418410300000E-01   6.989184499000000E-01   1.484240716300000E+00   1.327406287600000E+00
   2.577551925700000E-01   1.048709177700000E+01   8.211427265600000E-01   9.545012332699999E-02   9.479842981200000E-04   9.536012316300000E-01   6.947941191300000E-01   1.481501634800000E+00   1.320213867800000E+00
   2.711823239500000E-01   1.047770406500000E+01   8.146906097300000E-01   9.947797339599999E-02   1.037797875800000E-03   9.652827185500000E-01   6.899380870700000E-01   1.478263361800000E+00   1.311743070100000E+00
   2.846094553300000E-01   1.046800740000000E+01   8.082621804600000E-01   1.035007799900000E-01   1.132362524100000E-03   9.770354426300000E-01   6.851386810800000E-01   1.475048340400000E+00   1.303368032300000E+00
   2.980365867100000E-01   1.045799859000000E+01   8.018572522100000E-01   1.075195415500000E-01   1.231771500700000E-03   9.888588804700000E-01   6.803952326500000E-01   1.471856199600000E+00   1.295087101300000E+00
   3.114637180900000E-01   1.044767377500000E+01   7.954756460600000E-01   1.115351280600000E-01   1.336175611500000E-03   1.000752489900000E+00   6.757070842800000E-01   1.468686560400000E+00   1.286898713200000E+00
   3.249681880700000E-01   1.043696607400000E+01   7.890806329500000E-01   1.155715118500000E-01   1.446313815000000E-03   1.012784816600000E+00   6.710470579800000E-01   1.465521008800000E+00   1.278754905400000E+00
   3.384726580600000E-01   1.042592842100000E+01   7.827088694200000E-01   1.196063177100000E-01   1.561773520300000E-03   1.024886967100000E+00   6.664416692200000E-01   1.462377497400000E+00   1.270701605400000E+00
   3.519771280500000E-01   1.041455410500000E+01   7.763601937500000E-01   1.236403237200000E-01   1.682671896900000E-03   1.037058330700000E+00   6.618902812500000E-01   1.459255687300000E+00   1.262737289300000E+00
   3.654815980300000E-01   1.040283515300000E+01   7.700344504200000E-01   1.276742350800000E-01   1.809185689600000E-03   1.049298277100000E+00   6.573922675700000E-01   1.456155232500000E+00   1.254860519800000E+00
   3.771222627900000E-01   1.039244982600000E+01   7.646000365300000E-01   1.311519019800000E-01   1.922833081100000E-03   1.059903480400000E+00   6.535574033300000E-01   1.453499579400000E+00   1.248139988700000E+00
   3.887629275600000E-01   1.038179437200000E+01   7.591824582800000E-01   1.346304658500000E-01   2.040878608100000E-03   1.070558730200000E+00   6.497613500800000E-01   1.450859343000000E+00   1.241482557800000E+00
   4.004035923200000E-01   1.037086060800000E+01   7.537816265300000E-01   1.381103884200000E-01   2.163405019100000E-03   1.081263586400000E+00   6.460037241100000E-01   1.448234331300000E+00   1.234887329600000E+00
   4.120442570800000E-01   1.035963907500000E+01   7.483974552500000E-01   1.415920896800000E-01   2.290553299300000E-03   1.092017598100000E+00   6.422841469100000E-01   1.445624341100000E+00   1.228353473400000E+00
   4.234745513600000E-01   1.034832977700000E+01   7.431267182400000E-01   1.450130549700000E-01   2.419979981800000E-03   1.102624646200000E+00   6.386684524200000E-01   1.443075961800000E+00   1.221996574300000E+00
   4.349048456300000E-01   1.033672059700000E+01   7.378718894600000E-01   1.484365843900000E-01   2.554096681300000E-03   1.113278194400000E+00   6.350887349900000E-01   1.440541706200000E+00   1.215697267300000E+00
   4.463351399100000E-01   1.032479780400000E+01   7.326328962500001E-01   1.518631282400000E-01   2.693000167500000E-03   1.123977783300000E+00   6.315446503000000E-01   1.438021410300000E+00   1.209454769800000E+00
   4.577654341900000E-01   1.031254557800000E+01   7.274096689200000E-01   1.552931075300000E-01   2.836847129900000E-03   1.134722943200000E+00   6.280358584800000E-01   1.435514899000000E+00   1.203268361600000E+00
   4.687057760500000E-01   1.030049321300000E+01   7.224250370500001E-01   1.585797253700000E-01   2.979248411500000E-03   1.145049757600000E+00   6.247102151500000E-01   1.433128598100000E+00   1.197398961800000E+00
   4.796461179100000E-01   1.028810409200000E+01   7.174547315000001E-01   1.618703170400000E-01   3.126430585600000E-03   1.155417449100000E+00   6.214163060700000E-01   1.430754635900000E+00   1.191579654600000E+00
   4.905864597800000E-01   1.027535722500000E+01   7.124986990700000E-01   1.651653309900000E-01   3.278499310000000E-03   1.165825578100000E+00   6.181538442700000E-01   1.428392883600000E+00   1.185809804600000E+00
   5.015268016400000E-01   1.026222856600000E+01   7.075568893300000E-01   1.684651967100000E-01   3.435621831800000E-03   1.176273696000000E+00   6.149225462700000E-01   1.426043201000000E+00   1.180088833200000E+00
   5.112703371800000E-01   1.025019245500000E+01   7.031676185500000E-01   1.714085692900000E-01   3.579897532400000E-03   1.185612149100000E+00   6.120707417400000E-01   1.423960624600000E+00   1.175034346600000E+00
   5.210138727200000E-01   1.023780968100000E+01   6.987895594600000E-01   1.743565152000000E-01   3.728414070800000E-03   1.194981628400000E+00   6.092432378400000E-01   1.421887428500000E+00   1.170017756900000E+00
   5.307574082700000E-01   1.022505530200000E+01   6.944226823200000E-01   1.773094273000000E-01   3.881262121000000E-03   1.204381798600000E+00   6.064398410000000E-01   1.419823532700000E+00   1.165038641700000E+00
   5.405009438100000E-01   1.021190116000000E+01   6.900669595100000E-01   1.802676831000000E-01   4.038593945200000E-03   1.213812319200000E+00   6.036603597000000E-01   1.417768844800000E+00   1.160096628500000E+00
   5.493053094500000E-01   1.019964475900000E+01   6.861406527000000E-01   1.829457683700000E-01   4.184693565300000E-03   1.222359655900000E+00   6.011692009100000E-01   1.415920064700000E+00   1.155662532700000E+00
   5.581096751000000E-01   1.018700978100000E+01   6.822234154600000E-01   1.856288954400000E-01   4.334670750900000E-03   1.230931231600000E+00   5.986972762300000E-01   1.414078674100000E+00   1.151258136800000E+00
   5.669140407500000E-01   1.017396686400000E+01   6.783152321900000E-01   1.883174423800000E-01   4.488609917300000E-03   1.239526782800000E+00   5.962444484800000E-01   1.412244620800000E+00   1.146883144200000E+00
   5.757184063900000E-01   1.016048323600000E+01   6.744160890400001E-01   1.910117752600000E-01   4.646657693200000E-03   1.248146042400000E+00   5.938105817700000E-01   1.410417840600000E+00   1.142537303400000E+00
   5.838300702100000E-01   1.014763896700000E+01   6.708317099000000E-01   1.934996297600000E-01   4.795982206100000E-03   1.256107913900000E+00   5.915848705500000E-01   1.408741183000000E+00   1.138558926600000E+00
   5.919417340300001E-01   1.013435787300000E+01   6.672549861200000E-01   1.959930978500000E-01   4.949012462300000E-03   1.264089465200000E+00   5.893750354900000E-01   1.407070607600000E+00   1.134604863600000E+00
   6.000533978500000E-01   1.012060478900000E+01   6.636859112900000E-01   1.984925785200000E-01   5.105836101000000E-03   1.272090478600000E+00   5.871809730699999E-01   1.405406078500000E+00   1.130674892300000E+00
   6.081650616700000E-01   1.010634079300000E+01   6.601244806100000E-01   2.009984635300000E-01   5.266604352600000E-03   1.280110733900000E+00   5.850025807000000E-01   1.403747548000000E+00   1.126768832000000E+00
   6.157341379600000E-01   1.009253223500000E+01   6.568081648700000E-01   2.033429251800000E-01   5.420258389200000E-03   1.287611673700000E+00   5.829839436299999E-01   1.402205338600000E+00   1.123145414700000E+00
   6.233032142400000E-01   1.007820283800000E+01   6.534985011700000E-01   2.056937446900000E-01   5.577582299700000E-03   1.295128990000000E+00   5.809787797400000E-01   1.400668284200000E+00   1.119542488600000E+00
   6.308722905300000E-01   1.006331018900000E+01   6.501954901000000E-01   2.080513704100000E-01   5.738674855100000E-03   1.302662497300000E+00   5.789870076500000E-01   1.399136359300000E+00   1.115959880000000E+00
   6.384413668100000E-01   1.004780766500000E+01   6.468991339100000E-01   2.104162497400000E-01   5.903700462400000E-03   1.310212008400000E+00   5.770085465800000E-01   1.397609526900000E+00   1.112397453300000E+00
   6.456769229700000E-01   1.003237095000000E+01   6.437542519800000E-01   2.126842004900000E-01   6.065231248100000E-03   1.317443648500000E+00   5.751296337900000E-01   1.396154712700000E+00   1.109010704800000E+00
   6.529124791200001E-01   1.001628108200000E+01   6.406154603000001E-01   2.149597304300000E-01   6.230633856300000E-03   1.324689572700000E+00   5.732627420700001E-01   1.394704498300000E+00   1.105642131000000E+00
   6.601480352800000E-01   9.999484314800000E+00   6.374827659400000E-01   2.172433906500000E-01   6.400033596600000E-03   1.331949612100000E+00   5.714078024300000E-01   1.393258863700000E+00   1.102291586100000E+00
   6.673835914300000E-01   9.981921817600000E+00   6.343561778900000E-01   2.195357427800000E-01   6.573625000200000E-03   1.339223596200000E+00   5.695647463600000E-01   1.391817778600000E+00   1.098958960000000E+00
   6.739880496000000E-01   9.965168252800000E+00   6.315076364100000E-01   2.216363040600000E-01   6.735853365000000E-03   1.345875157800000E+00   5.678927612800000E-01   1.390506345100000E+00   1.095932526900000E+00
   6.805925077700000E-01   9.947669805600000E+00   6.286642019100001E-01   2.237451658100000E-01   6.901879404900000E-03   1.352538061800000E+00   5.662305691300000E-01   1.389198663000000E+00   1.092920826000000E+00
   6.871969659300000E-01   9.929368511700000E+00   6.258258863100000E-01   2.258629268300000E-01   7.071839689200000E-03   1.359212174700000E+00   5.645781188900000E-01   1.387894719600000E+00   1.089923748400000E+00
   6.938014241000000E-01   9.910201427100001E+00   6.229927034800000E-01   2.279901999900000E-01   7.245941491000000E-03   1.365897362200000E+00   5.629353598400000E-01   1.386594492200000E+00   1.086941217800000E+00
   6.999193659000000E-01   9.891614448400000E+00   6.203728199900000E-01   2.299698820400000E-01   7.411047533100000E-03   1.372099849000000E+00   5.614222171600000E-01   1.385393352900000E+00   1.084191275400000E+00
   7.060373077100000E-01   9.872167201500000E+00   6.177573689900000E-01   2.319589196100000E-01   7.580047831800000E-03   1.378311613500000E+00   5.599173074200000E-01   1.384195373800000E+00   1.081453667600000E+00
   7.121552495200000E-01   9.851796231900000E+00   6.151463667500000E-01   2.339579885200000E-01   7.753099715800000E-03   1.384532546200000E+00   5.584205910600000E-01   1.383000546600000E+00   1.078728309200000E+00
   7.182731913200000E-01   9.830433062299999E+00   6.125398315400000E-01   2.359677847000000E-01   7.930433608200000E-03   1.390762536600000E+00   5.569320287500000E-01   1.381808853600000E+00   1.076015144900000E+00
   7.244087094800000E-01   9.807937780800000E+00   6.099303148000000E-01   2.379949427400000E-01   8.112760950999999E-03   1.397019410100000E+00   5.554473398200001E-01   1.380616878300000E+00   1.073306343700000E+00
   7.305442276300000E-01   9.784289909100000E+00   6.073253343700000E-01   2.400345405900000E-01   8.299861891600001E-03   1.403285168400000E+00   5.539707733000000E-01   1.379428030100000E+00   1.070609668500000E+00
   7.366797457800000E-01   9.759402655100001E+00   6.047249158900000E-01   2.420875459600000E-01   8.491976832100000E-03   1.409559697500000E+00   5.525022902200000E-01   1.378242301000000E+00   1.067925037500000E+00
   7.428152639300000E-01   9.733182359600001E+00   6.021290879400000E-01   2.441549781500000E-01   8.689429030900000E-03   1.415842882800000E+00   5.510418518000000E-01   1.377059674700000E+00   1.065252396700000E+00
   7.482150103000000E-01   9.708923521399999E+00   5.998483747300000E-01   2.459873493500000E-01   8.867841414700000E-03   1.421379657600000E+00   5.497631740800000E-01   1.376021431700000E+00   1.062910110100000E+00
   7.536147566800000E-01   9.683480115500000E+00   5.975712654100001E-01   2.478326276900000E-01   9.050886074600001E-03   1.426922968100000E+00   5.484906713100000E-01   1.374985574300000E+00   1.060577015600000E+00
   7.590145030500000E-01   9.656773063999999E+00   5.952977860699999E-01   2.496917622600000E-01   9.238800713500001E-03   1.432472734400000E+00   5.472243174700000E-01   1.373952098900000E+00   1.058253056400000E+00
   7.644142494300000E-01   9.628717833000000E+00   5.930279653000000E-01   2.515657454300000E-01   9.431904009400000E-03   1.438028876400000E+00   5.459640867200000E-01   1.372920993600000E+00   1.055938200400000E+00
   7.694562545800000E-01   9.601224482899999E+00   5.909118541200000E-01   2.533299809200000E-01   9.617142674699999E-03   1.443222600300000E+00   5.447928534100001E-01   1.371960338900000E+00   1.053784872000000E+00
   7.744982597400000E-01   9.572398554399999E+00   5.887989878000000E-01   2.551091051000000E-01   9.807468326700000E-03   1.448421746400000E+00   5.436269154400000E-01   1.371001738000000E+00   1.051639408200000E+00
   7.795402648999999E-01   9.542156585600001E+00   5.866893965500000E-01   2.569042059300000E-01   1.000316270100000E-02   1.453626248200000E+00   5.424662520500000E-01   1.370045188800000E+00   1.049501763000000E+00
   7.845822700500000E-01   9.510409780200000E+00   5.845831132600000E-01   2.587164257800000E-01   1.020459265500000E-02   1.458836038700000E+00   5.413108425599999E-01   1.369090681700000E+00   1.047371912700000E+00
   7.895353515700000E-01   9.477666230100001E+00   5.825172331000000E-01   2.605146076200000E-01   1.040837583000000E-02   1.463959031000000E+00   5.401809063700000E-01   1.368154996700000E+00   1.045287168100000E+00
   7.944884330799999E-01   9.443284160799999E+00   5.804546165400000E-01   2.623318442000000E-01   1.061843832000000E-02   1.469086998200000E+00   5.390560011400000E-01   1.367221271500000E+00   1.043209881000000E+00
   7.994415145900000E-01   9.407162430000000E+00   5.783953036500000E-01   2.641695883900000E-01   1.083517543100000E-02   1.474219875800000E+00   5.379361075600000E-01   1.366289504600000E+00   1.041140009100000E+00
   8.043945961100000E-01   9.369193594200000E+00   5.763393379800000E-01   2.660293845800000E-01   1.105907990100000E-02   1.479357599100000E+00   5.368212063900000E-01   1.365359687300000E+00   1.039077531000000E+00
   8.090170007800001E-01   9.331992852600001E+00   5.744236935400000E-01   2.677864458400000E-01   1.127491655700000E-02   1.484156632300000E+00   5.357852247600000E-01   1.364493704900000E+00   1.037159377400000E+00
   8.136394054500000E-01   9.292985823200000E+00   5.725110472800000E-01   2.695657234400000E-01   1.149789994300000E-02   1.488959775900000E+00   5.347535590200000E-01   1.363629411900000E+00   1.035247611500000E+00
   8.182618101300000E-01   9.252068540600000E+00   5.706014444500001E-01   2.713688989100000E-01   1.172850436300000E-02   1.493766976400000E+00   5.337261937200000E-01   1.362766807500000E+00   1.033342199000000E+00
   8.228842148000000E-01   9.209131065699999E+00   5.686949341000000E-01   2.731977652300000E-01   1.196730837800000E-02   1.498578180300000E+00   5.327031135000000E-01   1.361905884800000E+00   1.031443124000000E+00
   8.272169615600000E-01   9.166946728999999E+00   5.669107481900000E-01   2.749371429000000E-01   1.219909671200000E-02   1.503091482300000E+00   5.317480205800000E-01   1.361100438200000E+00   1.029668773700000E+00
   8.315497083100000E-01   9.122784413200000E+00   5.651293733800000E-01   2.767026186500000E-01   1.243917361600000E-02   1.507608209600000E+00   5.307966665200000E-01   1.360296462500000E+00   1.027899950300000E+00
   8.358824550700000E-01   9.076537725500000E+00   5.633508608900000E-01   2.784961624900000E-01   1.268811627600000E-02   1.512128317500000E+00   5.298490388000000E-01   1.359493957500000E+00   1.026136625800000E+00
   8.402152018200000E-01   9.028094624500000E+00   5.615752661200000E-01   2.803198831500000E-01   1.294661532800000E-02   1.516651761000000E+00   5.289051249600000E-01   1.358692917500000E+00   1.024378788300000E+00
   8.443856702500000E-01   8.979281391400001E+00   5.598689860300000E-01   2.821060006300000E-01   1.320510639300000E-02   1.521008892200000E+00   5.280000606600000E-01   1.357923264000000E+00   1.022691942700000E+00
   8.485561386700000E-01   8.928213335800001E+00   5.581655225200000E-01   2.839245088100000E-01   1.347385006900000E-02   1.525369031600000E+00   5.270984147200000E-01   1.357154962500000E+00   1.021010145600000E+00
   8.527266070900000E-01   8.874774246499999E+00   5.564649381500000E-01   2.857779192100000E-01   1.375361462000000E-02   1.529732138600000E+00   5.262001761500000E-01   1.356388012800000E+00   1.019333372200000E+00
   8.568970755100001E-01   8.818842080600000E+00   5.547673006200000E-01   2.876689403100000E-01   1.404530149000000E-02   1.534098172400000E+00   5.253053340000000E-01   1.355622410100000E+00   1.017661612700000E+00
   8.608117079599999E-01   8.763958594200000E+00   5.531765505800000E-01   2.894808727800000E-01   1.433077462400000E-02   1.538198999800000E+00   5.244684662000000E-01   1.354904999600000E+00   1.016096944400000E+00
   8.647263404100000E-01   8.706654653099999E+00   5.515885271199999E-01   2.913312995900000E-01   1.462849526100000E-02   1.542302336100000E+00   5.236345722900000E-01   1.354188771500000E+00   1.014536665300000E+00
   8.686409728600000E-01   8.646814062500001E+00   5.500033011800000E-01   2.932232227900000E-01   1.493942076300000E-02   1.546408147100000E+00   5.228036433100000E-01   1.353473726200000E+00   1.012980754800000E+00
   8.725556053100000E-01   8.584315291999999E+00   5.484209495500000E-01   2.951598937300000E-01   1.526465912000000E-02   1.550516398600000E+00   5.219756703300000E-01   1.352759859600000E+00   1.011429205500000E+00
   8.761751579300000E-01   8.524052303200000E+00   5.469605029700000E-01   2.969935382200000E-01   1.557913172100000E-02   1.554317117300000E+00   5.212127313100000E-01   1.352100853100000E+00   1.009998470800000E+00
   8.797947105500000E-01   8.461303407100001E+00   5.455026557700000E-01   2.988716339900000E-01   1.590792546600000E-02   1.558119865900000E+00   5.204523048100000E-01   1.351442851200000E+00   1.008571442600000E+00
   8.834142631700000E-01   8.395959456900000E+00   5.440474847000000E-01   3.007976264800000E-01   1.625218663100000E-02   1.561924617200000E+00   5.196943838600000E-01   1.350785854200000E+00   1.007148104600000E+00
   8.870338157900000E-01   8.327906832000000E+00   5.425950727300000E-01   3.027752575100000E-01   1.661322731300000E-02   1.565731343800000E+00   5.189389614700000E-01   1.350129858800000E+00   1.005728451700000E+00
   8.903981560400001E-01   8.262120181600000E+00   5.412476220400000E-01   3.046633945800000E-01   1.696508980300000E-02   1.569271407700000E+00   5.182390378700000E-01   1.349521016700000E+00   1.004412186000000E+00
   8.937624962800000E-01   8.193792669900001E+00   5.399027104700000E-01   3.066033680900000E-01   1.733396900700000E-02   1.572813132400000E+00   5.175412613400000E-01   1.348913037500000E+00   1.003099087000000E+00
   8.971268365300000E-01   8.122822062099999E+00   5.385604221300000E-01   3.085992063000000E-01   1.772126648200000E-02   1.576356495600000E+00   5.168456263400000E-01   1.348305921800000E+00   1.001789141100000E+00
   9.004911767700000E-01   8.049102418800000E+00   5.372208479700000E-01   3.106552995000000E-01   1.812857165500000E-02   1.579901475100000E+00   5.161521273200000E-01   1.347699667100000E+00   1.000482345100000E+00
   9.036117970200001E-01   7.978170001800000E+00   5.359808275000000E-01   3.126205614700000E-01   1.852576590000000E-02   1.583191074300000E+00   5.155107715400000E-01   1.347138101400000E+00   9.992730187400000E-01
   9.067324172600000E-01   7.904687541700000E+00   5.347433116200000E-01   3.146461021900000E-01   1.894323586800000E-02   1.586482027000000E+00   5.148712443500000E-01   1.346577274500000E+00   9.980663890000000E-01
   9.098530375100000E-01   7.828561633800000E+00   5.335083919900000E-01   3.167366253800000E-01   1.938269720200000E-02   1.589774315400000E+00   5.142335413600000E-01   1.346017187100000E+00   9.968624449800000E-01
   9.129736577599999E-01   7.749695958900000E+00   5.322761677100000E-01   3.188972751800000E-01   1.984608025200000E-02   1.593067921700000E+00   5.135976582200000E-01   1.345457837000000E+00   9.956611844500000E-01
   9.153859798200000E-01   7.686790380000000E+00   5.313255404300000E-01   3.206191717000000E-01   2.022202262900000E-02   1.595614858200000E+00   5.131073480900000E-01   1.345025950900000E+00   9.947344088900000E-01
   9.177983018900000E-01   7.622141292300000E+00   5.303766409200000E-01   3.223892357900000E-01   2.061463061400000E-02   1.598162563100000E+00   5.126181208200000E-01   1.344594504500000E+00   9.938092313400000E-01
   9.202106239500000E-01   7.555700593000000E+00   5.294295259200000E-01   3.242105882200000E-01   2.102509271600000E-02   1.600711027900000E+00   5.121299744300000E-01   1.344163498900000E+00   9.928856455300000E-01
   9.226229460199999E-01   7.487419137300000E+00   5.284842560000000E-01   3.260865943100000E-01   2.145472185200000E-02   1.603260244000000E+00   5.116429068900000E-01   1.343732932900000E+00   9.919636524300000E-01
   9.247764322000001E-01   7.424868161800000E+00   5.276420224100000E-01   3.278104654900000E-01   2.185560486400000E-02   1.605536563700000E+00   5.112090102400000E-01   1.343348938000000E+00   9.911419258300000E-01
   9.269299183800001E-01   7.360773898200000E+00   5.268013597000000E-01   3.295836245800000E-01   2.227401835600000E-02   1.607813469300000E+00   5.107759703500000E-01   1.342965292000000E+00   9.903214634100000E-01
   9.290834045700000E-01   7.295099331200000E+00   5.259623200200000E-01   3.314091213400000E-01   2.271117373600000E-02   1.610090955200000E+00   5.103437857999999E-01   1.342581993000000E+00   9.895022561200000E-01
   9.312368907500000E-01   7.227806828800000E+00   5.251249588700000E-01   3.332902408400000E-01   2.316839920600000E-02   1.612369017100000E+00   5.099124551799999E-01   1.342199033300000E+00   9.886842949700000E-01
   9.327620420300000E-01   7.179149093800000E+00   5.245329668099999E-01   3.346580775900000E-01   2.350514220600000E-02   1.613982742900000E+00   5.096074921400000E-01   1.341928011600000E+00   9.881057351300000E-01
   9.342871933000000E-01   7.129646910700000E+00   5.239418684000000E-01   3.360569471900000E-01   2.385323252300000E-02   1.615596756700000E+00   5.093029562400000E-01   1.341657146500000E+00   9.875277790400000E-01
   9.358123445800000E-01   7.079286383900000E+00   5.233516868800000E-01   3.374882865200000E-01   2.421326235900000E-02   1.617211060500000E+00   5.089988470000000E-01   1.341386429100000E+00   9.869504086899999E-01
   9.373374958500000E-01   7.028053484300000E+00   5.227624465900000E-01   3.389536158200000E-01   2.458586732100000E-02   1.618825657800000E+00   5.086951639400000E-01   1.341115847800000E+00   9.863736078400001E-01
   9.385659593600000E-01   6.986142976600000E+00   5.222885329600000E-01   3.401597053300000E-01   2.489559169900000E-02   1.620126384400000E+00   5.084508659600000E-01   1.340897995300000E+00   9.859094116100000E-01
   9.397944228700000E-01   6.943649852500000E+00   5.218152604400000E-01   3.413897832700000E-01   2.521429107700000E-02   1.621427308400000E+00   5.082068439500000E-01   1.340680221100000E+00   9.854455672100000E-01
   9.410228863800000E-01   6.900566610100000E+00   5.213426435200000E-01   3.426447862700000E-01   2.554236315700000E-02   1.622728433000000E+00   5.079630976800000E-01   1.340462529600000E+00   9.849820761300000E-01
   9.422513498900000E-01   6.856885703500000E+00   5.208706972900000E-01   3.439256969900000E-01   2.588023059800000E-02   1.624029759700000E+00   5.077196269100001E-01   1.340244936400000E+00   9.845189610000000E-01
   9.433259009000000E-01   6.818181522600000E+00   5.204584427600000E-01   3.450681781700000E-01   2.618414771400000E-02   1.625168209300000E+00   5.075068859300000E-01   1.340054713900000E+00   9.841142144700000E-01
   9.444004519200000E-01   6.779009150900000E+00   5.200467242800000E-01   3.462319979000000E-01   2.649621632900000E-02   1.626306805900000E+00   5.072943553500000E-01   1.339864638000000E+00   9.837098579100000E-01
   9.454750029300000E-01   6.739363467700000E+00   5.196355531600000E-01   3.474179160000000E-01   2.681676780900000E-02   1.627445535700000E+00   5.070820349100000E-01   1.339674782800000E+00   9.833059982500000E-01
   9.465495539500000E-01   6.699239334900000E+00   5.192249411099999E-01   3.486267264300000E-01   2.714615256100000E-02   1.628584373000000E+00   5.068699243100000E-01   1.339485262000000E+00   9.829028055500000E-01
   9.476577901000000E-01   6.657350750000000E+00   5.188020556900000E-01   3.498982921600000E-01   2.749550522600000E-02   1.629758977000000E+00   5.066513838200000E-01   1.339290328100000E+00   9.824879366500000E-01
   9.487660262499999E-01   6.614942100400000E+00   5.183797917300000E-01   3.511960494100000E-01   2.785507235200000E-02   1.630933573500000E+00   5.064330655100000E-01   1.339096190200000E+00   9.820744391000000E-01
   9.498742623999999E-01   6.572007709300000E+00   5.179581636400000E-01   3.525210028500000E-01   2.822530441500000E-02   1.632108045900000E+00   5.062149685500000E-01   1.338903214000000E+00   9.816628677200000E-01
   9.509824985400001E-01   6.528541893100000E+00   5.175371864000000E-01   3.538742065100000E-01   2.860667867600000E-02   1.633282222600000E+00   5.059970918100000E-01   1.338711885900000E+00   9.812539686700000E-01
   9.518215409700000E-01   6.495277095800000E+00   5.172189081200000E-01   3.549181790800000E-01   2.890313442400000E-02   1.634170848100000E+00   5.058322835200000E-01   1.338568502800000E+00   9.809467473300000E-01
   9.526605834000000E-01   6.461701960800000E+00   5.169010188199999E-01   3.559794807500000E-01   2.920649587900000E-02   1.635059031200000E+00   5.056675997600000E-01   1.338426741800000E+00   9.806421082600000E-01
   9.534996258300000E-01   6.427814022400000E+00   5.165835257200000E-01   3.570586336700000E-01   2.951700351200000E-02   1.635946602100000E+00   5.055030395100000E-01   1.338286967000000E+00   9.803406238200000E-01
   9.543386682600000E-01   6.393610817800000E+00   5.162664362400000E-01   3.581561801800000E-01   2.983490902100000E-02   1.636833356000000E+00   5.053386015400000E-01   1.338149568800000E+00   9.800429176200000E-01
   9.550143463900000E-01   6.365836250300000E+00   5.160113837300000E-01   3.590537838200000E-01   3.009647308300000E-02   1.637546699500000E+00   5.052062681000000E-01   1.338040920500000E+00   9.798063606400000E-01
   9.556900245300000E-01   6.337854355600000E+00   5.157566020700000E-01   3.599639862200000E-01   3.036314814200000E-02   1.638259215200000E+00   5.050740122000000E-01   1.337934264700000E+00   9.795729964400000E-01
   9.563657026600000E-01   6.309663855100000E+00   5.155020955000000E-01   3.608871025000000E-01   3.063508253200000E-02   1.638970748800000E+00   5.049418329100001E-01   1.337829758900000E+00   9.793431022000000E-01
   9.570413807900000E-01   6.281263473600000E+00   5.152478683500000E-01   3.618234579400000E-01   3.091243035100000E-02   1.639681138700000E+00   5.048097292800000E-01   1.337727496700000E+00   9.791168697600000E-01
   9.576269244100000E-01   6.256480928700000E+00   5.150277841899999E-01   3.626458721400000E-01   3.115728204200000E-02   1.640295712200000E+00   5.046953085200000E-01   1.337640692400000E+00   9.789238267600000E-01
   9.582124680200000E-01   6.231538983800000E+00   5.148079161900000E-01   3.634787064800000E-01   3.140642691900000E-02   1.640909202800000E+00   5.045809432200000E-01   1.337555484000000E+00   9.787334926800000E-01
   9.587980116300000E-01   6.206436816800000E+00   5.145882673900000E-01   3.643221929600000E-01   3.165997626200000E-02   1.641521522100000E+00   5.044666328400000E-01   1.337471665600000E+00   9.785456120800000E-01
   9.593835552500000E-01   6.181173608700000E+00   5.143688409100000E-01   3.651765701800000E-01   3.191804520600000E-02   1.642132603700000E+00   5.043523769300000E-01   1.337388877000000E+00   9.783597065200000E-01
   9.599084536500000E-01   6.158389375500000E+00   5.141723321600000E-01   3.659519175800000E-01   3.215332492300000E-02   1.642679315100000E+00   5.042500006800000E-01   1.337315087200000E+00   9.781941139100000E-01
   9.604333520600000E-01   6.135474491700000E+00   5.139760069600000E-01   3.667363957600000E-01   3.239242053900000E-02   1.643225014400000E+00   5.041476679700000E-01   1.337241108400000E+00   9.780286941500000E-01
   9.609582504700001E-01   6.112428375100000E+00   5.137798676899999E-01   3.675301914600000E-01   3.263542318300000E-02   1.643769755900000E+00   5.040453790400000E-01   1.337166159500000E+00   9.778623353800000E-01
   9.614831488700000E-01   6.089250446300000E+00   5.135839168000000E-01   3.683334963000000E-01   3.288242689900000E-02   1.644313652600000E+00   5.039431344200000E-01   1.337089207200000E+00   9.776935518300000E-01
   9.619651182700000E-01   6.067851556200000E+00   5.134041598600000E-01   3.690796454600000E-01   3.311283584900000E-02   1.644812481000000E+00   5.038492917500000E-01   1.337015647300000E+00   9.775347897200000E-01
   9.624470876700000E-01   6.046340603000000E+00   5.132245658200000E-01   3.698341341000000E-01   3.334677713400000E-02   1.645310968800000E+00   5.037554883399999E-01   1.336937974200000E+00   9.773704587700000E-01
   9.629290570700000E-01   6.024717145300000E+00   5.130451366800000E-01   3.705971224100000E-01   3.358433022500000E-02   1.645809417000000E+00   5.036617257700000E-01   1.336854574200000E+00   9.771981933700000E-01
   9.634110264700000E-01   6.002980744200000E+00   5.128658745000000E-01   3.713687745500000E-01   3.382557698700000E-02   1.646308229600000E+00   5.035680061800000E-01   1.336763473400000E+00   9.770150870099999E-01
   9.638630868900000E-01   5.982490176600000E+00   5.126978901800000E-01   3.721005650700000E-01   3.405528482400000E-02   1.646776887200000E+00   5.034801440000000E-01   1.336668909200000E+00   9.768303601100000E-01
   9.643151473000000E-01   5.961899507400000E+00   5.125300563400000E-01   3.728402678000000E-01   3.428838766700000E-02   1.647246883000000E+00   5.033923250700000E-01   1.336563121400000E+00   9.766295077500000E-01
   9.647672077200000E-01   5.941208381700000E+00   5.123623747800000E-01   3.735880284800000E-01   3.452495892900000E-02   1.647718910500000E+00   5.033045531400000E-01   1.336443328300000E+00   9.764083909900000E-01
   9.652192681400000E-01   5.920416447100000E+00   5.121948473100000E-01   3.743439962400000E-01   3.476507415600000E-02   1.648193824300000E+00   5.032168328200000E-01   1.336306266600000E+00   9.761621407300000E-01
   9.656535747300000E-01   5.900345803700000E+00   5.120340460600000E-01   3.750781467200000E-01   3.499916930500000E-02   1.648653770200000E+00   5.031326114100000E-01   1.336154796500000E+00   9.758966141300000E-01
   9.660878813200000E-01   5.880181483500000E+00   5.118733904400000E-01   3.758201519500000E-01   3.523667789300000E-02   1.649118449100000E+00   5.030484488700000E-01   1.335979989000000E+00   9.755968086000000E-01
   9.665221879100000E-01   5.859923181500000E+00   5.117128821700000E-01   3.765701539000000E-01   3.547767253800000E-02   1.649589185500000E+00   5.029643524300000E-01   1.335777373100000E+00   9.752560066100000E-01
   9.669564945000000E-01   5.839570595100000E+00   5.115525230100000E-01   3.773282978100000E-01   3.572222795300000E-02   1.650067546000000E+00   5.028803306500000E-01   1.335541848100000E+00   9.748665276900000E-01
   9.673908451600000E-01   5.819121344900000E+00   5.113922984800000E-01   3.780948106000000E-01   3.597044615600000E-02   1.650555419300000E+00   5.027963850800000E-01   1.335267597000000E+00   9.744195963200000E-01
   9.678251958300000E-01   5.798577194600000E+00   5.112322266800000E-01   3.788697679900000E-01   3.622238146300000E-02   1.651054905700000E+00   5.027125360200000E-01   1.334948102800000E+00   9.739053690900000E-01
   9.682595464900000E-01   5.777937850200000E+00   5.110723094600000E-01   3.796533259500000E-01   3.647811489400000E-02   1.651568504300000E+00   5.026287972100000E-01   1.334576009100000E+00   9.733127171000000E-01
   9.686938971500000E-01   5.757203021000000E+00   5.109125487000000E-01   3.804456440800000E-01   3.673772986500000E-02   1.652099103400000E+00   5.025451845300000E-01   1.334143089500000E+00   9.726291753200000E-01
   9.692087386100000E-01   5.732501698800000E+00   5.107233875000000E-01   3.813963598600000E-01   3.705059989700000E-02   1.652754639700000E+00   5.024462660100000E-01   1.333538519400000E+00   9.716820724800000E-01
   9.697235800600000E-01   5.707665348000000E+00   5.105344521000000E-01   3.823598928700000E-01   3.736919106100000E-02   1.653445142300000E+00   5.023475858400001E-01   1.332818558400000E+00   9.705618534900000E-01
   9.702384215199999E-01   5.682693503300000E+00   5.103457458400000E-01   3.833365308700000E-01   3.769365549500000E-02   1.654178071200000E+00   5.022491852900000E-01   1.331964132800000E+00   9.692395545800000E-01
   9.707532629700000E-01   5.657585707400000E+00   5.101572721600000E-01   3.843265699000000E-01   3.802415065000000E-02   1.654962053200000E+00   5.021511121600000E-01   1.330954069000000E+00   9.676829979800000E-01
   9.711579247800000E-01   5.637755438200000E+00   5.100092986600000E-01   3.851143381300000E-01   3.828825635000000E-02   1.655620495800000E+00   5.020742927400000E-01   1.330035793300000E+00   9.662721721100000E-01
   9.715625865900001E-01   5.617840687900000E+00   5.098614727500000E-01   3.859107253200000E-01   3.855626974600000E-02   1.656321975200000E+00   5.019977395000000E-01   1.328994739500000E+00   9.646762087600000E-01
   9.719672484000000E-01   5.597841245100000E+00   5.097137961800000E-01   3.867158869400000E-01   3.882827455300000E-02   1.657072466800000E+00   5.019214857600000E-01   1.327817842400000E+00   9.628753292500000E-01
   9.723719102000000E-01   5.577756902200000E+00   5.095662707700001E-01   3.875299820600000E-01   3.910435685800000E-02   1.657878540800000E+00   5.018455681900000E-01   1.326491273900000E+00   9.608486126500000E-01
   9.727760339300000E-01   5.557614330800000E+00   5.094190942000000E-01   3.883520728100000E-01   3.938422960000000E-02   1.658746188000000E+00   5.017701272200000E-01   1.325002567800000E+00   9.585773158300001E-01
   9.731801576600000E-01   5.537386681400000E+00   5.092720720900000E-01   3.891834017300000E-01   3.966834773700000E-02   1.659684249000000E+00   5.016951054300000E-01   1.323334905200000E+00   9.560361060400000E-01
   9.735842813800000E-01   5.517073758100000E+00   5.091252063300000E-01   3.900241388100000E-01   3.995680431600000E-02   1.660701194300000E+00   5.016205504400000E-01   1.321472557400000E+00   9.532014724600000E-01
   9.739884051100000E-01   5.496675369100000E+00   5.089784988500000E-01   3.908744580700000E-01   4.024969505100000E-02   1.661806169300000E+00   5.015465137400000E-01   1.319399342200000E+00   9.500493326900000E-01
   9.743378915599999E-01   5.478965770000000E+00   5.088517552900000E-01   3.916176783300000E-01   4.050663825400000E-02   1.662840283000000E+00   5.014829473200000E-01   1.317423660500000E+00   9.470485590300000E-01
   9.746873780200001E-01   5.461191993500000E+00   5.087251328800000E-01   3.923683159700000E-01   4.076703654900000E-02   1.663954338200000E+00   5.014198482800000E-01   1.315267093200000E+00   9.437762316700000E-01
   9.750368644800000E-01   5.443353923300000E+00   5.085986329600000E-01   3.931264913200000E-01   4.103095685900000E-02   1.665155477900000E+00   5.013572571800000E-01   1.312918797700000E+00   9.402166423700000E-01
   9.753863509300000E-01   5.425451445600000E+00   5.084722568700000E-01   3.938923272400000E-01   4.129846780900000E-02   1.666451212600000E+00   5.012952167700000E-01   1.310368001900000E+00   9.363543378800000E-01
   9.757163931900000E-01   5.408485767000000E+00   5.083530268100001E-01   3.946227008400000E-01   4.155445523700000E-02   1.667768788300000E+00   5.012371741000000E-01   1.307763627800000E+00   9.324154719900000E-01
   9.760464354400000E-01   5.391462458000000E+00   5.082339095800000E-01   3.953601259900000E-01   4.181376823800000E-02   1.669184642000000E+00   5.011797021400000E-01   1.304960443200000E+00   9.281811061000000E-01
   9.763764776900000E-01   5.374381429500000E+00   5.081149063600000E-01   3.961047127000000E-01   4.207646890000000E-02   1.670705927900000E+00   5.011228419900000E-01   1.301950001900000E+00   9.236397585800000E-01
   9.767065199400000E-01   5.357242594800000E+00   5.079960183700000E-01   3.968565732000000E-01   4.234262083700000E-02   1.672340032700000E+00   5.010666362600000E-01   1.298724236500000E+00   9.187807240400000E-01
   9.770342411900000E-01   5.340167006900000E+00   5.078780816700000E-01   3.976104565600000E-01   4.261038027600000E-02   1.674081777400000E+00   5.010115167500000E-01   1.295300573400000E+00   9.136318734400000E-01
   9.773619624300000E-01   5.323034259500000E+00   5.077602610200000E-01   3.983717390500000E-01   4.288167211600000E-02   1.675949869500000E+00   5.009571301500000E-01   1.291650164000000E+00   9.081516388899999E-01
   9.776896836800000E-01   5.305844274800000E+00   5.076425576600000E-01   3.991405373900000E-01   4.315656319400000E-02   1.677952074700000E+00   5.009035218100000E-01   1.287766697100000E+00   9.023327144100000E-01
   9.780174049300000E-01   5.288596977700000E+00   5.075249728600000E-01   3.999169706800000E-01   4.343512202200000E-02   1.680096276300000E+00   5.008507380000000E-01   1.283644557600000E+00   8.961691137900000E-01
   9.783665125300000E-01   5.270161034300000E+00   5.073998465900000E-01   4.007526075100000E-01   4.373597238700000E-02   1.682545560000000E+00   5.007954694900000E-01   1.278985431900000E+00   8.892190695800000E-01
   9.787156201300000E-01   5.251659887500000E+00   5.072748579000000E-01   4.015971962900000E-01   4.404115138000000E-02   1.685174713000000E+00   5.007412475100000E-01   1.274045157800000E+00   8.818692326799999E-01
   9.790647277300000E-01   5.233093456200000E+00   5.071500083900000E-01   4.024508904000000E-01   4.435074818700000E-02   1.687993430000000E+00   5.006881300100000E-01   1.268820101600000E+00   8.741182289100000E-01
   9.794138353300000E-01   5.214461663500000E+00   5.070252997000000E-01   4.033138466200000E-01   4.466485441200000E-02   1.691011356300000E+00   5.006361750400000E-01   1.263307879900000E+00   8.659669419400000E-01
   9.797753952100000E-01   5.195096317200000E+00   5.068962930200001E-01   4.042175180600000E-01   4.499501824000000E-02   1.694357100900000E+00   5.005836541699999E-01   1.257295201800000E+00   8.571064010000000E-01
   9.801369550800000E-01   5.175660707700000E+00   5.067674410600000E-01   4.051314781200000E-01   4.533022699200000E-02   1.697937168700000E+00   5.005325062000000E-01   1.250973725900000E+00   8.478262559100000E-01
   9.804985149500000E-01   5.156154762400000E+00   5.066387457500000E-01   4.060559131900000E-01   4.567059085900000E-02   1.701761709200000E+00   5.004827939900000E-01   1.244345427600000E+00   8.381355500100000E-01
   9.808600748300000E-01   5.136578413600000E+00   5.065102090400000E-01   4.069910139400000E-01   4.601622317300000E-02   1.705840543500000E+00   5.004345791000000E-01   1.237413904400000E+00   8.280460874800000E-01
   9.811858733700000E-01   5.118877977000000E+00   5.063945232100000E-01   4.078429223700000E-01   4.633227846400000E-02   1.709741576800000E+00   5.003924652300000E-01   1.230912552500000E+00   8.186249339600000E-01
   9.815116719000000E-01   5.101120281900000E+00   5.062789692700000E-01   4.087037954300000E-01   4.665279359300000E-02   1.713863332100000E+00   5.003516582400001E-01   1.224174166300000E+00   8.089041159600000E-01
   9.818374704400000E-01   5.083305289300000E+00   5.061635487400000E-01   4.095737822900000E-01   4.697785826200000E-02   1.718212048600000E+00   5.003121989900000E-01   1.217204725200000E+00   7.988976166200000E-01
   9.821632689799999E-01   5.065432964000000E+00   5.060482631600000E-01   4.104530352900000E-01   4.730756454900000E-02   1.722793593400000E+00   5.002741266100000E-01   1.210011190000000E+00   7.886209458100000E-01
   9.824888080500001E-01   5.047517576700000E+00   5.059332057400000E-01   4.113409985500000E-01   4.764173854000000E-02   1.727609497800000E+00   5.002375069300000E-01   1.202607467600000E+00   7.780994498800000E-01
   9.828143471100000E-01   5.029544888500000E+00   5.058182862200000E-01   4.122385272100000E-01   4.798073764500000E-02   1.732668340200000E+00   5.002023441300000E-01   1.194996693500000E+00   7.673431451600000E-01
   9.831398861800000E-01   5.011514875500000E+00   5.057035062000000E-01   4.131457834200000E-01   4.832466096100000E-02   1.737974689600000E+00   5.001686710300000E-01   1.187188469200000E+00   7.563711693600000E-01
   9.834654252400000E-01   4.993427517800000E+00   5.055888673400000E-01   4.140629327700000E-01   4.867361027400000E-02   1.743532642900000E+00   5.001365180800000E-01   1.179193130300000E+00   7.452036036100000E-01
   9.838166956900000E-01   4.973846151400000E+00   5.054653274300001E-01   4.150638678100000E-01   4.905589914800000E-02   1.749816274400000E+00   5.001035610000000E-01   1.170368641500000E+00   7.329579027200001E-01
   9.841679661300000E-01   4.954197984000000E+00   5.053419559700000E-01   4.160767364700000E-01   4.944429634900000E-02   1.756400930000000E+00   5.000724382800000E-01   1.161353732500000E+00   7.205356318000000E-01
   9.845192365800000E-01   4.934483006900000E+00   5.052187551600000E-01   4.171017615500000E-01   4.983894047700000E-02   1.763289797400000E+00   5.000431781700000E-01   1.152163680600000E+00   7.079641956500000E-01
   9.848705070200000E-01   4.914701218000000E+00   5.050957272300000E-01   4.181391711600000E-01   5.023997426000000E-02   1.770485368500000E+00   5.000158052800000E-01   1.142814296600000E+00   6.952713073600000E-01
   9.852182168500000E-01   4.895054149700000E+00   5.049741188700000E-01   4.191784913800000E-01   5.064337982300000E-02   1.777911821900000E+00   4.999905890400000E-01   1.133418731400000E+00   6.826146797900000E-01
   9.855659266700000E-01   4.875341630900000E+00   5.048526843800000E-01   4.202304073300000E-01   5.105333652400000E-02   1.785641624800000E+00   4.999672591900000E-01   1.123899047200000E+00   6.698929693000000E-01
   9.859136365000000E-01   4.855563678200000E+00   5.047314260800000E-01   4.212951567800000E-01   5.146999508100000E-02   1.793675195300000E+00   4.999458289000000E-01   1.114271507800000E+00   6.571325084700000E-01
   9.862613463200000E-01   4.835720314500000E+00   5.046103463000000E-01   4.223729831700000E-01   5.189351076400000E-02   1.802012310300000E+00   4.999263078600000E-01   1.104552464700000E+00   6.443591089800000E-01
   9.866464348500000E-01   4.813667494800000E+00   5.044764617100000E-01   4.235822385300000E-01   5.237074987900000E-02   1.811598861300000E+00   4.999069238200000E-01   1.093701651500000E+00   6.302277776600000E-01
   9.870315233900000E-01   4.791534532500000E+00   5.043428023400000E-01   4.248081871500000E-01   5.285681948100000E-02   1.821554650800000E+00   4.998898926600000E-01   1.082780872400000E+00   6.161442596300000E-01
   9.874166119200000E-01   4.769321489200000E+00   5.042093715800000E-01   4.260511862000000E-01   5.335195068700000E-02   1.831876786100000E+00   4.998752129600000E-01   1.071812143200000E+00   6.021400508400000E-01
   9.878017004500000E-01   4.747028438100000E+00   5.040761729000000E-01   4.273116026200000E-01   5.385638242100000E-02   1.842561536500000E+00   4.998628784800000E-01   1.060817262800000E+00   5.882451680200000E-01
   9.881393824200000E-01   4.727414013400000E+00   5.039595655100000E-01   4.284314851000000E-01   5.430656390000000E-02   1.852225777400000E+00   4.998539838500000E-01   1.051171441800000E+00   5.761732812200000E-01
   9.884770643900000E-01   4.707738196900000E+00   5.038431417500000E-01   4.295653112400000E-01   5.476425834400000E-02   1.862161832300000E+00   4.998468739400000E-01   1.041536556500000E+00   5.642255906800000E-01
   9.888147463600000E-01   4.688001060800000E+00   5.037269041100000E-01   4.307133483300000E-01   5.522964249800000E-02   1.872365725200000E+00   4.998415358600000E-01   1.031927000300000E+00   5.524194528800001E-01
   9.891524283300001E-01   4.668202684900000E+00   5.036108551300000E-01   4.318758702300000E-01   5.570289843700000E-02   1.882833058900000E+00   4.998379541500000E-01   1.022357190100000E+00   5.407714487500000E-01
   9.894294558500000E-01   4.651914827400000E+00   5.035157935700000E-01   4.328405925100000E-01   5.609715742700000E-02   1.891613598100000E+00   4.998363146800000E-01   1.014546194500000E+00   5.313449055500000E-01
   9.897064833800000E-01   4.635585865300000E+00   5.034208621900000E-01   4.338154105500000E-01   5.649694675000000E-02   1.900565351400000E+00   4.998358339700000E-01   1.006779907300000E+00   5.220439874800000E-01
   9.899835109000000E-01   4.619215855100000E+00   5.033260624800000E-01   4.348004860300000E-01   5.690237538200000E-02   1.909685276400000E+00   4.998364996000000E-01   9.990667140200000E-01   5.128770176800000E-01
   9.902605384299999E-01   4.602804856800000E+00   5.032313959400000E-01   4.357959839200000E-01   5.731355503400000E-02   1.918970144600000E+00   4.998382979900000E-01   9.914153003900000E-01   5.038522348200000E-01
   9.905047691100000E-01   4.588302784400000E+00   5.031480485099999E-01   4.366824051000000E-01   5.768091697100000E-02   1.927289880800000E+00   4.998408112200000E-01   9.847281980000000E-01   4.960203719300000E-01
   9.907489997900000E-01   4.573768950600000E+00   5.030648068500000E-01   4.375771754000000E-01   5.805291807400000E-02   1.935732691500000E+00   4.998441823800000E-01   9.781027477499999E-01   4.883111420600000E-01
   9.909932304800000E-01   4.559203404600000E+00   5.029816720500000E-01   4.384804145900000E-01   5.842964042100000E-02   1.944295978000000E+00   4.998483996500000E-01   9.715459540200000E-01   4.807304186500000E-01
   9.912374611600000E-01   4.544606197900000E+00   5.028986452100001E-01   4.393922446000000E-01   5.881116793700000E-02   1.952977005700000E+00   4.998534503300000E-01   9.650653453500000E-01   4.732843179700000E-01
   9.914568975000000E-01   4.531463944300000E+00   5.028241402600000E-01   4.402189346300000E-01   5.915813155500000E-02   1.960874781700000E+00   4.998586878500000E-01   9.593143410600000E-01   4.667142586800000E-01
   9.916763338400000E-01   4.518296217000000E+00   5.027497242000000E-01   4.410527516100000E-01   5.950910700800000E-02   1.968863083000000E+00   4.998645765500000E-01   9.536378849700000E-01   4.602630478700000E-01
   9.918957701800000E-01   4.505103058800000E+00   5.026753978500000E-01   4.418937887200000E-01   5.986415913300000E-02   1.976939594300000E+00   4.998711050700000E-01   9.480430650600000E-01   4.539360402300000E-01
   9.921152065200000E-01   4.491884514700000E+00   5.026011620700001E-01   4.427421406900000E-01   6.022335409400000E-02   1.985101871900000E+00   4.998782612500000E-01   9.425377016399999E-01   4.477390612000000E-01
   9.923137684000000E-01   4.479901579900000E+00   5.025340669200000E-01   4.435161754400000E-01   6.055200641700000E-02   1.992559453600000E+00   4.998852667100000E-01   9.376403720199999E-01   4.422489581900000E-01
   9.925123302700000E-01   4.467897933100000E+00   5.024670472700000E-01   4.442963508700000E-01   6.088415711900000E-02   2.000083118700000E+00   4.998927649900000E-01   9.328305310300000E-01   4.368757473100000E-01
   9.927108921500000E-01   4.455873611600000E+00   5.024001037800000E-01   4.450827405700000E-01   6.121985813500000E-02   2.007670719000000E+00   4.999007449200000E-01   9.281161347500000E-01   4.316251873000000E-01
   9.929094540300000E-01   4.443828653800000E+00   5.023332370900000E-01   4.458754192700000E-01   6.155916237600000E-02   2.015319971400000E+00   4.999091944800000E-01   9.235060660000000E-01   4.265036870000000E-01
   9.930896894200000E-01   4.432877564500000E+00   5.022726090000000E-01   4.466004455800000E-01   6.187031510000000E-02   2.022314567800000E+00   4.999172599200000E-01   9.194201430800000E-01   4.219726044200000E-01
   9.932699248200000E-01   4.421909535900000E+00   5.022120452600000E-01   4.473307735900000E-01   6.218452203900000E-02   2.029356015600000E+00   4.999256911800000E-01   9.154366818100000E-01   4.175597121200000E-01
   9.934501602100000E-01   4.410924599800000E+00   5.021515463800000E-01   4.480664616900000E-01   6.250182492000000E-02   2.036442240200000E+00   4.999344769600000E-01   9.115649813000000E-01   4.132716797200000E-01
   9.936303956100000E-01   4.399922788700000E+00   5.020911128800000E-01   4.488075690300000E-01   6.282226619000000E-02   2.043571019600000E+00   4.999436050700000E-01   9.078154471900000E-01   4.091159801300000E-01
   9.937942722400001E-01   4.389904920100000E+00   5.020362217100000E-01   4.494861652600000E-01   6.311638350300000E-02   2.050087697800000E+00   4.999521906900000E-01   9.045220603100000E-01   4.054593576600000E-01
   9.939581488600000E-01   4.379873154600000E+00   5.019813854200000E-01   4.501693369600000E-01   6.341316402600000E-02   2.056635656800000E+00   4.999610376300000E-01   9.013490918200000E-01   4.019261023500000E-01
   9.941220254899999E-01   4.369827518900000E+00   5.019266044100000E-01   4.508571304200000E-01   6.371264125999999E-02   2.063212823000000E+00   4.999701342200000E-01   8.983074729900000E-01   3.985240965200000E-01
   9.942859021200000E-01   4.359768040300000E+00   5.018718791000000E-01   4.515495925400000E-01   6.401484923900000E-02   2.069816960800000E+00   4.999794678100000E-01   8.954094072600000E-01   3.952621674400000E-01
   9.944349400600000E-01   4.350607430700000E+00   5.018221577500001E-01   4.521834473200000E-01   6.429209306000000E-02   2.075844496300000E+00   4.999881504800000E-01   8.929098507700000E-01   3.924255273100000E-01
   9.945839780100000E-01   4.341435416500000E+00   5.017724831200000E-01   4.528212389900000E-01   6.457165046700000E-02   2.081890381500000E+00   4.999970065600000E-01   8.905517100600000E-01   3.897212231500000E-01
   9.947330159500000E-01   4.332252019800000E+00   5.017228555200000E-01   4.534630041400000E-01   6.485354823800001E-02   2.087952495700000E+00   5.000060238600000E-01   8.883476816000000E-01   3.871585279900000E-01
   9.948820538900000E-01   4.323057263300000E+00   5.016732752800001E-01   4.541087797900000E-01   6.513781353600000E-02   2.094028543700000E+00   5.000151891200000E-01   8.863118825300000E-01   3.847477975800000E-01
   9.950175587200000E-01   4.314687579700000E+00   5.016282384400000E-01   4.546994292700000E-01   6.539834465500000E-02   2.099562869900000E+00   5.000236384300000E-01   8.846201345300000E-01   3.826975744800000E-01
   9.951530635500000E-01   4.306308542600000E+00   5.015832412600000E-01   4.552934534000000E-01   6.566087663799999E-02   2.105104631900000E+00   5.000321863400000E-01   8.830935048300000E-01   3.807922131500000E-01
   9.952885683800000E-01   4.297920170100000E+00   5.015382839900000E-01   4.558908809500000E-01   6.592543076100001E-02   2.110651634600000E+00   5.000408200499999E-01   8.817464798800000E-01   3.790424958900000E-01
   9.954240732100000E-01   4.289522480800000E+00   5.014933668600000E-01   4.564917410100000E-01   6.619202858400000E-02   2.116201497200000E+00   5.000495256400000E-01   8.805950980800000E-01   3.774604278700000E-01
   9.955472212000001E-01   4.281882520700000E+00   5.014525808200000E-01   4.570408099500000E-01   6.643610606899999E-02   2.121245571400000E+00   5.000574869800000E-01   8.797333110800000E-01   3.761792683600000E-01
   9.956703691900000E-01   4.274234895500000E+00   5.014118283300000E-01   4.575927604700000E-01   6.668190616100000E-02   2.126287768200000E+00   5.000654828400000E-01   8.790624904800000E-01   3.750587731600000E-01
   9.957935171900000E-01   4.266579619900000E+00   5.013711096000000E-01   4.581476150900000E-01   6.692944566600000E-02   2.131325805100000E+00   5.000734998100000E-01   8.785988666600000E-01   3.741113322600000E-01
   9.959166651800000E-01   4.258916708900000E+00   5.013304248100000E-01   4.587053965500000E-01   6.717874159900000E-02   2.136357205100000E+00   5.000815233400000E-01   8.783603377400000E-01   3.733507064100000E-01
   9.960285409700000E-01   4.251948607200000E+00   5.012934936500000E-01   4.592146786600000E-01   6.740675561400000E-02   2.140920050600000E+00   5.000888048500000E-01   8.783553307800001E-01   3.728344824800000E-01
   9.961404167500000E-01   4.244974228100000E+00   5.012565908100000E-01   4.597264126300000E-01   6.763624649600000E-02   2.145473010400000E+00   5.000960658500000E-01   8.785686619600001E-01   3.724977793000000E-01
   9.962522925400000E-01   4.237993583400000E+00   5.012197164500000E-01   4.602406160000000E-01   6.786722745400001E-02   2.150013712000000E+00   5.001032923800000E-01   8.790182204700000E-01   3.723546979600000E-01
   9.963641683200000E-01   4.231006685000000E+00   5.011828707100000E-01   4.607573064600000E-01   6.809971183900000E-02   2.154539581300000E+00   5.001104693200000E-01   8.797236657400000E-01   3.724208694900000E-01
   9.964658104400000E-01   4.224653491300000E+00   5.011494203200000E-01   4.612289046500000E-01   6.831224483499999E-02   2.158636248800000E+00   5.001169329800000E-01   8.806045556500000E-01   3.726769597400000E-01
   9.965674525500000E-01   4.218295155000000E+00   5.011159937900000E-01   4.617025839600000E-01   6.852604016800000E-02   2.162716095100000E+00   5.001233288300000E-01   8.817322579200000E-01   3.731344932000000E-01
   9.966690946600000E-01   4.211931685500000E+00   5.010825912500000E-01   4.621783580100000E-01   6.874110817600000E-02   2.166776658300000E+00   5.001296424200000E-01   8.831262378400000E-01   3.738094186700000E-01
   9.967707367800001E-01   4.205563092300000E+00   5.010492128000000E-01   4.626562405200000E-01   6.895745930000000E-02   2.170815269300000E+00   5.001358581300001E-01   8.848078246800000E-01   3.747193899500000E-01
   9.968630918800000E-01   4.199771960700000E+00   5.010189051200000E-01   4.630922989700000E-01   6.915516397500000E-02   2.174463408200000E+00   5.001414068200000E-01   8.866047706300000E-01   3.757664533000000E-01
   9.969554469900000E-01   4.193976614300000E+00   5.009886175200000E-01   4.635301200600000E-01   6.935394470099999E-02   2.178088680300000E+00   5.001468470000000E-01   8.886776384700000E-01   3.770399620800000E-01
   9.970478020900000E-01   4.188177060400000E+00   5.009583500900000E-01   4.639697143300000E-01   6.955380954600000E-02   2.181688538400000E+00   5.001521638200001E-01   8.910473826200001E-01   3.785578723000000E-01
   9.971401572000000E-01   4.182373306700000E+00   5.009281029100000E-01   4.644110924100000E-01   6.975476664900000E-02   2.185260223500000E+00   5.001573412500000E-01   8.937369069700000E-01   3.803400366700000E-01
   9.972241417900000E-01   4.177091930900000E+00   5.009006148100000E-01   4.648140242300000E-01   6.993846536200000E-02   2.188481220100000E+00   5.001619138200000E-01   8.964813315200000E-01   3.822085676400000E-01
   9.973081263800000E-01   4.171807094200000E+00   5.008731436100000E-01   4.652184481100000E-01   7.012308034100000E-02   2.191674013500000E+00   5.001663426900000E-01   8.995314432800000E-01   3.843320651200000E-01
   9.973921109600000E-01   4.166518802400000E+00   5.008456893600000E-01   4.656243722100000E-01   7.030861787300000E-02   2.194835971600000E+00   5.001706126600000E-01   9.029096415400000E-01   3.867307111500000E-01
   9.974760955500001E-01   4.161227061400000E+00   5.008182521500000E-01   4.660318047300000E-01   7.049508429800000E-02   2.197964246300000E+00   5.001747073400000E-01   9.066403570900000E-01   3.894267975000000E-01
   9.975525218200000E-01   4.156408566300000E+00   5.007932990400000E-01   4.664038876200000E-01   7.066558203800000E-02   2.200779118400000E+00   5.001782662699999E-01   9.103641056600000E-01   3.921594924500000E-01
   9.976289480800000E-01   4.151587224500000E+00   5.007683601500000E-01   4.667772327800000E-01   7.083685915400000E-02   2.203561031000000E+00   5.001816509800000E-01   9.144237107199999E-01   3.951794340600000E-01
   9.977053743500000E-01   4.146763040500000E+00   5.007434355200000E-01   4.671518465100000E-01   7.100892053900000E-02   2.206307268800000E+00   5.001848459700000E-01   9.188429683900000E-01   3.985092683800000E-01
   9.977818006200000E-01   4.141936019100000E+00   5.007185252100000E-01   4.675277351700000E-01   7.118177112900000E-02   2.209014896500000E+00   5.001878345500000E-01   9.236477826500000E-01   4.021739842900000E-01
   9.978514579200000E-01   4.137534052600000E+00   5.006958336800000E-01   4.678714478600000E-01   7.134000424000000E-02   2.211446400700000E+00   5.001903634100000E-01   9.283866895000000E-01   4.058291365700000E-01
   9.979211152100000E-01   4.133129736400000E+00   5.006731541400000E-01   4.682162298200000E-01   7.149890087100000E-02   2.213840596600000E+00   5.001926911500000E-01   9.334925139100000E-01   4.098084785800000E-01
   9.979907725100000E-01   4.128723074300000E+00   5.006504866100000E-01   4.685620859500000E-01   7.165846484299999E-02   2.216194680200000E+00   5.001948019500000E-01   9.389904643000000E-01   4.141374434700000E-01
   9.980604298100000E-01   4.124314069900000E+00   5.006278311400000E-01   4.689090211800000E-01   7.181870000200000E-02   2.218505622700000E+00   5.001966788200000E-01   9.449079332100000E-01   4.188440682300000E-01
   9.981239601000000E-01   4.120290839900000E+00   5.006071789800000E-01   4.692263852600000E-01   7.196542947300000E-02   2.220572913300000E+00   5.001981711200000E-01   9.506958504000000E-01   4.234921523000000E-01
   9.981874903800000E-01   4.116265667500000E+00   5.005865369200000E-01   4.695446548500000E-01   7.211272343100000E-02   2.222598915500000E+00   5.001994386400000E-01   9.568819931100000E-01   4.285060004500000E-01
   9.982510206600000E-01   4.112238555500000E+00   5.005659049800000E-01   4.698638337400000E-01   7.226058485600000E-02   2.224580738100000E+00   5.002004653000000E-01   9.634929291900000E-01   4.339141164600000E-01
   9.983145509400000E-01   4.108209506800000E+00   5.005452832100000E-01   4.701839257600000E-01   7.240901674700000E-02   2.226515260600000E+00   5.002012338300000E-01   9.705574769200001E-01   4.397478872700000E-01
   9.983726244800000E-01   4.104524829500000E+00   5.005264415900000E-01   4.704773265200000E-01   7.254520115000000E-02   2.228239383200000E+00   5.002016947400000E-01   9.774386039100000E-01   4.454823379600000E-01
   9.984306980100000E-01   4.100838538700000E+00   5.005076085200000E-01   4.707714964400000E-01   7.268186707099999E-02   2.229918392400000E+00   5.002019091700000E-01   9.847507468900000E-01   4.516304781900000E-01
   9.984887715400000E-01   4.097150636400000E+00   5.004887840100000E-01   4.710664384700000E-01   7.281901684400000E-02   2.231549296800000E+00   5.002018607499999E-01   9.925218993500000E-01   4.582243257900000E-01
   9.985468450800000E-01   4.093461125000000E+00   5.004699680900000E-01   4.713621556000000E-01   7.295665281600000E-02   2.233128871400000E+00   5.002015318800000E-01   1.000782373900000E+00   4.652990972700000E-01
   9.985999939500000E-01   4.090083077600000E+00   5.004527553200000E-01   4.716334776000000E-01   7.308304530699999E-02   2.234526552800000E+00   5.002009690300000E-01   1.008799108400000E+00   4.722283892900000E-01
   9.986531428200000E-01   4.086703686100000E+00   5.004355497800000E-01   4.719054536200000E-01   7.320984883300000E-02   2.235875453200000E+00   5.002001399000000E-01   1.017280390200000E+00   4.796256686100000E-01
   9.987062916900000E-01   4.083322952300000E+00   5.004183514900000E-01   4.721780859600000E-01   7.333706522300000E-02   2.237172477700000E+00   5.001990277900000E-01   1.026255615000000E+00   4.875268569100000E-01
   9.987594405700000E-01   4.079940877900000E+00   5.004011604800001E-01   4.724513769600000E-01   7.346469631900000E-02   2.238414292500000E+00   5.001976148000000E-01   1.035756557100000E+00   4.959714145000000E-01
   9.988081697900000E-01   4.076838866700000E+00   5.003854054000000E-01   4.727025229300000E-01   7.358208012100000E-02   2.239501262700000E+00   5.001960385200001E-01   1.044958700300000E+00   5.042282586600000E-01
   9.988568990200000E-01   4.073735731600000E+00   5.003696564700000E-01   4.729542263400000E-01   7.369981551599999E-02   2.240535821900000E+00   5.001941772800000E-01   1.054660197700000E+00   5.130150655400000E-01
   9.989056282500000E-01   4.070631473900000E+00   5.003539137000000E-01   4.732064889900000E-01   7.381790394500000E-02   2.241514762700000E+00   5.001920140500000E-01   1.064891861300000E+00   5.223721411400000E-01
   9.989543574700001E-01   4.067526095100000E+00   5.003381770999999E-01   4.734593126900000E-01   7.393634685599999E-02   2.242434632700000E+00   5.001895305900000E-01   1.075686935300000E+00   5.323437022000000E-01
   9.989987612200000E-01   4.064695392400000E+00   5.003238427600000E-01   4.736901844400000E-01   7.404458601100000E-02   2.243218274400000E+00   5.001869722000000E-01   1.086044651800000E+00   5.420061944200000E-01
   9.990431649600000E-01   4.061863761000000E+00   5.003095135700000E-01   4.739215249600000E-01   7.415312182500000E-02   2.243946756600000E+00   5.001841158000000E-01   1.096929196500000E+00   5.522595103300000E-01
   9.990875687000000E-01   4.059031202000000E+00   5.002951895500000E-01   4.741533356600000E-01   7.426195541199999E-02   2.244616830400000E+00   5.001809444100001E-01   1.108372014600000E+00   5.631477523800000E-01
   9.991319724500000E-01   4.056197716500000E+00   5.002808706900000E-01   4.743856179300000E-01   7.437108788700000E-02   2.245225004500000E+00   5.001774398700000E-01   1.120406948400000E+00   5.747191968299999E-01
   9.991707289000000E-01   4.053723838600000E+00   5.002683771500001E-01   4.745887449700000E-01   7.446658601300001E-02   2.245702307800000E+00   5.001740935400000E-01   1.131423660000000E+00   5.854186746000000E-01
   9.992094853600000E-01   4.051249256400000E+00   5.002558875699999E-01   4.747922332600000E-01   7.456231344200000E-02   2.246126923100000E+00   5.001704648000000E-01   1.142945151100000E+00   5.967172810000000E-01
   9.992482418200000E-01   4.048773970700000E+00   5.002434019500001E-01   4.749960837400000E-01   7.465827092600000E-02   2.246495990100000E+00   5.001665389100000E-01   1.154999208500000E+00   6.086567948000000E-01
   9.992869982700000E-01   4.046297982300000E+00   5.002309203000000E-01   4.752002973700000E-01   7.475445922000000E-02   2.246806450400000E+00   5.001623002100000E-01   1.167615564600000E+00   6.212826640400000E-01
   9.993192788300000E-01   4.044235176500000E+00   5.002205272800000E-01   4.753706663500000E-01   7.483475192300000E-02   2.247017947200000E+00   5.001585189700000E-01   1.178575905100000E+00   6.323583082599999E-01
   9.993515593800000E-01   4.042171884100000E+00   5.002101370199999E-01   4.755412884600000E-01   7.491520571000000E-02   2.247184505300000E+00   5.001544988900000E-01   1.189967949600000E+00   6.439753312499999E-01
   9.993838399300000E-01   4.040108105600000E+00   5.001997495400000E-01   4.757121642500000E-01   7.499582101100000E-02   2.247303988000000E+00   5.001502291300000E-01   1.201812462200000E+00   6.561670817500000E-01
   9.994161204899999E-01   4.038043841400000E+00   5.001893648300000E-01   4.758832943000000E-01   7.507659823500000E-02   2.247374128200000E+00   5.001456982300000E-01   1.214131469400000E+00   6.689694784300000E-01
   9.994421139700000E-01   4.036381267500000E+00   5.001810046900000E-01   4.760212796800000E-01   7.514176094400001E-02   2.247393113700000E+00   5.001418517600000E-01   1.224411891300000E+00   6.797484847400000E-01
   9.994681074600000E-01   4.034718379200000E+00   5.001726463700000E-01   4.761594306700000E-01   7.520702897600000E-02   2.247377220000000E+00   5.001378214400000E-01   1.235027981600000E+00   6.909701405899999E-01
   9.994941009400000E-01   4.033055176700000E+00   5.001642898500001E-01   4.762977477200000E-01   7.527240223400000E-02   2.247325052000000E+00   5.001336002700000E-01   1.245993265800000E+00   7.026574984100000E-01
   9.995200944300000E-01   4.031391660300000E+00   5.001559351400000E-01   4.764362315700000E-01   7.533788007800001E-02   2.247235142700000E+00   5.001291809400000E-01   1.257321953900000E+00   7.148351029200000E-01
   9.995406550700000E-01   4.030075609200000E+00   5.001493279100000E-01   4.765458902300000E-01   7.538974548100000E-02   2.247136277700000E+00   5.001255398500000E-01   1.266550081100000E+00   7.248319240800000E-01
   9.995612157200000E-01   4.028759362000000E+00   5.001427218200000E-01   4.766556553300000E-01   7.544167316300000E-02   2.247012035900000E+00   5.001217660000000E-01   1.276022631200000E+00   7.351655077600000E-01
   9.995817763700000E-01   4.027442918700000E+00   5.001361168600000E-01   4.767655293300000E-01   7.549365866900000E-02   2.246861584400000E+00   5.001178552400000E-01   1.285747645700000E+00   7.458502817300000E-01
   9.996023370100000E-01   4.026126279200000E+00   5.001295130400000E-01   4.768755173400000E-01   7.554569239900000E-02   2.246684055000000E+00   5.001138032900000E-01   1.295733496400000E+00   7.569014376900000E-01
   9.996186479400000E-01   4.025081639300000E+00   5.001242749800000E-01   4.769628591500000E-01   7.558699325500000E-02   2.246523360400000E+00   5.001104854500000E-01   1.303846649100000E+00   7.659395916300000E-01
   9.996349588600000E-01   4.024036875800000E+00   5.001190376400000E-01   4.770502879000000E-01   7.562829510400000E-02   2.246344587000000E+00   5.001070736300000E-01   1.312133946000000E+00   7.752267503700000E-01
   9.996512697900000E-01   4.022991988600000E+00   5.001138010200000E-01   4.771378199400000E-01   7.566956607500000E-02   2.246147249400000E+00   5.001035654400000E-01   1.320600048500000E+00   7.847716476200000E-01
   9.996675807099999E-01   4.021946977200000E+00   5.001085651100000E-01   4.772254846000000E-01   7.571074881100000E-02   2.245930845800000E+00   5.000999584200000E-01   1.329249772700000E+00   7.945833937800000E-01
   9.996806990100000E-01   4.021106420700000E+00   5.001043545600000E-01   4.772961197900000E-01   7.574374126699999E-02   2.245742615000000E+00   5.000969839900000E-01   1.336343039300000E+00   8.026746833100000E-01
   9.996938173200000E-01   4.020265782700000E+00   5.001001444800000E-01   4.773669160900000E-01   7.577652907100001E-02   2.245541437400000E+00   5.000939426200000E-01   1.343560962200000E+00   8.109498619500000E-01
   9.997069356200000E-01   4.019425062200000E+00   5.000959348600000E-01   4.774379427300000E-01   7.580897638200000E-02   2.245327026400000E+00   5.000908329100000E-01   1.350906280000000E+00   8.194142509600000E-01
   9.997200539300000E-01   4.018584257500000E+00   5.000917256800000E-01   4.775093101700000E-01   7.584086649800000E-02   2.245099087500000E+00   5.000876534299999E-01   1.358381805400000E+00   8.280733601700000E-01
   9.997308043699999E-01   4.017895153500000E+00   5.000882765900000E-01   4.775681677900000E-01   7.586635357200000E-02   2.244901994000000E+00   5.000849947900000E-01   1.364607093600000E+00   8.353186615100000E-01
   9.997415548200000E-01   4.017205988900000E+00   5.000848277900000E-01   4.776275102100000E-01   7.589096409800000E-02   2.244695440900000E+00   5.000822874700001E-01   1.370923394600000E+00   8.427018035700000E-01
   9.997523052700000E-01   4.016516760300000E+00   5.000813792700000E-01   4.776875462900000E-01   7.591428808700000E-02   2.244479253200000E+00   5.000795306100000E-01   1.377332374200000E+00   8.502261243800000E-01
   9.997630557200000E-01   4.015827462800000E+00   5.000779310100000E-01   4.777485814200000E-01   7.593572589000000E-02   2.244253251600000E+00   5.000767233500000E-01   1.383835735600000E+00   8.578950606400000E-01
   9.997720385100000E-01   4.015251446300000E+00   5.000750499200000E-01   4.778006607400000E-01   7.595157606900001E-02   2.244056751700000E+00   5.000743383800000E-01   1.389343412200000E+00   8.644164844900000E-01
   9.997810212900000E-01   4.014675371100000E+00   5.000721689900000E-01   4.778541015700000E-01   7.596480552100000E-02   2.243853162300000E+00   5.000719170700000E-01   1.394919236800000E+00   8.710434658200000E-01
   9.997900040800000E-01   4.014099229200000E+00   5.000692881700000E-01   4.779093999700000E-01   7.597444006300000E-02   2.243642371900000E+00   5.000694588800000E-01   1.400564265800000E+00   8.777781784599999E-01
   9.997989868700000E-01   4.013523009700000E+00   5.000664074500000E-01   4.779672365900000E-01   7.597914289600000E-02   2.243424266700000E+00   5.000669632500000E-01   1.406279575900000E+00   8.846228506500000E-01
   9.998066293800000E-01   4.013032693300000E+00   5.000639565800000E-01   4.780191254800000E-01   7.597791892800000E-02   2.243232857900000E+00   5.000648101000000E-01   1.411198285400000E+00   8.905345424600000E-01
   9.998142718900001E-01   4.012542297900000E+00   5.000615057000000E-01   4.780742739800000E-01   7.597033147899999E-02   2.243035997400000E+00   5.000626291000000E-01   1.416169349100000E+00   8.965289207200000E-01
   9.998219144000000E-01   4.012051807600000E+00   5.000590547500000E-01   4.781336772700000E-01   7.595442574900001E-02   2.242833610900000E+00   5.000604198800001E-01   1.421193465600000E+00   9.026074560400000E-01
   9.998295569100000E-01   4.011561201500000E+00   5.000566036800000E-01   4.781986369600000E-01   7.592764478300000E-02   2.242625623100000E+00   5.000581821000000E-01   1.426271344900000E+00   9.087716507600000E-01
   9.998361640100000E-01   4.011136948600000E+00   5.000544845100000E-01   4.782605630900000E-01   7.589319501800000E-02   2.242441240000000E+00   5.000562241800000E-01   1.430705159600000E+00   9.141709397300000E-01
   9.998427711100000E-01   4.010712566700000E+00   5.000523651100000E-01   4.783292954800000E-01   7.584540433299999E-02   2.242252562800000E+00   5.000542443800000E-01   1.435180168700000E+00   9.196364085099999E-01
   9.998493782200000E-01   4.010288027400000E+00   5.000502453800000E-01   4.784066007500000E-01   7.578080184600000E-02   2.242059540300000E+00   5.000522424700000E-01   1.439696852100000E+00   9.251690879300000E-01
   9.998559853200000E-01   4.009863294900000E+00   5.000481252100000E-01   4.784947061800000E-01   7.569501139100000E-02   2.241862120700000E+00   5.000502181900000E-01   1.444255696600000E+00   9.307700282800000E-01
   9.998617767200000E-01   4.009490805100000E+00   5.000462663200000E-01   4.785830038100000E-01   7.559808931600000E-02   2.241685416100000E+00   5.000484252400000E-01   1.448286779600000E+00   9.357364719500000E-01
   9.998675681300000E-01   4.009118095200000E+00   5.000444068600000E-01   4.786840683600000E-01   7.547610681200000E-02   2.241505256600000E+00   5.000466147200000E-01   1.452350972100000E+00   9.407569177000000E-01
   9.998733595300000E-01   4.008745119400000E+00   5.000425466700000E-01   4.788007631100000E-01   7.532343723100000E-02   2.241321605600000E+00   5.000447864899999E-01   1.456448615100000E+00   9.458321112700000E-01
   9.998791509400000E-01   4.008371821400000E+00   5.000406855900000E-01   4.789365953800000E-01   7.513318789499999E-02   2.241134426200000E+00   5.000429403500000E-01   1.460580054000000E+00   9.509628108700000E-01
   9.998842873900000E-01   4.008040415400000E+00   5.000390340500001E-01   4.790765058800000E-01   7.492627533100001E-02   2.240965432500000E+00   5.000412878700000E-01   1.464272825100000E+00   9.555603405899999E-01
   9.998894238400000E-01   4.007708644300000E+00   5.000373814400000E-01   4.792384335300000E-01   7.467611631600000E-02   2.240793607400000E+00   5.000396210300000E-01   1.467992702100000E+00   9.602026842700000E-01
   9.998945602900000E-01   4.007376438800000E+00   5.000357275300000E-01   4.794267065800000E-01   7.437420325000001E-02   2.240618924100000E+00   5.000379397200000E-01   1.471739934300000E+00   9.648903963400000E-01
   9.998996967300000E-01   4.007043715600000E+00   5.000340720599999E-01   4.796465061000000E-01   7.401035154200000E-02   2.240441355400000E+00   5.000362438100000E-01   1.475514774100000E+00   9.696240395400000E-01
   9.999042986400000E-01   4.006745098400000E+00   5.000325872900000E-01   4.798752525600000E-01   7.362184142500000E-02   2.240279793100000E+00   5.000347118700000E-01   1.478920424000000E+00   9.739045316700000E-01
   9.999089005400000E-01   4.006445901900000E+00   5.000311007300000E-01   4.801395208500000E-01   7.316352973100000E-02   2.240115872900000E+00   5.000331680100000E-01   1.482348624300000E+00   9.782227672000000E-01
   9.999135024400000E-01   4.006146026900000E+00   5.000296120700000E-01   4.804455081000000E-01   7.262323138000000E-02   2.239949574400000E+00   5.000316121200000E-01   1.485799562400000E+00   9.825791683000000E-01
   9.999181043399999E-01   4.005845356600000E+00   5.000281209300000E-01   4.808004949200000E-01   7.198662956400000E-02   2.239780877400000E+00   5.000300441200000E-01   1.489273427300000E+00   9.869741628399999E-01
   9.999222626599999E-01   4.005572870800000E+00   5.000267710200000E-01   4.811704826700000E-01   7.131464789600001E-02   2.239626361000000E+00   5.000286167600000E-01   1.492432321200000E+00   9.909790739600000E-01
   9.999264209800000E-01   4.005299506700000E+00   5.000254183400000E-01   4.815947630500000E-01   7.053594015799999E-02   2.239469854000000E+00   5.000271793500000E-01   1.495610233200000E+00   9.950161750500000E-01
   9.999305793000000E-01   4.005025128200000E+00   5.000240624500000E-01   4.820818299400000E-01   6.963379757500000E-02   2.239311340800000E+00   5.000257318100000E-01   1.498807307000000E+00   9.990857941300000E-01
   9.999347376100000E-01   4.004749577900000E+00   5.000227028499999E-01   4.826415092700000E-01   6.858888825600000E-02   2.239150805700000E+00   5.000242740800001E-01   1.502023687400000E+00   1.003188263200000E+00
   9.999385218600000E-01   4.004497644800000E+00   5.000214618300000E-01   4.832234819100000E-01   6.749513868400001E-02   2.239002941600000E+00   5.000229385600000E-01   1.504967627700000E+00   1.006950511400000E+00
   9.999423061000000E-01   4.004244433700000E+00   5.000202167400000E-01   4.838847887700000E-01   6.624537206800001E-02   2.238853377900000E+00   5.000215944800001E-01   1.507927789500000E+00   1.010740499700000E+00
   9.999460903400000E-01   4.003989764800000E+00   5.000189670000000E-01   4.846366572900000E-01   6.481748723899999E-02   2.238702102400000E+00   5.000202417800000E-01   1.510904284700000E+00   1.014558487400000E+00
   9.999498745800000E-01   4.003733432900000E+00   5.000177119400000E-01   4.854919088800000E-01   6.318623990000000E-02   2.238549102900000E+00   5.000188803900000E-01   1.513897226300000E+00   1.018404736500000E+00
   9.999533391700000E-01   4.003497096000000E+00   5.000165575900000E-01   4.863779945700000E-01   6.148999465500000E-02   2.238407504800000E+00   5.000176263500000E-01   1.516651874900000E+00   1.021951103200000E+00
   9.999568037600000E-01   4.003258965600000E+00   5.000153974900000E-01   4.873757037900000E-01   5.957411330400000E-02   2.238264441700000E+00   5.000163649300000E-01   1.519420492300000E+00   1.025521586300000E+00
   9.999602683500000E-01   4.003018811300000E+00   5.000142309000000E-01   4.884994343600000E-01   5.741022554500000E-02   2.238119903800000E+00   5.000150960999999E-01   1.522203167400000E+00   1.029116393400000E+00
   9.999637329400000E-01   4.002776373100000E+00   5.000130569700000E-01   4.897654496600000E-01   5.496627506100000E-02   2.237973881600000E+00   5.000138198000000E-01   1.524999989500000E+00   1.032735734300000E+00
   9.999669211100000E-01   4.002551007500000E+00   5.000119694000000E-01   4.910719103000000E-01   5.243883333700000E-02   2.237838189400000E+00   5.000126387000000E-01   1.527586250400000E+00   1.036088172800000E+00
   9.999701092900000E-01   4.002323203100000E+00   5.000108740000000E-01   4.925304404200000E-01   4.961194969300000E-02   2.237701224200000E+00   5.000114512100000E-01   1.530184638000000E+00   1.039461732900000E+00
   9.999732974600000E-01   4.002092672300000E+00   5.000097698200000E-01   4.941590356500000E-01   4.645011362600000E-02   2.237562978200000E+00   5.000102572800000E-01   1.532795223700000E+00   1.042856583000000E+00
   9.999764856300000E-01   4.001859093400000E+00   5.000086558200000E-01   4.959778354200000E-01   4.291356662800000E-02   2.237423443500000E+00   5.000090568900000E-01   1.535418079200000E+00   1.046272893400000E+00
   9.999794254800000E-01   4.001640697900000E+00   5.000076189000000E-01   4.978429166600000E-01   3.928211812200000E-02   2.237293628600000E+00   5.000079442399999E-01   1.537847570300000E+00   1.049442265600000E+00
   9.999823653200000E-01   4.001419091700000E+00   5.000065716400000E-01   4.999085149000000E-01   3.525542606100000E-02   2.237162705100000E+00   5.000068260200000E-01   1.540287612700000E+00   1.052630166800000E+00
   9.999853051599999E-01   4.001193926700000E+00   5.000055128999999E-01   5.021964761700000E-01   3.079029498000000E-02   2.237030666700000E+00   5.000057022200000E-01   1.542738263700000E+00   1.055836734100000E+00
   9.999882450000001E-01   4.000964816500000E+00   5.000044414400000E-01   5.047310499500000E-01   2.583874779300000E-02   2.236897506900000E+00   5.000045727900000E-01   1.545199581100000E+00   1.059062105700000E+00
   9.999911837500000E-01   4.000731420100000E+00   5.000033562700000E-01   5.075380408400000E-01   2.034967083200000E-02   2.236763269600000E+00   5.000034381400000E-01   1.547670704100000E+00   1.062305214300000E+00
   9.999941225000000E-01   4.000493178800000E+00   5.000022554800000E-01   5.106481697800000E-01   1.426222384300000E-02   2.236627899000000E+00   5.000022978100001E-01   1.550152602200000E+00   1.065567393200000E+00
   9.999970612500000E-01   4.000249565700000E+00   5.000011373500000E-01   5.140945914100000E-01   7.510663472600000E-03   2.236491388800000E+00   5.000011517700000E-01   1.552645334200000E+00   1.068848784200000E+00
   1.000000000000000E+00   3.999999995600000E+00   4.999999999900000E-01   5.179141392200000E-01   2.188540445500000E-05   2.236353732300000E+00   5.000000000000000E-01   1.555148959200000E+00   1.072149530500000E+00
