   0.000000000000000E+00   1.060891425700000E+01   9.499999880800000E-01   1.558774324300000E-02   2.194143987500000E-05   7.437454409499999E-01   8.000000119200000E-01   1.548776641500000E+00   1.503969612900000E+00
   2.938346565500000E-04   1.060884456600000E+01   9.498474572400000E-01   1.558868413800000E-02   2.193593901500000E-05   7.439604399900001E-01   7.998708704600000E-01   1.548698336200000E+00   1.503737319600000E+00
   5.876693130900000E-04   1.060877461100000E+01   9.496949263100000E-01   1.559142997400000E-02   2.195378114900000E-05   7.441754970200000E-01   7.997417614700000E-01   1.548618066000000E+00   1.503511915200000E+00
   8.815039696400000E-04   1.060870439300000E+01   9.495423955700000E-01   1.559597788200000E-02   2.196297185800000E-05   7.443905811800000E-01   7.996126848800000E-01   1.548538454200000E+00   1.503284353800000E+00
   1.175338626200000E-03   1.060863391300000E+01   9.493898652700000E-01   1.560227706600000E-02   2.199954557500000E-05   7.446057066300000E-01   7.994836407100000E-01   1.548458295400000E+00   1.503058791100000E+00
   2.354836940400000E-03   1.060834838200000E+01   9.487775946700000E-01   1.564493364600000E-02   2.211839839800000E-05   7.454695854700000E-01   7.989659630700000E-01   1.548138161100000E+00   1.502148845000000E+00
   3.534335254700000E-03   1.060805871600000E+01   9.481653521800000E-01   1.571426298500000E-02   2.233738948300000E-05   7.463340279100000E-01   7.984488068400000E-01   1.547817860200000E+00   1.501241290200000E+00
   4.713833568900000E-03   1.060776497900000E+01   9.475531535900000E-01   1.580905124500000E-02   2.261359190200000E-05   7.471990263100000E-01   7.979321714199999E-01   1.547498032400000E+00   1.500333919700000E+00
   5.893331883200000E-03   1.060746723200000E+01   9.469410139400000E-01   1.592816854200000E-02   2.298707041700000E-05   7.480645868300000E-01   7.974160562300000E-01   1.547178145000000E+00   1.499428564300000E+00
   8.650520766099999E-03   1.060675590300000E+01   9.455103896400000E-01   1.629621780800000E-02   2.407984643800000E-05   7.500900877200000E-01   7.962116142600000E-01   1.546431919800000E+00   1.497313945800000E+00
   1.140770964900000E-02   1.060602371900000E+01   9.440803368100000E-01   1.678102826700000E-02   2.558075013000000E-05   7.521186422600000E-01   7.950100044100000E-01   1.545686720100000E+00   1.495205634100000E+00
   1.416489853200000E-02   1.060527143100000E+01   9.426510125000001E-01   1.737273541800000E-02   2.744766126400000E-05   7.541502438100000E-01   7.938112192800000E-01   1.544942978700000E+00   1.493102101700000E+00
   1.692208741500000E-02   1.060449982500000E+01   9.412225597000000E-01   1.806167735700000E-02   2.972936983500000E-05   7.561848956900000E-01   7.926152515000000E-01   1.544200285700000E+00   1.491004718900000E+00
   1.903427770200000E-02   1.060389616900000E+01   9.401289403500001E-01   1.864909998200000E-02   3.171156307200000E-05   7.577456320600000E-01   7.917009617900000E-01   1.543632462500000E+00   1.489400678800000E+00
   2.114646798900000E-02   1.060328204500000E+01   9.390359608400000E-01   1.928302347000000E-02   3.395166502100000E-05   7.593081579400000E-01   7.907883178800000E-01   1.543065169500000E+00   1.487800501100000E+00
   2.325865827700000E-02   1.060265784500000E+01   9.379436682200000E-01   1.995850364500000E-02   3.640290271300000E-05   7.608724684700000E-01   7.898773164700000E-01   1.542498758200000E+00   1.486202963000000E+00
   2.537084856400000E-02   1.060202396100000E+01   9.368521040200000E-01   2.067031878500000E-02   3.910822924200000E-05   7.624385667200000E-01   7.889679543200000E-01   1.541932907200000E+00   1.484609149700000E+00
   2.794987381800000E-02   1.060123741100000E+01   9.355203224500001E-01   2.158102765900000E-02   4.266841943700000E-05   7.643532201000000E-01   7.878598234999999E-01   1.541243255900000E+00   1.482666370500000E+00
   3.052889907200000E-02   1.060043768000000E+01   9.341897335600000E-01   2.252822594100000E-02   4.656937360400000E-05   7.662705352400000E-01   7.867541258400000E-01   1.540554536400000E+00   1.480728759200000E+00
   3.310792432500000E-02   1.059962539400000E+01   9.328603782200000E-01   2.350249451400000E-02   5.074299181300000E-05   7.681905075200000E-01   7.856508554300000E-01   1.539867022600000E+00   1.478795347700000E+00
   3.568694957900000E-02   1.059880111600000E+01   9.315322852500000E-01   2.449494123800000E-02   5.521334862600000E-05   7.701131386500000E-01   7.845500064199999E-01   1.539180455100000E+00   1.476866993700000E+00
   3.841118780100000E-02   1.059791793200000E+01   9.301308037800000E-01   2.555424811600000E-02   6.015770470400000E-05   7.721469061700000E-01   7.833897969400000E-01   1.538456608000000E+00   1.474834324700000E+00
   4.113542602300000E-02   1.059702236800000E+01   9.287307591400000E-01   2.661692999700000E-02   6.536906771300001E-05   7.741836369900000E-01   7.822322758000000E-01   1.537733834600000E+00   1.472807169700000E+00
   4.385966424400000E-02   1.059611477800000E+01   9.273321501400000E-01   2.767654920300000E-02   7.076829284400000E-05   7.762233267700001E-01   7.810774361400000E-01   1.537012356800000E+00   1.470784736400000E+00
   4.658390246600000E-02   1.059519541700000E+01   9.259349676200000E-01   2.872817451900000E-02   7.637794421900000E-05   7.782659763300001E-01   7.799252711400000E-01   1.536291961000000E+00   1.468767719400000E+00
   4.931240184200000E-02   1.059426298200000E+01   9.245370143300000E-01   2.977005709700000E-02   8.211574446200000E-05   7.803147827200000E-01   7.787739780800000E-01   1.535571794700000E+00   1.466752014200000E+00
   5.204090121800000E-02   1.059331898900000E+01   9.231404577400000E-01   3.079838968500000E-02   8.802403266000000E-05   7.823665547000000E-01   7.776253544300000E-01   1.534852712900000E+00   1.464741676700000E+00
   5.476940059400000E-02   1.059236346600000E+01   9.217452766799999E-01   3.181215634100000E-02   9.403925305900000E-05   7.844212883400000E-01   7.764793933900000E-01   1.534134896900000E+00   1.462736054800000E+00
   5.749789996900000E-02   1.059139639700000E+01   9.203514490600000E-01   3.281111213100000E-02   1.002031961000000E-04   7.864789839100000E-01   7.753360882300000E-01   1.533418170700000E+00   1.460735714300000E+00
   6.176516581300000E-02   1.058986067100000E+01   9.181742188999999E-01   3.434491200700000E-02   1.100177801800000E-04   7.897030690100000E-01   7.735533127699999E-01   1.532299776600000E+00   1.457616568700000E+00
   6.603243165600001E-02   1.058829632900000E+01   9.160001662900000E-01   3.584687690700000E-02   1.201342504900000E-04   7.929343859700000E-01   7.717769914000000E-01   1.531184169800000E+00   1.454509717000000E+00
   7.029969749999999E-02   1.058670308800000E+01   9.138292203100000E-01   3.732119413000000E-02   1.305051146000000E-04   7.961729258900000E-01   7.700070986400001E-01   1.530071489700000E+00   1.451414558500000E+00
   7.456696334300000E-02   1.058508068000000E+01   9.116613192100000E-01   3.877208049200000E-02   1.411922026500000E-04   7.994186833700000E-01   7.682436091300000E-01   1.528961571700000E+00   1.448331527000000E+00
   7.948409618799999E-02   1.058317472500000E+01   9.091669733100000E-01   4.041992060300000E-02   1.538318084500000E-04   8.031676789100000E-01   7.662194631500000E-01   1.527686255400000E+00   1.444793148400000E+00
   8.440122903300000E-02   1.058122946200000E+01   9.066765326600000E-01   4.204660786600000E-02   1.669145993800000E-04   8.069262362800000E-01   7.642037474800000E-01   1.526414592200000E+00   1.441270566400000E+00
   8.931836187800000E-02   1.057924468100000E+01   9.041899401200000E-01   4.365602090500000E-02   1.804032426200000E-04   8.106943421900000E-01   7.621964240700000E-01   1.525146696000000E+00   1.437763207400000E+00
   9.423549472400000E-02   1.057722023600000E+01   9.017071471500000E-01   4.525105642300000E-02   1.943638978500000E-04   8.144719863700000E-01   7.601974550900000E-01   1.523882410100000E+00   1.434271416500000E+00
   1.006491411000000E-01   1.057451987900000E+01   8.984743655800000E-01   4.731365401400000E-02   2.132030498400000E-04   8.194136558000000E-01   7.576025994800000E-01   1.522238962500000E+00   1.429739349200000E+00
   1.070627874800000E-01   1.057175171200000E+01   8.952478970200000E-01   4.935930249000000E-02   2.328593340700000E-04   8.243715039300000E-01   7.550218107500000E-01   1.520601620600000E+00   1.425233176100000E+00
   1.134764338600000E-01   1.056891563600000E+01   8.920276714099999E-01   5.139080901900000E-02   2.532939044600000E-04   8.293455009600000E-01   7.524550068100000E-01   1.518970458200000E+00   1.420752252600000E+00
   1.198900802400000E-01   1.056601159400000E+01   8.888136267700000E-01   5.341020539800000E-02   2.745746505200000E-04   8.343356192700000E-01   7.499021062700000E-01   1.517345302300000E+00   1.416296767400000E+00
   1.289682419600000E-01   1.056178482600000E+01   8.842747829599999E-01   5.625103720800000E-02   3.060571717500000E-04   8.414263537300000E-01   7.463122271500000E-01   1.515055387900000E+00   1.410032548600000E+00
   1.380464036900000E-01   1.055742175500000E+01   8.797480697800000E-01   5.907441199600000E-02   3.392565078600000E-04   8.485492394100000E-01   7.427498150300000E-01   1.512777337300000E+00   1.403818007000000E+00
   1.471245654100000E-01   1.055292233900000E+01   8.752333599100000E-01   6.188311290400000E-02   3.741462865100000E-04   8.557041850000000E-01   7.392146459500000E-01   1.510511127000000E+00   1.397652154000000E+00
   1.562027271400000E-01   1.054828654300000E+01   8.707305377300000E-01   6.467921017900000E-02   4.108107797000000E-04   8.628910990600001E-01   7.357064985300000E-01   1.508256505600000E+00   1.391534784800000E+00
   1.672486516400000E-01   1.054246190200000E+01   8.652675724400000E-01   6.806691746100001E-02   4.577621090200000E-04   8.716788050900000E-01   7.314740585900000E-01   1.505528799900000E+00   1.384155350400000E+00
   1.782945761500000E-01   1.053643514800000E+01   8.598218731200000E-01   7.144095688800001E-02   5.074168498600000E-04   8.805135187499999E-01   7.272809112800001E-01   1.502817845500000E+00   1.376845708700000E+00
   1.893405006500000E-01   1.053020607800000E+01   8.543932760300000E-01   7.480336443500001E-02   5.597692991800000E-04   8.893950525900000E-01   7.231266728600000E-01   1.500123519200000E+00   1.369604491700000E+00
   2.003864251500000E-01   1.052377441100000E+01   8.489816283000000E-01   7.815570327900000E-02   6.149285499200000E-04   8.983232156299999E-01   7.190109649400001E-01   1.497445480900000E+00   1.362431078400000E+00
   2.143466261300000E-01   1.051535541500000E+01   8.421662347700000E-01   8.238026646900000E-02   6.886388058400000E-04   9.096733117400000E-01   7.138639381500000E-01   1.494084030400000E+00   1.353459970500000E+00
   2.283068271100000E-01   1.050661113100000E+01   8.353774120500000E-01   8.659317339399999E-02   7.670075068100000E-04   9.210971486400000E-01   7.087771177100000E-01   1.490747832300000E+00   1.344593605100000E+00
   2.422670281000000E-01   1.049754014100000E+01   8.286149033900000E-01   9.079636722300000E-02   8.500914115400000E-04   9.325942879700000E-01   7.037497746700000E-01   1.487436562000000E+00   1.335829786300000E+00
   2.562272290800000E-01   1.048814061000000E+01   8.218784660500000E-01   9.499139228300001E-02   9.380673544100000E-04   9.441642762800000E-01   6.987811924900000E-01   1.484149689900000E+00   1.327167054500000E+00
   2.710867719100000E-01   1.047777195800000E+01   8.147364412800000E-01   9.944933159800000E-02   1.037139228600000E-03   9.565591305400000E-01   6.935562958100000E-01   1.480677573400000E+00   1.318054851600000E+00
   2.859463147400000E-01   1.046702493200000E+01   8.076234295000000E-01   1.039010667200000E-01   1.142044675000000E-03   9.690353915100000E-01   6.883963422300000E-01   1.477232160400000E+00   1.309053096300000E+00
   3.008058575700000E-01   1.045589516200000E+01   8.005391783500000E-01   1.083479688100000E-01   1.252887494100000E-03   9.815924398300000E-01   6.833005118400000E-01   1.473813087300000E+00   1.300159444700000E+00
   3.156654004000000E-01   1.044437726100000E+01   7.934834467800000E-01   1.127911823700000E-01   1.369896173400000E-03   9.942296344900000E-01   6.782679991900000E-01   1.470419793200000E+00   1.291372270200000E+00
   3.305481420400000E-01   1.043244574600000E+01   7.864450549300001E-01   1.172388158400000E-01   1.493364595400000E-03   1.006966222000000E+00   6.732903023000000E-01   1.467046739200000E+00   1.282675740600000E+00
   3.454308836800000E-01   1.042011027600000E+01   7.794348186200000E-01   1.216849027600000E-01   1.623383472700000E-03   1.019781842500000E+00   6.683745460400000E-01   1.463698667600000E+00   1.274082243700000E+00
   3.603136253300000E-01   1.040736111100000E+01   7.724525252700000E-01   1.261304851100000E-01   1.760090024800000E-03   1.032675774900000E+00   6.635199627000000E-01   1.460375259500000E+00   1.265589641200000E+00
   3.751963669700000E-01   1.039418648100000E+01   7.654979712400000E-01   1.305764718600000E-01   1.903749667200000E-03   1.045647275000000E+00   6.587257977300000E-01   1.457076005800000E+00   1.257196485800000E+00
   3.865058904000000E-01   1.038388186100000E+01   7.602315744100000E-01   1.339559121800000E-01   2.017635664400000E-03   1.055555823500000E+00   6.551226146200000E-01   1.454584890000000E+00   1.250883548500000E+00
   3.978154138300000E-01   1.037331613500000E+01   7.549810009300000E-01   1.373365193000000E-01   2.135776455800000E-03   1.065508372100000E+00   6.515535715900000E-01   1.452107298700000E+00   1.244626383200000E+00
   4.091249372700000E-01   1.036248088900000E+01   7.497461713100000E-01   1.407187421000000E-01   2.258216284400000E-03   1.075504562800000E+00   6.480183521000000E-01   1.449643164400000E+00   1.238423955500000E+00
   4.204344607000000E-01   1.035136644300000E+01   7.445270088300000E-01   1.441029414000000E-01   2.385123190000000E-03   1.085544031500000E+00   6.445166436400001E-01   1.447192228300000E+00   1.232275862500000E+00
   4.314217356100000E-01   1.034029076800000E+01   7.394714925900000E-01   1.473930516800000E-01   2.512718673500000E-03   1.095338529600000E+00   6.411465109500000E-01   1.444823745800000E+00   1.226353920100000E+00
   4.424090105300000E-01   1.032892939300000E+01   7.344306283399999E-01   1.506857919700000E-01   2.644747464000000E-03   1.105173170800000E+00   6.378074361300000E-01   1.442467426100000E+00   1.220481987600000E+00
   4.533962854400000E-01   1.031726890300000E+01   7.294043533300000E-01   1.539815935600000E-01   2.781262864500000E-03   1.115047595300000E+00   6.344991431300000E-01   1.440123224700000E+00   1.214659156400000E+00
   4.643835603500000E-01   1.030529393000000E+01   7.243926073600000E-01   1.572808120400000E-01   2.922444131600000E-03   1.124961437900000E+00   6.312213592500000E-01   1.437790913100000E+00   1.208885116800000E+00
   4.762465785300000E-01   1.029199108100000E+01   7.189976449400000E-01   1.608473699000000E-01   3.080171198900000E-03   1.135709288200000E+00   6.277162619800000E-01   1.435286037000000E+00   1.202704530900000E+00
   4.881095967100000E-01   1.027827559300000E+01   7.136194838200000E-01   1.644189337600000E-01   3.243643435800000E-03   1.146502172800000E+00   6.242460821000000E-01   1.432794714200000E+00   1.196579380800000E+00
   4.999726148800000E-01   1.026411790000000E+01   7.082580587300000E-01   1.679961119300000E-01   3.412976386900000E-03   1.157339598300000E+00   6.208104889200000E-01   1.430316876500000E+00   1.190508672900000E+00
   5.118356330600000E-01   1.024948374300000E+01   7.029133083000000E-01   1.715794583700000E-01   3.588418117100000E-03   1.168221063100000E+00   6.174091559600000E-01   1.427852280100000E+00   1.184491988400000E+00
   5.231076299500000E-01   1.023510117200000E+01   6.978502329000000E-01   1.749906308900000E-01   3.760881371300000E-03   1.178600741600000E+00   6.142087277200000E-01   1.425522718400000E+00   1.178824128100000E+00
   5.343796268400000E-01   1.022021345800000E+01   6.928021147400000E-01   1.784085256400000E-01   3.939227911100000E-03   1.189019267500000E+00   6.110386667600000E-01   1.423204844900000E+00   1.173203866800000E+00
   5.456516237200000E-01   1.020477539600000E+01   6.877689119500000E-01   1.818338127900000E-01   4.123594340400000E-03   1.199476181300000E+00   6.078987031100000E-01   1.420898623800000E+00   1.167630372900000E+00
   5.569236206100000E-01   1.018873496300000E+01   6.827505866500000E-01   1.852671269300000E-01   4.314254148600000E-03   1.209971016800000E+00   6.047885699900000E-01   1.418603849900000E+00   1.162103360600000E+00
   5.654577383500000E-01   1.017615373500000E+01   6.789610481500000E-01   1.878723516200000E-01   4.462864285200000E-03   1.217941671800000E+00   6.024535444700000E-01   1.416874093100000E+00   1.157949118900000E+00
   5.739918560800000E-01   1.016316380800000E+01   6.751800053300000E-01   1.904829354900000E-01   4.615336527600000E-03   1.225933581800000E+00   6.001353537100000E-01   1.415150760600000E+00   1.153821045100000E+00
   5.825259738200000E-01   1.014973252900000E+01   6.714074469200000E-01   1.930992955000000E-01   4.771724862000000E-03   1.233946532800000E+00   5.978338854500000E-01   1.413433887100000E+00   1.149718656100000E+00
   5.910600915500001E-01   1.013582357600000E+01   6.676433633400000E-01   1.957217920700000E-01   4.932213932400000E-03   1.241980310300000E+00   5.955490283900000E-01   1.411723343800000E+00   1.145641978700000E+00
   5.994792918600000E-01   1.012159447300000E+01   6.639382624700000E-01   1.983154733400000E-01   5.094605794500000E-03   1.249926100700000E+00   5.933111079700000E-01   1.410042100700000E+00   1.141644839800000E+00
   6.078984921600000E-01   1.010681809800000E+01   6.602413966700000E-01   2.009160081200000E-01   5.261256342600000E-03   1.257891735100000E+00   5.910891419800000E-01   1.408366928900000E+00   1.137672303400000E+00
   6.163176924700000E-01   1.009144654300000E+01   6.565527624300000E-01   2.035239372200000E-01   5.432252618900000E-03   1.265876997100000E+00   5.888830262800000E-01   1.406697864000000E+00   1.133723923300000E+00
   6.247368927800000E-01   1.007542658000000E+01   6.528723584600000E-01   2.061397614900000E-01   5.607817895100000E-03   1.273881669600000E+00   5.866926576100000E-01   1.405034787100000E+00   1.129799732500000E+00
   6.334013080100001E-01   1.005820066400000E+01   6.490933546900000E-01   2.088407080000000E-01   5.793364609300000E-03   1.282139516200000E+00   5.844548266700000E-01   1.403329588200000E+00   1.125785964600000E+00
   6.420657232500000E-01   1.004015375100000E+01   6.453230728000000E-01   2.115513665900000E-01   5.984143963300000E-03   1.290417442900000E+00   5.822334542800000E-01   1.401630647200000E+00   1.121797380200000E+00
   6.507301384800001E-01   1.002120592400000E+01   6.415615200800000E-01   2.142725747400000E-01   6.180324325200000E-03   1.298715202000000E+00   5.800284307000000E-01   1.399937995200000E+00   1.117833542000000E+00
   6.593945537200000E-01   1.000126811900000E+01   6.378087074000000E-01   2.170051691500000E-01   6.382222027500000E-03   1.307032544700000E+00   5.778396471400000E-01   1.398251517800000E+00   1.113894464000000E+00
   6.674294785300000E-01   9.981807842700000E+00   6.343363689300000E-01   2.195503198400000E-01   6.574725600400000E-03   1.314762892200000E+00   5.758243028800000E-01   1.396693141300000E+00   1.110263237300000E+00
   6.754644033400000E-01   9.961323294500000E+00   6.308715744100000E-01   2.221069697300000E-01   6.772641198200000E-03   1.322509659900000E+00   5.738227464700000E-01   1.395140002100000E+00   1.106652983300000E+00
   6.834993281500000E-01   9.939717391700000E+00   6.274143425000001E-01   2.246761288400000E-01   6.976181475300000E-03   1.330272640800000E+00   5.718348932200000E-01   1.393592138800000E+00   1.103063330800000E+00
   6.915342529600000E-01   9.916882805600000E+00   6.239646958600000E-01   2.272588264200000E-01   7.185713419400000E-03   1.338051627500000E+00   5.698606591099999E-01   1.392049452400000E+00   1.099494331300000E+00
   6.985283893100001E-01   9.895913757800001E+00   6.209680885000000E-01   2.295189847500000E-01   7.373169239200000E-03   1.344835843200000E+00   5.681531758200000E-01   1.390710868000000E+00   1.096404079600000E+00
   7.055225256700000E-01   9.873838228200000E+00   6.179772697400000E-01   2.317911761300000E-01   7.565678169300000E-03   1.351631887100000E+00   5.664558941200000E-01   1.389376155100000E+00   1.093329287400000E+00
   7.125166620200000E-01   9.850562500000001E+00   6.149922634300000E-01   2.340764124000000E-01   7.763451270300000E-03   1.358439616800000E+00   5.647687597600000E-01   1.388045360300000E+00   1.090269656500000E+00
   7.195107983800000E-01   9.825984328000001E+00   6.120130968700001E-01   2.363757178300000E-01   7.966853043500000E-03   1.365258890400000E+00   5.630917188400000E-01   1.386718401000000E+00   1.087225282800000E+00
   7.262248621800000E-01   9.801061724800000E+00   6.091587501400000E-01   2.385973418600000E-01   8.167632090600001E-03   1.371815818700000E+00   5.614912787700000E-01   1.385448253200000E+00   1.084316828200000E+00
   7.329389259900000E-01   9.774728858000000E+00   6.063098443500000E-01   2.408341765800000E-01   8.374237099600000E-03   1.378383123700000E+00   5.599000435700000E-01   1.384181605000000E+00   1.081422266300000E+00
   7.396529897900000E-01   9.746868964100001E+00   6.034664143900000E-01   2.430875489000000E-01   8.586969088199999E-03   1.384960675100000E+00   5.583179664700000E-01   1.382918502000000E+00   1.078541328800000E+00
   7.463670536000000E-01   9.717355136700000E+00   6.006284994600000E-01   2.453588339300000E-01   8.806294220300000E-03   1.391548343200000E+00   5.567450010000000E-01   1.381658869700000E+00   1.075674112900000E+00
   7.530658113100001E-01   9.686123041100000E+00   5.978025940700000E-01   2.476444242800000E-01   9.032051188900001E-03   1.398130943300000E+00   5.551846559200000E-01   1.380405633200000E+00   1.072826784000000E+00
   7.597645690200000E-01   9.652958588300001E+00   5.949822711600000E-01   2.499511539200000E-01   9.265316013000000E-03   1.404723351300000E+00   5.536332894100000E-01   1.379155822700000E+00   1.069992951200000E+00
   7.664633267299999E-01   9.617700124900001E+00   5.921675854400000E-01   2.522810072300000E-01   9.506582854899999E-03   1.411325433600000E+00   5.520908561300000E-01   1.377909480700000E+00   1.067172364100000E+00
   7.731620844500000E-01   9.580172066699999E+00   5.893585981100000E-01   2.546360990200000E-01   9.756536613199999E-03   1.417937057100000E+00   5.505573110600001E-01   1.376666537900000E+00   1.064365110900000E+00
   7.789299665200000E-01   9.545895374300001E+00   5.869445720899999E-01   2.566860376200000E-01   9.979174530100001E-03   1.423637454100000E+00   5.492439582600001E-01   1.375599096100000E+00   1.061958387800000E+00
   7.846978485900000E-01   9.509663665100000E+00   5.845348697200000E-01   2.587581791700000E-01   1.020927816100000E-02   1.429344738400000E+00   5.479371334299999E-01   1.374534148100000E+00   1.059561467100000E+00
   7.904657306600000E-01   9.471335928100000E+00   5.821295443100000E-01   2.608544614100000E-01   1.044733968100000E-02   1.435058822100000E+00   5.466368083000001E-01   1.373471738200000E+00   1.057174142500000E+00
   7.962336127400000E-01   9.430760830000001E+00   5.797286546000000E-01   2.629769296800000E-01   1.069403549800000E-02   1.440779618000000E+00   5.453429547500001E-01   1.372411807100000E+00   1.054796519000000E+00
   8.016191121900000E-01   9.390703714500001E+00   5.774909936000000E-01   2.649844289400000E-01   1.093269632200000E-02   1.446127133700000E+00   5.441406949599999E-01   1.371424439800000E+00   1.052585042500000E+00
   8.070046116400000E-01   9.348404507600000E+00   5.752573138400000E-01   2.670188562200000E-01   1.118010693300000E-02   1.451480351900000E+00   5.429440300600000E-01   1.370439216900000E+00   1.050381953100000E+00
   8.123901110900000E-01   9.303712169200001E+00   5.730276787900001E-01   2.690825606200000E-01   1.143689660500000E-02   1.456839199400000E+00   5.417529374900000E-01   1.369456180500000E+00   1.048187068500000E+00
   8.177756105400000E-01   9.256465462100000E+00   5.708021580600000E-01   2.711780430600000E-01   1.170389360500000E-02   1.462203603600000E+00   5.405673948100000E-01   1.368475277700000E+00   1.046000490600000E+00
   8.230551030600000E-01   9.207503458400000E+00   5.686245112300000E-01   2.732659064900000E-01   1.197628764900000E-02   1.467467738100000E+00   5.394105536200000E-01   1.367515809600000E+00   1.043864795600000E+00
   8.283345955800000E-01   9.155748521000000E+00   5.664509707099999E-01   2.753899675400000E-01   1.226021728500000E-02   1.472737072400000E+00   5.382590035600000E-01   1.366558380100000E+00   1.041737014000000E+00
   8.336140881000000E-01   9.101016445400001E+00   5.642816233100000E-01   2.775535488400000E-01   1.255663283700000E-02   1.478011535900000E+00   5.371127237600000E-01   1.365603027600000E+00   1.039616980200000E+00
   8.388935806200000E-01   9.043111010700001E+00   5.621165644600000E-01   2.797602463600000E-01   1.286672396400000E-02   1.483291058800000E+00   5.359716934600000E-01   1.364649704300000E+00   1.037504786900000E+00
   8.438265049800000E-01   8.985954542700000E+00   5.600975973300000E-01   2.818646973900000E-01   1.316986684200000E-02   1.488228520300000E+00   5.349102908400000E-01   1.363760843900000E+00   1.035538141900000E+00
   8.487594293400000E-01   8.925664368700000E+00   5.580825597700000E-01   2.840140202000000E-01   1.348722834400000E-02   1.493170279100000E+00   5.338534363300000E-01   1.362873743400000E+00   1.033578292400000E+00
   8.536923537000000E-01   8.862048552299999E+00   5.560715550100001E-01   2.862123707900000E-01   1.382006188100000E-02   1.498116276200000E+00   5.328011131900000E-01   1.361988438900000E+00   1.031625092200000E+00
   8.586252780600000E-01   8.794903716000000E+00   5.540646964000000E-01   2.884642793500000E-01   1.416989329100000E-02   1.503066453600000E+00   5.317533047900000E-01   1.361104887500000E+00   1.029678629000000E+00
   8.631226489600000E-01   8.730430129700000E+00   5.522387520900000E-01   2.905684069000000E-01   1.450498428100000E-02   1.507583146800000E+00   5.308019332100000E-01   1.360300921500000E+00   1.027909736000000E+00
   8.676200198600000E-01   8.662671953100000E+00   5.504164611000000E-01   2.927256181800000E-01   1.485700394900000E-02   1.512103221100000E+00   5.298542880100000E-01   1.359498403200000E+00   1.026146410000000E+00
   8.721173907600001E-01   8.591447632400000E+00   5.485979368400000E-01   2.949407721500000E-01   1.522749390200000E-02   1.516626631000000E+00   5.289103567400000E-01   1.358697365800000E+00   1.024388524000000E+00
   8.766147616500000E-01   8.516566056500000E+00   5.467833036200000E-01   2.972191851300000E-01   1.561829421600000E-02   1.521153331800000E+00   5.279701269900000E-01   1.357897771800000E+00   1.022636161100000E+00
   8.807215184800000E-01   8.444823315300001E+00   5.451297925200000E-01   2.993600966000000E-01   1.599454735000000E-02   1.525289706700000E+00   5.271147825700000E-01   1.357168926700000E+00   1.021040678300000E+00
   8.848282753200000E-01   8.369702871199999E+00   5.434797531700000E-01   3.015638351000000E-01   1.639116242600000E-02   1.529428753400000E+00   5.262625049200000E-01   1.356441277900000E+00   1.019449777800000E+00
   8.889350321500000E-01   8.291036604200000E+00   5.418333099300000E-01   3.038361155400000E-01   1.681005106300000E-02   1.533570436500000E+00   5.254132846700000E-01   1.355714855600000E+00   1.017863349100000E+00
   8.930417889800000E-01   8.208648673500001E+00   5.401905989400000E-01   3.061832180800000E-01   1.725345799200000E-02   1.537714721600000E+00   5.245671125100000E-01   1.354989626800000E+00   1.016281469000000E+00
   8.968368920100001E-01   8.129045138900000E+00   5.386759973100000E-01   3.084248974300000E-01   1.768712271000000E-02   1.541546787300000E+00   5.237878565600000E-01   1.354320532100000E+00   1.014823552300000E+00
   9.006319950300000E-01   8.045955245200000E+00   5.371648391900000E-01   3.107427434600000E-01   1.814608045500000E-02   1.545381017500000E+00   5.230111883900000E-01   1.353652451300000E+00   1.013369502100000E+00
   9.044270980600000E-01   7.959221615900000E+00   5.356572656700000E-01   3.131437614900000E-01   1.863281029200000E-02   1.549217384000000E+00   5.222371007200000E-01   1.352985411500000E+00   1.011919222800000E+00
   9.082222010900000E-01   7.868680645000000E+00   5.341534313400000E-01   3.156356967600000E-01   1.915018488600000E-02   1.553055859000000E+00   5.214655862799999E-01   1.352319384000000E+00   1.010472783200000E+00
   9.114549467600001E-01   7.788425897700000E+00   5.328755106000000E-01   3.178366511500000E-01   1.961744617300000E-02   1.556327191600000E+00   5.208104187600000E-01   1.351752877000000E+00   1.009243604000000E+00
   9.146876924300000E-01   7.705176662000000E+00   5.316005402900000E-01   3.201159131000000E-01   2.011153836800000E-02   1.559600016600000E+00   5.201571086500000E-01   1.351187098600000E+00   1.008017206700000E+00
   9.179204381000000E-01   7.618820857400000E+00   5.303286449500000E-01   3.224801944600000E-01   2.063497061600000E-02   1.562874316400000E+00   5.195056515299999E-01   1.350622073100000E+00   1.006793511100000E+00
   9.211531837700000E-01   7.529243022900000E+00   5.290599601800000E-01   3.249368866300000E-01   2.119060712200000E-02   1.566150073700000E+00   5.188560429400000E-01   1.350057776200000E+00   1.005572580000000E+00
   9.237036320300001E-01   7.456219744600000E+00   5.280614039000000E-01   3.269457080800000E-01   2.165377654700000E-02   1.568735472300000E+00   5.183448411400000E-01   1.349613118500000E+00   1.004611209300000E+00
   9.262540802900000E-01   7.381057279600000E+00   5.270650163600000E-01   3.290216574500000E-01   2.214074821900000E-02   1.571321758200000E+00   5.178347850000000E-01   1.349168910800000E+00   1.003651567700000E+00
   9.288045285500000E-01   7.303694563600000E+00   5.260708820800000E-01   3.311696578400000E-01   2.265345957200000E-02   1.573908921500000E+00   5.173258723500000E-01   1.348725175700000E+00   1.002693592800000E+00
   9.313549768100000E-01   7.224069309000000E+00   5.250790920100000E-01   3.333950670700000E-01   2.319408161800000E-02   1.576496952700000E+00   5.168181010300000E-01   1.348281894300000E+00   1.001737340800000E+00
   9.335283291699999E-01   7.154383957800000E+00   5.242358660200001E-01   3.353569506500000E-01   2.367857931600000E-02   1.578703008600000E+00   5.163863051599999E-01   1.347904532400000E+00   1.000923764400000E+00
   9.357016815300000E-01   7.082969663300000E+00   5.233944783400000E-01   3.373833040400000E-01   2.418672456900000E-02   1.580909682500000E+00   5.159553351700000E-01   1.347527487500000E+00   1.000111428600000E+00
   9.378750338900000E-01   7.009785940600000E+00   5.225549984900000E-01   3.394784704300000E-01   2.472031296600000E-02   1.583116973200000E+00   5.155251897499999E-01   1.347150755400000E+00   9.993002487300000E-01
   9.400483862500000E-01   6.934791780700000E+00   5.217175009000000E-01   3.416471560600000E-01   2.528133311100000E-02   1.585324887400000E+00   5.150958676400000E-01   1.346774276600000E+00   9.984902025700000E-01
   9.415953368400000E-01   6.880286611600000E+00   5.211226373900000E-01   3.432383916900000E-01   2.569856003200000E-02   1.586896828400000E+00   5.147907852900000E-01   1.346506436900000E+00   9.979142115800000E-01
   9.431422874399999E-01   6.824828108000000E+00   5.205288489100000E-01   3.448714655000000E-01   2.613164787700000E-02   1.588469108800000E+00   5.144861190700000E-01   1.346238648300000E+00   9.973386892000000E-01
   9.446892380400000E-01   6.768401075300000E+00   5.199361675700001E-01   3.465485103800000E-01   2.658151660900000E-02   1.590041748700000E+00   5.141818686200000E-01   1.345970883800000E+00   9.967635298700001E-01
   9.462361886300000E-01   6.710990233800000E+00   5.193446271600000E-01   3.482717944500000E-01   2.704916293600000E-02   1.591614774000000E+00   5.138780336200000E-01   1.345703101300000E+00   9.961887136699999E-01
   9.475268687400000E-01   6.662326233500000E+00   5.188519811100000E-01   3.497467307000000E-01   2.745371073900000E-02   1.592927524100000E+00   5.136248501500000E-01   1.345479678500000E+00   9.957093379200000E-01
   9.488175488400000E-01   6.612957750400000E+00   5.183601757700000E-01   3.512570363700000E-01   2.787204490900000E-02   1.594240575100000E+00   5.133719554800000E-01   1.345256280700000E+00   9.952302452400000E-01
   9.501082289500000E-01   6.562875817900000E+00   5.178692338300001E-01   3.528042971800000E-01   2.830487412700000E-02   1.595553927900000E+00   5.131193493700000E-01   1.345033026000000E+00   9.947515603900000E-01
   9.513989090500000E-01   6.512071457500000E+00   5.173791790800000E-01   3.543901878000000E-01   2.875295954100000E-02   1.596867558300000E+00   5.128670314100000E-01   1.344810126100000E+00   9.942736267500000E-01
   9.526838463400000E-01   6.460766625800000E+00   5.168922107700000E-01   3.560091581200000E-01   2.921500728400000E-02   1.598175552500000E+00   5.126161217600000E-01   1.344588959800000E+00   9.937990968100000E-01
   9.539687836300000E-01   6.408728020400000E+00   5.164061721700000E-01   3.576700333500000E-01   2.969383488200000E-02   1.599483617900000E+00   5.123654960800000E-01   1.344369134800000E+00   9.933267851499999E-01
   9.552537209200000E-01   6.355946800700000E+00   5.159210902600000E-01   3.593747868200000E-01   3.019035660500000E-02   1.600791501600000E+00   5.121151527500000E-01   1.344151595500000E+00   9.928580949300000E-01
   9.565386581999999E-01   6.302414153300000E+00   5.154369933600000E-01   3.611255103400000E-01   3.070555461100000E-02   1.602098785900000E+00   5.118650891900000E-01   1.343937679600000E+00   9.923951000600000E-01
   9.574903929300000E-01   6.262273706400000E+00   5.150790821000000E-01   3.624531863100000E-01   3.109981000900000E-02   1.603066321800000E+00   5.116800488800000E-01   1.343782624700000E+00   9.920574419900000E-01
   9.584421276600000E-01   6.221712651800000E+00   5.147217401000000E-01   3.638082526900000E-01   3.150534185800000E-02   1.604032824600000E+00   5.114951579100000E-01   1.343631460900000E+00   9.917258702800000E-01
   9.593938623900000E-01   6.180727460900000E+00   5.143649804200000E-01   3.651917085400000E-01   3.192262903700000E-02   1.604997830400000E+00   5.113104136000000E-01   1.343485246800000E+00   9.914020384200000E-01
   9.603455971200000E-01   6.139314628000000E+00   5.140088166400000E-01   3.666045994600000E-01   3.235217805400000E-02   1.605960763200000E+00   5.111258126200000E-01   1.343345120500000E+00   9.910877888200000E-01
   9.611156356900000E-01   6.105492581200000E+00   5.137210940100000E-01   3.677700469400000E-01   3.270906026700000E-02   1.606737874800000E+00   5.109765560900000E-01   1.343236998000000E+00   9.908418347100000E-01
   9.618856742500000E-01   6.071386481300000E+00   5.134337784100000E-01   3.689560863100000E-01   3.307461606100000E-02   1.607512759800000E+00   5.108273883700000E-01   1.343134170600000E+00   9.906043367900000E-01
   9.626557128200000E-01   6.036994513900000E+00   5.131468778000000E-01   3.701633481900000E-01   3.344915619100000E-02   1.608284964400000E+00   5.106783068200000E-01   1.343037047000000E+00   9.903760348600000E-01
   9.634257513900000E-01   6.002314880500000E+00   5.128604004200000E-01   3.713924878600000E-01   3.383300656500000E-02   1.609054019600000E+00   5.105293087100000E-01   1.342945775000000E+00   9.901573263700000E-01
   9.640929696000000E-01   5.972031897500000E+00   5.126125240500000E-01   3.724757224700000E-01   3.417339393200000E-02   1.609717483600000E+00   5.104002711100000E-01   1.342871251900000E+00   9.899754673100000E-01
   9.647601878199999E-01   5.941530457200000E+00   5.123649774800000E-01   3.735763543700000E-01   3.452125843200000E-02   1.610377971900000E+00   5.102712924900000E-01   1.342800439900000E+00   9.898000850300001E-01
   9.654274060400000E-01   5.910809424600000E+00   5.121177665500000E-01   3.746948605700000E-01   3.487684089700000E-02   1.611035284800000E+00   5.101423716000000E-01   1.342732356000000E+00   9.896298664800000E-01
   9.660946242500000E-01   5.879867677400000E+00   5.118708973000000E-01   3.758317347600000E-01   3.524039275100000E-02   1.611689330200000E+00   5.100135077300000E-01   1.342665393100000E+00   9.894625872800000E-01
   9.666985405800000E-01   5.851670283900000E+00   5.116477493400000E-01   3.768770124500000E-01   3.557654197100000E-02   1.612278555500000E+00   5.098969189800000E-01   1.342603767800000E+00   9.893108982200000E-01
   9.673024569200001E-01   5.823290349100000E+00   5.114248910700000E-01   3.779381495800000E-01   3.591963634300000E-02   1.612865360100000E+00   5.097803779900000E-01   1.342538611600000E+00   9.891552522500000E-01
   9.679063732500000E-01   5.794727071900000E+00   5.112023273500000E-01   3.790155518500000E-01   3.626988535000000E-02   1.613450162300000E+00   5.096638868600000E-01   1.342466560800000E+00   9.889907498800000E-01
   9.685102895800000E-01   5.765979662300000E+00   5.109800631400000E-01   3.801096381500000E-01   3.662750713200000E-02   1.614033654800000E+00   5.095474491899999E-01   1.342383207500000E+00   9.888109198600000E-01
   9.690796091500000E-01   5.738709805000000E+00   5.107708107000000E-01   3.811567138800000E-01   3.697159601600000E-02   1.614583448200000E+00   5.094377357500000E-01   1.342289227900000E+00   9.886198878100000E-01
   9.696489287100000E-01   5.711274975100000E+00   5.105618333700001E-01   3.822193763600000E-01   3.732263536100000E-02   1.615134223000000E+00   5.093280811999999E-01   1.342174264400000E+00   9.883990124199999E-01
   9.702182482700000E-01   5.683674541600000E+00   5.103531356500000E-01   3.832980125600000E-01   3.768082937400000E-02   1.615687644400000E+00   5.092184944800000E-01   1.342030994300000E+00   9.881373517599999E-01
   9.707875678300000E-01   5.655907885200000E+00   5.101447221500000E-01   3.843930216700000E-01   3.804639049100000E-02   1.616245904400000E+00   5.091089874400000E-01   1.341850508800000E+00   9.878215357600000E-01
   9.713670782900000E-01   5.627472861500000E+00   5.099328748200000E-01   3.855248729700000E-01   3.842628860200000E-02   1.616822041100000E+00   5.089976178400000E-01   1.341617505200000E+00   9.874277787200000E-01
   9.719465887400000E-01   5.598864353800000E+00   5.097213320300000E-01   3.866745650700000E-01   3.881428958500000E-02   1.617409884000000E+00   5.088863671900000E-01   1.341321383900000E+00   9.869408440500000E-01
   9.725260992000000E-01   5.570081749000000E+00   5.095100990500000E-01   3.878425625200000E-01   3.921064415600000E-02   1.618014172800000E+00   5.087752614000000E-01   1.340946207600000E+00   9.863365643799999E-01
   9.731056096600000E-01   5.541124449000000E+00   5.092991813000000E-01   3.890293453300000E-01   3.961561348400000E-02   1.618640768100000E+00   5.086643326100000E-01   1.340473336700000E+00   9.855865836000000E-01
   9.736613453500000E-01   5.513190508500000E+00   5.090972178199999E-01   3.901855448100000E-01   4.001231167300000E-02   1.619269213200000E+00   5.085581572800000E-01   1.339908148600000E+00   9.847001069300000E-01
   9.742170810400000E-01   5.485094878400000E+00   5.088955543800000E-01   3.913599290100000E-01   4.041743071700000E-02   1.619932308100000E+00   5.084522225500000E-01   1.339211559800000E+00   9.836162168600000E-01
   9.747728167300000E-01   5.456837074900000E+00   5.086941961700000E-01   3.925529657800000E-01   4.083122907900000E-02   1.620639054700000E+00   5.083465781600000E-01   1.338359026100000E+00   9.822973772100000E-01
   9.753285524200001E-01   5.428416629800000E+00   5.084931485000000E-01   3.937651383400000E-01   4.125397579800000E-02   1.621400029400000E+00   5.082412826800000E-01   1.337323159200000E+00   9.807016260900000E-01
   9.758525513800000E-01   5.401469827400000E+00   5.083038715200000E-01   3.949260632600000E-01   4.166102773900000E-02   1.622178244700000E+00   5.081423811900000E-01   1.336151363100000E+00   9.789017952600000E-01
   9.763765503400000E-01   5.374377663200000E+00   5.081148801800000E-01   3.961048773900000E-01   4.207652712100000E-02   1.623027437100000E+00   5.080439165000000E-01   1.334762055100000E+00   9.767722828900000E-01
   9.769005493000000E-01   5.347139787200000E+00   5.079261792799999E-01   3.973020274300000E-01   4.250072658300000E-02   1.623961055900000E+00   5.079459636500000E-01   1.333125544700000E+00   9.742677208000000E-01
   9.774245482600000E-01   5.319755864800000E+00   5.077377737900000E-01   3.985179743400000E-01   4.293388872500000E-02   1.624994231100000E+00   5.078486073300000E-01   1.331210352900000E+00   9.713400454600000E-01
   9.778717179200000E-01   5.296271266800000E+00   5.075772299400000E-01   3.995708604100000E-01   4.331083265800000E-02   1.625967295200000E+00   5.077660681900000E-01   1.329330772900000E+00   9.684693653300001E-01
   9.783188875700000E-01   5.272679888400000E+00   5.074169081400000E-01   4.006380867300000E-01   4.369467764400000E-02   1.627036641500000E+00   5.076840971400000E-01   1.327203076500000E+00   9.652220547500000E-01
   9.787660572300000E-01   5.248981550400000E+00   5.072568117000000E-01   4.017199668400000E-01   4.408560501600000E-02   1.628214741300000E+00   5.076027645900000E-01   1.324805817600000E+00   9.615659197999999E-01
   9.792132268900000E-01   5.225176082600000E+00   5.070969440100001E-01   4.028168230500000E-01   4.448380238800000E-02   1.629515002700000E+00   5.075221464800000E-01   1.322117563300000E+00   9.574689661500000E-01
   9.796259596600000E-01   5.203108682100000E+00   5.069495938500000E-01   4.038427866100000E-01   4.485795345400000E-02   1.630835908000000E+00   5.074484411600000E-01   1.319359784600000E+00   9.532693643200000E-01
   9.800386924300000E-01   5.180949762500000E+00   5.068024442800000E-01   4.048820586600000E-01   4.523862044800000E-02   1.632284983000000E+00   5.073754817200000E-01   1.316319985100000E+00   9.486442263500000E-01
   9.804514251999999E-01   5.158699213600000E+00   5.066554981500000E-01   4.059349142800000E-01   4.562596572800000E-02   1.633874707100000E+00   5.073033396600000E-01   1.312982885400000E+00   9.435717489100000E-01
   9.808641579700000E-01   5.136356933300000E+00   5.065087583800000E-01   4.070016357900000E-01   4.602015697900000E-02   1.635618067800000E+00   5.072320897100000E-01   1.309334345300000E+00   9.380321771600000E-01
   9.812617965000000E-01   5.114744894500000E+00   5.063675830200000E-01   4.080427311400000E-01   4.640656854900000E-02   1.637455522300000E+00   5.071643617200000E-01   1.305512766400000E+00   9.322373847400000E-01
   9.816594350300000E-01   5.093047547800000E+00   5.062266046600000E-01   4.090972320200000E-01   4.679965462800000E-02   1.639460344900000E+00   5.070976053400000E-01   1.301380501700000E+00   9.259805600500000E-01
   9.820570735600000E-01   5.071264824800000E+00   5.060858260700000E-01   4.101654116300000E-01   4.719957972900000E-02   1.641645031800000E+00   5.070318936100000E-01   1.296929643700000E+00   9.192524281900000E-01
   9.824547120900000E-01   5.049396665100000E+00   5.059452500700000E-01   4.112475503100000E-01   4.760651368000000E-02   1.644022170900000E+00   5.069673006300000E-01   1.292154481600000E+00   9.120474058900000E-01
   9.828404982700000E-01   5.028098621800000E+00   5.058090605500000E-01   4.123110473000000E-01   4.800818240400000E-02   1.646524285900000E+00   5.069057727500000E-01   1.287208632100000E+00   9.045999712300000E-01
   9.832262844500000E-01   5.006720070000000E+00   5.056730671500000E-01   4.133882241500000E-01   4.841677815400000E-02   1.649230732800000E+00   5.068454359400000E-01   1.281954096300000E+00   8.967051266600000E-01
   9.836120706300000E-01   4.985260977600000E+00   5.055372726100000E-01   4.144793576200000E-01   4.883247096000000E-02   1.652152589400000E+00   5.067863571300000E-01   1.276393344800000E+00   8.883702283900000E-01
   9.839978568200000E-01   4.963721320900000E+00   5.054016797400001E-01   4.155847316200000E-01   4.925543628000000E-02   1.655300540200000E+00   5.067286015700000E-01   1.270531980000000E+00   8.796075039300000E-01
   9.843588838000000E-01   4.943491059500000E+00   5.052749742500000E-01   4.166323215100000E-01   4.965800391900000E-02   1.658460270000000E+00   5.066758070900000E-01   1.264782468100000E+00   8.710349462600000E-01
   9.847199107900000E-01   4.923190223600000E+00   5.051484503000000E-01   4.176928827400000E-01   5.006725176300000E-02   1.661834694000000E+00   5.066242756000000E-01   1.258787998700000E+00   8.621215273200000E-01
   9.850809377800001E-01   4.902818814400000E+00   5.050221103300000E-01   4.187666663400000E-01   5.048333714500000E-02   1.665430944200000E+00   5.065740529000000E-01   1.252562207400000E+00   8.528903791700000E-01
   9.854419647700000E-01   4.882376840200000E+00   5.048959568600000E-01   4.198539295500000E-01   5.090642219100000E-02   1.669255382000000E+00   5.065251809200000E-01   1.246122196000000E+00   8.433694433600000E-01
   9.857670707900000E-01   4.863908404000000E+00   5.047825169300000E-01   4.208447663200000E-01   5.129353933800000E-02   1.672899107000000E+00   5.064823583800000E-01   1.240156866600000E+00   8.345749136700000E-01
   9.860921768000001E-01   4.845382775500000E+00   5.046692321900000E-01   4.218469446900000E-01   5.168659332300000E-02   1.676735589200000E+00   5.064406850500000E-01   1.234052904900000E+00   8.255997343700000E-01
   9.864172828100000E-01   4.826799976800000E+00   5.045561045900000E-01   4.228606663400000E-01   5.208571299400000E-02   1.680767313100000E+00   5.064001803000000E-01   1.227831561300000E+00   8.164753444700000E-01
   9.867423888300000E-01   4.808160034900000E+00   5.044431361000000E-01   4.238861375200000E-01   5.249103079500000E-02   1.684995882200000E+00   5.063608588000000E-01   1.221517430800000E+00   8.072372478500000E-01
   9.870315176200000E-01   4.791534864400000E+00   5.043428043400000E-01   4.248081686800000E-01   5.285681212900000E-02   1.688922408100000E+00   5.063268905300000E-01   1.215846937600000E+00   7.989579593700000E-01
   9.873206464099999E-01   4.774864550800000E+00   5.042426014500000E-01   4.257398112400000E-01   5.322770151000000E-02   1.693004834700000E+00   5.062938682100000E-01   1.210148117800000E+00   7.906511890300000E-01
   9.876097752000000E-01   4.758149124100000E+00   5.041425289000000E-01   4.266812200000000E-01   5.360379960500000E-02   1.697242091200000E+00   5.062617901799999E-01   1.204446664900000E+00   7.823512391500000E-01
   9.878989040000000E-01   4.741388618500000E+00   5.040425881700000E-01   4.276325529100000E-01   5.398520962000000E-02   1.701632250900000E+00   5.062306500500000E-01   1.198771581000000E+00   7.740960538200000E-01
   9.881560257699999E-01   4.726445688000000E+00   5.039538230000000E-01   4.284870392100000E-01   5.432894486700000E-02   1.705662564800000E+00   5.062037357800000E-01   1.193773308600000E+00   7.668260934000000E-01
   9.884131475500000E-01   4.711467165700000E+00   5.038651643700000E-01   4.293496171500000E-01   5.467704084000000E-02   1.709808830600000E+00   5.061775420000000E-01   1.188847609700000E+00   7.596570386900000E-01
   9.886702693300000E-01   4.696453083300000E+00   5.037766133700000E-01   4.302204045500000E-01   5.502957540700000E-02   1.714067594000000E+00   5.061520524699999E-01   1.184023448800000E+00   7.526245419800000E-01
   9.889273911100001E-01   4.681403474800000E+00   5.036881711200000E-01   4.310995213800000E-01   5.538662821300000E-02   1.718434587900000E+00   5.061272463299999E-01   1.179333262000000E+00   7.457679409500000E-01
   9.891565872500000E-01   4.667958465100000E+00   5.036094270500000E-01   4.318902794100000E-01   5.570877694100000E-02   1.722414351800000E+00   5.061056895000000E-01   1.175294883500000E+00   7.398394825300000E-01
   9.893857833900001E-01   4.654485284200000E+00   5.035307711000000E-01   4.326878410300000E-01   5.603463937400000E-02   1.726471695400000E+00   5.060846329799999E-01   1.171420626600000E+00   7.341192180600000E-01
   9.896149795300000E-01   4.640983961800000E+00   5.034522041000000E-01   4.334922958400000E-01   5.636427563100000E-02   1.730601578000000E+00   5.060640505300000E-01   1.167742631200000E+00   7.286446328100000E-01
   9.898441756700000E-01   4.627454529100000E+00   5.033737268900000E-01   4.343037349200000E-01   5.669774706600000E-02   1.734798171600000E+00   5.060439114500001E-01   1.164296792100000E+00   7.234572554799999E-01
   9.900488657500000E-01   4.615347952100000E+00   5.033037172000000E-01   4.350343930100000E-01   5.699885614500000E-02   1.738597010000000E+00   5.060262714900000E-01   1.161448276700000E+00   7.191047860699999E-01
   9.902535558300000E-01   4.603219006000000E+00   5.032337804100000E-01   4.357707625800000E-01   5.730311950400000E-02   1.742438293100000E+00   5.060089275700000E-01   1.158848806300000E+00   7.150545707300000E-01
   9.904582459100000E-01   4.591067716600000E+00   5.031639171400000E-01   4.365129117200000E-01   5.761058344200000E-02   1.746315885100000E+00   5.059918465200000E-01   1.156533903100000E+00   7.113470782800000E-01
   9.906629359800000E-01   4.578894111300000E+00   5.030941280200000E-01   4.372609095100000E-01   5.792129512300000E-02   1.750222869500000E+00   5.059749906800000E-01   1.154543168000000E+00   7.080273665100000E-01
   9.908459741800000E-01   4.567989339100000E+00   5.030317844400000E-01   4.379347956300000E-01   5.820192990600000E-02   1.753735131600000E+00   5.059600739300000E-01   1.153073568500000E+00   7.054282203800000E-01
   9.910290123800000E-01   4.557066766200000E+00   5.029695011200001E-01   4.386134654900000E-01   5.848523503600000E-02   1.757258458600000E+00   5.059452691300000E-01   1.151933660200000E+00   7.032194455700000E-01
   9.912120505799999E-01   4.546126414700000E+00   5.029072785299999E-01   4.392969706700000E-01   5.877124604700000E-02   1.760785916400000E+00   5.059305381000000E-01   1.151162531300000E+00   7.014457893500000E-01
   9.913950887700000E-01   4.535168307400000E+00   5.028451171500000E-01   4.399853634700000E-01   5.905999907200000E-02   1.764309784200000E+00   5.059158382000000E-01   1.150803665700000E+00   7.001572597600000E-01
   9.915589580300000E-01   4.525342759200000E+00   5.027895180100000E-01   4.406058533700000E-01   5.932086839300000E-02   1.767454547100000E+00   5.059026653799999E-01   1.150871671600000E+00   6.994610275100001E-01
   9.917228272900001E-01   4.515503016000000E+00   5.027339686600000E-01   4.412303417800000E-01   5.958399169600000E-02   1.770582717400000E+00   5.058894415800000E-01   1.151347440800000E+00   6.992435068300000E-01
   9.918866965499999E-01   4.505649095900000E+00   5.026784694400001E-01   4.418588677300000E-01   5.984939617000000E-02   1.773686737300000E+00   5.058761249300000E-01   1.152273724000000E+00   6.995550494700000E-01
   9.920505658000000E-01   4.495781017800000E+00   5.026230207000000E-01   4.424914707300000E-01   6.011710941200000E-02   1.776758249100000E+00   5.058626690400000E-01   1.153697959900000E+00   7.004520500400000E-01
   9.921974965800000E-01   4.486920938900000E+00   5.025733466900000E-01   4.430621837100000E-01   6.035913637600000E-02   1.779477058500000E+00   5.058504436500000E-01   1.155441503000000E+00   7.018060301500000E-01
   9.923444273499999E-01   4.478049507400000E+00   5.025237138000000E-01   4.436362357500000E-01   6.060306248900000E-02   1.782154958100000E+00   5.058380244000000E-01   1.157669706400000E+00   7.037327548500000E-01
   9.924913581300000E-01   4.469166737800000E+00   5.024741223200000E-01   4.442136563600000E-01   6.084890852000000E-02   1.784783858900000E+00   5.058253664600000E-01   1.160429032700000E+00   7.062895855000000E-01
   9.926382889100001E-01   4.460272645300000E+00   5.024245724900001E-01   4.447944753700000E-01   6.109669552300000E-02   1.787354852400000E+00   5.058124205200000E-01   1.163770897500000E+00   7.095408270300000E-01
   9.927703031500000E-01   4.452271844200000E+00   5.023800887500000E-01   4.453192523900000E-01   6.132099996200000E-02   1.789607378800000E+00   5.058004986500000E-01   1.167317091600000E+00   7.131136906300000E-01
   9.929023173900000E-01   4.444261926500000E+00   5.023356390500000E-01   4.458468192800000E-01   6.154690418900000E-02   1.791797415400000E+00   5.057882573500000E-01   1.171425013900000E+00   7.173642573400000E-01
   9.930343316300000E-01   4.436242903900000E+00   5.022912235900000E-01   4.463771983700000E-01   6.177442408000000E-02   1.793916373900000E+00   5.057756493300000E-01   1.176144889700000E+00   7.223584703000000E-01
   9.931663458700000E-01   4.428214788400000E+00   5.022468425700000E-01   4.469104122300000E-01   6.200357571000000E-02   1.795954822300000E+00   5.057626227599999E-01   1.181532137800000E+00   7.281702546300000E-01
   9.932852912900000E-01   4.420973643400000E+00   5.022068847300000E-01   4.473932868900000E-01   6.221145326100000E-02   1.797713958200000E+00   5.057504803600000E-01   1.187008123300000E+00   7.341755606000000E-01
   9.934042367100000E-01   4.413725135900000E+00   5.021669551500000E-01   4.478784981700000E-01   6.242068072900000E-02   1.799391012300000E+00   5.057379066400000E-01   1.193124713700000E+00   7.409801593999999E-01
   9.935231821300000E-01   4.406469275300000E+00   5.021270539900000E-01   4.483660630700000E-01   6.263127029500000E-02   1.800976878800000E+00   5.057248519500001E-01   1.199936006000000E+00   7.486604495200000E-01
   9.936421275500000E-01   4.399206071000000E+00   5.020871814000000E-01   4.488559987200000E-01   6.284323427800000E-02   1.802461577500000E+00   5.057112620699999E-01   1.207501510900000E+00   7.573020180800000E-01
   9.937497026100000E-01   4.392630862900000E+00   5.020511450800000E-01   4.493011559900000E-01   6.303612997100000E-02   1.803708117800000E+00   5.056984610300000E-01   1.215047750700000E+00   7.660253534200000E-01
   9.938572776700000E-01   4.386049663300000E+00   5.020151323599999E-01   4.497482794800000E-01   6.323016937700000E-02   1.804854096000000E+00   5.056851258900000E-01   1.223317512800000E+00   7.756932345599999E-01
   9.939648527300000E-01   4.379462479800000E+00   5.019791433500000E-01   4.501973822300000E-01   6.342536190600000E-02   1.805889819600000E+00   5.056712045100000E-01   1.232368990000000E+00   7.863948847500000E-01
   9.940724277900000E-01   4.372869319800000E+00   5.019431781700000E-01   4.506484773600000E-01   6.362171706600001E-02   1.806804682400000E+00   5.056566400300000E-01   1.242265991800000E+00   7.982301403900000E-01
   9.941701630899999E-01   4.366874052800000E+00   5.019105234400000E-01   4.510600498900000E-01   6.380112792600000E-02   1.807521336400000E+00   5.056427981600000E-01   1.252049426800000E+00   8.100596305000000E-01
   9.942678984000000E-01   4.360873864900000E+00   5.018778885600000E-01   4.514732879300000E-01   6.398151365900000E-02   1.808119127800000E+00   5.056283236600000E-01   1.262645813000000E+00   8.230111918100000E-01
   9.943656337100000E-01   4.354868762200000E+00   5.018452736200000E-01   4.518882015700000E-01   6.416288160899999E-02   1.808587661000000E+00   5.056131614500000E-01   1.274117758900000E+00   8.371899047200000E-01
   9.944633690200000E-01   4.348858750600000E+00   5.018126787100000E-01   4.523048009600000E-01   6.434523918800000E-02   1.808915576600000E+00   5.055972515900000E-01   1.286533674100000E+00   8.527131640400000E-01
   9.945527484100000E-01   4.343358275200000E+00   5.017828881200000E-01   4.526872674900000E-01   6.451287873800000E-02   1.809081813900000E+00   5.055819920500000E-01   1.298777833600000E+00   8.681979178000000E-01
   9.946421278000001E-01   4.337853704300000E+00   5.017531144200000E-01   4.530711603000000E-01   6.468135796500001E-02   1.809109698900000E+00   5.055659984400001E-01   1.311936109500000E+00   8.850293315800000E-01
   9.947315072000000E-01   4.332345042800000E+00   5.017233576800000E-01   4.534564873400000E-01   6.485068269300000E-02   1.808987921100000E+00   5.055492118400000E-01   1.326076190800000E+00   9.033327858600000E-01
   9.948208865900000E-01   4.326832295700000E+00   5.016936179700000E-01   4.538432566200000E-01   6.502085879699999E-02   1.808704136900000E+00   5.055315682400000E-01   1.341271751700000E+00   9.232481045599999E-01
   9.949033305400000E-01   4.321743694900000E+00   5.016662010800000E-01   4.542013000100000E-01   6.517858996000001E-02   1.808287112700000E+00   5.055144738500000E-01   1.356293057400000E+00   9.431819714900000E-01
   9.949857745000000E-01   4.316651626100000E+00   5.016387988000000E-01   4.545605837100000E-01   6.533705523000000E-02   1.807709252900000E+00   5.054965318200000E-01   1.372348707300000E+00   9.647568910200000E-01
   9.950682184500000E-01   4.311556093300000E+00   5.016114111800000E-01   4.549211141500000E-01   6.549625933300000E-02   1.806957989100000E+00   5.054776778600000E-01   1.389512569100000E+00   9.881252576900000E-01
   9.951506624000001E-01   4.306457100500000E+00   5.015840382700000E-01   4.552828977500000E-01   6.565620703500000E-02   1.806019620200000E+00   5.054578421900000E-01   1.407864685300000E+00   1.013456701100000E+00
   9.952278619900000E-01   4.301679327900000E+00   5.015584199699999E-01   4.556228097500000E-01   6.580665867400000E-02   1.804958068500000E+00   5.054383111100000E-01   1.426203400500000E+00   1.039124218400000E+00
   9.953050615800000E-01   4.296898528500000E+00   5.015328146700000E-01   4.559638316200000E-01   6.595777050300000E-02   1.803705994500000E+00   5.054177854000000E-01   1.445736680700000E+00   1.066851716200000E+00
   9.953822611699999E-01   4.292114705800000E+00   5.015072224100000E-01   4.563059687500000E-01   6.610954652700000E-02   1.802248839100000E+00   5.053961919500000E-01   1.466547291400000E+00   1.096831633100000E+00
   9.954594607600000E-01   4.287327863300000E+00   5.014816432400000E-01   4.566492265900000E-01   6.626199078000000E-02   1.800570739300000E+00   5.053734514600000E-01   1.488724463000000E+00   1.129277844900000E+00
   9.955350649700000E-01   4.282637020700000E+00   5.014566054100000E-01   4.569864822200000E-01   6.641193623900001E-02   1.798696541500000E+00   5.053499864800000E-01   1.511860134600000E+00   1.163673112900000E+00
   9.956106691700000E-01   4.277943288500000E+00   5.014315802300000E-01   4.573248231100000E-01   6.656253033900000E-02   1.796576146800000E+00   5.053252512700001E-01   1.536495420200000E+00   1.200911193200000E+00
   9.956862733800000E-01   4.273246670000000E+00   5.014065677300000E-01   4.576642544600000E-01   6.671377695600000E-02   1.794190220000000E+00   5.052991506200000E-01   1.562734317900000E+00   1.241269768900000E+00
   9.957618775900000E-01   4.268547168800000E+00   5.013815679600000E-01   4.580047814800000E-01   6.686567999500000E-02   1.791517647300000E+00   5.052715810800000E-01   1.590688401300000E+00   1.285057927200000E+00
   9.958310119500000E-01   4.264247307700000E+00   5.013587187300000E-01   4.583171313800000E-01   6.700516181900000E-02   1.788803311400000E+00   5.052449897100000E-01   1.617852810300000E+00   1.328393243800000E+00
   9.959001463200000E-01   4.259945041700000E+00   5.013358802200000E-01   4.586304058900000E-01   6.714519884300001E-02   1.785810830600000E+00   5.052169830800000E-01   1.646648090700000E+00   1.375176385800000E+00
   9.959692806800000E-01   4.255640373400000E+00   5.013130524600000E-01   4.589446090800000E-01   6.728579411700000E-02   1.782519344800000E+00   5.051874605400000E-01   1.677176979600000E+00   1.425730877200000E+00
   9.960384150500000E-01   4.251333305600000E+00   5.012902354900000E-01   4.592597450500000E-01   6.742695071099999E-02   1.778906195600000E+00   5.051563132800000E-01   1.709548053500000E+00   1.480413906900000E+00
   9.961028256000000E-01   4.247318374200000E+00   5.012689872900000E-01   4.595541913800000E-01   6.755897018300000E-02   1.775228878400000E+00   5.051257290100000E-01   1.741465165800000E+00   1.535422086800000E+00
   9.961672361600000E-01   4.243301364500000E+00   5.012477485100000E-01   4.598494542700000E-01   6.769148208799999E-02   1.771229469900000E+00   5.050935300600000E-01   1.775176817300000E+00   1.594707078300000E+00
   9.962316467200000E-01   4.239282278900000E+00   5.012265191800001E-01   4.601455370900000E-01   6.782448895900001E-02   1.766884686900000E+00   5.050596062300000E-01   1.810783147700000E+00   1.658653806900000E+00
   9.962960572700000E-01   4.235261119700000E+00   5.012052993300000E-01   4.604424432100000E-01   6.795799334500000E-02   1.762169392200000E+00   5.050238391600000E-01   1.848387637000000E+00   1.727683114900000E+00
   9.963609371300000E-01   4.231208567700000E+00   5.011839344800000E-01   4.607423483900000E-01   6.809297603300001E-02   1.757017693600000E+00   5.049858192900000E-01   1.888393493300000E+00   1.802819766500000E+00
   9.964258170000000E-01   4.227153916400000E+00   5.011625793000000E-01   4.610430958500000E-01   6.822846875300000E-02   1.751432680700000E+00   5.049456610100000E-01   1.930644204900000E+00   1.884092222700000E+00
   9.964906968600000E-01   4.223097168300000E+00   5.011412338400000E-01   4.613446890900000E-01   6.836447416300000E-02   1.745382168000000E+00   5.049032150000000E-01   1.975249815200000E+00   1.972057883400000E+00
   9.965555767199999E-01   4.219038325700000E+00   5.011198981000000E-01   4.616471316300000E-01   6.850099493500000E-02   1.738831549100000E+00   5.048583215300000E-01   2.022319029100000E+00   2.067320148900000E+00
   9.966069363500000E-01   4.215823817000000E+00   5.011030154200000E-01   4.618871531300000E-01   6.860943353899999E-02   1.733266963400000E+00   5.048209356900000E-01   2.061396014200000E+00   2.148333083400000E+00
   9.966582959700000E-01   4.212607998600000E+00   5.010861388700000E-01   4.621277108200000E-01   6.871819812000000E-02   1.727346213600000E+00   5.047818201199999E-01   2.102132078500000E+00   2.234669302000000E+00
   9.967096555900000E-01   4.209390871600000E+00   5.010692684700000E-01   4.623688064800000E-01   6.882729003000000E-02   1.721048706600000E+00   5.047408810700000E-01   2.144572814000000E+00   2.326690448500000E+00
   9.967610152200000E-01   4.206172437500000E+00   5.010524042400000E-01   4.626104419000000E-01   6.893671062300000E-02   1.714352822700000E+00   5.046980205400000E-01   2.188758919000000E+00   2.424774723500000E+00
   9.968045058300000E-01   4.203446091600000E+00   5.010381286700000E-01   4.628154787300000E-01   6.902962445499999E-02   1.708354582800000E+00   5.046601487100000E-01   2.227565535500000E+00   2.512863387000000E+00
   9.968479964300000E-01   4.200718809900000E+00   5.010238575500000E-01   4.630209049500000E-01   6.912277577700000E-02   1.702040190600000E+00   5.046207616600000E-01   2.267664820300000E+00   2.605827119100000E+00
   9.968914870400000E-01   4.197990593400000E+00   5.010095908700000E-01   4.632267216700000E-01   6.921616542500000E-02   1.695394889600000E+00   5.045797932600000E-01   2.309068039200000E+00   2.703916185900000E+00
   9.969349776400001E-01   4.195261442700000E+00   5.009953286500000E-01   4.634329299700000E-01   6.930979423800000E-02   1.688403491000000E+00   5.045371757100000E-01   2.351780436100000E+00   2.807383441800000E+00
   9.969740143000000E-01   4.192810994500000E+00   5.009825308500000E-01   4.636183544900000E-01   6.939403872400000E-02   1.681820545300000E+00   5.044974612999999E-01   2.391232224300000E+00   2.905042817800000E+00
   9.970130509500000E-01   4.190359794800000E+00   5.009697366700000E-01   4.638040961900000E-01   6.947847718600000E-02   1.674934735500000E+00   5.044563115500000E-01   2.431730537800000E+00   3.007420090100000E+00
   9.970520876100000E-01   4.187907844300000E+00   5.009569460900000E-01   4.639901558600000E-01   6.956311024000000E-02   1.667734427300000E+00   5.044136751000000E-01   2.473262287200000E+00   3.114691691900000E+00
   9.970911242600000E-01   4.185455143500000E+00   5.009441591300000E-01   4.641765343100000E-01   6.964793850200000E-02   1.660207890200000E+00   5.043695003100001E-01   2.515807424300000E+00   3.227027097000000E+00
   9.971276242400000E-01   4.183161145100000E+00   5.009322063800000E-01   4.643510906600000E-01   6.972743162099999E-02   1.652864909800000E+00   5.043267588100000E-01   2.556480200800000E+00   3.336785035700000E+00
   9.971641242300000E-01   4.180866491700000E+00   5.009202568000000E-01   4.645259270800000E-01   6.980709645100000E-02   1.645216861500000E+00   5.042825855000000E-01   2.597985152000000E+00   3.451229361900000E+00
   9.972006242200000E-01   4.178571183900000E+00   5.009083103899999E-01   4.647010442200000E-01   6.988693350200000E-02   1.637254286700000E+00   5.042369392400000E-01   2.640285307100000E+00   3.570466057300000E+00
   9.972371242000000E-01   4.176275222000000E+00   5.008963671800000E-01   4.648764427500000E-01   6.996694328600001E-02   1.628967917800000E+00   5.041897798500000E-01   2.683335605400000E+00   3.694584398700000E+00
   9.972727200300000E-01   4.174035505200000E+00   5.008847228900000E-01   4.650477680400000E-01   7.004513796300001E-02   1.620566358000000E+00   5.041422942400000E-01   2.725990690900000E+00   3.820395882700000E+00
   9.973083158500000E-01   4.171795167300000E+00   5.008730816500000E-01   4.652193622100000E-01   7.012349788699999E-02   1.611840290800000E+00   5.040932982800000E-01   2.769249548600000E+00   3.950957385700000E+00
   9.973439116700000E-01   4.169554208700000E+00   5.008614434500001E-01   4.653912258900000E-01   7.020202353900000E-02   1.602782164600000E+00   5.040427597300000E-01   2.813044365800000E+00   4.086283825500000E+00
   9.973795075000000E-01   4.167312629900000E+00   5.008498083000000E-01   4.655633596800000E-01   7.028071540000000E-02   1.593384978600000E+00   5.039906488800000E-01   2.857297453500000E+00   4.226359690900000E+00
   9.974164265500000E-01   4.164987068700000E+00   5.008377438600000E-01   4.657421783600000E-01   7.036250863500000E-02   1.583273488700000E+00   5.039349113000000E-01   2.903585513900000E+00   4.376605810800000E+00
   9.974533456000000E-01   4.162660841300000E+00   5.008256827200001E-01   4.659212889900000E-01   7.044448172700001E-02   1.572784271400000E+00   5.038774279500000E-01   2.950161188200000E+00   4.531804652600000E+00
   9.974902646500000E-01   4.160333948200000E+00   5.008136248800000E-01   4.661006922800000E-01   7.052663521999999E-02   1.561912249900000E+00   5.038181780400000E-01   2.996900736600000E+00   4.691801384800000E+00
   9.975271837100000E-01   4.158006389900000E+00   5.008015703399999E-01   4.662803889300000E-01   7.060896965800000E-02   1.550653608100000E+00   5.037571463900000E-01   3.043666799700000E+00   4.856382721800000E+00
   9.975638297400000E-01   4.155695386900000E+00   5.007896082200000E-01   4.664590475100000E-01   7.069087470700000E-02   1.539093523400000E+00   5.036947953000001E-01   3.089964300900000E+00   5.024006644500000E+00
   9.976004757700000E-01   4.153383729500000E+00   5.007776493800000E-01   4.666379965300000E-01   7.077295911200000E-02   1.527149412300000E+00   5.036306783200000E-01   3.135977893600000E+00   5.195532541500000E+00
   9.976371218000000E-01   4.151071418300000E+00   5.007656938000000E-01   4.668172366600000E-01   7.085522341200000E-02   1.514822307700000E+00   5.035648015999999E-01   3.181533166300000E+00   5.370544006700000E+00
   9.976737678299999E-01   4.148758453800000E+00   5.007537415100000E-01   4.669967686200000E-01   7.093766814900000E-02   1.502115197400000E+00   5.034971798200000E-01   3.226442759500000E+00   5.548545155400000E+00
   9.977082415900000E-01   4.146581999400000E+00   5.007425007200000E-01   4.671659254300000E-01   7.101539098600000E-02   1.489818983200000E+00   5.034319947800000E-01   3.267922510900000E+00   5.718206233700000E+00
   9.977427153400000E-01   4.144404967800000E+00   5.007312628400000E-01   4.673353416900000E-01   7.109327443700000E-02   1.477197093100000E+00   5.033653145300000E-01   3.308479217100000E+00   5.889447127500000E+00
   9.977771891000000E-01   4.142227359300000E+00   5.007200278800000E-01   4.675050180000000E-01   7.117131895600000E-02   1.464257570300000E+00   5.032971754300000E-01   3.347929970700000E+00   6.061644317000000E+00
   9.978116628500000E-01   4.140049174300000E+00   5.007087958400001E-01   4.676749549300000E-01   7.124952500200001E-02   1.451010484200000E+00   5.032276226400000E-01   3.386085165000000E+00   6.234104135600000E+00
   9.978424874200000E-01   4.138101071700000E+00   5.006987552400000E-01   4.678271245100000E-01   7.131958976800000E-02   1.438915104900000E+00   5.031642792600000E-01   3.418945246500000E+00   6.387908655900000E+00
   9.978733119800000E-01   4.136152508800000E+00   5.006887169799999E-01   4.679795033500000E-01   7.138978436900000E-02   1.426593713700000E+00   5.030998940300000E-01   3.450471936800000E+00   6.540722462000000E+00
   9.979041365400000E-01   4.134203486000000E+00   5.006786810700000E-01   4.681320918700000E-01   7.146010913500001E-02   1.414057907500000E+00   5.030345182100000E-01   3.480522252500000E+00   6.691913778100000E+00
   9.979349611100000E-01   4.132254003700000E+00   5.006686475200000E-01   4.682848905100000E-01   7.153056439800000E-02   1.401320709200000E+00   5.029682092400000E-01   3.508953126300000E+00   6.840813313100000E+00
   9.979631272500000E-01   4.130472250600000E+00   5.006594813500000E-01   4.684246952900000E-01   7.159505771499999E-02   1.389518167200000E+00   5.029068569600000E-01   3.533395443100000E+00   6.974270810400000E+00
   9.979912933800000E-01   4.128690114300000E+00   5.006503171500000E-01   4.685646761800000E-01   7.165966052099999E-02   1.377571560200000E+00   5.028448314400000E-01   3.556260517600000E+00   7.104670516500000E+00
   9.980194595200000E-01   4.126907595000000E+00   5.006411549300001E-01   4.687048335100000E-01   7.172437307100001E-02   1.365493878600000E+00   5.027821896800000E-01   3.577444519700000E+00   7.231439069600000E+00
   9.980476256600000E-01   4.125124693000000E+00   5.006319946800000E-01   4.688451676100000E-01   7.178919562100000E-02   1.353299024600000E+00   5.027189926500000E-01   3.596847172000000E+00   7.353991194200000E+00
   9.980751411600000E-01   4.123382606300000E+00   5.006230479400000E-01   4.689824310100000E-01   7.185262724700001E-02   1.341286874300000E+00   5.026567812600000E-01   3.613989605100000E+00   7.469073051800000E+00
   9.981026566600000E-01   4.121640154900000E+00   5.006141030800000E-01   4.691198637300000E-01   7.191616433400000E-02   1.329191512600000E+00   5.025941652700000E-01   3.629256038500000E+00   7.579010970000000E+00
   9.981301721700000E-01   4.119897338900000E+00   5.006051601200000E-01   4.692574660700000E-01   7.197980712200000E-02   1.317028124200000E+00   5.025312111900000E-01   3.642567730100000E+00   7.683254191200000E+00
   9.981576876700000E-01   4.118154158600000E+00   5.005962190600000E-01   4.693952383400000E-01   7.204355585300000E-02   1.304812495300000E+00   5.024679881600000E-01   3.653852398400000E+00   7.781260396700000E+00
   9.981869289400001E-01   4.116301247800000E+00   5.005867192900000E-01   4.695418382100000E-01   7.211141926400000E-02   1.291791713600000E+00   5.024005850500000E-01   3.663550297100000E+00   7.877986236800000E+00
   9.982161702000000E-01   4.114447926100000E+00   5.005772216700000E-01   4.696886307200000E-01   7.217940288800000E-02   1.278750486300000E+00   5.023330471700000E-01   3.670816845900000E+00   7.966461075200000E+00
   9.982454114700000E-01   4.112594193700000E+00   5.005677262000000E-01   4.698356162300000E-01   7.224750701600000E-02   1.265709356300000E+00   5.022654646500000E-01   3.675594274500000E+00   8.046107686099999E+00
   9.982746527300000E-01   4.110740051000000E+00   5.005582328800000E-01   4.699827951100000E-01   7.231573194099999E-02   1.252689161700000E+00   5.021979290500000E-01   3.677836286300000E+00   8.116388479299999E+00
   9.983060669600000E-01   4.108747667300000E+00   5.005480365000000E-01   4.701411269600000E-01   7.238916169300000E-02   1.238748728400000E+00   5.021255325700000E-01   3.677380830900000E+00   8.180896660800000E+00
   9.983374811800000E-01   4.106754810700000E+00   5.005378426100000E-01   4.702996828900000E-01   7.246273156600000E-02   1.224882756300000E+00   5.020534117300000E-01   3.673932919900000E+00   8.233489507700000E+00
   9.983688954100000E-01   4.104761481500000E+00   5.005276512100000E-01   4.704584633600000E-01   7.253644192700000E-02   1.211117096100000E+00   5.019816807300000E-01   3.667482646800000E+00   8.273707618400000E+00
   9.984003096400000E-01   4.102767680000000E+00   5.005174623100000E-01   4.706174688500000E-01   7.261029314299999E-02   1.197477201000000E+00   5.019104523300000E-01   3.658037088300000E+00   8.301178505299999E+00
   9.984311035000000E-01   4.100812793800000E+00   5.005074770500000E-01   4.707735531700000E-01   7.268282302800000E-02   1.184252713500000E+00   5.018412249300001E-01   3.645893762500000E+00   8.315464680000000E+00
   9.984618973700000E-01   4.098857454500000E+00   5.004974942000000E-01   4.709298545900000E-01   7.275548896300001E-02   1.171195667000000E+00   5.017726878900000E-01   3.630932861000000E+00   8.317060968700000E+00
   9.984926912300000E-01   4.096901662400000E+00   5.004875137500000E-01   4.710863735600000E-01   7.282829129700000E-02   1.158327853500000E+00   5.017049388500000E-01   3.613206652800000E+00   8.305887972100001E+00
   9.985234851000000E-01   4.094945417900000E+00   5.004775357300000E-01   4.712431105200000E-01   7.290123038100001E-02   1.145670027300000E+00   5.016380712200000E-01   3.592781285600000E+00   8.281959839200001E+00
   9.985535501500000E-01   4.093035036700000E+00   5.004677961900000E-01   4.713963486500000E-01   7.297257545100000E-02   1.133533133900000E+00   5.015737215100000E-01   3.570310898900000E+00   8.246394363400000E+00
   9.985836152000001E-01   4.091124224900000E+00   5.004580589600000E-01   4.715497954100000E-01   7.304405153700000E-02   1.121632138600000E+00   5.015103742700000E-01   3.545427584700000E+00   8.198956345099999E+00
   9.986136802500000E-01   4.089212982800000E+00   5.004483240499999E-01   4.717034512200000E-01   7.311565897100000E-02   1.109982833600000E+00   5.014481020500000E-01   3.518225628500000E+00   8.139909081700001E+00
   9.986437453100000E-01   4.087301310700000E+00   5.004385914500000E-01   4.718573165000000E-01   7.318739808100000E-02   1.098599690100000E+00   5.013869719100000E-01   3.488807962700000E+00   8.069591303199999E+00
   9.986730734000000E-01   4.085436083700000E+00   5.004290996500000E-01   4.720076124600000E-01   7.325750591200000E-02   1.087764554600000E+00   5.013284993300000E-01   3.458082028700000E+00   7.990528335900000E+00
   9.987024015000000E-01   4.083570448100000E+00   5.004196100600000E-01   4.721581085300000E-01   7.332773966800001E-02   1.077206032700000E+00   5.012712235400000E-01   3.425461107800000E+00   7.901568518100000E+00
   9.987317296000000E-01   4.081704404300000E+00   5.004101226900000E-01   4.723088051000000E-01   7.339809965900000E-02   1.066933702300000E+00   5.012151907100000E-01   3.391058048300000E+00   7.803201916800000E+00
   9.987610576900000E-01   4.079837952500000E+00   5.004006375300000E-01   4.724597025600000E-01   7.346858619400000E-02   1.056955850300000E+00   5.011604415899999E-01   3.354989210600000E+00   7.695963960400000E+00
   9.987903728900001E-01   4.077971914800000E+00   5.003911587700000E-01   4.726107347800000E-01   7.353916848399999E-02   1.047283672900000E+00   5.011070347200000E-01   3.317390418000000E+00   7.580481447500000E+00
   9.988196880800000E-01   4.076105470100000E+00   5.003816822200000E-01   4.727619685000000E-01   7.360987783100000E-02   1.037918451300000E+00   5.010549756700000E-01   3.278366408700000E+00   7.457313868100000E+00
   9.988490032700000E-01   4.074238618700000E+00   5.003722079000000E-01   4.729134041200000E-01   7.368071454700000E-02   1.028864703200000E+00   5.010042891700000E-01   3.238037933700000E+00   7.327089529100000E+00
   9.988783184600000E-01   4.072371361000000E+00   5.003627358100000E-01   4.730650420300000E-01   7.375167894699999E-02   1.020125766900000E+00   5.009549949000000E-01   3.196525375000000E+00   7.190453922000000E+00
   9.989098889800000E-01   4.070359994200000E+00   5.003525375000000E-01   4.732285726800000E-01   7.382824605299999E-02   1.011069090600000E+00   5.009034821400000E-01   3.150631688200000E+00   7.036889024100000E+00
   9.989414594900000E-01   4.068348156900000E+00   5.003423417700000E-01   4.733923389000000E-01   7.390496200500001E-02   1.002381432100000E+00   5.008536136200000E-01   3.103649563300000E+00   6.877473502900000E+00
   9.989730300100000E-01   4.066335849400000E+00   5.003321486400000E-01   4.735563411800000E-01   7.398182719800001E-02   9.940628085700000E-01   5.008053959400000E-01   3.055721974500000E+00   6.713026927100000E+00
   9.990046005200000E-01   4.064323072200000E+00   5.003219581100000E-01   4.737205800300000E-01   7.405884202900000E-02   9.861119819500000E-01   5.007588301700000E-01   3.006987544600000E+00   6.544357099400000E+00
   9.990447364200000E-01   4.061763531700000E+00   5.003090065500000E-01   4.739297207800000E-01   7.415696838900000E-02   9.765311418800000E-01   5.007020087200000E-01   2.944076001200000E+00   6.325067551100000E+00
   9.990848723200000E-01   4.059203233400000E+00   5.002960592100000E-01   4.741392457000000E-01   7.425533806400000E-02   9.675334102199999E-01   5.006478309000000E-01   2.880337516700000E+00   6.101785077200000E+00
   9.991250082200001E-01   4.056642178100000E+00   5.002831161000000E-01   4.743491558300000E-01   7.435395187799999E-02   9.591090324600000E-01   5.005962666400000E-01   2.816017540200000E+00   5.875983969700000E+00
   9.991651441200000E-01   4.054080366600000E+00   5.002701772200000E-01   4.745594522100000E-01   7.445281065999999E-02   9.512461803200000E-01   5.005472763400000E-01   2.751344431800000E+00   5.649040719100000E+00
   9.992017586600001E-01   4.051742658600000E+00   5.002583772400000E-01   4.747516358600000E-01   7.454321037000000E-02   9.445514739100001E-01   5.005047888900001E-01   2.692216365600000E+00   5.442088783900000E+00
   9.992383732100000E-01   4.049404322600000E+00   5.002465808000000E-01   4.749441426100000E-01   7.463381527600001E-02   9.383013923800000E-01   5.004643622900000E-01   2.633117237300000E+00   5.236123128400000E+00
   9.992749877600000E-01   4.047065359300000E+00   5.002347879000000E-01   4.751369732500000E-01   7.472462601300001E-02   9.324837431000000E-01   5.004259511000000E-01   2.574181876900000E+00   5.031941415700000E+00
   9.993116023000000E-01   4.044725769100000E+00   5.002229985600000E-01   4.753301285900000E-01   7.481564321900000E-02   9.270856823900000E-01   5.003895065400000E-01   2.515533006400000E+00   4.830258755500000E+00
   9.993429112800000E-01   4.042724696700000E+00   5.002129203500000E-01   4.754955532200000E-01   7.489363597600000E-02   9.227925432400000E-01   5.003598638900000E-01   2.465693813900000E+00   4.660262914600000E+00
   9.993742202600000E-01   4.040723166700000E+00   5.002028447400000E-01   4.756612163400000E-01   7.497178056300000E-02   9.187878893100000E-01   5.003315881700000E-01   2.416208126100000E+00   4.492908158900000E+00
   9.994055292400000E-01   4.038721179800000E+00   5.001927717400000E-01   4.758271184900000E-01   7.505007736600000E-02   9.150630353700000E-01   5.003046450999999E-01   2.367132844900000E+00   4.328502689300000E+00
   9.994368382200000E-01   4.036718736300000E+00   5.001827013600000E-01   4.759932601800000E-01   7.512852672000001E-02   9.116092169500000E-01   5.002789998000000E-01   2.318519282400000E+00   4.167314904400000E+00
   9.994637202300000E-01   4.034999066200000E+00   5.001740569699999E-01   4.761361017000000E-01   7.519600553800000E-02   9.088533240400000E-01   5.002579892800000E-01   2.277182962900000E+00   4.031661977500000E+00
   9.994906022500000E-01   4.033279060100000E+00   5.001654145200000E-01   4.762791207300000E-01   7.526359693699999E-02   9.062851876100000E-01   5.002378869300000E-01   2.236247087800000E+00   3.898676241500000E+00
   9.995174842600000E-01   4.031558718100000E+00   5.001567740000000E-01   4.764223180000000E-01   7.533130038900000E-02   9.038992682700000E-01   5.002186702200000E-01   2.195735157900000E+00   3.768464008200000E+00
   9.995443662800000E-01   4.029838040600000E+00   5.001481354200000E-01   4.765656949400000E-01   7.539911396300000E-02   9.016900658700000E-01   5.002003166400000E-01   2.155668201400000E+00   3.641114178000000E+00
   9.995665189200000E-01   4.028419831200000E+00   5.001410180900000E-01   4.766839845900000E-01   7.545507633400000E-02   8.999984907400000E-01   5.001858248500000E-01   2.122997969100000E+00   3.538372221600000E+00
   9.995886715600000E-01   4.027001394200000E+00   5.001339020800000E-01   4.768024017900000E-01   7.551110374400000E-02   8.984202062700000E-01   5.001718914900000E-01   2.090651951900000E+00   3.437656402200000E+00
   9.996108241900000E-01   4.025582729500000E+00   5.001267873900000E-01   4.769209541800000E-01   7.556718170600001E-02   8.969522318499999E-01   5.001585041800000E-01   2.058638502000000E+00   3.338992922600000E+00
   9.996329768300000E-01   4.024163837100000E+00   5.001196740200000E-01   4.770396588300000E-01   7.562327721700000E-02   8.955916250700000E-01   5.001456506300000E-01   2.026965054900000E+00   3.242401780900000E+00
   9.996507547000000E-01   4.023024987300000E+00   5.001139663700001E-01   4.771350545300000E-01   7.566826250399999E-02   8.945754100700000E-01   5.001357132900000E-01   2.001796961200000E+00   3.166394410400000E+00
   9.996685325600000E-01   4.021885990100000E+00   5.001082595800000E-01   4.772306056700000E-01   7.571314707000000E-02   8.936249952200001E-01   5.001261056500000E-01   1.976855087600000E+00   3.091735727400000E+00
   9.996863104200000E-01   4.020746844400000E+00   5.001025536300000E-01   4.773263792000000E-01   7.575779982600001E-02   8.927389209500000E-01   5.001168215600000E-01   1.952142115200000E+00   3.018428429000000E+00
   9.997040882800000E-01   4.019607548400000E+00   5.000968485200000E-01   4.774225023000000E-01   7.580197136600000E-02   8.919157476900000E-01   5.001078549300000E-01   1.927660415000000E+00   2.946473224700000E+00
   9.997183118600000E-01   4.018695918300000E+00   5.000922846200000E-01   4.774998094800000E-01   7.583667099499999E-02   8.913014896500000E-01   5.001009055100000E-01   1.908241220900000E+00   2.889876758400000E+00
   9.997325354400000E-01   4.017784186500000E+00   5.000877212300000E-01   4.775776860900000E-01   7.587038434000000E-02   8.907258698900000E-01   5.000941523900000E-01   1.888972332200000E+00   2.834143676500000E+00
   9.997467590200000E-01   4.016872347600000E+00   5.000831583599999E-01   4.776564685100000E-01   7.590245108599999E-02   8.901881803400000E-01   5.000875925400000E-01   1.869854570000000E+00   2.779271902300000E+00
   9.997609826000000E-01   4.015960392700000E+00   5.000785959500000E-01   4.777367155800000E-01   7.593177407800000E-02   8.896877219500000E-01   5.000812229600000E-01   1.850888649000000E+00   2.725258718900000E+00
   9.997725061300000E-01   4.015221458400000E+00   5.000748999400000E-01   4.778034080000000E-01   7.595233172800001E-02   8.893090914200000E-01   5.000762000100000E-01   1.835634771400000E+00   2.682126112600000E+00
   9.997840296600000E-01   4.014482426800000E+00   5.000712041800000E-01   4.778723863400000E-01   7.596848752900000E-02   8.889540830800000E-01   5.000712984400000E-01   1.820481241200000E+00   2.639552853600000E+00
   9.997955532000000E-01   4.013743279800000E+00   5.000675086000000E-01   4.779447725700000E-01   7.597803804300000E-02   8.886223385200001E-01   5.000665167300000E-01   1.805428296400000E+00   2.597536667400000E+00
   9.998070767300000E-01   4.013003990400000E+00   5.000638131200000E-01   4.780222540300000E-01   7.597766925700000E-02   8.883135033400000E-01   5.000618533200000E-01   1.790476135600000E+00   2.556075058100000E+00
   9.998166075900000E-01   4.012392404900000E+00   5.000607566500000E-01   4.780919301800000E-01   7.596644568300000E-02   8.880751325600000E-01   5.000580846400000E-01   1.778185796200000E+00   2.522200170100000E+00
   9.998261384600000E-01   4.011780662600000E+00   5.000577000500001E-01   4.781687987300000E-01   7.594115526500000E-02   8.878519973300000E-01   5.000543950100000E-01   1.765964581500000E+00   2.488701161800000E+00
   9.998356693200000E-01   4.011168717900000E+00   5.000546431900000E-01   4.782557012000000E-01   7.589621594900001E-02   8.876439034500000E-01   5.000507835800000E-01   1.753812547000000E+00   2.455576309400000E+00
   9.998452001800000E-01   4.010556507100000E+00   5.000515858500000E-01   4.783566135100000E-01   7.582381668300001E-02   8.874506586799999E-01   5.000472495100000E-01   1.741729732200000E+00   2.422823803900000E+00
   9.998531900299999E-01   4.010043013700000E+00   5.000490222600000E-01   4.784559580700000E-01   7.573419741800000E-02   8.872999619400000E-01   5.000443458700000E-01   1.731653893700000E+00   2.395652453300000E+00
   9.998611798900000E-01   4.009529201600000E+00   5.000464579100000E-01   4.785733574500000E-01   7.560915093200000E-02   8.871594558400000E-01   5.000414955300000E-01   1.721626723600000E+00   2.368740294300000E+00
   9.998691697400000E-01   4.009014977500000E+00   5.000438925000000E-01   4.787146309100000E-01   7.543724242300000E-02   8.870290302500000E-01   5.000386980200000E-01   1.711648220400000E+00   2.342086134700000E+00
   9.998771596000000E-01   4.008500217900000E+00   5.000413256300000E-01   4.788874841400000E-01   7.520332925900000E-02   8.869085759899999E-01   5.000359528500000E-01   1.701718375600000E+00   2.315688747400000E+00
   9.998839625400000E-01   4.008061384800000E+00   5.000391385300000E-01   4.790670546100000E-01   7.494054522300000E-02   8.868137939000000E-01   5.000336563900000E-01   1.693301979100000E+00   2.293414212300000E+00
   9.998907654800000E-01   4.007621917200000E+00   5.000369495700000E-01   4.792848770600000E-01   7.460262647300001E-02   8.867260959200000E-01   5.000313972400000E-01   1.684920833700000E+00   2.271324117000000E+00
   9.998975684200000E-01   4.007181650300000E+00   5.000347582300000E-01   4.795512233000000E-01   7.416938254100000E-02   8.866454162900000E-01   5.000291751200000E-01   1.676574922900000E+00   2.249417648400000E+00
   9.999043713600000E-01   4.006740375200000E+00   5.000325638100001E-01   4.798791342800000E-01   7.361517745899999E-02   8.865716897500000E-01   5.000269897400000E-01   1.668264226500000E+00   2.227693978100000E+00
   9.999102737100000E-01   4.006356497000000E+00   5.000306567600000E-01   4.802261645900000E-01   7.301146804500000E-02   8.865133064100000E-01   5.000251232100000E-01   1.661082225600000E+00   2.208993570000000E+00
   9.999161760700001E-01   4.005971447300000E+00   5.000287460700000E-01   4.806452728800000E-01   7.226610613499999E-02   8.864600663500000E-01   5.000232839400000E-01   1.653926698000000E+00   2.190429570600000E+00
   9.999220784200000E-01   4.005584961200000E+00   5.000268308800000E-01   4.811529806500000E-01   7.134660149700001E-02   8.864119278700000E-01   5.000214717300000E-01   1.646797624800000E+00   2.172001412500000E+00
   9.999279807800000E-01   4.005196713100000E+00   5.000249101399999E-01   4.817696093700000E-01   7.021298489300000E-02   8.863688495299999E-01   5.000196864200001E-01   1.639694985300000E+00   2.153708520400000E+00
   9.999331609000000E-01   4.004854207000000E+00   5.000232188400000E-01   4.824200800400000E-01   6.900320662300000E-02   8.863351791300000E-01   5.000181415800000E-01   1.633483206200000E+00   2.137764987400000E+00
   9.999383410300000E-01   4.004509710800000E+00   5.000215212200000E-01   4.831939494300000E-01   6.755079175200000E-02   8.863053469600000E-01   5.000166171800000E-01   1.627291754200000E+00   2.121924795700000E+00
   9.999435211600000E-01   4.004162831800000E+00   5.000198160100000E-01   4.841157342300000E-01   6.580749003200000E-02   8.862793255600000E-01   5.000151131100000E-01   1.621120612000000E+00   2.106187543100000E+00
   9.999487012800000E-01   4.003813099200000E+00   5.000181016800000E-01   4.852148411800000E-01   6.371541227700001E-02   8.862570876400000E-01   5.000136292500000E-01   1.614969761500000E+00   2.090552823300000E+00
   9.999533011000000E-01   4.003499702200000E+00   5.000165703000000E-01   4.863676877700000E-01   6.150975518100000E-02   8.862404905000000E-01   5.000123284600000E-01   1.609524968100000E+00   2.076755234600000E+00
   9.999579009100000E-01   4.003183145200000E+00   5.000150288000000E-01   4.877171965300000E-01   5.891713542600000E-02   8.862268363300000E-01   5.000110434300000E-01   1.604096145600000E+00   2.063037880000000E+00
   9.999625007200000E-01   4.002862878200000E+00   5.000134753800000E-01   4.892977532100000E-01   5.586979325500000E-02   8.862161063300000E-01   5.000097740600000E-01   1.598683279700000E+00   2.049400467900000E+00
   9.999671005300000E-01   4.002538254700000E+00   5.000119079699999E-01   4.911497892900000E-01   5.228802112800000E-02   8.862082818200000E-01   5.000085202900000E-01   1.593286355300000E+00   2.035842704400000E+00
   9.999712130000000E-01   4.002243719500000E+00   5.000104927800000E-01   4.930740396600000E-01   4.855715028500000E-02   8.862037311800000E-01   5.000074124800000E-01   1.588474712900000E+00   2.023788564900000E+00
   9.999753254700000E-01   4.001944466700000E+00   5.000090624100000E-01   4.952926004500000E-01   4.424656984800000E-02   8.862014749100000E-01   5.000063170100000E-01   1.583675789000000E+00   2.011797641700000E+00
   9.999794379300000E-01   4.001639766200000E+00   5.000076144900000E-01   4.978512059100000E-01   3.926596992600000E-02   8.862014998700000E-01   5.000052338099999E-01   1.578889571700000E+00   1.999869721100000E+00
   9.999835504000000E-01   4.001328774100000E+00   5.000061462900000E-01   5.008027590800000E-01   3.351081371000000E-02   8.862037929900000E-01   5.000041628300000E-01   1.574116049100000E+00   1.988004587800000E+00
   9.999876628000000E-01   4.001010521400000E+00   5.000046547000000E-01   5.042083159100000E-01   2.686035924100000E-02   8.862083411500000E-01   5.000031040300000E-01   1.569355286500000E+00   1.976202218800000E+00
   9.999917752000000E-01   4.000683877400000E+00   5.000031360400000E-01   5.081385960600000E-01   1.917463652200000E-02   8.862151314200000E-01   5.000020573300000E-01   1.564607192700000E+00   1.964462201500000E+00
   9.999958876000000E-01   4.000347538400000E+00   5.000015861000000E-01   5.126755547900000E-01   1.029126094500000E-02   8.862241509200000E-01   5.000010226700000E-01   1.559871754800000E+00   1.952784317800000E+00
   1.000000000000000E+00   3.999999995600000E+00   4.999999999900000E-01   5.179141355200000E-01   2.189271667100000E-05   8.862353868300000E-01   5.000000000000000E-01   1.555148959200000E+00   1.941168348100000E+00
